0	0	0	0	0	0	0	0	0	0	0	0	0	0	0	0	0	0	0	0	0	0	0	0	0	0	0	0	0	0	0	0	0	0	0	0	0	0	0	0	0	0	0	0	0	0	0	0	0	0	0	0	0	0	0	0	0	0	0	0	0	0	0	0	0	0	0	0	0	0	0	0	0	0	0	0	0	0	0	0	0	0	0	0	0	0	0	0	0	0	0	0	0	0	0	0	0	0	0	0	
0	0.00052453	0.00104854	0.00157151	0.00209293	0.00261228	0.00312904	0.00364272	0.00415279	0.00465875	0.00516011	0.00565637	0.00614704	0.00663163	0.00710966	0.00758067	0.00804418	0.00849974	0.0089469	0.00938521	0.00981424	0.0102336	0.0106428	0.0110414	0.0114292	0.0118056	0.0121704	0.0125231	0.0128635	0.0131911	0.0135056	0.0138068	0.0140942	0.0143677	0.014627	0.0148718	0.0151018	0.0153169	0.0155167	0.0157012	0.01587	0.0160231	0.0161603	0.0162813	0.0163862	0.0164748	0.0165469	0.0166026	0.0166417	0.0166641	0.0166699	0.0166591	0.0166316	0.0165874	0.0165265	0.0164491	0.0163551	0.0162447	0.016118	0.0159749	0.0158157	0.0156406	0.0154495	0.0152428	0.0150206	0.0147832	0.0145306	0.0142632	0.0139812	0.0136849	0.0133745	0.0130503	0.0127127	0.012362	0.0119984	0.0116224	0.0112343	0.0108345	0.0104234	0.0100013	0.00956882	0.00912624	0.00867404	0.00821269	0.00774266	0.00726442	0.00677846	0.0062853	0.00578544	0.00527941	0.00476774	0.00425096	0.00372963	0.0032043	0.00267553	0.00214389	0.00160993	0.00107425	0.000537415	0	
0	0.00104854	0.00209604	0.00314147	0.00418379	0.00522197	0.00625499	0.00728182	0.00830146	0.00931288	0.0103151	0.0113071	0.012288	0.0132567	0.0142123	0.0151538	0.0160804	0.0169911	0.0178849	0.0187611	0.0196187	0.020457	0.021275	0.0220719	0.0228471	0.0235996	0.0243288	0.0250339	0.0257142	0.026369	0.0269978	0.0275998	0.0281745	0.0287213	0.0292396	0.0297289	0.0301887	0.0306186	0.0310181	0.0313868	0.0317243	0.0320303	0.0323045	0.0325465	0.0327562	0.0329332	0.0330774	0.0331887	0.0332668	0.0333117	0.0333234	0.0333017	0.0332466	0.0331583	0.0330367	0.0328819	0.0326941	0.0324734	0.0322199	0.031934	0.0316158	0.0312656	0.0308838	0.0304706	0.0300264	0.0295517	0.0290468	0.0285123	0.0279486	0.0273562	0.0267357	0.0260877	0.0254128	0.0247117	0.0239849	0.0232333	0.0224575	0.0216583	0.0208364	0.0199928	0.0191282	0.0182434	0.0173395	0.0164173	0.0154776	0.0145216	0.0135502	0.0125644	0.0115652	0.0105536	0.00953075	0.00849771	0.00745557	0.00640543	0.00534841	0.00428565	0.00321828	0.00214744	0.0010743	0	
0	0.00157151	0.00314147	0.00470831	0.0062705	0.00782649	0.00937474	0.0109137	0.0124419	0.0139578	0.0154599	0.0169467	0.0184168	0.0198686	0.0213008	0.022712	0.0241007	0.0254656	0.0268053	0.0281185	0.0294038	0.0306602	0.0318861	0.0330806	0.0342423	0.0353702	0.036463	0.0375198	0.0385395	0.0395209	0.0404633	0.0413656	0.0422269	0.0430464	0.0438232	0.0445565	0.0452457	0.04589	0.0464887	0.0470413	0.0475472	0.0480059	0.0484168	0.0487795	0.0490938	0.0493591	0.0495752	0.049742	0.0498591	0.0499264	0.0499438	0.0499113	0.0498288	0.0496964	0.0495142	0.0492822	0.0490007	0.0486699	0.0482901	0.0478615	0.0473846	0.0468597	0.0462874	0.0456681	0.0450024	0.0442909	0.0435343	0.0427331	0.0418883	0.0410004	0.0400705	0.0390993	0.0380878	0.0370369	0.0359477	0.0348212	0.0336584	0.0324606	0.0312289	0.0299644	0.0286686	0.0273426	0.0259878	0.0246056	0.0231973	0.0217645	0.0203086	0.018831	0.0173334	0.0158173	0.0142843	0.0127361	0.0111741	0.00960022	0.008016	0.00642317	0.00482343	0.00321851	0.00161012	0	
0	0.00209293	0.00418379	0.0062705	0.00835102	0.0104233	0.0124852	0.0145348	0.0165701	0.0185889	0.0205894	0.0225695	0.0245273	0.0264609	0.0283683	0.0302477	0.0320971	0.0339149	0.0356991	0.037448	0.0391599	0.040833	0.0424658	0.0440565	0.0456037	0.0471058	0.0485613	0.0499687	0.0513266	0.0526338	0.0538888	0.0550904	0.0562375	0.0573289	0.0583634	0.0593401	0.060258	0.061116	0.0619134	0.0626494	0.0633231	0.0639339	0.0644812	0.0649643	0.0653828	0.0657361	0.066024	0.0662461	0.066402	0.0664917	0.0665149	0.0664716	0.0663617	0.0661854	0.0659427	0.0656337	0.0652588	0.0648183	0.0643124	0.0637416	0.0631065	0.0624075	0.0616453	0.0608206	0.059934	0.0589864	0.0579787	0.0569117	0.0557865	0.0546041	0.0533657	0.0520722	0.0507251	0.0493256	0.047875	0.0463746	0.0448261	0.0432308	0.0415904	0.0399065	0.0381807	0.0364147	0.0346104	0.0327696	0.0308941	0.0289858	0.0270468	0.0250791	0.0230846	0.0210654	0.0190238	0.0169618	0.0148816	0.0127855	0.0106757	0.00855434	0.00642382	0.00428639	0.00214435	0	
0	0.00261228	0.00522197	0.00782649	0.0104233	0.0130097	0.0155834	0.0181416	0.0206818	0.0232016	0.0256985	0.02817	0.0306136	0.033027	0.0354077	0.0377535	0.0400619	0.0423307	0.0445576	0.0467405	0.0488771	0.0509655	0.0530034	0.0549889	0.05692	0.0587948	0.0606115	0.0623681	0.064063	0.0656945	0.067261	0.0687608	0.0701925	0.0715547	0.072846	0.074065	0.0752106	0.0762816	0.0772769	0.0781955	0.0790364	0.0797988	0.0804818	0.0810848	0.0816071	0.0820482	0.0824075	0.0826846	0.0828793	0.0829912	0.0830202	0.0829661	0.082829	0.0826089	0.082306	0.0819204	0.0814525	0.0809026	0.0802712	0.0795588	0.078766	0.0778936	0.0769423	0.0759128	0.0748063	0.0736236	0.0723658	0.0710341	0.0696297	0.0681539	0.0666081	0.0649937	0.0633123	0.0615655	0.0597549	0.0578823	0.0559495	0.0539583	0.0519109	0.049809	0.047655	0.0454508	0.0431988	0.0409011	0.0385603	0.0361785	0.0337583	0.0313023	0.0288129	0.0262927	0.0237445	0.0211708	0.0185745	0.0159582	0.0133248	0.0106771	0.00801786	0.00535003	0.00267646	0	
0	0.00312904	0.00625499	0.00937474	0.0124852	0.0155834	0.0186661	0.0217303	0.0247731	0.0277914	0.0307822	0.0337426	0.0366697	0.0395605	0.0424122	0.0452219	0.047987	0.0507046	0.0533721	0.0559868	0.0585461	0.0610476	0.0634886	0.0658669	0.0681801	0.0704257	0.0726017	0.0747059	0.0767361	0.0786903	0.0805667	0.0823632	0.0840781	0.0857098	0.0872565	0.0887167	0.0900889	0.0913718	0.092564	0.0936642	0.0946715	0.0955847	0.0964029	0.0971252	0.0977508	0.0982791	0.0987095	0.0990415	0.0992746	0.0994087	0.0994434	0.0993786	0.0992144	0.0989508	0.0985879	0.098126	0.0975655	0.0969069	0.0961506	0.0952973	0.0943477	0.0933027	0.0921631	0.0909301	0.0896046	0.0881879	0.0866813	0.0850862	0.0834039	0.0816362	0.0797846	0.0778509	0.0758369	0.0737445	0.0715757	0.0693326	0.0670175	0.0646325	0.06218	0.0596624	0.0570822	0.054442	0.0517445	0.0489923	0.0461883	0.0433354	0.0404365	0.0374946	0.0345127	0.031494	0.0284416	0.0253589	0.0222489	0.0191151	0.0159607	0.0127892	0.00960397	0.00640839	0.00320592	0	
0	0.00364272	0.00728182	0.0109137	0.0145348	0.0181416	0.0217303	0.0252976	0.0288399	0.0323537	0.0358355	0.0392819	0.0426895	0.0460548	0.0493746	0.0526457	0.0558646	0.0590284	0.0621337	0.0651777	0.0681572	0.0710693	0.0739111	0.0766798	0.0793727	0.081987	0.0845202	0.0869698	0.0893333	0.0916083	0.0937927	0.0958842	0.0978806	0.0997801	0.101581	0.103281	0.104878	0.106372	0.10776	0.10904	0.110213	0.111276	0.112229	0.11307	0.113798	0.114413	0.114914	0.1153	0.115572	0.115728	0.115768	0.115693	0.115502	0.115195	0.114772	0.114235	0.113582	0.112815	0.111935	0.110942	0.109836	0.108619	0.107293	0.105857	0.104314	0.102665	0.100911	0.0990542	0.0970958	0.0950378	0.0928823	0.0906311	0.0882865	0.0858506	0.0833258	0.0807145	0.0780193	0.0752427	0.0723876	0.0694567	0.066453	0.0633793	0.060239	0.057035	0.0537707	0.0504495	0.0470747	0.0436498	0.0401784	0.0366641	0.0331107	0.0295218	0.0259013	0.0222531	0.0185809	0.0148887	0.0111806	0.00746041	0.00373221	0	
0	0.00415279	0.00830146	0.0124419	0.0165701	0.0206818	0.0247731	0.0288399	0.0328783	0.0368841	0.0408534	0.0447824	0.0486671	0.0525036	0.0562883	0.0600174	0.0636871	0.0672938	0.070834	0.0743042	0.0777009	0.0810208	0.0842605	0.0874169	0.0904868	0.0934672	0.0963552	0.0991477	0.101842	0.104436	0.106926	0.10931	0.111586	0.113752	0.115805	0.117743	0.119564	0.121266	0.122849	0.124309	0.125646	0.126858	0.127943	0.128902	0.129732	0.130434	0.131005	0.131445	0.131755	0.131933	0.131979	0.131893	0.131675	0.131325	0.130843	0.13023	0.129487	0.128612	0.127609	0.126476	0.125216	0.123829	0.122317	0.12068	0.118921	0.117041	0.115041	0.112924	0.110692	0.108346	0.105888	0.103322	0.100649	0.0978718	0.0949935	0.0920166	0.0889439	0.0857786	0.0825237	0.0791824	0.0757581	0.0722541	0.068674	0.0650214	0.0613	0.0575137	0.0536663	0.0497619	0.0458044	0.0417981	0.037747	0.0336556	0.0295282	0.025369	0.0211827	0.0169735	0.0127462	0.00850506	0.00425482	0	
0	0.00465875	0.00931288	0.0139578	0.0185889	0.0232016	0.0277914	0.0323537	0.0368841	0.0413779	0.0458309	0.0502385	0.0545965	0.0589005	0.0631463	0.0673297	0.0714465	0.0754927	0.0794643	0.0833572	0.0871678	0.0908921	0.0945266	0.0980676	0.101512	0.104855	0.108095	0.111228	0.11425	0.11716	0.119954	0.122628	0.125182	0.127611	0.129914	0.132088	0.134131	0.136041	0.137816	0.139454	0.140954	0.142314	0.143532	0.144607	0.145539	0.146325	0.146966	0.14746	0.147808	0.148007	0.148059	0.147962	0.147718	0.147325	0.146785	0.146097	0.145263	0.144282	0.143156	0.141886	0.140472	0.138916	0.137219	0.135384	0.13341	0.131301	0.129058	0.126683	0.124178	0.121546	0.118789	0.11591	0.112912	0.109796	0.106567	0.103228	0.0997807	0.0962297	0.0925782	0.0888298	0.0849883	0.0810574	0.0770411	0.0729434	0.0687687	0.0645211	0.0602049	0.0558248	0.0513851	0.0468907	0.0423461	0.0377562	0.0331258	0.02846	0.0237635	0.0190416	0.0142991	0.0095413	0.00477322	0	
0	0.00516011	0.0103151	0.0154599	0.0205894	0.0256985	0.0307822	0.0358355	0.0408534	0.0458309	0.0507631	0.055645	0.060472	0.0652392	0.069942	0.0745755	0.0791354	0.083617	0.088016	0.0923279	0.0965485	0.100674	0.104699	0.108621	0.112436	0.116139	0.119728	0.123198	0.126546	0.129768	0.132863	0.135825	0.138653	0.141344	0.143895	0.146303	0.148566	0.150681	0.152647	0.154462	0.156123	0.157629	0.158978	0.160169	0.161201	0.162072	0.162782	0.16333	0.163714	0.163935	0.163992	0.163886	0.163615	0.16318	0.162582	0.16182	0.160896	0.159809	0.158562	0.157155	0.155589	0.153866	0.151987	0.149953	0.147767	0.145431	0.142946	0.140316	0.137542	0.134627	0.131573	0.128384	0.125063	0.121612	0.118036	0.114337	0.110519	0.106586	0.102541	0.0983895	0.0941345	0.0897805	0.085332	0.0807934	0.0761694	0.0714646	0.066684	0.0618325	0.0569151	0.0519369	0.0469032	0.0418194	0.0366908	0.0315227	0.0263209	0.0210908	0.015838	0.0105681	0.0052869	0	
0	0.00565637	0.0113071	0.0169467	0.0225695	0.02817	0.0337426	0.0392819	0.0447824	0.0502385	0.055645	0.0609965	0.0662878	0.0715134	0.0766684	0.0817476	0.086746	0.0916586	0.0964806	0.101207	0.105834	0.110356	0.114768	0.119068	0.123249	0.127309	0.131242	0.135046	0.138716	0.142249	0.14564	0.148888	0.151988	0.154938	0.157734	0.160373	0.162854	0.165173	0.167328	0.169317	0.171138	0.172789	0.174268	0.175573	0.176704	0.177659	0.178437	0.179037	0.179459	0.179701	0.179764	0.179647	0.17935	0.178873	0.178217	0.177383	0.176369	0.175179	0.173812	0.172269	0.170552	0.168663	0.166603	0.164374	0.161978	0.159417	0.156694	0.15381	0.150769	0.147574	0.144227	0.140731	0.13709	0.133308	0.129388	0.125333	0.121148	0.116836	0.112403	0.107852	0.103188	0.098415	0.0935386	0.0885635	0.0834948	0.0783376	0.0730972	0.0677791	0.0623887	0.0569318	0.0514141	0.0458413	0.0402194	0.0345544	0.0288523	0.0231191	0.0173611	0.0115845	0.00579535	0	
0	0.00614704	0.012288	0.0184168	0.0245273	0.0306136	0.0366697	0.0426895	0.0486671	0.0545965	0.060472	0.0662878	0.072038	0.077717	0.0833191	0.0888389	0.0942709	0.0996097	0.10485	0.109987	0.115014	0.119929	0.124724	0.129396	0.13394	0.138352	0.142627	0.146761	0.150749	0.154588	0.158274	0.161803	0.165173	0.168378	0.171416	0.174285	0.176981	0.179501	0.181843	0.184005	0.185983	0.187777	0.189385	0.190804	0.192033	0.193071	0.193916	0.194568	0.195026	0.19529	0.195358	0.195231	0.194908	0.19439	0.193677	0.19277	0.191669	0.190375	0.188889	0.187213	0.185347	0.183294	0.181056	0.178633	0.176029	0.173246	0.170287	0.167153	0.163848	0.160375	0.156738	0.152939	0.148983	0.144872	0.140611	0.136205	0.131657	0.126971	0.122153	0.117208	0.112139	0.106952	0.101653	0.0962461	0.0907377	0.0851331	0.0794381	0.0736587	0.0678007	0.0618705	0.0558741	0.0498179	0.0437083	0.0375519	0.0313551	0.0251246	0.0188672	0.0125894	0.00629808	0	
0	0.00663163	0.0132567	0.0198686	0.0264609	0.033027	0.0395605	0.0460548	0.0525036	0.0589005	0.0652392	0.0715134	0.077717	0.0838436	0.0898874	0.0958424	0.101703	0.107462	0.113116	0.118657	0.124081	0.129383	0.134557	0.139597	0.144499	0.149259	0.153871	0.15833	0.162633	0.166775	0.170751	0.174559	0.178194	0.181652	0.18493	0.188025	0.190933	0.193652	0.196178	0.19851	0.200645	0.20258	0.204315	0.205845	0.207171	0.208291	0.209203	0.209907	0.210401	0.210685	0.210759	0.210621	0.210273	0.209715	0.208945	0.207967	0.206779	0.205383	0.20378	0.201971	0.199959	0.197744	0.195329	0.192716	0.189907	0.186904	0.183711	0.18033	0.176765	0.173018	0.169094	0.164996	0.160727	0.156293	0.151696	0.146943	0.142036	0.136981	0.131783	0.126448	0.120979	0.115384	0.109666	0.103834	0.0978909	0.0918445	0.0857005	0.0794655	0.0731457	0.0667479	0.0602788	0.0537452	0.047154	0.0405122	0.0338269	0.0271053	0.0203545	0.0135819	0.00679458	0	
0	0.00710966	0.0142123	0.0213008	0.0283683	0.0354077	0.0424122	0.0493746	0.0562883	0.0631463	0.069942	0.0766684	0.0833191	0.0898874	0.0963669	0.102751	0.109034	0.115209	0.12127	0.127211	0.133026	0.138709	0.144256	0.14966	0.154916	0.160018	0.164962	0.169743	0.174356	0.178797	0.18306	0.187142	0.191039	0.194746	0.19826	0.201578	0.204696	0.207611	0.21032	0.21282	0.215108	0.217183	0.219042	0.220684	0.222105	0.223306	0.224283	0.225038	0.225568	0.225872	0.225951	0.225804	0.225431	0.224832	0.224007	0.222958	0.221684	0.220188	0.218469	0.21653	0.214373	0.211998	0.209409	0.206608	0.203596	0.200377	0.196954	0.193329	0.189507	0.18549	0.181283	0.17689	0.172313	0.167559	0.162631	0.157535	0.152274	0.146855	0.141283	0.135562	0.1297	0.123701	0.117572	0.111318	0.104947	0.098465	0.0918782	0.0851937	0.0784184	0.0715595	0.064624	0.0576194	0.0505531	0.0434325	0.0362653	0.0290592	0.0218218	0.0145609	0.00728437	0	
0	0.00758067	0.0151538	0.022712	0.0302477	0.0377535	0.0452219	0.0526457	0.0600174	0.0673297	0.0745755	0.0817476	0.0888389	0.0958424	0.102751	0.109558	0.116257	0.122841	0.129303	0.135638	0.141839	0.147899	0.153813	0.159575	0.165179	0.170619	0.175891	0.180989	0.185907	0.190642	0.195187	0.19954	0.203695	0.207648	0.211395	0.214933	0.218257	0.221365	0.224253	0.226919	0.229359	0.231572	0.233554	0.235304	0.236819	0.238099	0.239142	0.239946	0.240511	0.240836	0.24092	0.240763	0.240365	0.239727	0.238848	0.237729	0.236371	0.234775	0.232943	0.230875	0.228575	0.226043	0.223282	0.220295	0.217084	0.213652	0.210002	0.206137	0.202062	0.197779	0.193293	0.188608	0.183729	0.17866	0.173406	0.167971	0.162363	0.156584	0.150643	0.144543	0.138292	0.131896	0.125361	0.118693	0.1119	0.104988	0.0979651	0.0908377	0.0836136	0.0763002	0.0689053	0.0614367	0.0539022	0.0463099	0.0386679	0.0309843	0.0232675	0.0155256	0.00776696	0	
0	0.00804418	0.0160804	0.0241007	0.0320971	0.0400619	0.047987	0.0558646	0.0636871	0.0714465	0.0791354	0.086746	0.0942709	0.101703	0.109034	0.116257	0.123366	0.130352	0.13721	0.143932	0.150511	0.156942	0.163218	0.169332	0.175278	0.181052	0.186646	0.192055	0.197274	0.202298	0.207122	0.211741	0.21615	0.220344	0.224321	0.228074	0.231602	0.2349	0.237965	0.240794	0.243383	0.245731	0.247834	0.249691	0.2513	0.252658	0.253764	0.254618	0.255217	0.255562	0.255651	0.255485	0.255062	0.254385	0.253452	0.252264	0.250823	0.24913	0.247186	0.244992	0.242551	0.239864	0.236935	0.233765	0.230357	0.226715	0.222842	0.218741	0.214417	0.209872	0.205112	0.200141	0.194963	0.189584	0.184008	0.178242	0.17229	0.166159	0.159854	0.153381	0.146748	0.139961	0.133026	0.125951	0.118742	0.111408	0.103955	0.096392	0.0887261	0.0809656	0.0731185	0.0651932	0.057198	0.0491415	0.0410322	0.0328789	0.0246901	0.0164749	0.00824186	0	
0	0.00849974	0.0169911	0.0254656	0.0339149	0.0423307	0.0507046	0.0590284	0.0672938	0.0754927	0.083617	0.0916586	0.0996097	0.107462	0.115209	0.122841	0.130352	0.137734	0.14498	0.152083	0.159035	0.16583	0.172461	0.178921	0.185205	0.191305	0.197216	0.202932	0.208446	0.213755	0.218852	0.223732	0.228391	0.232823	0.237024	0.240991	0.244718	0.248203	0.251442	0.25443	0.257167	0.259647	0.26187	0.263832	0.265531	0.266966	0.268136	0.269037	0.269671	0.270035	0.270129	0.269953	0.269507	0.268791	0.267805	0.266551	0.265028	0.263239	0.261185	0.258867	0.256287	0.253449	0.250353	0.247004	0.243403	0.239555	0.235462	0.231129	0.22656	0.221758	0.216728	0.211475	0.206004	0.200321	0.194429	0.188336	0.182047	0.175569	0.168907	0.162068	0.155059	0.147887	0.14056	0.133084	0.125467	0.117717	0.109842	0.101851	0.0937509	0.0855509	0.0772594	0.0688853	0.0604373	0.0519245	0.043356	0.0347409	0.0260884	0.0174079	0.00870862	0	
0	0.0089469	0.0178849	0.0268053	0.0356991	0.0445576	0.0533721	0.0621337	0.070834	0.0794643	0.088016	0.0964806	0.10485	0.113116	0.12127	0.129303	0.13721	0.14498	0.152607	0.160084	0.167402	0.174554	0.181534	0.188334	0.194948	0.201369	0.207591	0.213608	0.219413	0.225	0.230365	0.235502	0.240406	0.245071	0.249494	0.253669	0.257593	0.261261	0.26467	0.267816	0.270696	0.273307	0.275646	0.277712	0.279501	0.281011	0.282242	0.283191	0.283858	0.284241	0.28434	0.284155	0.283686	0.282932	0.281894	0.280574	0.278971	0.277088	0.274925	0.272485	0.26977	0.266782	0.263524	0.259998	0.256208	0.252158	0.24785	0.243289	0.238479	0.233424	0.22813	0.222601	0.216842	0.210859	0.204658	0.198244	0.191625	0.184805	0.177793	0.170594	0.163216	0.155667	0.147954	0.140085	0.132067	0.12391	0.115621	0.107209	0.0986831	0.0900516	0.081324	0.0725093	0.0636169	0.0546562	0.0456369	0.0365686	0.0274609	0.0183237	0.00916678	0	
0	0.00938521	0.0187611	0.0281185	0.037448	0.0467405	0.0559868	0.0651777	0.0743042	0.0833572	0.0923279	0.101207	0.109987	0.118657	0.127211	0.135638	0.143932	0.152083	0.160084	0.167926	0.175603	0.183106	0.190427	0.197561	0.204499	0.211234	0.217761	0.224072	0.230162	0.236023	0.241651	0.24704	0.252183	0.257077	0.261717	0.266096	0.270212	0.27406	0.277636	0.280936	0.283957	0.286696	0.28915	0.291317	0.293193	0.294778	0.296069	0.297065	0.297764	0.298166	0.29827	0.298076	0.297583	0.296793	0.295704	0.294319	0.292638	0.290662	0.288394	0.285835	0.282986	0.279852	0.276434	0.272736	0.26876	0.264511	0.259992	0.255208	0.250162	0.24486	0.239306	0.233506	0.227465	0.221189	0.214684	0.207957	0.201012	0.193859	0.186503	0.178952	0.171213	0.163294	0.155203	0.146948	0.138538	0.129981	0.121285	0.112461	0.103518	0.0944633	0.0853081	0.0760615	0.0667335	0.0573339	0.0478727	0.0383601	0.0288062	0.0192214	0.00961586	0	
0	0.00981424	0.0196187	0.0294038	0.0391599	0.0488771	0.0585461	0.0681572	0.0777009	0.0871678	0.0965485	0.105834	0.115014	0.124081	0.133026	0.141839	0.150511	0.159035	0.167402	0.175603	0.18363	0.191476	0.199132	0.206592	0.213847	0.220891	0.227716	0.234315	0.240683	0.246813	0.252698	0.258333	0.263712	0.268829	0.273681	0.278261	0.282565	0.286588	0.290328	0.293779	0.296938	0.299802	0.302369	0.304634	0.306596	0.308253	0.309603	0.310645	0.311376	0.311796	0.311905	0.311702	0.311187	0.31036	0.309222	0.307773	0.306016	0.30395	0.301577	0.298901	0.295923	0.292645	0.289071	0.285203	0.281046	0.276603	0.271877	0.266874	0.261598	0.256053	0.250246	0.244181	0.237864	0.231301	0.224498	0.217463	0.210202	0.202721	0.195029	0.187132	0.179039	0.170758	0.162298	0.153665	0.144871	0.135922	0.12683	0.117603	0.10825	0.0987816	0.0892079	0.0795386	0.0697842	0.0599549	0.0500612	0.0401137	0.0301231	0.0201001	0.0100554	0	
0	0.0102336	0.020457	0.0306602	0.040833	0.0509655	0.0610476	0.0710693	0.0810208	0.0908921	0.100674	0.110356	0.119929	0.129383	0.138709	0.147899	0.156942	0.16583	0.174554	0.183106	0.191476	0.199657	0.207641	0.215419	0.222984	0.230329	0.237445	0.244327	0.250967	0.257358	0.263495	0.26937	0.274979	0.280316	0.285374	0.29015	0.294638	0.298833	0.302732	0.306331	0.309625	0.312612	0.315288	0.31765	0.319696	0.321424	0.322832	0.323917	0.32468	0.325118	0.325232	0.32502	0.324483	0.323621	0.322434	0.320924	0.319091	0.316936	0.314463	0.311672	0.308567	0.305149	0.301422	0.297389	0.293054	0.288421	0.283494	0.278277	0.272775	0.266994	0.260938	0.254614	0.248027	0.241183	0.23409	0.226755	0.219183	0.211383	0.203362	0.195128	0.186689	0.178054	0.169232	0.160231	0.151061	0.14173	0.132249	0.122627	0.112875	0.103002	0.0930194	0.0829371	0.0727658	0.0625165	0.0522001	0.0418276	0.0314102	0.0209589	0.0104851	0	
0	0.0106428	0.021275	0.0318861	0.0424658	0.0530034	0.0634886	0.0739111	0.0842605	0.0945266	0.104699	0.114768	0.124724	0.134557	0.144256	0.153813	0.163218	0.172461	0.181534	0.190427	0.199132	0.207641	0.215943	0.224033	0.2319	0.239539	0.24694	0.254097	0.261002	0.267649	0.274031	0.280142	0.285975	0.291524	0.296785	0.301752	0.306419	0.310783	0.314838	0.31858	0.322006	0.325112	0.327895	0.330352	0.33248	0.334277	0.335741	0.33687	0.337663	0.338119	0.338237	0.338017	0.337458	0.336561	0.335327	0.333756	0.33185	0.32961	0.327037	0.324135	0.320905	0.317351	0.313475	0.309281	0.304773	0.299954	0.29483	0.289404	0.283682	0.27767	0.271372	0.264795	0.257945	0.250828	0.243451	0.235822	0.227947	0.219835	0.211493	0.20293	0.194154	0.185174	0.175999	0.166638	0.157101	0.147397	0.137537	0.127531	0.117389	0.107121	0.096739	0.0862535	0.0756755	0.0650164	0.0542875	0.0435002	0.0326662	0.021797	0.0109044	0	
0	0.0110414	0.0220719	0.0330806	0.0440565	0.0549889	0.0658669	0.0766798	0.0874169	0.0980676	0.108621	0.119068	0.129396	0.139597	0.14966	0.159575	0.169332	0.178921	0.188334	0.197561	0.206592	0.215419	0.224033	0.232425	0.240587	0.248512	0.25619	0.263615	0.270779	0.277675	0.284296	0.290636	0.296687	0.302445	0.307903	0.313056	0.317898	0.322425	0.326631	0.330514	0.334068	0.337291	0.340178	0.342727	0.344935	0.346799	0.348318	0.349489	0.350312	0.350785	0.350907	0.350679	0.350099	0.349169	0.347889	0.346259	0.344281	0.341957	0.339288	0.336277	0.332926	0.329239	0.325218	0.320867	0.316189	0.31119	0.305874	0.300245	0.294309	0.288071	0.281538	0.274714	0.267607	0.260224	0.252571	0.244656	0.236486	0.22807	0.219416	0.210532	0.201427	0.192111	0.182592	0.17288	0.162986	0.152919	0.142689	0.132308	0.121786	0.111134	0.100363	0.0894846	0.0785104	0.0674519	0.0563211	0.0451297	0.0338898	0.0226135	0.0113128	0	
0	0.0114292	0.0228471	0.0342423	0.0456037	0.05692	0.0681801	0.0793727	0.0904868	0.101512	0.112436	0.123249	0.13394	0.144499	0.154916	0.165179	0.175278	0.185205	0.194948	0.204499	0.213847	0.222984	0.2319	0.240587	0.249036	0.257239	0.265187	0.272873	0.280288	0.287427	0.29428	0.300842	0.307106	0.313066	0.318716	0.32405	0.329062	0.333748	0.338102	0.342121	0.3458	0.349136	0.352125	0.354763	0.357048	0.358978	0.36055	0.361763	0.362614	0.363104	0.363231	0.362994	0.362394	0.361431	0.360106	0.358419	0.356372	0.353966	0.351203	0.348087	0.344618	0.340801	0.336639	0.332135	0.327294	0.322119	0.316616	0.310789	0.304645	0.298188	0.291425	0.284362	0.277005	0.269362	0.261441	0.253248	0.244791	0.23608	0.227122	0.217926	0.208501	0.198858	0.189004	0.178952	0.16871	0.158289	0.147701	0.136955	0.126063	0.115037	0.103888	0.0926272	0.0812676	0.0698208	0.058299	0.0467146	0.03508	0.0234077	0.0117101	0	
0	0.0118056	0.0235996	0.0353702	0.0471058	0.0587948	0.0704257	0.081987	0.0934672	0.104855	0.116139	0.127309	0.138352	0.149259	0.160018	0.170619	0.181052	0.191305	0.201369	0.211234	0.220891	0.230329	0.239539	0.248512	0.257239	0.265712	0.273922	0.281861	0.289521	0.296894	0.303973	0.310751	0.317222	0.323378	0.329214	0.334723	0.3399	0.34474	0.349239	0.35339	0.35719	0.360636	0.363723	0.366448	0.368808	0.370802	0.372426	0.373678	0.374558	0.375064	0.375195	0.37495	0.374331	0.373336	0.371967	0.370225	0.36811	0.365625	0.362771	0.359552	0.355969	0.352026	0.347727	0.343075	0.338074	0.332729	0.327045	0.321026	0.314679	0.30801	0.301024	0.293728	0.286129	0.278235	0.270052	0.261589	0.252854	0.243856	0.234603	0.225104	0.215369	0.205408	0.19523	0.184846	0.174267	0.163503	0.152565	0.141466	0.130215	0.118826	0.107309	0.0956781	0.0839444	0.0721205	0.0602193	0.0482533	0.0362355	0.0241787	0.0120958	0	
0	0.0121704	0.0243288	0.036463	0.0485613	0.0606115	0.0726017	0.0845202	0.0963552	0.108095	0.119728	0.131242	0.142627	0.153871	0.164962	0.175891	0.186646	0.197216	0.207591	0.217761	0.227716	0.237445	0.24694	0.25619	0.265187	0.273922	0.282385	0.29057	0.298466	0.306067	0.313365	0.320353	0.327023	0.33337	0.339386	0.345065	0.350403	0.355392	0.360029	0.364309	0.368227	0.371779	0.374961	0.37777	0.380204	0.382259	0.383933	0.385224	0.386131	0.386652	0.386787	0.386536	0.385897	0.384871	0.38346	0.381664	0.379484	0.376922	0.37398	0.370661	0.366968	0.362903	0.358471	0.353675	0.34852	0.34301	0.33715	0.330945	0.324402	0.317527	0.310325	0.302804	0.29497	0.286832	0.278396	0.269672	0.260667	0.25139	0.241851	0.232059	0.222023	0.211754	0.201262	0.190558	0.179651	0.168555	0.157279	0.145837	0.134239	0.122497	0.110625	0.0986344	0.0865381	0.0743489	0.06208	0.0497443	0.0373551	0.0249257	0.0124696	0	
0	0.0125231	0.0250339	0.0375198	0.0499687	0.0623681	0.0747059	0.0869698	0.0991477	0.111228	0.123198	0.135046	0.146761	0.15833	0.169743	0.180989	0.192055	0.202932	0.213608	0.224072	0.234315	0.244327	0.254097	0.263615	0.272873	0.281861	0.29057	0.298991	0.307116	0.314938	0.322447	0.329638	0.336501	0.343032	0.349222	0.355066	0.360558	0.365692	0.370464	0.374867	0.378899	0.382554	0.385828	0.388719	0.391223	0.393338	0.39506	0.396389	0.397322	0.397858	0.397997	0.397738	0.397081	0.396026	0.394574	0.392725	0.390482	0.387846	0.384819	0.381404	0.377604	0.373421	0.368861	0.363926	0.358621	0.352951	0.346921	0.340537	0.333804	0.326729	0.319319	0.31158	0.303519	0.295145	0.286465	0.277488	0.268222	0.258676	0.248861	0.238785	0.228458	0.217891	0.207095	0.19608	0.184858	0.17344	0.161838	0.150063	0.138129	0.126048	0.113831	0.101493	0.0890462	0.0765038	0.0638792	0.051186	0.0384378	0.0256482	0.012831	0	
0	0.0128635	0.0257142	0.0385395	0.0513266	0.064063	0.0767361	0.0893333	0.101842	0.11425	0.126546	0.138716	0.150749	0.162633	0.174356	0.185907	0.197274	0.208446	0.219413	0.230162	0.240683	0.250967	0.261002	0.270779	0.280288	0.289521	0.298466	0.307116	0.315463	0.323496	0.33121	0.338596	0.345646	0.352354	0.358712	0.364715	0.370357	0.37563	0.380532	0.385055	0.389196	0.39295	0.396314	0.399283	0.401855	0.404027	0.405796	0.407161	0.40812	0.408671	0.408814	0.408547	0.407872	0.406788	0.405297	0.403398	0.401094	0.398386	0.395277	0.391769	0.387865	0.383569	0.378885	0.373816	0.368367	0.362543	0.356349	0.349792	0.342876	0.335609	0.327997	0.320047	0.311768	0.303166	0.29425	0.285029	0.275511	0.265706	0.255624	0.245274	0.234667	0.223813	0.212723	0.201409	0.189882	0.178154	0.166236	0.154142	0.141883	0.129473	0.116925	0.104251	0.0914662	0.0785829	0.0656152	0.0525771	0.0394824	0.0263452	0.0131797	0	
0	0.0131911	0.026369	0.0395209	0.0526338	0.0656945	0.0786903	0.0916083	0.104436	0.11716	0.129768	0.142249	0.154588	0.166775	0.178797	0.190642	0.202298	0.213755	0.225	0.236023	0.246813	0.257358	0.267649	0.277675	0.287427	0.296894	0.306067	0.314938	0.323496	0.331735	0.339645	0.347219	0.354449	0.361327	0.367848	0.374004	0.379789	0.385197	0.390223	0.394861	0.399108	0.402957	0.406407	0.409452	0.412089	0.414316	0.416131	0.41753	0.418513	0.419079	0.419225	0.418952	0.41826	0.417148	0.415619	0.413672	0.411309	0.408532	0.405344	0.401747	0.397743	0.393338	0.388534	0.383336	0.377748	0.371776	0.365424	0.3587	0.351608	0.344156	0.33635	0.328198	0.319708	0.310887	0.301744	0.292288	0.282528	0.272473	0.262134	0.251521	0.240643	0.229513	0.218141	0.206539	0.194718	0.182691	0.17047	0.158067	0.145497	0.132771	0.119903	0.106906	0.0937956	0.0805842	0.0672863	0.0539161	0.0404879	0.0270161	0.0135153	0	
0	0.0135056	0.0269978	0.0404633	0.0538888	0.067261	0.0805667	0.0937927	0.106926	0.119954	0.132863	0.14564	0.158274	0.170751	0.18306	0.195187	0.207122	0.218852	0.230365	0.241651	0.252698	0.263495	0.274031	0.284296	0.29428	0.303973	0.313365	0.322447	0.33121	0.339645	0.347744	0.355498	0.3629	0.369943	0.376619	0.382922	0.388844	0.394382	0.399527	0.404277	0.408624	0.412566	0.416097	0.419215	0.421915	0.424196	0.426053	0.427486	0.428493	0.429071	0.429221	0.428942	0.428233	0.427095	0.425529	0.423535	0.421116	0.418273	0.415009	0.411326	0.407228	0.402717	0.397799	0.392476	0.386755	0.380641	0.374138	0.367253	0.359992	0.352362	0.34437	0.336024	0.327331	0.3183	0.308939	0.299257	0.289265	0.27897	0.268385	0.257518	0.246381	0.234986	0.223342	0.211464	0.199361	0.187047	0.174535	0.161836	0.148966	0.135936	0.122762	0.109456	0.0960322	0.0825057	0.0688907	0.0552017	0.0414533	0.0276603	0.0138376	0	
0	0.0138068	0.0275998	0.0413656	0.0550904	0.0687608	0.0823632	0.0958842	0.10931	0.122628	0.135825	0.148888	0.161803	0.174559	0.187142	0.19954	0.211741	0.223732	0.235502	0.24704	0.258333	0.26937	0.280142	0.290636	0.300842	0.310751	0.320353	0.329638	0.338596	0.347219	0.355498	0.363425	0.370993	0.378192	0.385017	0.39146	0.397515	0.403176	0.408436	0.413292	0.417736	0.421766	0.425376	0.428563	0.431324	0.433655	0.435554	0.437019	0.438048	0.438639	0.438792	0.438507	0.437782	0.436619	0.435018	0.43298	0.430507	0.427601	0.424263	0.420498	0.416308	0.411697	0.406669	0.401228	0.39538	0.389129	0.382481	0.375442	0.36802	0.36022	0.352049	0.343517	0.33463	0.325398	0.315828	0.305931	0.295715	0.285191	0.274369	0.263261	0.251876	0.240226	0.228323	0.216179	0.203807	0.191218	0.178427	0.165445	0.152288	0.138968	0.125499	0.111896	0.0981736	0.0843456	0.070427	0.0564327	0.0423777	0.0282772	0.0141462	0	
0	0.0140942	0.0281745	0.0422269	0.0562375	0.0701925	0.0840781	0.0978806	0.111586	0.125182	0.138653	0.151988	0.165173	0.178194	0.191039	0.203695	0.21615	0.228391	0.240406	0.252183	0.263712	0.274979	0.285975	0.296687	0.307106	0.317222	0.327023	0.336501	0.345646	0.354449	0.3629	0.370993	0.378718	0.386067	0.393034	0.399611	0.405792	0.411571	0.416941	0.421897	0.426434	0.430548	0.434233	0.437487	0.440305	0.442684	0.444623	0.446119	0.447169	0.447773	0.447929	0.447637	0.446898	0.44571	0.444076	0.441996	0.439471	0.436504	0.433098	0.429254	0.424977	0.42027	0.415137	0.409583	0.403612	0.397231	0.390445	0.38326	0.375683	0.36772	0.35938	0.35067	0.341598	0.332173	0.322404	0.312301	0.301872	0.291129	0.280082	0.268742	0.25712	0.245228	0.233077	0.22068	0.20805	0.1952	0.182142	0.16889	0.155459	0.141861	0.128112	0.114226	0.100218	0.0861019	0.0718934	0.0576077	0.0432601	0.028866	0.0144407	0	
0	0.0143677	0.0287213	0.0430464	0.0573289	0.0715547	0.0857098	0.0997801	0.113752	0.127611	0.141344	0.154938	0.168378	0.181652	0.194746	0.207648	0.220344	0.232823	0.245071	0.257077	0.268829	0.280316	0.291524	0.302445	0.313066	0.323378	0.33337	0.343032	0.352354	0.361327	0.369943	0.378192	0.386067	0.393559	0.400661	0.407366	0.413667	0.419558	0.425032	0.430085	0.43471	0.438903	0.44266	0.445977	0.44885	0.451275	0.453252	0.454776	0.455847	0.456462	0.456622	0.456325	0.455571	0.45436	0.452694	0.450573	0.448	0.444975	0.441502	0.437584	0.433224	0.428426	0.423193	0.417531	0.411445	0.40494	0.398022	0.390698	0.382973	0.374856	0.366354	0.357475	0.348227	0.338619	0.328661	0.318361	0.307731	0.296779	0.285518	0.273958	0.26211	0.249987	0.2376	0.224963	0.212088	0.198988	0.185677	0.172168	0.158476	0.144614	0.130599	0.116443	0.102163	0.0877728	0.0732887	0.0587257	0.0440997	0.0294262	0.014721	0	
0	0.014627	0.0292396	0.0438232	0.0583634	0.072846	0.0872565	0.101581	0.115805	0.129914	0.143895	0.157734	0.171416	0.18493	0.19826	0.211395	0.224321	0.237024	0.249494	0.261717	0.273681	0.285374	0.296785	0.307903	0.318716	0.329214	0.339386	0.349222	0.358712	0.367848	0.376619	0.385017	0.393034	0.400661	0.407892	0.414718	0.421132	0.427129	0.432702	0.437846	0.442555	0.446824	0.450648	0.454025	0.45695	0.459419	0.461431	0.462983	0.464073	0.4647	0.464862	0.464559	0.463792	0.462559	0.460863	0.458704	0.456084	0.453005	0.44947	0.445481	0.441042	0.436157	0.43083	0.425066	0.41887	0.412248	0.405205	0.397748	0.389885	0.381621	0.372966	0.363926	0.354511	0.34473	0.334592	0.324107	0.313284	0.302135	0.290671	0.278902	0.26684	0.254498	0.241888	0.229023	0.215915	0.202579	0.189027	0.175275	0.161336	0.147224	0.132956	0.118544	0.104006	0.0893568	0.0746113	0.0597855	0.0448955	0.0299572	0.0149867	0	
0	0.0148718	0.0297289	0.0445565	0.0593401	0.074065	0.0887167	0.103281	0.117743	0.132088	0.146303	0.160373	0.174285	0.188025	0.201578	0.214933	0.228074	0.240991	0.253669	0.266096	0.278261	0.29015	0.301752	0.313056	0.32405	0.334723	0.345065	0.355066	0.364715	0.374004	0.382922	0.39146	0.399611	0.407366	0.414718	0.421658	0.42818	0.434277	0.439944	0.445173	0.449961	0.454301	0.45819	0.461623	0.464596	0.467108	0.469153	0.470731	0.471839	0.472476	0.472641	0.472334	0.471553	0.4703	0.468576	0.466381	0.463717	0.460586	0.456992	0.452936	0.448423	0.443456	0.43804	0.43218	0.42588	0.419147	0.411986	0.404405	0.396409	0.388008	0.379207	0.370017	0.360444	0.350499	0.340192	0.329531	0.318527	0.307191	0.295535	0.283569	0.271306	0.258757	0.245936	0.232856	0.219529	0.205969	0.192191	0.178208	0.164036	0.149688	0.135181	0.120528	0.105747	0.0908522	0.0758599	0.0607861	0.0456468	0.0304585	0.0152375	0	
0	0.0151018	0.0301887	0.0452457	0.060258	0.0752106	0.0900889	0.104878	0.119564	0.134131	0.148566	0.162854	0.176981	0.190933	0.204696	0.218257	0.231602	0.244718	0.257593	0.270212	0.282565	0.294638	0.306419	0.317898	0.329062	0.3399	0.350403	0.360558	0.370357	0.379789	0.388844	0.397515	0.405792	0.413667	0.421132	0.42818	0.434803	0.440995	0.446749	0.452059	0.456921	0.461328	0.465277	0.468763	0.471783	0.474333	0.47641	0.478012	0.479138	0.479785	0.479952	0.47964	0.478847	0.477575	0.475824	0.473594	0.470889	0.467711	0.46406	0.459942	0.455359	0.450316	0.444816	0.438865	0.432468	0.42563	0.418359	0.41066	0.402541	0.394009	0.385073	0.37574	0.36602	0.355921	0.345454	0.334628	0.323454	0.311943	0.300106	0.287955	0.275502	0.26276	0.24974	0.236457	0.222924	0.209155	0.195164	0.180965	0.166573	0.152003	0.137272	0.122393	0.107383	0.0922575	0.0770333	0.0617263	0.0463529	0.0309297	0.0154732	0	
0	0.0153169	0.0306186	0.04589	0.061116	0.0762816	0.0913718	0.106372	0.121266	0.136041	0.150681	0.165173	0.179501	0.193652	0.207611	0.221365	0.2349	0.248203	0.261261	0.27406	0.286588	0.298833	0.310783	0.322425	0.333748	0.34474	0.355392	0.365692	0.37563	0.385197	0.394382	0.403176	0.411571	0.419558	0.427129	0.434277	0.440995	0.447274	0.45311	0.458496	0.463427	0.467897	0.471902	0.475438	0.478501	0.481087	0.483194	0.484819	0.485961	0.486617	0.486787	0.48647	0.485666	0.484376	0.482599	0.480339	0.477595	0.474371	0.470669	0.466492	0.461844	0.456728	0.45115	0.445114	0.438626	0.431691	0.424316	0.416508	0.408273	0.39962	0.390556	0.381091	0.371232	0.360989	0.350373	0.339393	0.32806	0.316385	0.30438	0.292056	0.279426	0.266502	0.253297	0.239825	0.226099	0.212133	0.197943	0.183542	0.168945	0.154168	0.139226	0.124136	0.108912	0.0935713	0.0781303	0.0626053	0.047013	0.0313701	0.0156935	0	
0	0.0155167	0.0310181	0.0464887	0.0619134	0.0772769	0.092564	0.10776	0.122849	0.137816	0.152647	0.167328	0.181843	0.196178	0.21032	0.224253	0.237965	0.251442	0.26467	0.277636	0.290328	0.302732	0.314838	0.326631	0.338102	0.349239	0.360029	0.370464	0.380532	0.390223	0.399527	0.408436	0.416941	0.425032	0.432702	0.439944	0.446749	0.45311	0.459022	0.464479	0.469474	0.474002	0.47806	0.481642	0.484744	0.487364	0.489499	0.491145	0.492301	0.492966	0.493138	0.492817	0.492003	0.490696	0.488896	0.486606	0.483827	0.48056	0.47681	0.472578	0.46787	0.462688	0.457037	0.450922	0.444349	0.437324	0.429853	0.421942	0.4136	0.404834	0.395652	0.386063	0.376076	0.365699	0.354945	0.343821	0.332341	0.320513	0.308351	0.295867	0.283072	0.269979	0.256602	0.242954	0.229049	0.214901	0.200526	0.185937	0.171149	0.15618	0.141043	0.125755	0.110333	0.0947923	0.0791498	0.0634222	0.0476264	0.0317795	0.0158983	0	
0	0.0157012	0.0313868	0.0470413	0.0626494	0.0781955	0.0936642	0.10904	0.124309	0.139454	0.154462	0.169317	0.184005	0.19851	0.21282	0.226919	0.240794	0.25443	0.267816	0.280936	0.293779	0.306331	0.31858	0.330514	0.342121	0.35339	0.364309	0.374867	0.385055	0.394861	0.404277	0.413292	0.421897	0.430085	0.437846	0.445173	0.452059	0.458496	0.464479	0.47	0.475054	0.479637	0.483742	0.487367	0.490506	0.493158	0.495317	0.496983	0.498153	0.498826	0.499	0.498675	0.497851	0.496529	0.494708	0.49239	0.489578	0.486273	0.482478	0.478196	0.473431	0.468188	0.462469	0.456282	0.449631	0.442522	0.434962	0.426958	0.418517	0.409647	0.400355	0.390652	0.380546	0.370047	0.359164	0.347909	0.336291	0.324323	0.312017	0.299384	0.286437	0.273188	0.259652	0.245842	0.231772	0.217456	0.202909	0.188147	0.173184	0.158036	0.14272	0.12725	0.111645	0.0959191	0.0800906	0.0641761	0.0481926	0.0321572	0.0160873	0	
0	0.01587	0.0317243	0.0475472	0.0633231	0.0790364	0.0946715	0.110213	0.125646	0.140954	0.156123	0.171138	0.185983	0.200645	0.215108	0.229359	0.243383	0.257167	0.270696	0.283957	0.296938	0.309625	0.322006	0.334068	0.3458	0.35719	0.368227	0.378899	0.389196	0.399108	0.408624	0.417736	0.426434	0.43471	0.442555	0.449961	0.456921	0.463427	0.469474	0.475054	0.480163	0.484795	0.488945	0.492608	0.495781	0.498461	0.500644	0.502328	0.503511	0.50419	0.504367	0.504038	0.503205	0.501868	0.500028	0.497686	0.494843	0.491502	0.487667	0.483339	0.478523	0.473223	0.467443	0.461189	0.454467	0.447281	0.43964	0.43155	0.423018	0.414052	0.404661	0.394853	0.384639	0.374026	0.363027	0.35165	0.339908	0.327811	0.315372	0.302603	0.289517	0.276126	0.262445	0.248486	0.234264	0.219795	0.205092	0.19017	0.175047	0.159736	0.144255	0.128619	0.112845	0.0969507	0.080952	0.0648663	0.0487109	0.0325031	0.0162603	0	
0	0.0160231	0.0320303	0.0480059	0.0639339	0.0797988	0.0955847	0.111276	0.126858	0.142314	0.157629	0.172789	0.187777	0.20258	0.217183	0.231572	0.245731	0.259647	0.273307	0.286696	0.299802	0.312612	0.325112	0.337291	0.349136	0.360636	0.371779	0.382554	0.39295	0.402957	0.412566	0.421766	0.430548	0.438903	0.446824	0.454301	0.461328	0.467897	0.474002	0.479637	0.484795	0.489471	0.493661	0.49736	0.500564	0.503269	0.505473	0.507173	0.508367	0.509054	0.509232	0.5089	0.508059	0.506709	0.504851	0.502486	0.499616	0.496243	0.492371	0.488001	0.483139	0.477787	0.471952	0.465638	0.458851	0.451596	0.443881	0.435713	0.427098	0.418046	0.408565	0.398662	0.388349	0.377634	0.366528	0.355042	0.343187	0.330974	0.318415	0.305523	0.29231	0.27879	0.264976	0.250883	0.236524	0.221915	0.20707	0.192005	0.176735	0.161277	0.145646	0.12986	0.113934	0.0978859	0.0817329	0.0654921	0.0491808	0.0328166	0.0164171	0	
0	0.0161603	0.0323045	0.0484168	0.0644812	0.0804818	0.0964029	0.112229	0.127943	0.143532	0.158978	0.174268	0.189385	0.204315	0.219042	0.233554	0.247834	0.26187	0.275646	0.28915	0.302369	0.315288	0.327895	0.340178	0.352125	0.363723	0.374961	0.385828	0.396314	0.406407	0.416097	0.425376	0.434233	0.44266	0.450648	0.45819	0.465277	0.471902	0.47806	0.483742	0.488945	0.493661	0.497887	0.501617	0.504849	0.507577	0.5098	0.511515	0.512719	0.513411	0.513591	0.513256	0.512408	0.511047	0.509173	0.506788	0.503893	0.500491	0.496585	0.492178	0.487274	0.481877	0.475992	0.469624	0.462778	0.455462	0.447681	0.439442	0.430754	0.421625	0.412062	0.402075	0.391673	0.380867	0.369666	0.358081	0.346125	0.333807	0.32114	0.308138	0.294812	0.281176	0.267245	0.253031	0.238549	0.223815	0.208843	0.193648	0.178248	0.162657	0.146893	0.130971	0.114909	0.0987239	0.0824326	0.0660527	0.0496018	0.0330975	0.0165577	0	
0	0.0162813	0.0325465	0.0487795	0.0649643	0.0810848	0.0971252	0.11307	0.128902	0.144607	0.160169	0.175573	0.190804	0.205845	0.220684	0.235304	0.249691	0.263832	0.277712	0.291317	0.304634	0.31765	0.330352	0.342727	0.354763	0.366448	0.37777	0.388719	0.399283	0.409452	0.419215	0.428563	0.437487	0.445977	0.454025	0.461623	0.468763	0.475438	0.481642	0.487367	0.492608	0.49736	0.501617	0.505376	0.508631	0.51138	0.51362	0.515347	0.516561	0.517258	0.517439	0.517102	0.516248	0.514876	0.512988	0.510585	0.507669	0.504241	0.500306	0.495866	0.490925	0.485488	0.479559	0.473143	0.466246	0.458874	0.451035	0.442735	0.433982	0.424784	0.415149	0.405088	0.394608	0.383721	0.372436	0.360765	0.348718	0.336308	0.323547	0.310447	0.297021	0.283283	0.269247	0.254927	0.240336	0.225492	0.210407	0.195099	0.179584	0.163876	0.147994	0.131953	0.11577	0.0994636	0.0830503	0.0665476	0.0499735	0.0333455	0.0166817	0	
