0	0	0	0	0	0	0	0	0	0	0	0	0	0	0	0	0	0	0	0	0	0	0	0	0	0	0	0	0	0	0	0	0	0	0	0	0	0	0	0	0	0	0	0	0	0	0	0	0	0	0	0	0	0	0	0	0	0	0	0	0	0	0	0	0	0	0	0	0	0	0	0	0	0	0	0	0	0	0	0	0	0	0	0	0	0	0	0	0	0	0	0	0	0	0	0	0	0	0	0	
0	0.000416757	0.000833099	0.00124861	0.00166289	0.00207552	0.00248609	0.0028942	0.00329944	0.00370141	0.00409972	0.00449396	0.00488375	0.0052687	0.00564843	0.00602256	0.00639072	0.00675255	0.00710768	0.00745577	0.00779646	0.00812943	0.00845433	0.00877084	0.00907866	0.00937746	0.00966696	0.00994686	0.0102169	0.0104768	0.0107262	0.010965	0.0111929	0.0114097	0.0116151	0.011809	0.0119911	0.0121613	0.0123193	0.0124651	0.0125984	0.0127192	0.0128273	0.0129225	0.0130049	0.0130742	0.0131305	0.0131736	0.0132035	0.0132202	0.0132236	0.0132138	0.0131906	0.0131542	0.0131046	0.0130418	0.0129658	0.0128767	0.0127747	0.0126597	0.0125319	0.0123915	0.0122384	0.012073	0.0118953	0.0117055	0.0115038	0.0112903	0.0110654	0.0108292	0.0105818	0.0103237	0.010055	0.00977597	0.00948691	0.00918811	0.00887985	0.00856245	0.00823622	0.0079015	0.00755861	0.00720791	0.00684976	0.00648451	0.00611253	0.00573422	0.00534995	0.00496012	0.00456514	0.00416541	0.00376134	0.00335335	0.00294187	0.00252733	0.00211015	0.00169077	0.00126962	0.000847149	0.000423795	0	
0	0.000833099	0.00166537	0.00249599	0.00332413	0.00414898	0.00496972	0.00578553	0.00659561	0.00739915	0.00819536	0.00898345	0.00976264	0.0105322	0.0112912	0.0120391	0.0127751	0.0134984	0.0142083	0.0149041	0.0155852	0.0162508	0.0169003	0.017533	0.0181483	0.0187456	0.0193243	0.0198838	0.0204236	0.0209431	0.0214418	0.0219192	0.0223747	0.0228081	0.0232187	0.0236063	0.0239703	0.0243105	0.0246264	0.0249178	0.0251843	0.0254258	0.0256418	0.0258322	0.0259968	0.0261354	0.0262479	0.0263341	0.0263939	0.0264272	0.0264341	0.0264144	0.0263681	0.0262954	0.0261962	0.0260706	0.0259187	0.0257407	0.0255367	0.0253068	0.0250514	0.0247706	0.0244647	0.024134	0.0237788	0.0233994	0.0229961	0.0225695	0.0221198	0.0216476	0.0211532	0.0206372	0.0201	0.0195422	0.0189644	0.0183671	0.0177509	0.0171164	0.0164643	0.0157952	0.0151097	0.0144087	0.0136927	0.0129626	0.012219	0.0114627	0.0106946	0.00991532	0.00912575	0.00832668	0.00751895	0.00670338	0.00588083	0.00505215	0.0042182	0.00337985	0.00253798	0.00169346	0.00084717	0	
0	0.00124861	0.00249599	0.00374089	0.00498207	0.00621832	0.00744841	0.00867111	0.00988523	0.0110895	0.0122829	0.013464	0.0146319	0.0157852	0.0169228	0.0180438	0.0191468	0.0202308	0.0212948	0.0223377	0.0233584	0.024356	0.0253294	0.0262777	0.0271999	0.0280952	0.0289625	0.0298011	0.0306101	0.0313887	0.0321361	0.0328515	0.0335344	0.0341838	0.0347993	0.0353801	0.0359257	0.0364355	0.036909	0.0373458	0.0377453	0.0381071	0.0384309	0.0387163	0.038963	0.0391707	0.0393393	0.0394685	0.0395581	0.0396081	0.0396183	0.0395888	0.0395195	0.0394105	0.0392618	0.0390735	0.0388459	0.0385791	0.0382733	0.0379289	0.037546	0.0371252	0.0366667	0.0361711	0.0356387	0.03507	0.0344657	0.0338262	0.0331523	0.0324445	0.0317035	0.0309302	0.0301251	0.0292891	0.0284231	0.0275279	0.0266043	0.0256534	0.024676	0.0236731	0.0226458	0.0215951	0.0205221	0.0194278	0.0183133	0.0171799	0.0160286	0.0148607	0.0136773	0.0124797	0.0112691	0.0100468	0.00881395	0.00757196	0.00632207	0.00506559	0.00380382	0.00253809	0.0012697	0	
0	0.00166289	0.00332413	0.00498207	0.00663507	0.0082815	0.00991972	0.0115481	0.013165	0.0147689	0.0163582	0.0179313	0.0194866	0.0210225	0.0225377	0.0240305	0.0254995	0.0269432	0.0283602	0.0297491	0.0311085	0.0324371	0.0337335	0.0349964	0.0362246	0.0374168	0.038572	0.0396888	0.0407662	0.0418031	0.0427985	0.0437514	0.0446607	0.0455257	0.0463453	0.0471189	0.0478455	0.0485245	0.0491551	0.0497367	0.0502688	0.0507507	0.0511819	0.051562	0.0518905	0.0521672	0.0523917	0.0525637	0.0526831	0.0527497	0.0527633	0.052724	0.0526317	0.0524865	0.0522884	0.0520377	0.0517346	0.0513793	0.050972	0.0505133	0.0500035	0.049443	0.0488324	0.0481723	0.0474632	0.0467059	0.0459011	0.0450495	0.0441519	0.0432093	0.0422225	0.0411925	0.0401203	0.039007	0.0378536	0.0366613	0.0354314	0.0341649	0.0328632	0.0315277	0.0301595	0.0287602	0.0273311	0.0258737	0.0243895	0.02288	0.0213468	0.0197913	0.0182153	0.0166203	0.0150081	0.0133802	0.0117383	0.0100843	0.00841967	0.0067463	0.00506589	0.0033802	0.00169098	0	
0	0.00207552	0.00414898	0.00621832	0.0082815	0.0103365	0.0123812	0.0144136	0.0164318	0.0184337	0.0204173	0.0223807	0.0243219	0.0262391	0.0281302	0.0299934	0.0318269	0.0336289	0.0353975	0.0371311	0.0388278	0.040486	0.0421041	0.0436804	0.0452134	0.0467015	0.0481432	0.0495371	0.0508819	0.0521761	0.0534185	0.0546078	0.0557428	0.0568224	0.0578454	0.0588109	0.0597179	0.0605653	0.0613524	0.0620784	0.0627425	0.0633439	0.0638821	0.0643565	0.0647666	0.065112	0.0653922	0.0656069	0.0657559	0.065839	0.065856	0.0658069	0.0656917	0.0655105	0.0652633	0.0649504	0.064572	0.0641285	0.0636202	0.0630477	0.0624113	0.0617118	0.0609497	0.0601257	0.0592407	0.0582955	0.057291	0.056228	0.0551078	0.0539312	0.0526996	0.051414	0.0500757	0.0486862	0.0472466	0.0457585	0.0442233	0.0426426	0.0410179	0.0393509	0.0376433	0.0358968	0.0341131	0.0322941	0.0304416	0.0285575	0.0266438	0.0247024	0.0227353	0.0207445	0.0187322	0.0167003	0.0146511	0.0125866	0.0105089	0.00842033	0.00632295	0.00421896	0.00211058	0	
0	0.00248609	0.00496972	0.00744841	0.00991972	0.0123812	0.0148304	0.0172649	0.0196823	0.0220802	0.0244562	0.026808	0.0291332	0.0314296	0.0336948	0.0359266	0.0381228	0.0402812	0.0423997	0.0444762	0.0465086	0.0484948	0.050433	0.0523211	0.0541573	0.0559398	0.0576667	0.0593364	0.0609472	0.0624974	0.0639856	0.0654102	0.0667697	0.0680628	0.0692882	0.0704447	0.0715311	0.0725462	0.073489	0.0743586	0.075154	0.0758744	0.0765191	0.0770874	0.0775786	0.0779922	0.0783278	0.078585	0.0787635	0.078863	0.0788834	0.0788246	0.0786866	0.0784695	0.0781735	0.0777987	0.0773454	0.0768142	0.0762054	0.0755196	0.0747573	0.0739194	0.0730066	0.0720196	0.0709596	0.0698274	0.0686241	0.0673509	0.066009	0.0645997	0.0631244	0.0615845	0.0599816	0.0583171	0.0565928	0.0548103	0.0529714	0.051078	0.049132	0.0471352	0.0450898	0.0429978	0.0408612	0.0386824	0.0364634	0.0342066	0.0319144	0.0295889	0.0272327	0.0248481	0.0224377	0.020004	0.0175493	0.0150764	0.0125878	0.010086	0.00757373	0.00505355	0.00252809	0	
0	0.0028942	0.00578553	0.00867111	0.0115481	0.0144136	0.0172649	0.020099	0.0229133	0.0257048	0.0284709	0.0312087	0.0339156	0.0365889	0.039226	0.0418242	0.0443809	0.0468937	0.0493599	0.0517773	0.0541433	0.0564556	0.0587119	0.06091	0.0630476	0.0651227	0.0671331	0.0690769	0.0709521	0.0727568	0.0744893	0.0761477	0.0777304	0.0792358	0.0806624	0.0820087	0.0832734	0.0844551	0.0855527	0.086565	0.087491	0.0883297	0.0890802	0.0897418	0.0903136	0.0907952	0.0911859	0.0914853	0.0916931	0.0918089	0.0918327	0.0917642	0.0916036	0.0913509	0.0910062	0.0905699	0.0900422	0.0894238	0.088715	0.0879166	0.0870293	0.0860538	0.0849911	0.0838422	0.0826081	0.08129	0.0798892	0.078407	0.0768449	0.0752042	0.0734868	0.0716941	0.069828	0.0678903	0.0658829	0.0638078	0.0616671	0.0594629	0.0571974	0.0548728	0.0524916	0.0500562	0.0475689	0.0450324	0.0424492	0.0398219	0.0371533	0.0344461	0.0317031	0.0289271	0.0261211	0.0232878	0.0204302	0.0175513	0.0146542	0.0117417	0.00881702	0.00588312	0.0029431	0	
0	0.00329944	0.00659561	0.00988523	0.013165	0.0164318	0.0196823	0.0229133	0.0261215	0.0293039	0.0324573	0.0355785	0.0386644	0.0417121	0.0447184	0.0476803	0.0505951	0.0534597	0.0562712	0.059027	0.0617243	0.0643604	0.0669326	0.0694385	0.0718754	0.074241	0.076533	0.0787489	0.0808867	0.0829441	0.0849191	0.0868098	0.0886141	0.0903303	0.0919566	0.0934914	0.0949332	0.0962804	0.0975317	0.0986857	0.0997414	0.100698	0.101553	0.102307	0.102959	0.103508	0.103954	0.104295	0.104532	0.104664	0.104691	0.104613	0.10443	0.104142	0.103749	0.103251	0.10265	0.101945	0.101137	0.100227	0.099215	0.0981029	0.0968914	0.0955816	0.0941747	0.0926721	0.0910752	0.0893855	0.0876046	0.0857342	0.0837763	0.0817326	0.0796052	0.0773962	0.0751077	0.0727421	0.0703016	0.0677888	0.0652061	0.062556	0.0598414	0.057065	0.0542294	0.0513377	0.0483928	0.0453977	0.0423555	0.0392692	0.0361422	0.0329775	0.0297785	0.0265485	0.0232908	0.0200088	0.016706	0.0133858	0.0100516	0.00670687	0.00335518	0	
0	0.00370141	0.00739915	0.0110895	0.0147689	0.0184337	0.0220802	0.0257048	0.0293039	0.032874	0.0364116	0.039913	0.0433749	0.0467939	0.0501664	0.0534893	0.0567591	0.0599727	0.0631268	0.0662183	0.0692442	0.0722014	0.075087	0.0778982	0.080632	0.0832858	0.085857	0.0883429	0.0907412	0.0930492	0.0952649	0.0973858	0.09941	0.101335	0.10316	0.104882	0.106499	0.10801	0.109414	0.110709	0.111893	0.112966	0.113925	0.114771	0.115503	0.116119	0.116618	0.117001	0.117267	0.117415	0.117446	0.117358	0.117153	0.116829	0.116389	0.11583	0.115156	0.114365	0.113458	0.112437	0.111302	0.110055	0.108696	0.107226	0.105648	0.103962	0.102171	0.100275	0.0982775	0.0961793	0.0939828	0.0916901	0.0893036	0.0868254	0.0842582	0.0816043	0.0788665	0.0760475	0.0731502	0.0701773	0.067132	0.0640172	0.0608362	0.0575923	0.0542886	0.0509286	0.0475157	0.0440534	0.0405454	0.0369952	0.0334064	0.0297829	0.0261283	0.0224465	0.0187413	0.0150166	0.0112762	0.00752398	0.00376395	0	
0	0.00409972	0.00819536	0.0122829	0.0163582	0.0204173	0.0244562	0.0284709	0.0324573	0.0364116	0.0403298	0.044208	0.0480425	0.0518293	0.0555648	0.0592452	0.0628669	0.0664262	0.0699198	0.073344	0.0766955	0.0799709	0.0831671	0.0862807	0.0893087	0.0922481	0.095096	0.0978494	0.100506	0.103062	0.105516	0.107865	0.110107	0.11224	0.114261	0.116168	0.117959	0.119633	0.121188	0.122622	0.123934	0.125122	0.126185	0.127122	0.127932	0.128614	0.129168	0.129592	0.129886	0.13005	0.130084	0.129987	0.129759	0.129401	0.128913	0.128295	0.127548	0.126671	0.125667	0.124537	0.12328	0.121898	0.120392	0.118765	0.117017	0.11515	0.113165	0.111066	0.108853	0.106529	0.104096	0.101557	0.0989135	0.0961686	0.0933251	0.0903857	0.0873533	0.084231	0.0810218	0.077729	0.074356	0.0709061	0.0673828	0.0637897	0.0601305	0.056409	0.0526288	0.048794	0.0449085	0.0409762	0.0370013	0.0329878	0.02894	0.024862	0.0207581	0.0166325	0.0124896	0.00833363	0.00416899	0	
0	0.00449396	0.00898345	0.013464	0.0179313	0.0223807	0.026808	0.0312087	0.0355785	0.039913	0.044208	0.0484592	0.0526624	0.0568134	0.060908	0.0649424	0.0689123	0.072814	0.0766435	0.080397	0.0840708	0.0876612	0.0911647	0.0945777	0.097897	0.101119	0.104241	0.107259	0.110171	0.112973	0.115663	0.118238	0.120696	0.123033	0.125248	0.127339	0.129303	0.131137	0.132842	0.134414	0.135851	0.137154	0.138319	0.139346	0.140234	0.140982	0.141589	0.142054	0.142376	0.142556	0.142593	0.142487	0.142237	0.141845	0.14131	0.140632	0.139813	0.138853	0.137752	0.136512	0.135135	0.13362	0.13197	0.130186	0.12827	0.126223	0.124048	0.121746	0.119321	0.116773	0.114106	0.111323	0.108425	0.105417	0.1023	0.0990775	0.0957535	0.0923309	0.0888132	0.0852037	0.0815063	0.0777247	0.0738626	0.069924	0.0659129	0.0618335	0.0576898	0.0534862	0.049227	0.0449166	0.0405595	0.0361601	0.031723	0.0272528	0.0227543	0.0182319	0.0136906	0.00913502	0.00456989	0	
0	0.00488375	0.00976264	0.0146319	0.0194866	0.0243219	0.0291332	0.0339156	0.0386644	0.0433749	0.0480425	0.0526624	0.0572301	0.0617411	0.066191	0.0705752	0.0748895	0.0791296	0.0832913	0.0873703	0.0913628	0.0952646	0.099072	0.102781	0.106388	0.10989	0.113282	0.116562	0.119726	0.122772	0.125695	0.128494	0.131164	0.133705	0.136112	0.138384	0.140518	0.142512	0.144364	0.146072	0.147635	0.14905	0.150316	0.151433	0.152398	0.15321	0.15387	0.154375	0.154726	0.154921	0.154961	0.154846	0.154575	0.154148	0.153566	0.15283	0.15194	0.150896	0.1497	0.148353	0.146856	0.14521	0.143416	0.141478	0.139395	0.137171	0.134807	0.132306	0.12967	0.126902	0.124004	0.120979	0.11783	0.11456	0.111173	0.107671	0.104059	0.100339	0.0965165	0.092594	0.0885759	0.0844663	0.0802692	0.075989	0.07163	0.0671967	0.0626937	0.0581255	0.0534968	0.0488126	0.0440775	0.0392965	0.0344745	0.0296167	0.0247279	0.0198133	0.0148781	0.00992737	0.00496627	0	
0	0.0052687	0.0105322	0.0157852	0.0210225	0.0262391	0.0314296	0.0365889	0.0417121	0.0467939	0.0518293	0.0568134	0.0617411	0.0666077	0.0714083	0.0761382	0.0807925	0.0853668	0.0898565	0.0942571	0.0985642	0.102774	0.106881	0.110883	0.114774	0.118552	0.122211	0.12575	0.129164	0.132449	0.135603	0.138622	0.141503	0.144244	0.146841	0.149292	0.151594	0.153745	0.155743	0.157586	0.159272	0.160799	0.162165	0.163369	0.16441	0.165287	0.165998	0.166543	0.166921	0.167132	0.167176	0.167051	0.166759	0.166298	0.165671	0.164877	0.163916	0.16279	0.1615	0.160047	0.158431	0.156656	0.154721	0.152629	0.150383	0.147983	0.145433	0.142735	0.139891	0.136905	0.133778	0.130515	0.127118	0.12359	0.119936	0.116158	0.112261	0.108248	0.104124	0.0998926	0.0955578	0.0911242	0.0865963	0.0819787	0.0772761	0.0724934	0.0676354	0.0627071	0.0577136	0.0526601	0.0475518	0.042394	0.0371919	0.0319511	0.026677	0.0213751	0.0160509	0.0107099	0.00535773	0	
0	0.00564843	0.0112912	0.0169228	0.0225377	0.0281302	0.0336948	0.039226	0.0447184	0.0501664	0.0555648	0.060908	0.066191	0.0714083	0.0765549	0.0816256	0.0866155	0.0915194	0.0963327	0.10105	0.105668	0.110181	0.114584	0.118874	0.123046	0.127096	0.13102	0.134813	0.138473	0.141995	0.145376	0.148613	0.151702	0.15464	0.157424	0.160051	0.16252	0.164826	0.166968	0.168944	0.170751	0.172388	0.173853	0.175144	0.17626	0.1772	0.177962	0.178546	0.178952	0.179178	0.179224	0.179091	0.178777	0.178284	0.177611	0.17676	0.17573	0.174523	0.17314	0.171582	0.16985	0.167946	0.165872	0.16363	0.161221	0.158649	0.155915	0.153022	0.149974	0.146772	0.14342	0.139921	0.136279	0.132498	0.12858	0.12453	0.120352	0.11605	0.111629	0.107092	0.102445	0.0976918	0.0928375	0.0878871	0.0828456	0.0777182	0.0725101	0.0672266	0.0618733	0.0564555	0.050979	0.0454494	0.0398725	0.034254	0.0285997	0.0229157	0.0172077	0.0114818	0.00574388	0	
0	0.00602256	0.0120391	0.0180438	0.0240305	0.0299934	0.0359266	0.0418242	0.0476803	0.0534893	0.0592452	0.0649424	0.0705752	0.0761382	0.0816256	0.0870322	0.0923526	0.0975814	0.102713	0.107744	0.112667	0.117479	0.122174	0.126748	0.131196	0.135514	0.139698	0.143743	0.147645	0.1514	0.155005	0.158456	0.16175	0.164882	0.167851	0.170653	0.173284	0.175743	0.178027	0.180134	0.182061	0.183806	0.185368	0.186745	0.187935	0.188937	0.18975	0.190373	0.190805	0.191046	0.191096	0.190953	0.190619	0.190093	0.189376	0.188468	0.18737	0.186083	0.184608	0.182947	0.1811	0.17907	0.176859	0.174468	0.1719	0.169157	0.166242	0.163158	0.159907	0.156493	0.15292	0.149189	0.145306	0.141274	0.137097	0.132779	0.128324	0.123737	0.119023	0.114186	0.109231	0.104163	0.0989868	0.0937085	0.0883331	0.082866	0.0773129	0.0716795	0.0659716	0.060195	0.0543557	0.0484599	0.0425135	0.0365228	0.0304941	0.0244335	0.0183475	0.0122423	0.00612434	0	
0	0.00639072	0.0127751	0.0191468	0.0254995	0.0318269	0.0381228	0.0443809	0.0505951	0.0567591	0.0628669	0.0689123	0.0748895	0.0807925	0.0866155	0.0923526	0.0979981	0.103547	0.108992	0.11433	0.119555	0.12466	0.129643	0.134496	0.139216	0.143798	0.148238	0.15253	0.15667	0.160656	0.164481	0.168143	0.171638	0.174962	0.178112	0.181085	0.183877	0.186487	0.18891	0.191146	0.19319	0.195042	0.1967	0.19816	0.199423	0.200487	0.201349	0.20201	0.202469	0.202725	0.202778	0.202626	0.202272	0.201714	0.200953	0.199989	0.198824	0.197458	0.195893	0.19413	0.192171	0.190017	0.187671	0.185134	0.182409	0.179498	0.176405	0.173132	0.169683	0.16606	0.162268	0.158309	0.154189	0.14991	0.145478	0.140895	0.136169	0.131301	0.126299	0.121166	0.115908	0.11053	0.105038	0.099437	0.093733	0.0879317	0.0820392	0.0760614	0.0700045	0.0638748	0.0576786	0.0514223	0.0451124	0.0387555	0.0323582	0.0259272	0.0194691	0.0129907	0.00649873	0	
0	0.00675255	0.0134984	0.0202308	0.0269432	0.0336289	0.0402812	0.0468937	0.0534597	0.0599727	0.0664262	0.072814	0.0791296	0.0853668	0.0915194	0.0975814	0.103547	0.109409	0.115163	0.120803	0.126323	0.131718	0.136983	0.142111	0.147098	0.15194	0.156631	0.161166	0.165541	0.169751	0.173794	0.177663	0.181356	0.184868	0.188196	0.191337	0.194288	0.197045	0.199606	0.201968	0.204129	0.206085	0.207836	0.20938	0.210714	0.211838	0.212749	0.213448	0.213933	0.214203	0.214258	0.214099	0.213724	0.213134	0.21233	0.211312	0.210081	0.208638	0.206985	0.205122	0.203051	0.200776	0.198296	0.195616	0.192736	0.189661	0.186393	0.182935	0.17929	0.175462	0.171455	0.167272	0.162919	0.158398	0.153714	0.148873	0.143878	0.138735	0.13345	0.128026	0.122471	0.116788	0.110985	0.105067	0.09904	0.0929103	0.0866841	0.0803678	0.073968	0.0674913	0.0609442	0.0543337	0.0476666	0.0409498	0.0341903	0.0273951	0.0205714	0.0137262	0.00686668	0	
0	0.00710768	0.0142083	0.0212948	0.0283602	0.0353975	0.0423997	0.0493599	0.0562712	0.0631268	0.0699198	0.0766435	0.0832913	0.0898565	0.0963327	0.102713	0.108992	0.115163	0.12122	0.127157	0.132967	0.138646	0.144187	0.149585	0.154835	0.159931	0.164868	0.169642	0.174247	0.178679	0.182934	0.187007	0.190894	0.194591	0.198094	0.2014	0.204506	0.207409	0.210104	0.21259	0.214864	0.216924	0.218767	0.220392	0.221796	0.222979	0.223938	0.224674	0.225184	0.225469	0.225527	0.225359	0.224964	0.224344	0.223497	0.222426	0.22113	0.219611	0.217871	0.21591	0.213731	0.211335	0.208725	0.205904	0.202873	0.199636	0.196196	0.192556	0.188719	0.18469	0.180472	0.17607	0.171487	0.166728	0.161799	0.156702	0.151445	0.146032	0.140468	0.13476	0.128912	0.122931	0.116822	0.110593	0.104249	0.0977968	0.0912431	0.0845947	0.0778583	0.0710409	0.0641495	0.0571913	0.0501736	0.0431035	0.0359885	0.028836	0.0216533	0.0144481	0.00722782	0	
0	0.00745577	0.0149041	0.0223377	0.0297491	0.0371311	0.0444762	0.0517773	0.059027	0.0662183	0.073344	0.080397	0.0873703	0.0942571	0.10105	0.107744	0.11433	0.120803	0.127157	0.133384	0.139479	0.145436	0.151248	0.156911	0.162418	0.167763	0.172942	0.17795	0.182781	0.18743	0.191893	0.196165	0.200242	0.20412	0.207796	0.211264	0.214522	0.217566	0.220394	0.223002	0.225387	0.227548	0.229481	0.231185	0.232658	0.233899	0.234906	0.235677	0.236212	0.236511	0.236572	0.236396	0.235982	0.235331	0.234443	0.233319	0.23196	0.230366	0.228541	0.226484	0.224198	0.221685	0.218947	0.215988	0.212808	0.209413	0.205804	0.201986	0.197962	0.193735	0.189311	0.184693	0.179885	0.174894	0.169722	0.164377	0.158862	0.153184	0.147347	0.141359	0.135225	0.128951	0.122543	0.116009	0.109354	0.102586	0.0957117	0.0887376	0.0816713	0.07452	0.0672912	0.0599922	0.0526308	0.0452145	0.037751	0.0302482	0.0227138	0.0151557	0.0075818	0	
0	0.00779646	0.0155852	0.0233584	0.0311085	0.0388278	0.0465086	0.0541433	0.0617243	0.0692442	0.0766955	0.0840708	0.0913628	0.0985642	0.105668	0.112667	0.119555	0.126323	0.132967	0.139479	0.145853	0.152082	0.15816	0.164081	0.169839	0.175429	0.180845	0.186081	0.191133	0.195995	0.200661	0.205129	0.209393	0.213448	0.217291	0.220918	0.224325	0.227508	0.230465	0.233192	0.235686	0.237946	0.239967	0.241749	0.24329	0.244587	0.24564	0.246446	0.247006	0.247318	0.247382	0.247198	0.246765	0.246084	0.245156	0.24398	0.242559	0.240893	0.238984	0.236833	0.234443	0.231815	0.228952	0.225857	0.222533	0.218982	0.215209	0.211216	0.207008	0.202588	0.197962	0.193133	0.188106	0.182886	0.177478	0.171888	0.166121	0.160184	0.154081	0.147819	0.141404	0.134843	0.128143	0.12131	0.114351	0.107274	0.100085	0.0927926	0.0854034	0.0779253	0.0703661	0.0627337	0.0550358	0.0472806	0.0394761	0.0316304	0.0237517	0.0158483	0.00792826	0	
0	0.00812943	0.0162508	0.024356	0.0324371	0.040486	0.0484948	0.0564556	0.0643604	0.0722014	0.0799709	0.0876612	0.0952646	0.102774	0.110181	0.117479	0.12466	0.131718	0.138646	0.145436	0.152082	0.158577	0.164914	0.171088	0.177093	0.182921	0.188569	0.194028	0.199296	0.204365	0.209231	0.213889	0.218335	0.222564	0.226571	0.230352	0.233905	0.237224	0.240307	0.243151	0.245752	0.248108	0.250216	0.252074	0.25368	0.255033	0.25613	0.256971	0.257555	0.257881	0.257947	0.257755	0.257304	0.256594	0.255626	0.2544	0.252918	0.251181	0.24919	0.246948	0.244455	0.241715	0.23873	0.235503	0.232037	0.228334	0.2244	0.220236	0.215849	0.21124	0.206416	0.201381	0.196139	0.190696	0.185058	0.179229	0.173216	0.167025	0.160661	0.154132	0.147443	0.140602	0.133616	0.126491	0.119235	0.111856	0.10436	0.0967556	0.0890508	0.0812533	0.0733713	0.0654129	0.0573863	0.0492999	0.041162	0.0329813	0.0247661	0.0165251	0.00826686	0	
0	0.00845433	0.0169003	0.0253294	0.0337335	0.0421041	0.050433	0.0587119	0.0669326	0.075087	0.0831671	0.0911647	0.099072	0.106881	0.114584	0.122174	0.129643	0.136983	0.144187	0.151248	0.15816	0.164914	0.171505	0.177926	0.184171	0.190232	0.196105	0.201783	0.207261	0.212533	0.217593	0.222438	0.227061	0.231459	0.235626	0.239559	0.243253	0.246705	0.249911	0.252869	0.255574	0.258024	0.260216	0.262148	0.263819	0.265226	0.266367	0.267242	0.267849	0.268187	0.268257	0.268057	0.267587	0.266849	0.265842	0.264568	0.263027	0.26122	0.25915	0.256817	0.254225	0.251376	0.248272	0.244915	0.24131	0.23746	0.233368	0.229039	0.224475	0.219683	0.214666	0.209429	0.203978	0.198318	0.192454	0.186392	0.180139	0.1737	0.167082	0.160292	0.153336	0.146222	0.138956	0.131547	0.124001	0.116326	0.108531	0.100623	0.0926099	0.0845008	0.0763037	0.0680272	0.0596798	0.0512702	0.0428072	0.0342994	0.0257559	0.0171856	0.00859726	0	
0	0.00877084	0.017533	0.0262777	0.0349964	0.0436804	0.0523211	0.06091	0.0694385	0.0778982	0.0862807	0.0945777	0.102781	0.110883	0.118874	0.126748	0.134496	0.142111	0.149585	0.156911	0.164081	0.171088	0.177926	0.184587	0.191066	0.197354	0.203447	0.209338	0.21502	0.22049	0.22574	0.230766	0.235562	0.240124	0.244448	0.248528	0.25236	0.255942	0.259268	0.262336	0.265142	0.267684	0.269958	0.271963	0.273696	0.275155	0.276339	0.277247	0.277877	0.278228	0.2783	0.278092	0.277605	0.27684	0.275795	0.274473	0.272874	0.271	0.268852	0.266432	0.263743	0.260787	0.257567	0.254085	0.250345	0.24635	0.242105	0.237614	0.232879	0.227908	0.222703	0.21727	0.211615	0.205743	0.199659	0.193371	0.186883	0.180203	0.173338	0.166293	0.159077	0.151696	0.144158	0.136472	0.128643	0.120681	0.112594	0.10439	0.0960771	0.0876644	0.0791605	0.0705741	0.0619142	0.0531897	0.0444098	0.0355836	0.0267202	0.017829	0.00891913	0	
0	0.00907866	0.0181483	0.0271999	0.0362246	0.0452134	0.0541573	0.0630476	0.0718754	0.080632	0.0893087	0.097897	0.106388	0.114774	0.123046	0.131196	0.139216	0.147098	0.154835	0.162418	0.169839	0.177093	0.184171	0.191066	0.197771	0.20428	0.210587	0.216684	0.222567	0.228228	0.233662	0.238864	0.243829	0.248551	0.253026	0.25725	0.261217	0.264924	0.268367	0.271542	0.274447	0.277078	0.279432	0.281508	0.283301	0.284812	0.286038	0.286977	0.287629	0.287992	0.288067	0.287852	0.287348	0.286555	0.285474	0.284106	0.282451	0.280511	0.278287	0.275783	0.272999	0.269939	0.266606	0.263002	0.259131	0.254996	0.250602	0.245953	0.241052	0.235906	0.230519	0.224895	0.219042	0.212963	0.206666	0.200157	0.193442	0.186528	0.179421	0.172129	0.16466	0.15702	0.149218	0.141261	0.133158	0.124917	0.116546	0.108053	0.099449	0.0907411	0.0819387	0.073051	0.0640871	0.0550565	0.0459684	0.0368324	0.027658	0.0184547	0.00923216	0	
0	0.00937746	0.0187456	0.0280952	0.0374168	0.0467015	0.0559398	0.0651227	0.074241	0.0832858	0.0922481	0.101119	0.10989	0.118552	0.127096	0.135514	0.143798	0.15194	0.159931	0.167763	0.175429	0.182921	0.190232	0.197354	0.20428	0.211004	0.217518	0.223816	0.229892	0.235739	0.241353	0.246726	0.251854	0.256732	0.261354	0.265717	0.269814	0.273643	0.2772	0.28048	0.28348	0.286198	0.288629	0.290773	0.292626	0.294186	0.295452	0.296422	0.297096	0.297471	0.297548	0.297326	0.296806	0.295987	0.29487	0.293456	0.291747	0.289743	0.287447	0.28486	0.281985	0.278824	0.275381	0.271658	0.26766	0.263389	0.25885	0.254048	0.248986	0.243671	0.238106	0.232297	0.226251	0.219973	0.213468	0.206745	0.199809	0.192667	0.185326	0.177795	0.170079	0.162188	0.154129	0.14591	0.137541	0.129028	0.120381	0.11161	0.102722	0.0937277	0.0846356	0.0754553	0.0661965	0.0568686	0.0474814	0.0380447	0.0285683	0.0190621	0.00953602	0	
0	0.00966696	0.0193243	0.0289625	0.038572	0.0481432	0.0576667	0.0671331	0.076533	0.085857	0.095096	0.104241	0.113282	0.122211	0.13102	0.139698	0.148238	0.156631	0.164868	0.172942	0.180845	0.188569	0.196105	0.203447	0.210587	0.217518	0.224233	0.230726	0.236989	0.243017	0.248804	0.254343	0.25963	0.264658	0.269423	0.27392	0.278144	0.282091	0.285757	0.289139	0.292232	0.295033	0.29754	0.29975	0.30166	0.303268	0.304573	0.305573	0.306267	0.306654	0.306734	0.306505	0.305969	0.305125	0.303973	0.302516	0.300754	0.298688	0.296321	0.293654	0.29069	0.287432	0.283882	0.280045	0.275923	0.27152	0.266842	0.261891	0.256673	0.251193	0.245457	0.239469	0.233236	0.226764	0.220059	0.213128	0.205977	0.198615	0.191048	0.183284	0.17533	0.167195	0.158887	0.150415	0.141787	0.133011	0.124098	0.115056	0.105893	0.0966213	0.0872485	0.0777848	0.0682401	0.0586242	0.0489473	0.0392192	0.0294503	0.0196506	0.00983042	0	
0	0.00994686	0.0198838	0.0298011	0.0396888	0.0495371	0.0593364	0.0690769	0.0787489	0.0883429	0.0978494	0.107259	0.116562	0.12575	0.134813	0.143743	0.15253	0.161166	0.169642	0.17795	0.186081	0.194028	0.201783	0.209338	0.216684	0.223816	0.230726	0.237406	0.243851	0.250054	0.256008	0.261707	0.267147	0.272321	0.277224	0.281851	0.286198	0.290259	0.294031	0.297511	0.300693	0.303576	0.306155	0.308429	0.310394	0.312049	0.313392	0.314421	0.315135	0.315534	0.315615	0.31538	0.314828	0.313959	0.312775	0.311275	0.309462	0.307336	0.304901	0.302157	0.299107	0.295754	0.292102	0.288153	0.283912	0.279382	0.274568	0.269474	0.264105	0.258466	0.252564	0.246403	0.239989	0.23333	0.22643	0.219299	0.211941	0.204366	0.19658	0.188591	0.180407	0.172036	0.163488	0.15477	0.145892	0.136863	0.127691	0.118387	0.10896	0.0994189	0.0897748	0.0800371	0.070216	0.0603217	0.0503645	0.0403548	0.030303	0.0202196	0.0101151	0	
0	0.0102169	0.0204236	0.0306101	0.0407662	0.0508819	0.0609472	0.0709521	0.0808867	0.0907412	0.100506	0.110171	0.119726	0.129164	0.138473	0.147645	0.15667	0.165541	0.174247	0.182781	0.191133	0.199296	0.207261	0.21502	0.222567	0.229892	0.236989	0.243851	0.250471	0.256842	0.262957	0.268812	0.274399	0.279713	0.28475	0.289502	0.293967	0.298139	0.302013	0.305587	0.308856	0.311817	0.314466	0.316802	0.31882	0.32052	0.3219	0.322957	0.32369	0.324099	0.324183	0.323942	0.323375	0.322482	0.321266	0.319725	0.317863	0.31568	0.313178	0.310359	0.307227	0.303783	0.300032	0.295976	0.29162	0.286967	0.282022	0.276789	0.271275	0.265483	0.25942	0.253092	0.246504	0.239664	0.232577	0.225252	0.217695	0.209914	0.201916	0.19371	0.185304	0.176707	0.167926	0.158972	0.149853	0.140578	0.131158	0.121601	0.111918	0.102118	0.0922119	0.0822099	0.0721222	0.0619593	0.0517318	0.0414503	0.0311256	0.0207685	0.0103897	0	
0	0.0104768	0.0209431	0.0313887	0.0418031	0.0521761	0.0624974	0.0727568	0.0829441	0.0930492	0.103062	0.112973	0.122772	0.132449	0.141995	0.1514	0.160656	0.169751	0.178679	0.18743	0.195995	0.204365	0.212533	0.22049	0.228228	0.235739	0.243017	0.250054	0.256842	0.263375	0.269646	0.275649	0.281379	0.286828	0.291993	0.296866	0.301444	0.305722	0.309695	0.31336	0.316712	0.319748	0.322465	0.32486	0.32693	0.328673	0.330088	0.331172	0.331924	0.332343	0.332429	0.332181	0.3316	0.330685	0.329437	0.327858	0.325948	0.323709	0.321144	0.318254	0.315042	0.31151	0.307664	0.303505	0.299037	0.294266	0.289195	0.28383	0.278175	0.272236	0.266019	0.259529	0.252774	0.24576	0.238493	0.230982	0.223232	0.215253	0.207052	0.198638	0.190018	0.181201	0.172198	0.163016	0.153665	0.144154	0.134494	0.124694	0.114764	0.104715	0.0945574	0.084301	0.0739567	0.0635353	0.0530477	0.0425047	0.0319174	0.0212968	0.0106539	0	
0	0.0107262	0.0214418	0.0321361	0.0427985	0.0534185	0.0639856	0.0744893	0.0849191	0.0952649	0.105516	0.115663	0.125695	0.135603	0.145376	0.155005	0.164481	0.173794	0.182934	0.191893	0.200661	0.209231	0.217593	0.22574	0.233662	0.241353	0.248804	0.256008	0.262957	0.269646	0.276067	0.282213	0.288079	0.293658	0.298945	0.303935	0.308622	0.313002	0.31707	0.320822	0.324253	0.327362	0.330143	0.332595	0.334715	0.336499	0.337948	0.339057	0.339827	0.340257	0.340345	0.340091	0.339496	0.338559	0.337282	0.335665	0.333709	0.331417	0.328791	0.325832	0.322543	0.318928	0.31499	0.310732	0.306158	0.301273	0.296081	0.290588	0.284799	0.278718	0.272353	0.265709	0.258793	0.251612	0.244172	0.236482	0.228548	0.220379	0.211983	0.203368	0.194542	0.185516	0.176298	0.166897	0.157324	0.147587	0.137696	0.127663	0.117497	0.107209	0.0968091	0.0863084	0.0757178	0.0650482	0.0543109	0.0435168	0.0326774	0.0218039	0.0109076	0	
0	0.010965	0.0219192	0.0328515	0.0437514	0.0546078	0.0654102	0.0761477	0.0868098	0.0973858	0.107865	0.118238	0.128494	0.138622	0.148613	0.158456	0.168143	0.177663	0.187007	0.196165	0.205129	0.213889	0.222438	0.230766	0.238864	0.246726	0.254343	0.261707	0.268812	0.275649	0.282213	0.288496	0.294493	0.300196	0.305601	0.310702	0.315493	0.319971	0.324129	0.327964	0.331473	0.33465	0.337494	0.34	0.342167	0.343991	0.345472	0.346606	0.347393	0.347832	0.347922	0.347663	0.347054	0.346097	0.344791	0.343138	0.341139	0.338796	0.336111	0.333086	0.329724	0.326029	0.322003	0.31765	0.312974	0.307981	0.302673	0.297058	0.29114	0.284924	0.278417	0.271625	0.264555	0.257214	0.249609	0.241747	0.233636	0.225285	0.216702	0.207895	0.198874	0.189647	0.180223	0.170613	0.160826	0.150873	0.140762	0.130505	0.120113	0.109596	0.0989645	0.08823	0.0774036	0.0664965	0.0555201	0.0444857	0.0334049	0.0222893	0.0111505	0	
0	0.0111929	0.0223747	0.0335344	0.0446607	0.0557428	0.0667697	0.0777304	0.0886141	0.09941	0.110107	0.120696	0.131164	0.141503	0.151702	0.16175	0.171638	0.181356	0.190894	0.200242	0.209393	0.218335	0.227061	0.235562	0.243829	0.251854	0.25963	0.267147	0.274399	0.281379	0.288079	0.294493	0.300614	0.306436	0.311953	0.31716	0.322051	0.326621	0.330866	0.334781	0.338362	0.341606	0.344509	0.347067	0.349279	0.351141	0.352652	0.35381	0.354614	0.355062	0.355154	0.354889	0.354268	0.353291	0.351958	0.35027	0.34823	0.345838	0.343097	0.340009	0.336578	0.332805	0.328695	0.324252	0.319479	0.314382	0.308965	0.303232	0.297191	0.290846	0.284204	0.277271	0.270054	0.26256	0.254797	0.246772	0.238493	0.229968	0.221206	0.212217	0.203007	0.193589	0.183969	0.174159	0.164169	0.154008	0.143688	0.133218	0.12261	0.111874	0.101021	0.0900639	0.0790125	0.0678787	0.0566741	0.0454104	0.0340993	0.0227526	0.0113822	0	
0	0.0114097	0.0228081	0.0341838	0.0455257	0.0568224	0.0680628	0.0792358	0.0903303	0.101335	0.11224	0.123033	0.133705	0.144244	0.15464	0.164882	0.174962	0.184868	0.194591	0.20412	0.213448	0.222564	0.231459	0.240124	0.248551	0.256732	0.264658	0.272321	0.279713	0.286828	0.293658	0.300196	0.306436	0.312371	0.317995	0.323302	0.328288	0.332947	0.337274	0.341265	0.344915	0.348222	0.351181	0.353789	0.356043	0.357942	0.359482	0.360663	0.361482	0.361939	0.362032	0.361763	0.361129	0.360133	0.358774	0.357054	0.354974	0.352536	0.349742	0.346595	0.343096	0.339251	0.335061	0.330532	0.325667	0.320471	0.314948	0.309105	0.302947	0.296479	0.289708	0.282641	0.275284	0.267645	0.259732	0.251551	0.243112	0.234422	0.225491	0.216327	0.206939	0.197338	0.187532	0.177533	0.167349	0.156991	0.146471	0.135798	0.124984	0.114041	0.102978	0.0918082	0.0805428	0.0691933	0.0577717	0.0462899	0.0347597	0.0231933	0.0116027	0	
0	0.0116151	0.0232187	0.0347993	0.0463453	0.0578454	0.0692882	0.0806624	0.0919566	0.10316	0.114261	0.125248	0.136112	0.146841	0.157424	0.167851	0.178112	0.188196	0.198094	0.207796	0.217291	0.226571	0.235626	0.244448	0.253026	0.261354	0.269423	0.277224	0.28475	0.291993	0.298945	0.305601	0.311953	0.317995	0.32372	0.329123	0.334199	0.338941	0.343346	0.347409	0.351126	0.354492	0.357504	0.360159	0.362454	0.364386	0.365955	0.367156	0.36799	0.368455	0.368551	0.368276	0.367631	0.366617	0.365234	0.363483	0.361365	0.358883	0.356039	0.352835	0.349274	0.345359	0.341094	0.336483	0.331531	0.326241	0.320619	0.314671	0.308401	0.301817	0.294924	0.28773	0.280241	0.272464	0.264408	0.25608	0.247489	0.238643	0.229551	0.220222	0.210665	0.200891	0.190909	0.180729	0.170362	0.159818	0.149108	0.138243	0.127235	0.116094	0.104832	0.0934613	0.0819929	0.0704392	0.0588119	0.0471233	0.0353856	0.0236109	0.0118116	0	
0	0.011809	0.0236063	0.0353801	0.0471189	0.0588109	0.0704447	0.0820087	0.0934914	0.104882	0.116168	0.127339	0.138384	0.149292	0.160051	0.170653	0.181085	0.191337	0.2014	0.211264	0.220918	0.230352	0.239559	0.248528	0.25725	0.265717	0.27392	0.281851	0.289502	0.296866	0.303935	0.310702	0.31716	0.323302	0.329123	0.334617	0.339777	0.344599	0.349077	0.353208	0.356986	0.360408	0.363471	0.36617	0.368504	0.370468	0.372063	0.373285	0.374132	0.374605	0.374702	0.374423	0.373768	0.372736	0.37133	0.36955	0.367397	0.364874	0.361982	0.358724	0.355104	0.351123	0.346787	0.3421	0.337064	0.331686	0.325971	0.319923	0.313549	0.306855	0.299847	0.292533	0.284918	0.277012	0.268821	0.260355	0.25162	0.242626	0.233382	0.223897	0.214181	0.204244	0.194095	0.183746	0.173205	0.162486	0.151597	0.140551	0.129359	0.118032	0.106582	0.0950213	0.0833615	0.0716149	0.0597936	0.0479099	0.0359762	0.024005	0.0120088	0	
0	0.0119911	0.0239703	0.0359257	0.0478455	0.0597179	0.0715311	0.0832734	0.0949332	0.106499	0.117959	0.129303	0.140518	0.151594	0.16252	0.173284	0.183877	0.194288	0.204506	0.214522	0.224325	0.233905	0.243253	0.25236	0.261217	0.269814	0.278144	0.286198	0.293967	0.301444	0.308622	0.315493	0.322051	0.328288	0.334199	0.339777	0.345017	0.349913	0.354461	0.358655	0.362491	0.365966	0.369076	0.371817	0.374186	0.376182	0.377801	0.379041	0.379902	0.380382	0.380481	0.380197	0.379532	0.378484	0.377057	0.375249	0.373063	0.370501	0.367564	0.364256	0.36058	0.356538	0.352135	0.347375	0.342262	0.336801	0.330998	0.324857	0.318384	0.311587	0.304471	0.297044	0.289312	0.281284	0.272967	0.26437	0.2555	0.246368	0.236981	0.22735	0.217485	0.207394	0.197089	0.186579	0.175877	0.164991	0.153935	0.142718	0.131353	0.119852	0.108226	0.0964867	0.0846471	0.0727193	0.0607157	0.0486487	0.036531	0.0243752	0.012194	0	
0	0.0121613	0.0243105	0.0364355	0.0485245	0.0605653	0.0725462	0.0844551	0.0962804	0.10801	0.119633	0.131137	0.142512	0.153745	0.164826	0.175743	0.186487	0.197045	0.207409	0.217566	0.227508	0.237224	0.246705	0.255942	0.264924	0.273643	0.282091	0.290259	0.298139	0.305722	0.313002	0.319971	0.326621	0.332947	0.338941	0.344599	0.349913	0.354879	0.359491	0.363745	0.367636	0.37116	0.374314	0.377094	0.379497	0.38152	0.383162	0.38442	0.385293	0.38578	0.38588	0.385593	0.384918	0.383856	0.382408	0.380574	0.378357	0.375759	0.37278	0.369426	0.365697	0.361598	0.357133	0.352305	0.34712	0.341581	0.335695	0.329467	0.322903	0.316009	0.308792	0.30126	0.293418	0.285276	0.276841	0.268122	0.259126	0.249864	0.240345	0.230577	0.220571	0.210337	0.199886	0.189227	0.178373	0.167333	0.156119	0.144744	0.133218	0.121553	0.109762	0.097856	0.0858484	0.0737514	0.0615774	0.0493392	0.0370495	0.0247211	0.012367	0	
0	0.0123193	0.0246264	0.036909	0.0491551	0.0613524	0.073489	0.0855527	0.0975317	0.109414	0.121188	0.132842	0.144364	0.155743	0.166968	0.178027	0.18891	0.199606	0.210104	0.220394	0.230465	0.240307	0.249911	0.259268	0.268367	0.2772	0.285757	0.294031	0.302013	0.309695	0.31707	0.324129	0.330866	0.337274	0.343346	0.349077	0.354461	0.359491	0.364163	0.368472	0.372414	0.375984	0.379178	0.381994	0.384429	0.386479	0.388142	0.389416	0.390301	0.390794	0.390895	0.390604	0.38992	0.388845	0.387377	0.38552	0.383275	0.380642	0.377625	0.374227	0.37045	0.366298	0.361774	0.356884	0.351631	0.346021	0.340058	0.333749	0.327099	0.320116	0.312806	0.305175	0.297232	0.288984	0.280439	0.271606	0.262494	0.253112	0.243468	0.233574	0.223438	0.213071	0.202484	0.191687	0.180691	0.169508	0.158149	0.146625	0.134949	0.123133	0.111188	0.0991278	0.0869642	0.0747099	0.0623777	0.0499804	0.037531	0.0250424	0.0125277	0	
0	0.0124651	0.0249178	0.0373458	0.0497367	0.0620784	0.0743586	0.086565	0.0986857	0.110709	0.122622	0.134414	0.146072	0.157586	0.168944	0.180134	0.191146	0.201968	0.21259	0.223002	0.233192	0.243151	0.252869	0.262336	0.271542	0.28048	0.289139	0.297511	0.305587	0.31336	0.320822	0.327964	0.334781	0.341265	0.347409	0.353208	0.358655	0.363745	0.368472	0.372832	0.37682	0.380433	0.383665	0.386515	0.388978	0.391052	0.392735	0.394024	0.394919	0.395418	0.395521	0.395226	0.394534	0.393446	0.391961	0.390082	0.38781	0.385146	0.382094	0.378655	0.374833	0.370632	0.366055	0.361107	0.355792	0.350115	0.344082	0.337698	0.33097	0.323904	0.316507	0.308786	0.300749	0.292403	0.283758	0.27482	0.2656	0.256107	0.246349	0.236338	0.226082	0.215592	0.20488	0.193955	0.182829	0.171514	0.16002	0.14836	0.136546	0.12459	0.112504	0.100301	0.0879933	0.075594	0.0631158	0.0505719	0.0379751	0.0253388	0.012676	0	
0	0.0125984	0.0251843	0.0377453	0.0502688	0.0627425	0.075154	0.087491	0.0997414	0.111893	0.123934	0.135851	0.147635	0.159272	0.170751	0.182061	0.19319	0.204129	0.214864	0.225387	0.235686	0.245752	0.255574	0.265142	0.274447	0.28348	0.292232	0.300693	0.308856	0.316712	0.324253	0.331473	0.338362	0.344915	0.351126	0.356986	0.362491	0.367636	0.372414	0.37682	0.380851	0.384502	0.387769	0.390649	0.393139	0.395235	0.396936	0.398239	0.399144	0.399648	0.399752	0.399454	0.398755	0.397655	0.396154	0.394255	0.391958	0.389266	0.386181	0.382706	0.378843	0.374597	0.369971	0.36497	0.359598	0.35386	0.347763	0.341311	0.334511	0.327369	0.319893	0.312089	0.303966	0.295531	0.286793	0.27776	0.268442	0.258846	0.248985	0.238866	0.2285	0.217899	0.207071	0.19603	0.184785	0.173348	0.161732	0.149947	0.138007	0.125923	0.113707	0.101374	0.0889346	0.0764027	0.063791	0.0511129	0.0383814	0.0256098	0.0128116	0	
0	0.0127192	0.0254258	0.0381071	0.0507507	0.0633439	0.0758744	0.0883297	0.100698	0.112966	0.125122	0.137154	0.14905	0.160799	0.172388	0.183806	0.195042	0.206085	0.216924	0.227548	0.237946	0.248108	0.258024	0.267684	0.277078	0.286198	0.295033	0.303576	0.311817	0.319748	0.327362	0.33465	0.341606	0.348222	0.354492	0.360408	0.365966	0.37116	0.375984	0.380433	0.384502	0.388188	0.391487	0.394394	0.396907	0.399024	0.400741	0.402057	0.40297	0.403479	0.403584	0.403283	0.402577	0.401467	0.399952	0.398035	0.395716	0.392998	0.389883	0.386375	0.382475	0.378188	0.373518	0.368469	0.363045	0.357253	0.351097	0.344583	0.337717	0.330507	0.32296	0.315081	0.30688	0.298364	0.289542	0.280423	0.271015	0.261328	0.251372	0.241156	0.230691	0.219988	0.209057	0.197909	0.186556	0.17501	0.163282	0.151385	0.13933	0.12713	0.114798	0.102346	0.0897872	0.0771351	0.0644026	0.0516029	0.0387493	0.0258554	0.0129344	0	
0	0.0128273	0.0256418	0.0384309	0.0511819	0.0638821	0.0765191	0.0890802	0.101553	0.113925	0.126185	0.138319	0.150316	0.162165	0.173853	0.185368	0.1967	0.207836	0.218767	0.229481	0.239967	0.250216	0.260216	0.269958	0.279432	0.288629	0.29754	0.306155	0.314466	0.322465	0.330143	0.337494	0.344509	0.351181	0.357504	0.363471	0.369076	0.374314	0.379178	0.383665	0.387769	0.391487	0.394813	0.397745	0.40028	0.402414	0.404146	0.405473	0.406394	0.406908	0.407013	0.40671	0.405998	0.404878	0.40335	0.401417	0.399078	0.396337	0.393196	0.389658	0.385725	0.381402	0.376692	0.3716	0.36613	0.360288	0.35408	0.347511	0.340587	0.333316	0.325704	0.317759	0.309488	0.3009	0.292003	0.282806	0.273318	0.263549	0.253508	0.243205	0.232651	0.221857	0.210833	0.199591	0.188142	0.176497	0.16467	0.152671	0.140514	0.12821	0.115773	0.103215	0.0905502	0.0777906	0.0649499	0.0520414	0.0390786	0.0260751	0.0130443	0	
0	0.0129225	0.0258322	0.0387163	0.051562	0.0643565	0.0770874	0.0897418	0.102307	0.114771	0.127122	0.139346	0.151433	0.163369	0.175144	0.186745	0.19816	0.20938	0.220392	0.231185	0.241749	0.252074	0.262148	0.271963	0.281508	0.290773	0.29975	0.308429	0.316802	0.32486	0.332595	0.34	0.347067	0.353789	0.360159	0.36617	0.371817	0.377094	0.381994	0.386515	0.390649	0.394394	0.397745	0.400699	0.403253	0.405403	0.407148	0.408485	0.409412	0.40993	0.410036	0.40973	0.409013	0.407885	0.406346	0.404398	0.402042	0.399281	0.396116	0.392552	0.38859	0.384234	0.379489	0.374359	0.368849	0.362964	0.35671	0.350092	0.343117	0.335791	0.328123	0.320119	0.311786	0.303135	0.294172	0.284906	0.275348	0.265506	0.25539	0.245011	0.234379	0.223505	0.212399	0.201073	0.189539	0.177808	0.165893	0.153805	0.141557	0.129162	0.116633	0.103982	0.0912227	0.0783683	0.0654322	0.0524279	0.0393689	0.0262687	0.0131412	0	
