0	0	0	0	0	0	0	0	0	0	0	0	0	0	0	0	0	0	0	0	0	0	0	0	0	0	0	0	0	0	0	0	0	0	0	0	0	0	0	0	0	0	0	0	0	0	0	0	0	0	0	0	0	0	0	0	0	0	0	0	0	0	0	0	0	0	0	0	0	0	0	0	0	0	0	0	0	0	0	0	0	0	0	0	0	0	0	0	0	0	0	0	0	0	0	0	0	0	0	0	
0	0.000393444	0.000786496	0.00117877	0.00156987	0.00195941	0.00234701	0.00273229	0.00311485	0.00349432	0.00387033	0.00424251	0.00461047	0.00497386	0.00533233	0.0056855	0.00603303	0.00637458	0.00670981	0.00703837	0.00735996	0.00767424	0.0079809	0.00827964	0.00857016	0.00885217	0.00912538	0.00938952	0.00964434	0.00988957	0.010125	0.0103503	0.0105653	0.0107698	0.0109636	0.0111465	0.0113182	0.0114787	0.0116277	0.0117652	0.0118908	0.0120046	0.0121065	0.0121962	0.0122737	0.0123389	0.0123918	0.0124323	0.0124603	0.0124758	0.0124788	0.0124692	0.0124471	0.0124125	0.0123654	0.0123058	0.0122339	0.0121495	0.012053	0.0119442	0.0118233	0.0116905	0.0115458	0.0113895	0.0112215	0.0110422	0.0108516	0.01065	0.0104375	0.0102144	0.00998082	0.00973708	0.00948337	0.00921996	0.0089471	0.00866506	0.00837413	0.0080746	0.00776676	0.00745093	0.00712742	0.00679657	0.0064587	0.00611417	0.00576332	0.00540651	0.00504411	0.00467648	0.00430401	0.00392708	0.00354609	0.00316141	0.00277345	0.00238261	0.0019893	0.00159393	0.00119689	0.000798621	0.000399518	0	
0	0.000786496	0.00157221	0.00235636	0.00313817	0.00391687	0.00469169	0.00546185	0.0062266	0.00698517	0.00773682	0.00848079	0.00921636	0.00994278	0.0106593	0.0113653	0.0120601	0.0127428	0.0134129	0.0140697	0.0147126	0.0153408	0.0159539	0.016551	0.0171318	0.0176955	0.0182417	0.0187697	0.0192791	0.0197693	0.0202399	0.0206903	0.0211201	0.0215289	0.0219163	0.0222818	0.0226252	0.022946	0.0232439	0.0235186	0.0237699	0.0239974	0.0242009	0.0243802	0.0245352	0.0246656	0.0247713	0.0248522	0.0249082	0.0249392	0.0249451	0.024926	0.0248819	0.0248127	0.0247185	0.0245994	0.0244556	0.024287	0.0240939	0.0238765	0.0236349	0.0233694	0.0230802	0.0227676	0.0224319	0.0220733	0.0216924	0.0212893	0.0208646	0.0204186	0.0199517	0.0194645	0.0189573	0.0184308	0.0178853	0.0173215	0.0167399	0.0161412	0.0155258	0.0148944	0.0142478	0.0135864	0.012911	0.0122223	0.0115209	0.0108076	0.0100832	0.00934831	0.00860375	0.00785027	0.00708865	0.00631967	0.00554414	0.00476286	0.00397663	0.00318627	0.0023926	0.00159645	0.000798638	0	
0	0.00117877	0.00235636	0.00353161	0.00470336	0.00587045	0.00703171	0.008186	0.00933217	0.0104691	0.0115956	0.0127107	0.0138131	0.0149018	0.0159758	0.0170339	0.0180751	0.0190984	0.0201028	0.0210872	0.0220506	0.0229922	0.023911	0.024806	0.0256764	0.0265213	0.0273399	0.0281313	0.0288947	0.0296294	0.0303347	0.0310097	0.0316539	0.0322666	0.0328472	0.0333951	0.0339097	0.0343905	0.034837	0.0352487	0.0356253	0.0359663	0.0362713	0.0365401	0.0367723	0.0369678	0.0371262	0.0372475	0.0373314	0.0373778	0.0373867	0.0373581	0.0372919	0.0371882	0.0370471	0.0368686	0.036653	0.0364004	0.036111	0.0357851	0.035423	0.0350251	0.0345916	0.0341231	0.03362	0.0330826	0.0325117	0.0319076	0.031271	0.0306025	0.0299028	0.0291726	0.0284124	0.0276233	0.0268058	0.0259608	0.0250891	0.0241917	0.0232694	0.0223232	0.021354	0.0203627	0.0193505	0.0183182	0.0172671	0.0161981	0.0151123	0.0140109	0.0128949	0.0117657	0.0106242	0.00947167	0.00830933	0.00713838	0.00596001	0.00477545	0.00358593	0.00239269	0.00119697	0	
0	0.00156987	0.00313817	0.00470336	0.00626389	0.0078182	0.00936475	0.010902	0.0124285	0.0139426	0.0154429	0.0169279	0.0183961	0.0198461	0.0212764	0.0226856	0.0240722	0.025435	0.0267726	0.0280836	0.0293668	0.0306208	0.0318444	0.0330364	0.0341956	0.0353208	0.0364109	0.0374649	0.0384816	0.0394601	0.0403994	0.0412984	0.0421564	0.0429724	0.0437456	0.0444752	0.0451606	0.0458009	0.0463955	0.0469439	0.0474454	0.0478995	0.0483057	0.0486637	0.048973	0.0492333	0.0494443	0.0496058	0.0497175	0.0497793	0.0497912	0.0497531	0.0496649	0.0495268	0.0493389	0.0491012	0.048814	0.0484776	0.0480922	0.0476582	0.047176	0.046646	0.0460688	0.0454448	0.0447747	0.0440591	0.0432987	0.0424942	0.0416464	0.0407561	0.0398243	0.0388517	0.0378394	0.0367884	0.0356996	0.0345743	0.0334134	0.0322183	0.03099	0.0297298	0.028439	0.0271188	0.0257707	0.024396	0.0229961	0.0215724	0.0201264	0.0186595	0.0171734	0.0156694	0.0141492	0.0126143	0.0110663	0.00950682	0.00793748	0.00635989	0.00477571	0.00318656	0.00159411	0	
0	0.00195941	0.00391687	0.00587045	0.0078182	0.00975819	0.0116885	0.0136072	0.0155125	0.0174023	0.0192749	0.0211284	0.0229609	0.0247707	0.0265559	0.0283147	0.0300455	0.0317465	0.0334159	0.0350523	0.0366538	0.038219	0.0397462	0.041234	0.0426808	0.0440853	0.0454459	0.0467614	0.0480304	0.0492517	0.050424	0.0515461	0.052617	0.0536355	0.0546005	0.0555112	0.0563666	0.0571658	0.057908	0.0585924	0.0592184	0.0597852	0.0602922	0.060739	0.0611251	0.06145	0.0617133	0.0619149	0.0620543	0.0621315	0.0621463	0.0620988	0.0619887	0.0618164	0.0615818	0.0612851	0.0609267	0.0605068	0.0600257	0.059484	0.0588822	0.0582207	0.0575002	0.0567214	0.055885	0.0549918	0.0540427	0.0530386	0.0519805	0.0508693	0.0497062	0.0484923	0.0472288	0.045917	0.0445581	0.0431535	0.0417046	0.0402129	0.0386798	0.0371069	0.0354958	0.0338481	0.0321654	0.0304496	0.0287023	0.0269253	0.0251205	0.0232897	0.0214347	0.0195576	0.0176601	0.0157444	0.0138123	0.0118658	0.00990707	0.00793803	0.00596075	0.00397727	0.00198967	0	
0	0.00234701	0.00469169	0.00703171	0.00936475	0.0116885	0.0140007	0.0162989	0.018581	0.0208447	0.0230878	0.0253079	0.0275029	0.0296707	0.031809	0.0339158	0.0359889	0.0380264	0.0400261	0.0419861	0.0439045	0.0457793	0.0476086	0.0493907	0.0511237	0.052806	0.0544358	0.0560115	0.0575316	0.0589944	0.0603986	0.0617427	0.0630254	0.0642454	0.0654014	0.0664922	0.0675168	0.0684741	0.0693631	0.0701829	0.0709327	0.0716116	0.072219	0.0727541	0.0732166	0.0736057	0.0739212	0.0741626	0.0743296	0.0744221	0.0744398	0.0743828	0.0742511	0.0740446	0.0737636	0.0734082	0.0729789	0.0724759	0.0718997	0.0712509	0.07053	0.0697376	0.0688746	0.0679418	0.0669399	0.0658701	0.0647332	0.0635305	0.062263	0.060932	0.0595388	0.0580848	0.0565714	0.0550001	0.0533724	0.0516899	0.0499544	0.0481676	0.0463312	0.0444472	0.0425174	0.0405437	0.0385283	0.036473	0.0343801	0.0322516	0.0300897	0.0278967	0.0256749	0.0234264	0.0211536	0.0188588	0.0165445	0.0142131	0.0118668	0.0095083	0.00713988	0.00476404	0.00238325	0	
0	0.00273229	0.00546185	0.008186	0.010902	0.0136072	0.0162989	0.0189745	0.0216312	0.0242665	0.0268777	0.0294623	0.0320176	0.0345412	0.0370306	0.0394832	0.0418967	0.0442686	0.0465966	0.0488784	0.0511116	0.0532941	0.0554238	0.0574984	0.0595159	0.0614743	0.0633717	0.0652061	0.0669756	0.0686786	0.0703133	0.0718781	0.0733713	0.0747916	0.0761373	0.0774072	0.0786	0.0797145	0.0807494	0.0817038	0.0825766	0.083367	0.0840741	0.0846971	0.0852354	0.0856885	0.0860557	0.0863367	0.0865312	0.0866388	0.0866595	0.0865932	0.0864397	0.0861994	0.0858722	0.0854586	0.0849588	0.0843732	0.0837025	0.0829471	0.0821078	0.0811854	0.0801808	0.0790948	0.0779285	0.076683	0.0753595	0.0739593	0.0724838	0.0709343	0.0693125	0.0676198	0.0658579	0.0640286	0.0621337	0.0601751	0.0581547	0.0560746	0.0539368	0.0517435	0.0494969	0.0471992	0.0448529	0.0424603	0.0400238	0.0375459	0.0350291	0.0324762	0.0298895	0.0272719	0.024626	0.0219546	0.0192604	0.0165462	0.0138149	0.0110691	0.00831193	0.00554608	0.00277448	0	
0	0.00311485	0.0062266	0.00933217	0.0124285	0.0155125	0.018581	0.0216312	0.0246599	0.0276642	0.030641	0.0335875	0.0365006	0.0393776	0.0422155	0.0450115	0.0477629	0.0504669	0.0531209	0.0557221	0.0582681	0.0607562	0.063184	0.0655491	0.0678491	0.0700817	0.0722448	0.074336	0.0763533	0.0782948	0.0801584	0.0819422	0.0836445	0.0852636	0.0867978	0.0882455	0.0896053	0.0908758	0.0920556	0.0931436	0.0941387	0.0950397	0.0958458	0.0965561	0.0971698	0.0976863	0.0981049	0.0984253	0.098647	0.0987697	0.0987933	0.0987176	0.0985427	0.0982687	0.0978958	0.0974242	0.0968544	0.0961869	0.0954222	0.0945611	0.0936043	0.0925527	0.0914074	0.0901693	0.0888397	0.0874199	0.0859111	0.0843149	0.0826327	0.0808663	0.0790174	0.0770876	0.0750791	0.0729937	0.0708335	0.0686006	0.0662973	0.0639259	0.0614888	0.0589884	0.0564272	0.0538079	0.051133	0.0484054	0.0456277	0.0428029	0.0399338	0.0370234	0.0340746	0.0310904	0.0280741	0.0250286	0.0219572	0.018863	0.0157492	0.012619	0.00947574	0.00632263	0.00316295	0	
0	0.00349432	0.00698517	0.0104691	0.0139426	0.0174023	0.0208447	0.0242665	0.0276642	0.0310345	0.034374	0.0376794	0.0409474	0.0441749	0.0473585	0.0504952	0.0535818	0.0566152	0.0595925	0.0625106	0.0653667	0.068158	0.0708816	0.0735348	0.076115	0.0786197	0.0810462	0.0833922	0.0856553	0.0878333	0.0899239	0.0919251	0.0938348	0.0956511	0.0973722	0.0989963	0.100522	0.101947	0.103271	0.104491	0.105607	0.106618	0.107523	0.108319	0.109008	0.109587	0.110057	0.110416	0.110665	0.110803	0.110829	0.110744	0.110548	0.110241	0.109822	0.109293	0.108654	0.107905	0.107047	0.106081	0.105008	0.103828	0.102543	0.101155	0.0996629	0.0980701	0.0963775	0.0945868	0.0926998	0.0907181	0.0886439	0.0864791	0.0842258	0.0818864	0.079463	0.0769581	0.0743742	0.0717139	0.0689799	0.0661749	0.0633017	0.0603632	0.0573625	0.0543026	0.0511865	0.0480175	0.0447989	0.0415339	0.0382258	0.0348782	0.0314943	0.0280778	0.0246322	0.021161	0.0176679	0.0141564	0.0106302	0.0070929	0.00354829	0	
0	0.00387033	0.00773682	0.0115956	0.0154429	0.0192749	0.0230878	0.0268777	0.030641	0.034374	0.0380728	0.0417339	0.0453536	0.0489283	0.0524546	0.0559288	0.0593475	0.0627073	0.066005	0.0692371	0.0724006	0.0754922	0.0785089	0.0814476	0.0843055	0.0870796	0.0897673	0.0923657	0.0948723	0.0972847	0.0996003	0.101817	0.103932	0.105944	0.10785	0.109649	0.111339	0.112917	0.114383	0.115735	0.116971	0.118091	0.119093	0.119975	0.120738	0.121379	0.1219	0.122298	0.122573	0.122726	0.122755	0.122661	0.122444	0.122103	0.12164	0.121054	0.120346	0.119516	0.118566	0.117496	0.116307	0.115001	0.113578	0.112039	0.110387	0.108623	0.106748	0.104765	0.102675	0.10048	0.0981826	0.0957848	0.0932891	0.0906979	0.0880137	0.0852393	0.0823774	0.0794308	0.0764026	0.0732957	0.0701134	0.0668587	0.0635351	0.0601459	0.0566945	0.0531845	0.0496195	0.0460032	0.0423392	0.0386313	0.0348833	0.0310992	0.0272828	0.0234381	0.0195691	0.0156797	0.011774	0.00785615	0.00393011	0	
0	0.00424251	0.00848079	0.0127107	0.0169279	0.0211284	0.0253079	0.0294623	0.0335875	0.0376794	0.0417339	0.045747	0.0497148	0.0536333	0.0574986	0.0613069	0.0650544	0.0687373	0.0723521	0.075895	0.0793627	0.0827516	0.0860583	0.0892797	0.0924123	0.0954532	0.0983993	0.101248	0.103995	0.10664	0.109178	0.111608	0.113926	0.116131	0.118221	0.120193	0.122045	0.123775	0.125382	0.126864	0.12822	0.129447	0.130545	0.131512	0.132348	0.133051	0.133622	0.134058	0.13436	0.134527	0.134559	0.134456	0.134218	0.133845	0.133337	0.132694	0.131918	0.131009	0.129968	0.128795	0.127492	0.126059	0.124499	0.122813	0.121002	0.119068	0.117013	0.114839	0.112548	0.110142	0.107624	0.104996	0.10226	0.0994195	0.0964772	0.093436	0.0902989	0.087069	0.0837495	0.0803439	0.0768555	0.0732879	0.0696447	0.0659296	0.0621463	0.0582988	0.054391	0.0504269	0.0464106	0.0423461	0.0382378	0.0340897	0.0299064	0.0256919	0.0214508	0.0171875	0.0129062	0.00861161	0.00430804	0	
0	0.00461047	0.00921636	0.0138131	0.0183961	0.0229609	0.0275029	0.0320176	0.0365006	0.0409474	0.0453536	0.0497148	0.0540267	0.0582851	0.0624856	0.0666242	0.0706967	0.0746991	0.0786274	0.0824776	0.0862461	0.0899289	0.0935225	0.0970232	0.100428	0.103732	0.106934	0.110029	0.113015	0.115889	0.118647	0.121288	0.123807	0.126204	0.128475	0.130618	0.13263	0.134511	0.136257	0.137868	0.13934	0.140674	0.141867	0.142919	0.143827	0.144591	0.145211	0.145685	0.146013	0.146195	0.14623	0.146118	0.145859	0.145454	0.144902	0.144204	0.14336	0.142372	0.14124	0.139966	0.138549	0.136993	0.135298	0.133465	0.131497	0.129396	0.127162	0.1248	0.12231	0.119695	0.116959	0.114102	0.111129	0.108042	0.104845	0.10154	0.0981308	0.0946208	0.0910135	0.0873125	0.0835215	0.0796445	0.0756852	0.0716479	0.0675365	0.0633553	0.0591086	0.0548006	0.0504359	0.0460189	0.0415543	0.0370465	0.0325003	0.0279203	0.0233113	0.0186782	0.0140256	0.00935852	0.00468169	0	
0	0.00497386	0.00994278	0.0149018	0.0198461	0.0247707	0.0296707	0.0345412	0.0393776	0.0441749	0.0489283	0.0536333	0.0582851	0.0628791	0.0674107	0.0718755	0.076269	0.0805868	0.0848247	0.0889785	0.0930439	0.097017	0.100894	0.104671	0.108343	0.111908	0.115362	0.118702	0.121923	0.125023	0.127999	0.130847	0.133566	0.136151	0.138601	0.140913	0.143084	0.145113	0.146997	0.148734	0.150323	0.151762	0.153049	0.154183	0.155163	0.155988	0.156657	0.157168	0.157522	0.157718	0.157756	0.157635	0.157356	0.156918	0.156323	0.15557	0.15466	0.153594	0.152373	0.150998	0.14947	0.147791	0.145962	0.143985	0.141862	0.139595	0.137185	0.134636	0.13195	0.12913	0.126177	0.123096	0.119888	0.116558	0.113109	0.109543	0.105865	0.102079	0.0981871	0.0941944	0.0901047	0.085922	0.0816508	0.0772952	0.0728597	0.068349	0.0637675	0.05912	0.0544113	0.0496462	0.0448296	0.0399665	0.0350619	0.030121	0.0251488	0.0201504	0.0151311	0.0100962	0.0050507	0	
0	0.00533233	0.0106593	0.0159758	0.0212764	0.0265559	0.031809	0.0370306	0.0422155	0.0473585	0.0524546	0.0574986	0.0624856	0.0674107	0.0722689	0.0770555	0.0817656	0.0863947	0.090938	0.0953911	0.0997495	0.104009	0.108165	0.112214	0.116151	0.119973	0.123676	0.127256	0.13071	0.134033	0.137224	0.140278	0.143192	0.145963	0.14859	0.151068	0.153396	0.155571	0.157591	0.159453	0.161157	0.162699	0.164079	0.165295	0.166346	0.16723	0.167947	0.168495	0.168875	0.169085	0.169125	0.168996	0.168696	0.168227	0.167589	0.166781	0.165806	0.164663	0.163354	0.16188	0.160242	0.158442	0.156481	0.154362	0.152086	0.149655	0.147072	0.14434	0.14146	0.138436	0.135271	0.131967	0.128529	0.124959	0.121261	0.117438	0.113495	0.109436	0.105263	0.100983	0.0965985	0.0921144	0.0875353	0.0828658	0.0781107	0.0732749	0.0683632	0.0633808	0.0583327	0.0532241	0.0480604	0.0428469	0.0375888	0.0322918	0.0269612	0.0216026	0.0162216	0.0108238	0.0054147	0	
0	0.0056855	0.0113653	0.0170339	0.0226856	0.0283147	0.0339158	0.0394832	0.0450115	0.0504952	0.0559288	0.0613069	0.0666242	0.0718755	0.0770555	0.0821591	0.0871812	0.0921168	0.096961	0.101709	0.106356	0.110898	0.115329	0.119646	0.123844	0.12792	0.131868	0.135685	0.139367	0.142911	0.146312	0.149569	0.152676	0.155631	0.158431	0.161074	0.163556	0.165875	0.168029	0.170014	0.171831	0.173475	0.174947	0.176243	0.177363	0.178306	0.17907	0.179655	0.18006	0.180284	0.180327	0.180189	0.17987	0.179369	0.178689	0.177828	0.176788	0.175569	0.174174	0.172602	0.170855	0.168936	0.166845	0.164586	0.162159	0.159567	0.156813	0.1539	0.150829	0.147605	0.14423	0.140708	0.137042	0.133235	0.129292	0.125216	0.121012	0.116684	0.112235	0.107671	0.102996	0.0982154	0.093333	0.0883543	0.0832842	0.0781281	0.0728911	0.0675787	0.0621962	0.0567494	0.0512436	0.0456847	0.0400785	0.0344306	0.0287469	0.0230335	0.0172961	0.0115407	0.00577334	0	
0	0.00603303	0.0120601	0.0180751	0.0240722	0.0300455	0.0359889	0.0418967	0.0477629	0.0535818	0.0593475	0.0650544	0.0706967	0.076269	0.0817656	0.0871812	0.0925103	0.0977476	0.102888	0.107926	0.112857	0.117677	0.122379	0.12696	0.131415	0.135739	0.139928	0.143979	0.147886	0.151646	0.155256	0.158711	0.162008	0.165144	0.168116	0.17092	0.173554	0.176014	0.1783	0.180407	0.182334	0.184079	0.185641	0.187016	0.188205	0.189205	0.190016	0.190637	0.191066	0.191304	0.19135	0.191203	0.190864	0.190334	0.189611	0.188698	0.187594	0.186301	0.18482	0.183152	0.181299	0.179263	0.177044	0.174646	0.172071	0.169321	0.166399	0.163307	0.160049	0.156628	0.153046	0.149309	0.145419	0.141379	0.137195	0.132871	0.128409	0.123816	0.119096	0.114253	0.109292	0.104219	0.0990382	0.0937551	0.0883752	0.0829038	0.0773467	0.0717096	0.0659981	0.0602183	0.054376	0.0484773	0.0425283	0.0365352	0.0305042	0.0244414	0.0183533	0.0122461	0.00612625	0	
0	0.00637458	0.0127428	0.0190984	0.025435	0.0317465	0.0380264	0.0442686	0.0504669	0.0566152	0.0627073	0.0687373	0.0746991	0.0805868	0.0863947	0.0921168	0.0977476	0.103281	0.108713	0.114036	0.119247	0.124339	0.129307	0.134147	0.138854	0.143424	0.14785	0.15213	0.156259	0.160232	0.164046	0.167696	0.17118	0.174494	0.177633	0.180596	0.183379	0.185979	0.188394	0.19062	0.192657	0.194501	0.19615	0.197604	0.19886	0.199917	0.200774	0.201429	0.201883	0.202134	0.202183	0.202028	0.20167	0.201109	0.200346	0.199381	0.198215	0.196849	0.195284	0.193521	0.191563	0.189411	0.187067	0.184534	0.181813	0.178907	0.175819	0.172552	0.16911	0.165495	0.161711	0.157762	0.153651	0.149383	0.144962	0.140393	0.135679	0.130826	0.125838	0.120721	0.11548	0.110119	0.104645	0.099063	0.0933784	0.0875974	0.0817256	0.0757693	0.0697345	0.0636275	0.0574545	0.0512218	0.0449361	0.0386036	0.0322311	0.0258252	0.0193924	0.0129394	0.00647308	0	
0	0.00670981	0.0134129	0.0201028	0.0267726	0.0334159	0.0400261	0.0465966	0.0531209	0.0595925	0.066005	0.0723521	0.0786274	0.0848247	0.090938	0.096961	0.102888	0.108713	0.11443	0.120033	0.125518	0.130877	0.136107	0.141202	0.146157	0.150966	0.155625	0.16013	0.164476	0.168658	0.172672	0.176515	0.180182	0.18367	0.186975	0.190093	0.193023	0.195759	0.198301	0.200645	0.202788	0.204729	0.206466	0.207996	0.209318	0.21043	0.211332	0.212022	0.2125	0.212764	0.212815	0.212652	0.212275	0.211685	0.210882	0.209866	0.208638	0.207201	0.205553	0.203698	0.201637	0.199372	0.196905	0.194238	0.191374	0.188315	0.185065	0.181627	0.178003	0.174198	0.170215	0.166058	0.161732	0.157239	0.152586	0.147776	0.142814	0.137706	0.132456	0.12707	0.121553	0.11591	0.110148	0.104273	0.0982891	0.092204	0.0860235	0.0797539	0.0734018	0.0669736	0.0604759	0.0539155	0.0472992	0.0406337	0.0339261	0.0271833	0.0204122	0.0136199	0.00681349	0	
0	0.00703837	0.0140697	0.0210872	0.0280836	0.0350523	0.0419861	0.0488784	0.0557221	0.0625106	0.0692371	0.075895	0.0824776	0.0889785	0.0953911	0.101709	0.107926	0.114036	0.120033	0.125911	0.131664	0.137286	0.142772	0.148116	0.153314	0.158359	0.163246	0.167972	0.17253	0.176917	0.181128	0.185159	0.189006	0.192664	0.196131	0.199402	0.202475	0.205346	0.208012	0.21047	0.212719	0.214755	0.216576	0.218181	0.219568	0.220735	0.221681	0.222405	0.222906	0.223183	0.223236	0.223065	0.22267	0.222051	0.221208	0.220143	0.218855	0.217347	0.215619	0.213673	0.211511	0.209135	0.206547	0.20375	0.200745	0.197537	0.194128	0.190521	0.18672	0.182728	0.17855	0.17419	0.169651	0.164939	0.160058	0.155012	0.149808	0.144449	0.138942	0.133292	0.127505	0.121586	0.115542	0.109379	0.103102	0.0967191	0.090236	0.0836594	0.0769962	0.0702532	0.0634374	0.0565557	0.0496154	0.0426236	0.0355875	0.0285144	0.0214118	0.0142869	0.00714714	0	
0	0.00735996	0.0147126	0.0220506	0.0293668	0.0366538	0.0439045	0.0511116	0.0582681	0.0653667	0.0724006	0.0793627	0.0862461	0.0930439	0.0997495	0.106356	0.112857	0.119247	0.125518	0.131664	0.13768	0.143559	0.149296	0.154884	0.160319	0.165594	0.170705	0.175646	0.180413	0.185	0.189404	0.193619	0.197641	0.201467	0.205092	0.208513	0.211726	0.214728	0.217516	0.220087	0.222438	0.224567	0.226472	0.22815	0.2296	0.23082	0.23181	0.232567	0.23309	0.23338	0.233436	0.233257	0.232844	0.232197	0.231316	0.230201	0.228855	0.227278	0.225471	0.223436	0.221175	0.218691	0.215984	0.213059	0.209917	0.206563	0.202998	0.199226	0.195251	0.191077	0.186708	0.182149	0.177403	0.172475	0.167371	0.162095	0.156653	0.151049	0.145291	0.139383	0.133331	0.127142	0.120821	0.114376	0.107813	0.101138	0.094359	0.0874819	0.0805142	0.0734631	0.0663359	0.0591398	0.0518824	0.0445711	0.0372135	0.0298173	0.0223901	0.0149397	0.0074737	0	
0	0.00767424	0.0153408	0.0229922	0.0306208	0.038219	0.0457793	0.0532941	0.0607562	0.068158	0.0754922	0.0827516	0.0899289	0.097017	0.104009	0.110898	0.117677	0.124339	0.130877	0.137286	0.143559	0.149689	0.155671	0.161498	0.167164	0.172665	0.177994	0.183147	0.188117	0.1929	0.197492	0.201887	0.206081	0.21007	0.21385	0.217417	0.220767	0.223897	0.226804	0.229485	0.231936	0.234156	0.236142	0.237892	0.239404	0.240677	0.241708	0.242498	0.243044	0.243346	0.243404	0.243218	0.242787	0.242112	0.241193	0.240031	0.238627	0.236983	0.235099	0.232977	0.23062	0.228029	0.225207	0.222157	0.218881	0.215383	0.211666	0.207733	0.203589	0.199237	0.194681	0.189927	0.184978	0.17984	0.174518	0.169017	0.163342	0.1575	0.151495	0.145335	0.139024	0.132571	0.125981	0.11926	0.112417	0.105457	0.0983883	0.0912176	0.0839524	0.0766002	0.0691686	0.0616652	0.0540979	0.0464743	0.0388026	0.0310905	0.0233462	0.0155776	0.00779285	0	
0	0.0079809	0.0159539	0.023911	0.0318444	0.0397462	0.0476086	0.0554238	0.063184	0.0708816	0.0785089	0.0860583	0.0935225	0.100894	0.108165	0.115329	0.122379	0.129307	0.136107	0.142772	0.149296	0.155671	0.161891	0.167951	0.173844	0.179565	0.185107	0.190465	0.195634	0.200609	0.205383	0.209954	0.214316	0.218464	0.222395	0.226105	0.229589	0.232844	0.235867	0.238655	0.241204	0.243513	0.245579	0.247398	0.248971	0.250294	0.251367	0.252188	0.252756	0.25307	0.253131	0.252937	0.252489	0.251787	0.250831	0.249623	0.248163	0.246453	0.244494	0.242287	0.239836	0.237141	0.234207	0.231035	0.227628	0.22399	0.220124	0.216034	0.211724	0.207198	0.202461	0.197517	0.19237	0.187027	0.181492	0.175771	0.169869	0.163793	0.157549	0.151142	0.14458	0.137869	0.131015	0.124026	0.116909	0.109671	0.10232	0.0948627	0.0873072	0.0796612	0.0719326	0.0641294	0.0562596	0.0483315	0.0403532	0.0323329	0.0242791	0.0162001	0.00810425	0	
0	0.00827964	0.016551	0.024806	0.0330364	0.041234	0.0493907	0.0574984	0.0655491	0.0735348	0.0814476	0.0892797	0.0970232	0.104671	0.112214	0.119646	0.12696	0.134147	0.141202	0.148116	0.154884	0.161498	0.167951	0.174238	0.180352	0.186286	0.192036	0.197595	0.202957	0.208118	0.213071	0.217813	0.222338	0.226642	0.23072	0.234568	0.238183	0.24156	0.244696	0.247588	0.250233	0.252628	0.254771	0.256659	0.25829	0.259663	0.260776	0.261628	0.262217	0.262543	0.262606	0.262405	0.26194	0.261212	0.260221	0.258967	0.257452	0.255678	0.253645	0.251357	0.248813	0.246018	0.242974	0.239683	0.236149	0.232374	0.228364	0.224121	0.21965	0.214954	0.210039	0.20491	0.199571	0.194028	0.188286	0.18235	0.176228	0.169925	0.163446	0.1568	0.149992	0.143029	0.135919	0.128669	0.121285	0.113777	0.10615	0.0984137	0.0905753	0.0826431	0.0746252	0.0665299	0.0583656	0.0501407	0.0418637	0.0335433	0.025188	0.0168065	0.00840762	0	
0	0.00857016	0.0171318	0.0256764	0.0341956	0.0426808	0.0511237	0.0595159	0.0678491	0.076115	0.0843055	0.0924123	0.100428	0.108343	0.116151	0.123844	0.131415	0.138854	0.146157	0.153314	0.160319	0.167164	0.173844	0.180352	0.18668	0.192823	0.198774	0.204528	0.210079	0.21542	0.220548	0.225456	0.23014	0.234594	0.238816	0.242799	0.24654	0.250036	0.253282	0.256276	0.259014	0.261493	0.263711	0.265665	0.267354	0.268775	0.269926	0.270808	0.271418	0.271756	0.271821	0.271612	0.271131	0.270377	0.269351	0.268054	0.266486	0.264649	0.262546	0.260176	0.257544	0.254651	0.251499	0.248093	0.244435	0.240528	0.236377	0.231985	0.227357	0.222497	0.21741	0.2121	0.206574	0.200836	0.194892	0.188749	0.182412	0.175887	0.169181	0.162302	0.155255	0.148048	0.140689	0.133184	0.125541	0.117769	0.109875	0.101867	0.0937535	0.085543	0.0772438	0.0688644	0.0604136	0.0519001	0.0433327	0.0347203	0.0260718	0.0173962	0.00870263	0	
0	0.00885217	0.0176955	0.0265213	0.0353208	0.0440853	0.052806	0.0614743	0.0700817	0.0786197	0.0870796	0.0954532	0.103732	0.111908	0.119973	0.12792	0.135739	0.143424	0.150966	0.158359	0.165594	0.172665	0.179565	0.186286	0.192823	0.199168	0.205315	0.211258	0.216991	0.222509	0.227805	0.232875	0.237713	0.242314	0.246674	0.250788	0.254653	0.258264	0.261617	0.264709	0.267537	0.270097	0.272388	0.274407	0.276151	0.277619	0.278809	0.279719	0.280349	0.280698	0.280765	0.28055	0.280053	0.279274	0.278215	0.276874	0.275255	0.273358	0.271185	0.268738	0.266019	0.26303	0.259775	0.256257	0.252478	0.248443	0.244155	0.239619	0.234838	0.229818	0.224564	0.21908	0.213371	0.207445	0.201306	0.19496	0.188414	0.181675	0.174749	0.167643	0.160364	0.15292	0.145318	0.137566	0.129672	0.121644	0.11349	0.105219	0.0968386	0.0883579	0.0797856	0.0711305	0.0624016	0.0536079	0.0447586	0.0358628	0.0269297	0.0179687	0.00898901	0	
0	0.00912538	0.0182417	0.0273399	0.0364109	0.0454459	0.0544358	0.0633717	0.0722448	0.0810462	0.0897673	0.0983993	0.106934	0.115362	0.123676	0.131868	0.139928	0.14785	0.155625	0.163246	0.170705	0.177994	0.185107	0.192036	0.198774	0.205315	0.211652	0.217779	0.223689	0.229376	0.234836	0.240062	0.24505	0.249793	0.254288	0.258529	0.262513	0.266235	0.269691	0.272879	0.275794	0.278434	0.280795	0.282876	0.284674	0.286187	0.287414	0.288353	0.289002	0.289362	0.289431	0.289209	0.288697	0.287894	0.286802	0.28542	0.283751	0.281795	0.279555	0.277032	0.274229	0.271149	0.267793	0.264166	0.260271	0.256111	0.251691	0.247015	0.242087	0.236912	0.231495	0.225841	0.219957	0.213847	0.207519	0.200977	0.194229	0.187282	0.180142	0.172817	0.165313	0.15764	0.149803	0.141812	0.133675	0.125399	0.116993	0.108467	0.0998275	0.0910851	0.0822481	0.0733259	0.0643276	0.0552625	0.0461401	0.0369697	0.0277609	0.0185233	0.00926645	0	
0	0.00938952	0.0187697	0.0281313	0.0374649	0.0467614	0.0560115	0.0652061	0.074336	0.0833922	0.0923657	0.101248	0.110029	0.118702	0.127256	0.135685	0.143979	0.15213	0.16013	0.167972	0.175646	0.183147	0.190465	0.197595	0.204528	0.211258	0.217779	0.224082	0.230164	0.236016	0.241634	0.247011	0.252143	0.257024	0.261648	0.266012	0.270112	0.273941	0.277498	0.280778	0.283777	0.286494	0.288924	0.291065	0.292915	0.294472	0.295734	0.296699	0.297368	0.297738	0.297809	0.297581	0.297054	0.296228	0.295104	0.293682	0.291964	0.289952	0.287647	0.285051	0.282167	0.278997	0.275545	0.271813	0.267805	0.263525	0.258977	0.254165	0.249094	0.243769	0.238196	0.232379	0.226324	0.220038	0.213526	0.206795	0.199852	0.192703	0.185357	0.177819	0.170099	0.162203	0.15414	0.145917	0.137544	0.129029	0.12038	0.111606	0.102717	0.0937217	0.084629	0.0754485	0.0661897	0.0568622	0.0474757	0.0380398	0.0285645	0.0190595	0.00953469	0	
0	0.00964434	0.0192791	0.0288947	0.0384816	0.0480304	0.0575316	0.0669756	0.0763533	0.0856553	0.0948723	0.103995	0.113015	0.121923	0.13071	0.139367	0.147886	0.156259	0.164476	0.17253	0.180413	0.188117	0.195634	0.202957	0.210079	0.216991	0.223689	0.230164	0.23641	0.242421	0.248191	0.253715	0.258986	0.263999	0.268749	0.273232	0.277442	0.281376	0.285029	0.288398	0.291479	0.294269	0.296764	0.298964	0.300864	0.302463	0.303759	0.304751	0.305438	0.305818	0.305891	0.305657	0.305115	0.304267	0.303112	0.301652	0.299888	0.297821	0.295454	0.292787	0.289825	0.286569	0.283023	0.27919	0.275073	0.270677	0.266005	0.261063	0.255854	0.250385	0.24466	0.238685	0.232466	0.226009	0.219321	0.212407	0.205276	0.197933	0.190387	0.182645	0.174715	0.166605	0.158323	0.149877	0.141277	0.13253	0.123647	0.114635	0.105505	0.0962652	0.0869257	0.0774961	0.067986	0.0584054	0.0487641	0.0390722	0.0293397	0.0195767	0.00979345	0	
0	0.00988957	0.0197693	0.0296294	0.0394601	0.0492517	0.0589944	0.0686786	0.0782948	0.0878333	0.0972847	0.10664	0.115889	0.125023	0.134033	0.142911	0.151646	0.160232	0.168658	0.176917	0.185	0.1929	0.200609	0.208118	0.21542	0.222509	0.229376	0.236016	0.242421	0.248585	0.254502	0.260166	0.265571	0.270712	0.275583	0.280179	0.284497	0.28853	0.292276	0.295731	0.29889	0.301751	0.30431	0.306566	0.308514	0.310154	0.311483	0.3125	0.313204	0.313594	0.313669	0.313429	0.312874	0.312004	0.31082	0.309322	0.307513	0.305394	0.302966	0.300232	0.297194	0.293856	0.290219	0.286289	0.282067	0.277559	0.272769	0.267701	0.26236	0.256752	0.250881	0.244754	0.238377	0.231756	0.224897	0.217808	0.210495	0.202966	0.195228	0.187289	0.179158	0.170841	0.162349	0.153688	0.144869	0.1359	0.126791	0.11755	0.108188	0.098713	0.0891361	0.0794666	0.0697148	0.0598905	0.0500041	0.0400657	0.0300858	0.0200745	0.0100425	0	
0	0.010125	0.0202399	0.0303347	0.0403994	0.050424	0.0603986	0.0703133	0.0801584	0.0899239	0.0996003	0.109178	0.118647	0.127999	0.137224	0.146312	0.155256	0.164046	0.172672	0.181128	0.189404	0.197492	0.205383	0.213071	0.220548	0.227805	0.234836	0.241634	0.248191	0.254502	0.26056	0.266359	0.271892	0.277155	0.282142	0.286848	0.291268	0.295398	0.299233	0.30277	0.306005	0.308933	0.311554	0.313863	0.315858	0.317536	0.318897	0.319939	0.320659	0.321058	0.321135	0.320889	0.320321	0.31943	0.318218	0.316685	0.314833	0.312663	0.310178	0.307378	0.304268	0.30085	0.297127	0.293103	0.288781	0.284166	0.279261	0.274073	0.268605	0.262863	0.256853	0.25058	0.244051	0.237273	0.230251	0.222993	0.215506	0.207797	0.199875	0.191747	0.183422	0.174908	0.166213	0.157347	0.148318	0.139135	0.129809	0.120348	0.110763	0.101063	0.0912578	0.0813582	0.0713742	0.0613161	0.0511943	0.0410194	0.0308019	0.0205524	0.0102815	0	
0	0.0103503	0.0206903	0.0310097	0.0412984	0.0515461	0.0617427	0.0718781	0.0819422	0.0919251	0.101817	0.111608	0.121288	0.130847	0.140278	0.149569	0.158711	0.167696	0.176515	0.185159	0.193619	0.201887	0.209954	0.217813	0.225456	0.232875	0.240062	0.247011	0.253715	0.260166	0.266359	0.272286	0.277943	0.283323	0.288421	0.293232	0.29775	0.301972	0.305893	0.309508	0.312815	0.315809	0.318487	0.320847	0.322887	0.324603	0.325994	0.327059	0.327796	0.328203	0.328282	0.328031	0.327449	0.326539	0.3253	0.323733	0.321839	0.319621	0.31708	0.314219	0.31104	0.307546	0.30374	0.299626	0.295208	0.29049	0.285476	0.280172	0.274583	0.268713	0.262569	0.256157	0.249483	0.242553	0.235375	0.227955	0.220302	0.212422	0.204323	0.196015	0.187504	0.1788	0.169912	0.160848	0.151618	0.142232	0.132698	0.123026	0.113228	0.103312	0.0932887	0.0831688	0.0729626	0.0626807	0.0523337	0.0419323	0.0314874	0.0210098	0.0105103	0	
0	0.0105653	0.0211201	0.0316539	0.0421564	0.052617	0.0630254	0.0733713	0.0836445	0.0938348	0.103932	0.113926	0.123807	0.133566	0.143192	0.152676	0.162008	0.17118	0.180182	0.189006	0.197641	0.206081	0.214316	0.222338	0.23014	0.237713	0.24505	0.252143	0.258986	0.265571	0.271892	0.277943	0.283717	0.289209	0.294413	0.299324	0.303936	0.308245	0.312247	0.315938	0.319313	0.32237	0.325104	0.327513	0.329595	0.331347	0.332767	0.333853	0.334606	0.335022	0.335102	0.334845	0.334252	0.333323	0.332058	0.330458	0.328526	0.326262	0.323668	0.320747	0.317502	0.313935	0.31005	0.305851	0.301341	0.296525	0.291407	0.285993	0.280287	0.274296	0.268024	0.261479	0.254666	0.247592	0.240265	0.232691	0.224879	0.216835	0.208568	0.200087	0.1914	0.182515	0.173442	0.16419	0.154768	0.145187	0.135455	0.125582	0.11558	0.105458	0.0952268	0.0848967	0.0744784	0.0639829	0.0534209	0.0428035	0.0321415	0.0214463	0.0107287	0	
0	0.0107698	0.0215289	0.0322666	0.0429724	0.0536355	0.0642454	0.0747916	0.0852636	0.0956511	0.105944	0.116131	0.126204	0.136151	0.145963	0.155631	0.165144	0.174494	0.18367	0.192664	0.201467	0.21007	0.218464	0.226642	0.234594	0.242314	0.249793	0.257024	0.263999	0.270712	0.277155	0.283323	0.289209	0.294807	0.300112	0.305118	0.309819	0.314212	0.318292	0.322054	0.325494	0.32861	0.331397	0.333853	0.335975	0.337761	0.339208	0.340316	0.341082	0.341507	0.341588	0.341327	0.340722	0.339775	0.338485	0.336855	0.334885	0.332577	0.329933	0.326956	0.323648	0.320012	0.316052	0.311771	0.307174	0.302265	0.297048	0.291529	0.285713	0.279605	0.273212	0.26654	0.259595	0.252385	0.244916	0.237195	0.229232	0.221032	0.212606	0.20396	0.195105	0.186048	0.176799	0.167368	0.157764	0.147997	0.138077	0.128013	0.117818	0.1075	0.0970702	0.08654	0.0759201	0.0652214	0.054455	0.043632	0.0327637	0.0218614	0.0109364	0	
0	0.0109636	0.0219163	0.0328472	0.0437456	0.0546005	0.0654014	0.0761373	0.0867978	0.0973722	0.10785	0.118221	0.128475	0.138601	0.14859	0.158431	0.168116	0.177633	0.186975	0.196131	0.205092	0.21385	0.222395	0.23072	0.238816	0.246674	0.254288	0.261648	0.268749	0.275583	0.282142	0.288421	0.294413	0.300112	0.305512	0.310608	0.315394	0.319866	0.324019	0.327848	0.331351	0.334522	0.33736	0.33986	0.34202	0.343838	0.345312	0.346439	0.34722	0.347652	0.347735	0.347469	0.346853	0.345889	0.344576	0.342916	0.340911	0.338561	0.33587	0.332839	0.329471	0.32577	0.321739	0.317381	0.312701	0.307704	0.302393	0.296775	0.290854	0.284636	0.278128	0.271336	0.264266	0.256926	0.249323	0.241463	0.233356	0.225009	0.216431	0.20763	0.198615	0.189396	0.179981	0.17038	0.160603	0.15066	0.140561	0.130317	0.119938	0.109434	0.0988168	0.0880973	0.0772863	0.066395	0.0554349	0.0444171	0.0333533	0.0222548	0.0111332	0	
0	0.0111465	0.0222818	0.0333951	0.0444752	0.0555112	0.0664922	0.0774072	0.0882455	0.0989963	0.109649	0.120193	0.130618	0.140913	0.151068	0.161074	0.17092	0.180596	0.190093	0.199402	0.208513	0.217417	0.226105	0.234568	0.242799	0.250788	0.258529	0.266012	0.273232	0.280179	0.286848	0.293232	0.299324	0.305118	0.310608	0.315788	0.320655	0.325201	0.329423	0.333317	0.336878	0.340102	0.342987	0.345529	0.347725	0.349573	0.351071	0.352218	0.353011	0.353451	0.353535	0.353264	0.352639	0.351658	0.350324	0.348636	0.346597	0.344208	0.341472	0.338391	0.334967	0.331204	0.327105	0.322675	0.317917	0.312836	0.307437	0.301725	0.295705	0.289384	0.282767	0.275862	0.268674	0.261212	0.253481	0.245491	0.237249	0.228763	0.220041	0.211093	0.201928	0.192555	0.182983	0.173222	0.163282	0.153173	0.142906	0.132491	0.121938	0.111259	0.100465	0.0895667	0.0785754	0.0675025	0.0563595	0.045158	0.0339096	0.022626	0.0113189	0	
0	0.0113182	0.0226252	0.0339097	0.0451606	0.0563666	0.0675168	0.0786	0.0896053	0.100522	0.111339	0.122045	0.13263	0.143084	0.153396	0.163556	0.173554	0.183379	0.193023	0.202475	0.211726	0.220767	0.229589	0.238183	0.24654	0.254653	0.262513	0.270112	0.277442	0.284497	0.291268	0.29775	0.303936	0.309819	0.315394	0.320655	0.325596	0.330212	0.3345	0.338453	0.342069	0.345343	0.348272	0.350853	0.353083	0.35496	0.356481	0.357645	0.358451	0.358897	0.358983	0.358708	0.358073	0.357077	0.355722	0.354008	0.351938	0.349512	0.346734	0.343605	0.340128	0.336308	0.332146	0.327647	0.322816	0.317657	0.312174	0.306374	0.300262	0.293843	0.287125	0.280113	0.272815	0.265237	0.257387	0.249274	0.240905	0.232288	0.223432	0.214346	0.20504	0.195522	0.185802	0.175891	0.165798	0.155533	0.145108	0.134532	0.123817	0.112974	0.102013	0.0909469	0.0797862	0.0685427	0.057228	0.0458539	0.0344322	0.0229747	0.0114933	0	
0	0.0114787	0.022946	0.0343905	0.0458009	0.0571658	0.0684741	0.0797145	0.0908758	0.101947	0.112917	0.123775	0.134511	0.145113	0.155571	0.165875	0.176014	0.185979	0.195759	0.205346	0.214728	0.223897	0.232844	0.24156	0.250036	0.258264	0.266235	0.273941	0.281376	0.28853	0.295398	0.301972	0.308245	0.314212	0.319866	0.325201	0.330212	0.334894	0.339242	0.343252	0.346919	0.35024	0.35321	0.355828	0.358089	0.359993	0.361536	0.362716	0.363533	0.363986	0.364073	0.363794	0.36315	0.36214	0.360766	0.359028	0.356928	0.354468	0.35165	0.348477	0.344951	0.341076	0.336855	0.332293	0.327393	0.322161	0.316601	0.310718	0.304519	0.29801	0.291196	0.284085	0.276683	0.268998	0.261037	0.252808	0.24432	0.235581	0.2266	0.217386	0.207947	0.198294	0.188437	0.178385	0.168149	0.157739	0.147165	0.13644	0.125573	0.114576	0.10346	0.0922365	0.0809176	0.0695146	0.0580395	0.0465041	0.0349204	0.0233004	0.0116563	0	
0	0.0116277	0.0232439	0.034837	0.0463955	0.057908	0.0693631	0.0807494	0.0920556	0.103271	0.114383	0.125382	0.136257	0.146997	0.157591	0.168029	0.1783	0.188394	0.198301	0.208012	0.217516	0.226804	0.235867	0.244696	0.253282	0.261617	0.269691	0.277498	0.285029	0.292276	0.299233	0.305893	0.312247	0.318292	0.324019	0.329423	0.3345	0.339242	0.343647	0.347709	0.351423	0.354787	0.357796	0.360448	0.362739	0.364667	0.36623	0.367426	0.368253	0.368712	0.3688	0.368517	0.367865	0.366842	0.36545	0.363689	0.361562	0.35907	0.356216	0.353001	0.34943	0.345504	0.341229	0.336607	0.331644	0.326344	0.320711	0.314753	0.308473	0.301879	0.294977	0.287773	0.280275	0.27249	0.264426	0.256091	0.247493	0.23864	0.229542	0.220208	0.210647	0.200869	0.190884	0.180701	0.170332	0.159787	0.149076	0.138211	0.127203	0.116063	0.104803	0.0934341	0.0819682	0.0704172	0.0587931	0.0471079	0.0353738	0.023603	0.0118076	0	
0	0.0117652	0.0235186	0.0352487	0.0469439	0.0585924	0.0701829	0.0817038	0.0931436	0.104491	0.115735	0.126864	0.137868	0.148734	0.159453	0.170014	0.180407	0.19062	0.200645	0.21047	0.220087	0.229485	0.238655	0.247588	0.256276	0.264709	0.272879	0.280778	0.288398	0.295731	0.30277	0.309508	0.315938	0.322054	0.327848	0.333317	0.338453	0.343252	0.347709	0.351818	0.355577	0.35898	0.362025	0.364708	0.367026	0.368977	0.370558	0.371768	0.372606	0.37307	0.373159	0.372873	0.372213	0.371178	0.369769	0.367988	0.365836	0.363315	0.360426	0.357174	0.35356	0.349588	0.345262	0.340586	0.335564	0.330201	0.324502	0.318473	0.312119	0.305447	0.298463	0.291175	0.283588	0.275711	0.267552	0.259118	0.250418	0.241461	0.232255	0.222811	0.213137	0.203243	0.19314	0.182837	0.172345	0.161675	0.150838	0.139845	0.128707	0.117435	0.106042	0.0945385	0.082937	0.0712495	0.059488	0.0476647	0.0357919	0.0238819	0.0119472	0	
0	0.0118908	0.0237699	0.0356253	0.0474454	0.0592184	0.0709327	0.0825766	0.0941387	0.105607	0.116971	0.12822	0.13934	0.150323	0.161157	0.171831	0.182334	0.192657	0.202788	0.212719	0.222438	0.231936	0.241204	0.250233	0.259014	0.267537	0.275794	0.283777	0.291479	0.29889	0.306005	0.312815	0.319313	0.325494	0.331351	0.336878	0.342069	0.346919	0.351423	0.355577	0.359375	0.362815	0.365893	0.368604	0.370947	0.372919	0.374517	0.37574	0.376587	0.377055	0.377145	0.376857	0.376189	0.375143	0.373719	0.371919	0.369744	0.367196	0.364277	0.36099	0.357337	0.353323	0.348951	0.344224	0.339149	0.333729	0.327969	0.321875	0.315454	0.30871	0.301652	0.294285	0.286618	0.278657	0.27041	0.261886	0.253093	0.24404	0.234737	0.225191	0.215414	0.205415	0.195203	0.18479	0.174187	0.163403	0.15245	0.141339	0.130082	0.11869	0.107175	0.0955485	0.0838231	0.0720107	0.0601235	0.0481739	0.0361743	0.0241371	0.0120748	0	
0	0.0120046	0.0239974	0.0359663	0.0478995	0.0597852	0.0716116	0.083367	0.0950397	0.106618	0.118091	0.129447	0.140674	0.151762	0.162699	0.173475	0.184079	0.194501	0.204729	0.214755	0.224567	0.234156	0.243513	0.252628	0.261493	0.270097	0.278434	0.286494	0.294269	0.301751	0.308933	0.315809	0.32237	0.32861	0.334522	0.340102	0.345343	0.35024	0.354787	0.35898	0.362815	0.366288	0.369395	0.372132	0.374498	0.376488	0.378102	0.379337	0.380191	0.380664	0.380755	0.380464	0.37979	0.378734	0.377297	0.375479	0.373283	0.370711	0.367764	0.364445	0.360758	0.356705	0.352291	0.347519	0.342395	0.336923	0.331108	0.324956	0.318473	0.311665	0.304539	0.297102	0.289361	0.281324	0.272998	0.264393	0.255516	0.246376	0.236984	0.227347	0.217476	0.207381	0.197072	0.186559	0.175854	0.164967	0.153909	0.142692	0.131327	0.119826	0.108201	0.0964631	0.0846255	0.0727	0.0606991	0.0486351	0.0365206	0.0243681	0.0121904	0	
0	0.0121065	0.0242009	0.0362713	0.0483057	0.0602922	0.072219	0.0840741	0.0958458	0.107523	0.119093	0.130545	0.141867	0.153049	0.164079	0.174947	0.185641	0.19615	0.206466	0.216576	0.226472	0.236142	0.245579	0.254771	0.263711	0.272388	0.280795	0.288924	0.296764	0.30431	0.311554	0.318487	0.325104	0.331397	0.33736	0.342987	0.348272	0.35321	0.357796	0.362025	0.365893	0.369395	0.372528	0.375289	0.377674	0.379682	0.381309	0.382554	0.383416	0.383893	0.383985	0.383691	0.383011	0.381946	0.380497	0.378664	0.376449	0.373855	0.370883	0.367536	0.363817	0.35973	0.355279	0.350467	0.345299	0.339781	0.333917	0.327713	0.321175	0.314309	0.307123	0.299622	0.291816	0.28371	0.275314	0.266635	0.257683	0.248466	0.238994	0.229275	0.219321	0.20914	0.198743	0.188142	0.177346	0.166366	0.155215	0.143902	0.132441	0.120842	0.109118	0.0972813	0.0853433	0.0733167	0.0612139	0.0490476	0.0368303	0.0245748	0.0122938	0	
0	0.0121962	0.0243802	0.0365401	0.0486637	0.060739	0.0727541	0.0846971	0.0965561	0.108319	0.119975	0.131512	0.142919	0.154183	0.165295	0.176243	0.187016	0.197604	0.207996	0.218181	0.22815	0.237892	0.247398	0.256659	0.265665	0.274407	0.282876	0.291065	0.298964	0.306566	0.313863	0.320847	0.327513	0.333853	0.33986	0.345529	0.350853	0.355828	0.360448	0.364708	0.368604	0.372132	0.375289	0.37807	0.380473	0.382495	0.384135	0.385389	0.386257	0.386738	0.38683	0.386534	0.38585	0.384777	0.383317	0.38147	0.379239	0.376626	0.373632	0.37026	0.366514	0.362396	0.357912	0.353064	0.347858	0.342299	0.336391	0.330141	0.323555	0.316638	0.309399	0.301843	0.293978	0.285813	0.277354	0.268612	0.259593	0.250308	0.240765	0.230974	0.220946	0.21069	0.200216	0.189536	0.17866	0.167599	0.156365	0.144969	0.133422	0.121738	0.109927	0.0980023	0.0859758	0.0738601	0.0616676	0.0494111	0.0371033	0.024757	0.0123849	0	
