0	0	0	0	0	0	0	0	0	0	0	0	0	0	0	0	0	0	0	0	0	0	0	0	0	0	0	0	0	0	0	0	0	0	0	0	0	0	0	0	0	0	0	0	0	0	0	0	0	0	0	0	0	0	0	0	0	0	0	0	0	0	0	0	0	0	0	0	0	0	0	0	0	0	0	0	0	0	0	0	0	0	0	0	0	0	0	0	0	0	0	0	0	0	0	0	0	0	0	0	
0	0.000879569	0.00175827	0.00263523	0.00350959	0.00438049	0.00524706	0.00610845	0.00696381	0.00781229	0.00865307	0.0094853	0.0103082	0.0111209	0.0119226	0.0127125	0.01349	0.014254	0.0150041	0.0157393	0.016459	0.0171624	0.0178489	0.0185178	0.0191684	0.0198001	0.0204123	0.0210043	0.0215755	0.0221255	0.0226537	0.0231595	0.0236424	0.024102	0.0245378	0.0249494	0.0253364	0.0256984	0.026035	0.0263459	0.0266308	0.0268895	0.0271216	0.0273269	0.0275053	0.0276565	0.0277804	0.0278769	0.0279459	0.0279874	0.0280011	0.0279873	0.0279458	0.0278768	0.0277802	0.0276562	0.0275049	0.0273265	0.0271211	0.0268889	0.0266301	0.0263451	0.026034	0.0256972	0.025335	0.0249478	0.0245359	0.0240997	0.0236397	0.0231562	0.0226498	0.0221209	0.02157	0.0209977	0.0204044	0.0197906	0.019157	0.0185041	0.0178324	0.0171426	0.0164351	0.0157105	0.0149693	0.014212	0.0134392	0.0126512	0.0118485	0.0110313	0.0101998	0.0093543	0.00849463	0.00762065	0.00673198	0.00582799	0.00490777	0.00397	0.00301296	0.00203436	0.00103128	0	
0	0.00175827	0.0035148	0.00526786	0.00701571	0.00875664	0.0104889	0.0122109	0.0139207	0.0156169	0.0172976	0.0189612	0.0206062	0.0222308	0.0238334	0.0254125	0.0269666	0.028494	0.0299933	0.031463	0.0329017	0.0343079	0.0356802	0.0370173	0.0383179	0.0395806	0.0408043	0.0419878	0.0431298	0.0442292	0.045285	0.0462961	0.0472615	0.0481802	0.0490514	0.0498742	0.0506478	0.0513714	0.0520443	0.0526658	0.0532354	0.0537524	0.0542164	0.0546268	0.0549834	0.0552857	0.0555334	0.0557263	0.0558643	0.055947	0.0559746	0.0559469	0.055864	0.055726	0.055533	0.0552851	0.0549827	0.054626	0.0542153	0.0537512	0.0532339	0.0526641	0.0520423	0.051369	0.050645	0.0498709	0.0490475	0.0481756	0.047256	0.0462896	0.0452772	0.04422	0.0431187	0.0419746	0.0407886	0.0395617	0.0382951	0.03699	0.0356473	0.0342682	0.0328539	0.0314054	0.0299238	0.02841	0.0268651	0.02529	0.0236853	0.0220517	0.0203896	0.0186994	0.0169809	0.0152338	0.0134573	0.0116502	0.00981068	0.00793607	0.00602293	0.00406671	0.00206155	0	
0	0.00263523	0.00526786	0.00789528	0.0105149	0.0131241	0.0157204	0.0183012	0.0208639	0.023406	0.025925	0.0284184	0.0308838	0.0333187	0.0357207	0.0380874	0.0404166	0.0427058	0.0449529	0.0471557	0.0493119	0.0514194	0.0534762	0.0554802	0.0574295	0.0593221	0.0611561	0.0629298	0.0646414	0.0662892	0.0678715	0.0693869	0.0708338	0.0722108	0.0735166	0.0747497	0.0759091	0.0769936	0.0780022	0.0789337	0.0797873	0.0805622	0.0812576	0.0818728	0.0824072	0.0828603	0.0832315	0.0835207	0.0837274	0.0838515	0.0838928	0.0838513	0.0837271	0.0835202	0.0832309	0.0828594	0.0824061	0.0818715	0.0812561	0.0805604	0.0797851	0.0789311	0.0779991	0.0769901	0.0759049	0.0747448	0.0735107	0.0722039	0.0708256	0.0693772	0.0678599	0.0662753	0.0646249	0.0629101	0.0611325	0.0592937	0.0573954	0.0554393	0.0534269	0.05136	0.0492403	0.0470693	0.0448487	0.0425799	0.0402645	0.0379037	0.0354986	0.0330503	0.0305592	0.028026	0.0254503	0.0228318	0.0201693	0.017461	0.0147039	0.0118943	0.00902696	0.00609504	0.00308977	0	
0	0.00350959	0.00701571	0.0105149	0.0140037	0.0174787	0.0209364	0.0243735	0.0277865	0.031172	0.0345268	0.0378476	0.0411309	0.0443737	0.0475727	0.0507247	0.0538266	0.0568755	0.0598682	0.0628018	0.0656734	0.0684802	0.0712194	0.0738884	0.0764844	0.0790049	0.0814475	0.0838097	0.0860892	0.0882837	0.0903911	0.0924093	0.0943362	0.0961701	0.0979091	0.0995514	0.101096	0.10254	0.103883	0.105124	0.10626	0.107292	0.108219	0.109038	0.10975	0.110353	0.110847	0.111233	0.111508	0.111673	0.111728	0.111673	0.111507	0.111232	0.110847	0.110352	0.109748	0.109036	0.108217	0.10729	0.106258	0.10512	0.103879	0.102535	0.10109	0.0995449	0.0979013	0.0961609	0.0943253	0.0923963	0.0903756	0.0882653	0.0860672	0.0837834	0.081416	0.0789672	0.076439	0.0738338	0.0711538	0.0684011	0.065578	0.0626867	0.0597293	0.0567078	0.0536242	0.05048	0.047277	0.0440162	0.0406987	0.0373249	0.0338947	0.0304074	0.0268615	0.0232545	0.0195826	0.0158408	0.0120221	0.00811736	0.00411495	0	
0	0.00438049	0.00875664	0.0131241	0.0174787	0.021816	0.0261317	0.0304217	0.0346816	0.0389073	0.0430946	0.0472393	0.0513374	0.0553849	0.0593777	0.0633119	0.0671836	0.0709889	0.0747243	0.0783859	0.0819701	0.0854734	0.0888924	0.0922236	0.0954638	0.0986098	0.101658	0.104607	0.107452	0.110191	0.112821	0.11534	0.117746	0.120034	0.122205	0.124255	0.126182	0.127985	0.129661	0.13121	0.132629	0.133917	0.135073	0.136095	0.136984	0.137737	0.138354	0.138835	0.139178	0.139384	0.139453	0.139384	0.139178	0.138834	0.138353	0.137735	0.136982	0.136093	0.13507	0.133914	0.132625	0.131206	0.129656	0.127979	0.126175	0.124247	0.122195	0.120023	0.117732	0.115324	0.112802	0.110168	0.107425	0.104574	0.101619	0.0985627	0.0954072	0.0921555	0.0888104	0.0853746	0.081851	0.0782423	0.074551	0.0707797	0.0669308	0.0630065	0.0590086	0.0549387	0.050798	0.0465869	0.0423055	0.0379529	0.0335271	0.029025	0.024442	0.0197717	0.0150053	0.0101317	0.00513607	0	
0	0.00524706	0.0104889	0.0157204	0.0209364	0.0261317	0.0313012	0.0364399	0.0415425	0.0466041	0.0516198	0.0565845	0.0614933	0.0663414	0.0711241	0.0758365	0.0804742	0.0850324	0.0895066	0.0938926	0.0981858	0.102382	0.106478	0.110468	0.114349	0.118117	0.121769	0.125301	0.128709	0.13199	0.13514	0.138158	0.141039	0.14378	0.14638	0.148836	0.151144	0.153304	0.155312	0.157166	0.158866	0.160409	0.161794	0.163018	0.164083	0.164985	0.165724	0.1663	0.166711	0.166958	0.167041	0.166958	0.166711	0.166299	0.165723	0.164983	0.16408	0.163016	0.161791	0.160405	0.158862	0.157161	0.155306	0.153296	0.151136	0.148826	0.146369	0.143767	0.141022	0.138138	0.135117	0.131962	0.128676	0.125261	0.121722	0.118061	0.114281	0.110386	0.106379	0.102264	0.0980433	0.0937206	0.0892991	0.0847818	0.0801715	0.0754708	0.070682	0.065807	0.0608471	0.055803	0.0506747	0.0454609	0.0401596	0.0347669	0.0292773	0.023683	0.0179738	0.012136	0.00615211	0	
0	0.00610845	0.0122109	0.0183012	0.0243735	0.0304217	0.0364399	0.0424221	0.0483624	0.054255	0.060094	0.0658737	0.0715884	0.0772325	0.0828003	0.0882864	0.0936853	0.0989918	0.104201	0.109307	0.114305	0.11919	0.123958	0.128603	0.133121	0.137508	0.14176	0.145871	0.149838	0.153658	0.157326	0.160838	0.164192	0.167384	0.170411	0.173269	0.175957	0.178471	0.180809	0.182968	0.184947	0.186743	0.188355	0.189781	0.191019	0.19207	0.19293	0.1936	0.19408	0.194367	0.194463	0.194367	0.194079	0.193599	0.192929	0.192068	0.191017	0.189778	0.188351	0.186739	0.184942	0.182962	0.180802	0.178463	0.175947	0.173258	0.170397	0.167368	0.164173	0.160816	0.157299	0.153626	0.1498	0.145825	0.141705	0.137443	0.133042	0.128508	0.123843	0.119052	0.114139	0.109106	0.103959	0.0987001	0.093333	0.0878606	0.0822857	0.0766103	0.0708362	0.064964	0.0589938	0.0529241	0.0467525	0.0404744	0.0340836	0.027571	0.0209245	0.0141283	0.00716209	0	
0	0.00696381	0.0139207	0.0208639	0.0277865	0.0346816	0.0415425	0.0483624	0.0551345	0.0618522	0.0685089	0.075098	0.0816129	0.0880473	0.0943947	0.100649	0.106804	0.112854	0.118792	0.124613	0.130311	0.13588	0.141315	0.146611	0.151762	0.156763	0.16161	0.166297	0.17082	0.175175	0.179356	0.183361	0.187184	0.190823	0.194273	0.197532	0.200596	0.203462	0.206127	0.208589	0.210845	0.212892	0.21473	0.216356	0.217768	0.218965	0.219946	0.22071	0.221256	0.221584	0.221694	0.221584	0.221256	0.220709	0.219944	0.218963	0.217765	0.216352	0.214726	0.212887	0.210839	0.208582	0.206119	0.203453	0.200585	0.197519	0.194258	0.190805	0.187163	0.183335	0.179325	0.175138	0.170777	0.166245	0.161548	0.156688	0.151672	0.146503	0.141185	0.135723	0.130121	0.124384	0.118516	0.112521	0.106402	0.100164	0.0938081	0.087338	0.0807553	0.0740609	0.0672546	0.060335	0.0532992	0.0461421	0.0388563	0.0314317	0.0238545	0.0161067	0.00816499	0	
0	0.00781229	0.0156169	0.023406	0.031172	0.0389073	0.0466041	0.054255	0.0618522	0.0693885	0.0768562	0.0842481	0.0915568	0.0987751	0.105896	0.112912	0.119817	0.126604	0.133266	0.139796	0.146188	0.152436	0.158533	0.164474	0.170253	0.175864	0.181301	0.186559	0.191633	0.196518	0.201209	0.205702	0.209991	0.214073	0.217944	0.2216	0.225037	0.228252	0.231242	0.234004	0.236534	0.238832	0.240893	0.242717	0.244301	0.245644	0.246745	0.247602	0.248215	0.248583	0.248705	0.248582	0.248214	0.247601	0.246743	0.245642	0.244298	0.242713	0.240889	0.238826	0.236528	0.233996	0.231233	0.228242	0.225025	0.221585	0.217927	0.214053	0.209967	0.205673	0.201175	0.196477	0.191584	0.186501	0.181231	0.17578	0.170152	0.164353	0.158387	0.15226	0.145976	0.13954	0.132957	0.126231	0.119367	0.112368	0.105238	0.0979795	0.0905948	0.0830847	0.0754491	0.0676864	0.0597933	0.0517641	0.0435907	0.0352614	0.026761	0.0180691	0.00915983	0	
0	0.00865307	0.0172976	0.025925	0.0345268	0.0430946	0.0516198	0.060094	0.0685089	0.0768562	0.0851276	0.093315	0.10141	0.109406	0.117293	0.125064	0.132712	0.140229	0.147608	0.154841	0.161921	0.168841	0.175595	0.182176	0.188576	0.194791	0.200813	0.206637	0.212257	0.217668	0.222864	0.22784	0.232591	0.237112	0.2414	0.245449	0.249256	0.252817	0.256129	0.259188	0.261991	0.264535	0.266819	0.268839	0.270593	0.272081	0.2733	0.27425	0.274928	0.275336	0.275471	0.275335	0.274927	0.274248	0.273298	0.272078	0.27059	0.268834	0.266813	0.264529	0.261984	0.259179	0.256119	0.252806	0.249243	0.245433	0.241381	0.23709	0.232564	0.227808	0.222826	0.217623	0.212203	0.206572	0.200735	0.194698	0.188464	0.182041	0.175433	0.168646	0.161686	0.154557	0.147266	0.139816	0.132213	0.124461	0.116564	0.108524	0.100345	0.0920265	0.0835691	0.074971	0.0662284	0.0573351	0.048282	0.0390564	0.0296411	0.0200138	0.0101456	0	
0	0.0094853	0.0189612	0.0284184	0.0378476	0.0472393	0.0565845	0.0658737	0.075098	0.0842481	0.093315	0.10229	0.111164	0.119928	0.128574	0.137093	0.145476	0.153716	0.161805	0.169733	0.177494	0.18508	0.192484	0.199697	0.206713	0.213525	0.220127	0.226511	0.232672	0.238603	0.244298	0.249753	0.254961	0.259917	0.264617	0.269056	0.273229	0.277133	0.280763	0.284116	0.287188	0.289978	0.292481	0.294695	0.296618	0.298249	0.299586	0.300626	0.30137	0.301817	0.301966	0.301817	0.301369	0.300625	0.299583	0.298246	0.296615	0.29469	0.292475	0.289971	0.287181	0.284107	0.280752	0.27712	0.273214	0.269038	0.264596	0.259893	0.254932	0.249718	0.244257	0.238553	0.232612	0.22644	0.220042	0.213423	0.206591	0.19955	0.192306	0.184867	0.177237	0.169422	0.16143	0.153263	0.144929	0.136432	0.127775	0.118962	0.109996	0.100877	0.0916066	0.0821816	0.0725981	0.0628495	0.0529257	0.0428127	0.0324919	0.0219387	0.0111214	0	
0	0.0103082	0.0206062	0.0308838	0.0411309	0.0513374	0.0614933	0.0715884	0.0816129	0.0915568	0.10141	0.111164	0.120807	0.130332	0.139728	0.148986	0.158097	0.167052	0.175842	0.184458	0.192892	0.201136	0.209182	0.217021	0.224646	0.232049	0.239223	0.246161	0.252857	0.259302	0.265492	0.27142	0.277079	0.282466	0.287573	0.292397	0.296933	0.301175	0.30512	0.308764	0.312103	0.315134	0.317854	0.32026	0.322351	0.324123	0.325575	0.326706	0.327515	0.328	0.328162	0.328	0.327514	0.326705	0.325573	0.32412	0.322347	0.320255	0.317848	0.315127	0.312094	0.308754	0.305108	0.301161	0.296916	0.292378	0.287551	0.282439	0.277047	0.271382	0.265447	0.259248	0.252792	0.246084	0.239131	0.231938	0.224513	0.216861	0.208989	0.200904	0.192612	0.18412	0.175434	0.166559	0.157502	0.148267	0.13886	0.129282	0.119538	0.109629	0.0995538	0.0893111	0.0788962	0.0683019	0.0575171	0.0465269	0.0353107	0.0238419	0.0120862	0	
0	0.0111209	0.0222308	0.0333187	0.0443737	0.0553849	0.0663414	0.0772325	0.0880473	0.0987751	0.109406	0.119928	0.130332	0.140607	0.150744	0.160732	0.170561	0.180222	0.189705	0.199001	0.2081	0.216994	0.225674	0.234131	0.242357	0.250344	0.258084	0.265569	0.272792	0.279746	0.286423	0.292818	0.298924	0.304735	0.310246	0.31545	0.320343	0.324919	0.329175	0.333107	0.336709	0.339979	0.342914	0.34551	0.347765	0.349677	0.351244	0.352464	0.353336	0.35386	0.354034	0.353859	0.353335	0.352462	0.351241	0.349673	0.347761	0.345505	0.342907	0.339971	0.3367	0.333096	0.329163	0.324905	0.320325	0.315429	0.310221	0.304706	0.29889	0.292777	0.286375	0.279688	0.272722	0.265486	0.257984	0.250224	0.242213	0.233958	0.225466	0.216744	0.207798	0.198636	0.189265	0.179691	0.16992	0.159957	0.149807	0.139475	0.128963	0.118272	0.107403	0.0963524	0.0851164	0.0736868	0.0620518	0.0501951	0.0380946	0.0257216	0.0130391	0	
0	0.0119226	0.0238334	0.0357207	0.0475727	0.0593777	0.0711241	0.0828003	0.0943947	0.105896	0.117293	0.128574	0.139728	0.150744	0.161611	0.172319	0.182857	0.193214	0.203381	0.213347	0.223102	0.232638	0.241943	0.25101	0.259829	0.268392	0.276689	0.284714	0.292458	0.299913	0.307072	0.313928	0.320474	0.326704	0.332612	0.338191	0.343437	0.348343	0.352906	0.357121	0.360983	0.364489	0.367635	0.370418	0.372836	0.374886	0.376566	0.377874	0.378809	0.37937	0.379557	0.37937	0.378808	0.377872	0.376563	0.374882	0.372831	0.370413	0.367628	0.364481	0.360973	0.357109	0.352893	0.348327	0.343418	0.338169	0.332586	0.326673	0.320438	0.313884	0.30702	0.299851	0.292383	0.284625	0.276583	0.268264	0.259675	0.250825	0.24172	0.232369	0.222779	0.212956	0.20291	0.192645	0.18217	0.171488	0.160607	0.14953	0.13826	0.126798	0.115145	0.103299	0.0912526	0.078999	0.0665252	0.0538137	0.0408409	0.027576	0.0139791	0	
0	0.0127125	0.0254125	0.0380874	0.0507247	0.0633119	0.0758365	0.0882864	0.100649	0.112912	0.125064	0.137093	0.148986	0.160732	0.172319	0.183737	0.194973	0.206016	0.216856	0.227483	0.237884	0.248051	0.257974	0.267641	0.277044	0.286174	0.295022	0.303578	0.311835	0.319784	0.327418	0.334728	0.341708	0.348351	0.35465	0.360599	0.366192	0.371424	0.376289	0.380783	0.384901	0.388639	0.391993	0.394961	0.397539	0.399725	0.401516	0.402911	0.403908	0.404506	0.404706	0.404506	0.403906	0.402908	0.401513	0.399721	0.397534	0.394955	0.391986	0.38863	0.38489	0.38077	0.376274	0.371407	0.366172	0.360575	0.354622	0.348318	0.341669	0.334681	0.327362	0.319718	0.311756	0.303483	0.294908	0.286038	0.27688	0.267444	0.257736	0.247765	0.237539	0.227066	0.216354	0.205409	0.19424	0.182851	0.171249	0.159437	0.147421	0.1352	0.122775	0.110143	0.0972988	0.0842333	0.070933	0.0573793	0.0435469	0.0294031	0.0149054	0	
0	0.01349	0.0269666	0.0404166	0.0538266	0.0671836	0.0804742	0.0936853	0.106804	0.119817	0.132712	0.145476	0.158097	0.170561	0.182857	0.194973	0.206896	0.218615	0.230118	0.241394	0.252432	0.26322	0.273749	0.284008	0.293987	0.303675	0.313063	0.322143	0.330905	0.33934	0.34744	0.355198	0.362604	0.369653	0.376338	0.38265	0.388586	0.394137	0.3993	0.404069	0.408438	0.412405	0.415965	0.419114	0.42185	0.424169	0.42607	0.42755	0.428608	0.429243	0.429455	0.429242	0.428606	0.427547	0.426066	0.424165	0.421844	0.419108	0.415957	0.412396	0.408427	0.404056	0.399285	0.394119	0.388564	0.382625	0.376308	0.369618	0.362563	0.355148	0.347381	0.33927	0.330821	0.322042	0.312943	0.30353	0.293812	0.283799	0.273497	0.262917	0.252066	0.240952	0.229585	0.217971	0.206118	0.194033	0.181721	0.169187	0.156436	0.143468	0.130283	0.116878	0.103249	0.0893844	0.0752708	0.0608882	0.0462099	0.0312012	0.0158169	0	
0	0.014254	0.028494	0.0427058	0.0568755	0.0709889	0.0850324	0.0989918	0.112854	0.126604	0.140229	0.153716	0.167052	0.180222	0.193214	0.206016	0.218615	0.230997	0.243152	0.255067	0.26673	0.27813	0.289255	0.300095	0.310638	0.320875	0.330796	0.34039	0.349648	0.358561	0.36712	0.375317	0.383143	0.390591	0.397654	0.404324	0.410596	0.416462	0.421917	0.426956	0.431573	0.435764	0.439526	0.442853	0.445744	0.448195	0.450203	0.451767	0.452885	0.453556	0.45378	0.453555	0.452883	0.451764	0.4502	0.44819	0.445738	0.442847	0.439518	0.435755	0.431561	0.426942	0.421901	0.416443	0.410573	0.404298	0.397623	0.390554	0.383099	0.375264	0.367058	0.358486	0.349559	0.340283	0.330668	0.320722	0.310455	0.299874	0.288989	0.277809	0.266343	0.2546	0.242589	0.230317	0.217793	0.205023	0.192014	0.178771	0.165297	0.151594	0.137662	0.123499	0.109097	0.0944473	0.0795343	0.064337	0.0488274	0.0329684	0.0167128	0	
0	0.0150041	0.0299933	0.0449529	0.0598682	0.0747243	0.0895066	0.104201	0.118792	0.133266	0.147608	0.161805	0.175842	0.189705	0.203381	0.216856	0.230118	0.243152	0.255946	0.268488	0.280765	0.292764	0.304475	0.315885	0.326984	0.337759	0.348202	0.358301	0.368046	0.377428	0.386437	0.395065	0.403303	0.411144	0.418578	0.425599	0.432201	0.438375	0.444118	0.449421	0.454282	0.458694	0.462653	0.466156	0.469198	0.471778	0.473892	0.475538	0.476715	0.477422	0.477657	0.477421	0.476714	0.475536	0.473888	0.471773	0.469193	0.466149	0.462644	0.458684	0.45427	0.449407	0.444101	0.438355	0.432177	0.425572	0.418545	0.411105	0.403257	0.39501	0.386372	0.37735	0.367952	0.358189	0.348068	0.337598	0.32679	0.315653	0.304195	0.292427	0.280358	0.267997	0.255353	0.242436	0.229253	0.215811	0.202117	0.188177	0.173994	0.159571	0.144906	0.129997	0.114838	0.099417	0.0837192	0.0677223	0.0513966	0.0347032	0.0175922	0	
0	0.0157393	0.031463	0.0471557	0.0628018	0.0783859	0.0938926	0.109307	0.124613	0.139796	0.154841	0.169733	0.184458	0.199001	0.213347	0.227483	0.241394	0.255067	0.268488	0.281644	0.294523	0.30711	0.319395	0.331364	0.343006	0.35431	0.365264	0.375858	0.386081	0.395922	0.405373	0.414424	0.423066	0.43129	0.439089	0.446454	0.453379	0.459856	0.46588	0.471444	0.476542	0.48117	0.485324	0.488998	0.49219	0.494896	0.497113	0.49884	0.500075	0.500816	0.501063	0.500815	0.500073	0.498838	0.49711	0.494891	0.492184	0.488991	0.485315	0.48116	0.476529	0.471429	0.465862	0.459835	0.453354	0.446425	0.439054	0.431249	0.423017	0.414366	0.405304	0.39584	0.385982	0.37574	0.365123	0.354141	0.342803	0.33112	0.319101	0.306756	0.294096	0.281129	0.267866	0.254316	0.240486	0.226386	0.212021	0.197398	0.18252	0.16739	0.152006	0.136367	0.120465	0.104289	0.0878216	0.0710408	0.0539151	0.0364037	0.0184542	0	
0	0.016459	0.0329017	0.0493119	0.0656734	0.0819701	0.0981858	0.114305	0.130311	0.146188	0.161921	0.177494	0.192892	0.2081	0.223102	0.237884	0.252432	0.26673	0.280765	0.294523	0.30799	0.321153	0.333999	0.346516	0.35869	0.370511	0.381966	0.393044	0.403734	0.414026	0.423909	0.433374	0.442411	0.451011	0.459166	0.466869	0.47411	0.480884	0.487183	0.493001	0.498332	0.503172	0.507515	0.511358	0.514695	0.517525	0.519844	0.52165	0.522941	0.523716	0.523974	0.523715	0.522939	0.521647	0.51984	0.51752	0.514689	0.51135	0.507506	0.503161	0.498319	0.492985	0.487164	0.480862	0.474084	0.466838	0.45913	0.450968	0.44236	0.433313	0.423837	0.41394	0.403632	0.392921	0.381819	0.370334	0.358478	0.346261	0.333692	0.320783	0.307543	0.293984	0.280114	0.265944	0.251483	0.236738	0.221716	0.206424	0.190866	0.175044	0.158957	0.142602	0.125973	0.109057	0.0918373	0.0742892	0.0563804	0.0380683	0.019298	0	
0	0.0171624	0.0343079	0.0514194	0.0684802	0.0854734	0.102382	0.11919	0.13588	0.152436	0.168841	0.18508	0.201136	0.216994	0.232638	0.248051	0.26322	0.27813	0.292764	0.30711	0.321153	0.334879	0.348274	0.361326	0.374021	0.386346	0.398291	0.409842	0.420989	0.431721	0.442026	0.451896	0.461319	0.470287	0.478791	0.486822	0.494373	0.501436	0.508004	0.514071	0.519631	0.524677	0.529206	0.533213	0.536693	0.539644	0.542062	0.543945	0.545291	0.546099	0.546368	0.546098	0.545289	0.543942	0.542058	0.539638	0.536686	0.533204	0.529196	0.524665	0.519617	0.514055	0.507985	0.501413	0.494346	0.48679	0.478753	0.470242	0.461266	0.451833	0.441952	0.431632	0.420883	0.409714	0.398138	0.386162	0.373799	0.361059	0.347954	0.334493	0.320687	0.306548	0.292086	0.277311	0.262231	0.246856	0.231192	0.215247	0.199023	0.182525	0.165751	0.148697	0.131357	0.113718	0.0957624	0.0774643	0.0587901	0.0396953	0.0201228	0	
0	0.0178489	0.0356802	0.0534762	0.0712194	0.0888924	0.106478	0.123958	0.141315	0.158533	0.175595	0.192484	0.209182	0.225674	0.241943	0.257974	0.273749	0.289255	0.304475	0.319395	0.333999	0.348274	0.362205	0.375779	0.388982	0.4018	0.414223	0.426236	0.437829	0.44899	0.459708	0.469972	0.479772	0.489099	0.497943	0.506295	0.514148	0.521494	0.528325	0.534634	0.540416	0.545664	0.550375	0.554541	0.558161	0.56123	0.563744	0.565703	0.567103	0.567943	0.568223	0.567942	0.567101	0.5657	0.56374	0.561224	0.558154	0.554533	0.550364	0.545652	0.540402	0.534617	0.528305	0.52147	0.51412	0.506262	0.497904	0.489052	0.479717	0.469906	0.45963	0.448897	0.437718	0.426103	0.414063	0.401609	0.388751	0.375502	0.361872	0.347872	0.333515	0.31881	0.30377	0.288403	0.27272	0.25673	0.24044	0.223857	0.206985	0.189826	0.172381	0.154645	0.136612	0.118267	0.0995929	0.0805629	0.0611417	0.0412831	0.0209278	0	
0	0.0185178	0.0370173	0.0554802	0.0738884	0.0922236	0.110468	0.128603	0.146611	0.164474	0.182176	0.199697	0.217021	0.234131	0.25101	0.267641	0.284008	0.300095	0.315885	0.331364	0.346516	0.361326	0.375779	0.389861	0.403559	0.416858	0.429746	0.442209	0.454237	0.465816	0.476935	0.487584	0.497751	0.507428	0.516603	0.525269	0.533416	0.541037	0.548124	0.55467	0.560668	0.566113	0.571	0.575323	0.579078	0.582262	0.584871	0.586903	0.588355	0.589227	0.589518	0.589226	0.588353	0.586899	0.584866	0.582256	0.579071	0.575314	0.570989	0.566101	0.560653	0.554652	0.548103	0.541012	0.533387	0.525234	0.516562	0.50738	0.497694	0.487516	0.476854	0.465719	0.454122	0.442071	0.42958	0.416659	0.40332	0.389574	0.375433	0.360909	0.346013	0.330758	0.315154	0.299211	0.282941	0.266351	0.249451	0.232246	0.214741	0.19694	0.178841	0.160441	0.141731	0.122699	0.103325	0.083582	0.063433	0.0428302	0.021712	0	
0	0.0191684	0.0383179	0.0574295	0.0764844	0.0954638	0.114349	0.133121	0.151762	0.170253	0.188576	0.206713	0.224646	0.242357	0.259829	0.277044	0.293987	0.310638	0.326984	0.343006	0.35869	0.374021	0.388982	0.403559	0.417737	0.431504	0.444845	0.457746	0.470196	0.482182	0.493692	0.504715	0.51524	0.525256	0.534754	0.543724	0.552157	0.560046	0.567382	0.574158	0.580367	0.586003	0.591062	0.595536	0.599424	0.602719	0.60542	0.607523	0.609027	0.609929	0.61023	0.609928	0.609025	0.60752	0.605415	0.602713	0.599416	0.595527	0.591051	0.58599	0.580351	0.574139	0.56736	0.56002	0.552127	0.543688	0.534712	0.525206	0.515181	0.504645	0.493608	0.482082	0.470077	0.457603	0.444673	0.431298	0.41749	0.403261	0.388624	0.373589	0.35817	0.342379	0.326226	0.309724	0.292882	0.275709	0.258215	0.240406	0.222286	0.203859	0.185124	0.166078	0.146711	0.12701	0.106955	0.0865186	0.0656617	0.0443351	0.0224749	0	
0	0.0198001	0.0395806	0.0593221	0.0790049	0.0986098	0.118117	0.137508	0.156763	0.175864	0.194791	0.213525	0.232049	0.250344	0.268392	0.286174	0.303675	0.320875	0.337759	0.35431	0.370511	0.386346	0.4018	0.416858	0.431504	0.445724	0.459504	0.472831	0.485691	0.498072	0.509962	0.521348	0.532219	0.542566	0.552376	0.561642	0.570354	0.578502	0.58608	0.593079	0.599493	0.605315	0.61054	0.615162	0.619178	0.622582	0.625372	0.627544	0.629097	0.63003	0.63034	0.630028	0.629095	0.627541	0.625367	0.622576	0.61917	0.615153	0.610529	0.605302	0.599477	0.59306	0.586057	0.578476	0.570323	0.561605	0.552333	0.542514	0.532158	0.521275	0.509875	0.497969	0.485568	0.472684	0.459328	0.445512	0.431249	0.416551	0.401431	0.385901	0.369974	0.353662	0.336977	0.319931	0.302533	0.284795	0.266724	0.248328	0.229612	0.210577	0.191225	0.171551	0.151546	0.131196	0.11048	0.0893698	0.0678256	0.0457961	0.0232155	0	
0	0.0204123	0.0408043	0.0611561	0.0814475	0.101658	0.121769	0.14176	0.16161	0.181301	0.200813	0.220127	0.239223	0.258084	0.276689	0.295022	0.313063	0.330796	0.348202	0.365264	0.381966	0.398291	0.414223	0.429746	0.444845	0.459504	0.473711	0.48745	0.500707	0.513471	0.525728	0.537466	0.548674	0.55934	0.569454	0.579006	0.587987	0.596387	0.604199	0.611415	0.618027	0.624029	0.629416	0.634181	0.638321	0.64183	0.644706	0.646946	0.648547	0.649508	0.649828	0.649507	0.648545	0.646942	0.644701	0.641824	0.638313	0.634172	0.629404	0.624016	0.618011	0.611396	0.604176	0.59636	0.587955	0.578969	0.569409	0.559287	0.548611	0.537391	0.525639	0.513365	0.500581	0.487298	0.473529	0.459286	0.444582	0.429429	0.413842	0.397832	0.381412	0.364596	0.347395	0.329822	0.311887	0.2936	0.274971	0.256006	0.23671	0.217088	0.197137	0.176854	0.156231	0.135252	0.113896	0.0921329	0.0699225	0.047212	0.0239333	0	
0	0.0210043	0.0419878	0.0629298	0.0838097	0.104607	0.125301	0.145871	0.166297	0.186559	0.206637	0.226511	0.246161	0.265569	0.284714	0.303578	0.322143	0.34039	0.358301	0.375858	0.393044	0.409842	0.426236	0.442209	0.457746	0.472831	0.48745	0.501587	0.515229	0.528363	0.540976	0.553054	0.564587	0.575562	0.58597	0.595799	0.60504	0.613684	0.621723	0.629148	0.635952	0.642128	0.647671	0.652574	0.656834	0.660445	0.663404	0.665709	0.667356	0.668346	0.668675	0.668344	0.667354	0.665705	0.663399	0.660438	0.656825	0.652564	0.647659	0.642114	0.635935	0.629128	0.621699	0.613656	0.605007	0.59576	0.585924	0.575508	0.564522	0.552977	0.540884	0.528254	0.515099	0.501431	0.487262	0.472606	0.457476	0.441884	0.425844	0.40937	0.392474	0.37517	0.357471	0.339388	0.320932	0.302115	0.282946	0.263431	0.243576	0.223384	0.202855	0.181984	0.160762	0.139175	0.117199	0.094805	0.0719505	0.0485813	0.0246274	0	
0	0.0215755	0.0431298	0.0646414	0.0860892	0.107452	0.128709	0.149838	0.17082	0.191633	0.212257	0.232672	0.252857	0.272792	0.292458	0.311835	0.330905	0.349648	0.368046	0.386081	0.403734	0.420989	0.437829	0.454237	0.470196	0.485691	0.500707	0.515229	0.529243	0.542734	0.555689	0.568096	0.579943	0.591217	0.601907	0.612004	0.621496	0.630375	0.638633	0.646259	0.653248	0.659593	0.665286	0.670323	0.674698	0.678408	0.681448	0.683815	0.685507	0.686523	0.686862	0.686522	0.685505	0.683811	0.681442	0.678401	0.67469	0.670313	0.665274	0.659578	0.653231	0.646239	0.638608	0.630347	0.621463	0.611964	0.60186	0.591161	0.579876	0.568017	0.555595	0.542622	0.529109	0.515069	0.500515	0.48546	0.469918	0.453902	0.437427	0.420504	0.403149	0.385375	0.367194	0.348619	0.329661	0.310332	0.290641	0.270595	0.250201	0.22946	0.208372	0.186933	0.165134	0.14296	0.120387	0.0973835	0.0739074	0.0499026	0.0252972	0	
0	0.0221255	0.0442292	0.0662892	0.0882837	0.110191	0.13199	0.153658	0.175175	0.196518	0.217668	0.238603	0.259302	0.279746	0.299913	0.319784	0.33934	0.358561	0.377428	0.395922	0.414026	0.431721	0.44899	0.465816	0.482182	0.498072	0.513471	0.528363	0.542734	0.556569	0.569854	0.582578	0.594726	0.606287	0.61725	0.627604	0.637339	0.646444	0.654912	0.662733	0.669901	0.676407	0.682245	0.68741	0.691897	0.695701	0.698819	0.701246	0.702982	0.704024	0.704371	0.704022	0.702979	0.701242	0.698813	0.695694	0.691889	0.6874	0.682233	0.676392	0.669883	0.662712	0.654887	0.646415	0.637304	0.627564	0.617202	0.60623	0.594658	0.582497	0.569758	0.556454	0.542596	0.528198	0.513274	0.497835	0.481897	0.465473	0.448577	0.431223	0.413426	0.395198	0.376554	0.357505	0.338065	0.318243	0.29805	0.277493	0.256579	0.235309	0.213684	0.191699	0.169344	0.146604	0.123456	0.099866	0.0757914	0.0511747	0.0259421	0	
0	0.0226537	0.045285	0.0678715	0.0903911	0.112821	0.13514	0.157326	0.179356	0.201209	0.222864	0.244298	0.265492	0.286423	0.307072	0.327418	0.34744	0.36712	0.386437	0.405373	0.423909	0.442026	0.459708	0.476935	0.493692	0.509962	0.525728	0.540976	0.555689	0.569854	0.583457	0.596484	0.608922	0.62076	0.631985	0.642586	0.652553	0.661876	0.670545	0.678553	0.685892	0.692553	0.698531	0.703819	0.708413	0.712308	0.7155	0.717986	0.719763	0.720829	0.721185	0.720828	0.71976	0.717982	0.715494	0.712301	0.708405	0.703809	0.698518	0.692538	0.685873	0.678532	0.67052	0.661846	0.652517	0.642544	0.631935	0.620701	0.608853	0.596401	0.583359	0.569737	0.555548	0.540807	0.525526	0.509719	0.4934	0.476584	0.459285	0.441517	0.423295	0.404632	0.385542	0.366039	0.346135	0.32584	0.305165	0.284117	0.262703	0.240926	0.218784	0.196275	0.173386	0.150104	0.126403	0.10225	0.0776006	0.0523963	0.0265614	0	
0	0.0231595	0.0462961	0.0693869	0.0924093	0.11534	0.138158	0.160838	0.183361	0.205702	0.22784	0.249753	0.27142	0.292818	0.313928	0.334728	0.355198	0.375317	0.395065	0.414424	0.433374	0.451896	0.469972	0.487584	0.504715	0.521348	0.537466	0.553054	0.568096	0.582578	0.596484	0.609802	0.622518	0.63462	0.646095	0.656933	0.667122	0.676653	0.685517	0.693703	0.701206	0.708016	0.714127	0.719534	0.72423	0.728212	0.731475	0.734016	0.735833	0.736923	0.737287	0.736922	0.73583	0.734012	0.73147	0.728205	0.724221	0.719523	0.714114	0.708	0.701187	0.693682	0.685491	0.676623	0.667086	0.65689	0.646045	0.63456	0.622447	0.609717	0.596383	0.582457	0.567952	0.552882	0.537259	0.5211	0.504417	0.487225	0.46954	0.451375	0.432746	0.413666	0.394151	0.374212	0.353863	0.333115	0.311978	0.290461	0.268569	0.246305	0.223669	0.200657	0.177258	0.153455	0.129225	0.104533	0.0793332	0.0535662	0.0271544	0	
0	0.0236424	0.0472615	0.0708338	0.0943362	0.117746	0.141039	0.164192	0.187184	0.209991	0.232591	0.254961	0.277079	0.298924	0.320474	0.341708	0.362604	0.383143	0.403303	0.423066	0.442411	0.461319	0.479772	0.497751	0.51524	0.532219	0.548674	0.564587	0.579943	0.594726	0.608922	0.622518	0.635499	0.647853	0.659568	0.670632	0.681034	0.690764	0.699812	0.708169	0.715828	0.72278	0.729019	0.734538	0.739332	0.743397	0.746728	0.749322	0.751177	0.75229	0.752661	0.752289	0.751174	0.749318	0.746723	0.74339	0.739323	0.734527	0.729005	0.722764	0.715809	0.708147	0.699785	0.690732	0.680997	0.670588	0.659517	0.647792	0.635427	0.622432	0.60882	0.594603	0.579796	0.564411	0.548463	0.531966	0.514935	0.497385	0.479331	0.460787	0.44177	0.422292	0.40237	0.382015	0.361242	0.340061	0.318484	0.296518	0.274169	0.251441	0.228333	0.204841	0.180954	0.156655	0.13192	0.106713	0.0809876	0.0546832	0.0277207	0	
0	0.024102	0.0481802	0.0722108	0.0961701	0.120034	0.14378	0.167384	0.190823	0.214073	0.237112	0.259917	0.282466	0.304735	0.326704	0.348351	0.369653	0.390591	0.411144	0.43129	0.451011	0.470287	0.489099	0.507428	0.525256	0.542566	0.55934	0.575562	0.591217	0.606287	0.62076	0.63462	0.647853	0.660448	0.67239	0.683669	0.694273	0.704192	0.713416	0.721936	0.729743	0.736831	0.743191	0.748817	0.753705	0.757849	0.761245	0.763889	0.76578	0.766915	0.767293	0.766913	0.765777	0.763885	0.761239	0.757841	0.753696	0.748806	0.743177	0.736814	0.729724	0.721913	0.713389	0.70416	0.694235	0.683624	0.672337	0.660385	0.647779	0.634532	0.620655	0.606162	0.591067	0.575383	0.559125	0.542307	0.524945	0.507054	0.488649	0.469745	0.450358	0.430502	0.410192	0.389442	0.368264	0.346672	0.324675	0.302282	0.279499	0.256329	0.232772	0.208823	0.184472	0.1597	0.134484	0.108787	0.082562	0.0557462	0.0282596	0	
0	0.0245378	0.0490514	0.0735166	0.0979091	0.122205	0.14638	0.170411	0.194273	0.217944	0.2414	0.264617	0.287573	0.310246	0.332612	0.35465	0.376338	0.397654	0.418578	0.439089	0.459166	0.478791	0.497943	0.516603	0.534754	0.552376	0.569454	0.58597	0.601907	0.61725	0.631985	0.646095	0.659568	0.67239	0.684548	0.696031	0.706827	0.716925	0.726316	0.73499	0.742939	0.750154	0.756629	0.762358	0.767334	0.771553	0.77501	0.777702	0.779627	0.780782	0.781167	0.780781	0.779624	0.777698	0.775004	0.771545	0.767324	0.762346	0.756616	0.750138	0.742919	0.734967	0.726289	0.716893	0.706789	0.695986	0.684495	0.672327	0.659493	0.646006	0.631878	0.617123	0.601755	0.585787	0.569235	0.552114	0.534438	0.516223	0.497485	0.478239	0.458501	0.438286	0.417609	0.396484	0.374924	0.352941	0.330546	0.307748	0.284553	0.260964	0.236981	0.212599	0.187807	0.162588	0.136916	0.110754	0.0840549	0.0567542	0.0287706	0	
0	0.0249494	0.0498742	0.0747497	0.0995514	0.124255	0.148836	0.173269	0.197532	0.2216	0.245449	0.269056	0.292397	0.31545	0.338191	0.360599	0.38265	0.404324	0.425599	0.446454	0.466869	0.486822	0.506295	0.525269	0.543724	0.561642	0.579006	0.595799	0.612004	0.627604	0.642586	0.656933	0.670632	0.683669	0.696031	0.707707	0.718684	0.728951	0.7385	0.747319	0.755401	0.762738	0.769321	0.775146	0.780205	0.784495	0.78801	0.790748	0.792705	0.79388	0.794271	0.793878	0.792702	0.790743	0.788004	0.784487	0.780196	0.775134	0.769307	0.762721	0.755381	0.747296	0.738472	0.728918	0.718645	0.707661	0.695977	0.683604	0.670555	0.656842	0.642477	0.627475	0.611849	0.595613	0.578784	0.561375	0.543403	0.524882	0.50583	0.486261	0.466192	0.445638	0.424614	0.403134	0.381213	0.358861	0.336091	0.31291	0.289326	0.265342	0.240957	0.216165	0.190958	0.165316	0.139213	0.112612	0.0854649	0.0577063	0.0292532	0	
0	0.0253364	0.0506478	0.0759091	0.101096	0.126182	0.151144	0.175957	0.200596	0.225037	0.249256	0.273229	0.296933	0.320343	0.343437	0.366192	0.388586	0.410596	0.432201	0.453379	0.47411	0.494373	0.514148	0.533416	0.552157	0.570354	0.587987	0.60504	0.621496	0.637339	0.652553	0.667122	0.681034	0.694273	0.706827	0.718684	0.729831	0.740258	0.749954	0.75891	0.767118	0.774568	0.781254	0.787169	0.792307	0.796663	0.800233	0.803013	0.805	0.806193	0.80659	0.806192	0.804997	0.803008	0.800227	0.796655	0.792297	0.787157	0.78124	0.774551	0.767098	0.758887	0.749926	0.740224	0.729791	0.718637	0.706772	0.694208	0.680956	0.66703	0.652443	0.637207	0.621339	0.604852	0.587761	0.570082	0.551831	0.533024	0.513676	0.493804	0.473423	0.45255	0.4312	0.409387	0.387126	0.364427	0.341304	0.317764	0.293814	0.269457	0.244694	0.219518	0.19392	0.16788	0.141372	0.114359	0.0867905	0.0586013	0.0297069	0	
0	0.0256984	0.0513714	0.0769936	0.10254	0.127985	0.153304	0.178471	0.203462	0.228252	0.252817	0.277133	0.301175	0.324919	0.348343	0.371424	0.394137	0.416462	0.438375	0.459856	0.480884	0.501436	0.521494	0.541037	0.560046	0.578502	0.596387	0.613684	0.630375	0.646444	0.661876	0.676653	0.690764	0.704192	0.716925	0.728951	0.740258	0.750834	0.760669	0.769753	0.778078	0.785634	0.792416	0.798415	0.803626	0.808045	0.811665	0.814485	0.816501	0.817711	0.818114	0.81771	0.816498	0.814481	0.811659	0.808037	0.803616	0.798403	0.792401	0.785617	0.778057	0.769729	0.76064	0.7508	0.740218	0.728904	0.716869	0.704126	0.690685	0.67656	0.661764	0.646311	0.630216	0.613493	0.596158	0.578227	0.559715	0.540639	0.521015	0.500858	0.480187	0.459016	0.437361	0.415236	0.392656	0.369634	0.34618	0.322304	0.298012	0.273307	0.24819	0.222655	0.19669	0.170278	0.143392	0.115993	0.0880305	0.0594386	0.0301313	0	
0	0.026035	0.0520443	0.0780022	0.103883	0.129661	0.155312	0.180809	0.206127	0.231242	0.256129	0.280763	0.30512	0.329175	0.352906	0.376289	0.3993	0.421917	0.444118	0.46588	0.487183	0.508004	0.528325	0.548124	0.567382	0.58608	0.604199	0.621723	0.638633	0.654912	0.670545	0.685517	0.699812	0.713416	0.726316	0.7385	0.749954	0.760669	0.770632	0.779836	0.788269	0.795925	0.802795	0.808873	0.814153	0.818629	0.822297	0.825154	0.827196	0.828422	0.82883	0.828421	0.827193	0.825149	0.822291	0.818621	0.814143	0.808861	0.802781	0.795908	0.788249	0.779811	0.770603	0.760634	0.749914	0.738452	0.72626	0.713349	0.699732	0.685422	0.670432	0.654777	0.638471	0.621529	0.603967	0.585801	0.567047	0.547721	0.527839	0.507419	0.486477	0.465028	0.44309	0.420675	0.3978	0.374476	0.350715	0.326525	0.301915	0.276887	0.251441	0.225571	0.199267	0.172509	0.14527	0.117512	0.0891835	0.0602171	0.030526	0	
0	0.0263459	0.0526658	0.0789337	0.105124	0.13121	0.157166	0.182968	0.208589	0.234004	0.259188	0.284116	0.308764	0.333107	0.357121	0.380783	0.404069	0.426956	0.449421	0.471444	0.493001	0.514071	0.534634	0.55467	0.574158	0.593079	0.611415	0.629148	0.646259	0.662733	0.678553	0.693703	0.708169	0.721936	0.73499	0.747319	0.75891	0.769753	0.779836	0.789149	0.797683	0.80543	0.812383	0.818533	0.823876	0.828405	0.832117	0.835008	0.837075	0.838315	0.838729	0.838314	0.837072	0.835004	0.832111	0.828397	0.823866	0.818521	0.812368	0.805413	0.797662	0.789124	0.779806	0.769718	0.75887	0.747271	0.734933	0.721868	0.708088	0.693608	0.678439	0.662597	0.646096	0.628952	0.61118	0.592797	0.573819	0.554262	0.534143	0.513479	0.492287	0.470582	0.448381	0.425699	0.40255	0.378948	0.354903	0.330425	0.305521	0.280194	0.254444	0.228265	0.201646	0.174569	0.147005	0.118915	0.0902486	0.0609363	0.0308906	0	
0	0.0266308	0.0532354	0.0797873	0.10626	0.132629	0.158866	0.184947	0.210845	0.236534	0.261991	0.287188	0.312103	0.336709	0.360983	0.384901	0.408438	0.431573	0.454282	0.476542	0.498332	0.519631	0.540416	0.560668	0.580367	0.599493	0.618027	0.635952	0.653248	0.669901	0.685892	0.701206	0.715828	0.729743	0.742939	0.755401	0.767118	0.778078	0.788269	0.797683	0.80631	0.814141	0.821168	0.827385	0.832786	0.837364	0.841116	0.844039	0.846128	0.847382	0.847799	0.84738	0.846125	0.844034	0.84111	0.837356	0.832776	0.827373	0.821153	0.814123	0.806289	0.797658	0.78824	0.778043	0.767077	0.755352	0.742881	0.729675	0.715746	0.701109	0.685776	0.669762	0.653083	0.635754	0.61779	0.599208	0.580024	0.560256	0.539919	0.519032	0.497611	0.475671	0.45323	0.430303	0.406904	0.383046	0.358741	0.333998	0.308825	0.283224	0.257195	0.230734	0.203827	0.176457	0.148595	0.120201	0.0912246	0.0615953	0.0312246	0	
0	0.0268895	0.0537524	0.0805622	0.107292	0.133917	0.160409	0.186743	0.212892	0.238832	0.264535	0.289978	0.315134	0.339979	0.364489	0.388639	0.412405	0.435764	0.458694	0.48117	0.503172	0.524677	0.545664	0.566113	0.586003	0.605315	0.624029	0.642128	0.659593	0.676407	0.692553	0.708016	0.72278	0.736831	0.750154	0.762738	0.774568	0.785634	0.795925	0.80543	0.814141	0.822048	0.829143	0.835421	0.840874	0.845497	0.849285	0.852236	0.854345	0.855611	0.856033	0.85561	0.854342	0.852231	0.849279	0.845489	0.840864	0.835408	0.829128	0.82203	0.814119	0.805405	0.795895	0.785599	0.774526	0.762688	0.750096	0.736761	0.722698	0.707918	0.692436	0.676267	0.659426	0.641928	0.62379	0.605027	0.585657	0.565697	0.545163	0.524073	0.502443	0.480291	0.457632	0.434482	0.410856	0.386766	0.362225	0.337242	0.311824	0.285975	0.259693	0.232975	0.205807	0.178171	0.150038	0.121369	0.0921106	0.0621935	0.0315279	0	
0	0.0271216	0.0542164	0.0812576	0.108219	0.135073	0.161794	0.188355	0.21473	0.240893	0.266819	0.292481	0.317854	0.342914	0.367635	0.391993	0.415965	0.439526	0.462653	0.485324	0.507515	0.529206	0.550375	0.571	0.591062	0.61054	0.629416	0.647671	0.665286	0.682245	0.698531	0.714127	0.729019	0.743191	0.756629	0.769321	0.781254	0.792416	0.802795	0.812383	0.821168	0.829143	0.8363	0.842632	0.848132	0.852795	0.856616	0.859592	0.86172	0.862997	0.863422	0.862995	0.861717	0.859587	0.85661	0.852787	0.848122	0.842619	0.836285	0.829125	0.821147	0.812357	0.802765	0.79238	0.781212	0.769272	0.756571	0.743121	0.728936	0.714028	0.698413	0.682105	0.665118	0.647469	0.629174	0.61025	0.590713	0.57058	0.549869	0.528597	0.50678	0.484437	0.461582	0.438232	0.414402	0.390105	0.365352	0.340153	0.314516	0.288443	0.261935	0.234986	0.207583	0.179708	0.151333	0.122416	0.0929057	0.0627304	0.0318	0	
0	0.0273269	0.0546268	0.0818728	0.109038	0.136095	0.163018	0.189781	0.216356	0.242717	0.268839	0.294695	0.32026	0.34551	0.370418	0.394961	0.419114	0.442853	0.466156	0.488998	0.511358	0.533213	0.554541	0.575323	0.595536	0.615162	0.634181	0.652574	0.670323	0.68741	0.703819	0.719534	0.734538	0.748817	0.762358	0.775146	0.787169	0.798415	0.808873	0.818533	0.827385	0.835421	0.842632	0.849011	0.854553	0.859251	0.863102	0.8661	0.868244	0.86953	0.869959	0.869529	0.868241	0.866095	0.863095	0.859243	0.854543	0.848999	0.842617	0.835403	0.827364	0.818507	0.808843	0.798379	0.787126	0.775096	0.762298	0.748747	0.734454	0.719434	0.703701	0.687269	0.670154	0.652371	0.633938	0.61487	0.595185	0.5749	0.554032	0.532599	0.510617	0.488104	0.465077	0.44155	0.41754	0.393058	0.368118	0.342729	0.316897	0.290627	0.263918	0.236765	0.209155	0.181069	0.152479	0.123343	0.0936091	0.0632053	0.0320408	0	
0	0.0275053	0.0549834	0.0824072	0.10975	0.136984	0.164083	0.191019	0.217768	0.244301	0.270593	0.296618	0.322351	0.347765	0.372836	0.397539	0.42185	0.445744	0.469198	0.49219	0.514695	0.536693	0.558161	0.579078	0.599424	0.619178	0.638321	0.656834	0.674698	0.691897	0.708413	0.72423	0.739332	0.753705	0.767334	0.780205	0.792307	0.803626	0.814153	0.823876	0.832786	0.840874	0.848132	0.854553	0.860131	0.86486	0.868735	0.871753	0.873911	0.875206	0.875637	0.875204	0.873908	0.871748	0.868729	0.864851	0.86012	0.85454	0.848117	0.840855	0.832764	0.82385	0.814122	0.80359	0.792264	0.780155	0.767274	0.753634	0.739248	0.72413	0.708294	0.691755	0.674528	0.656629	0.638076	0.618883	0.59907	0.578652	0.557648	0.536075	0.51395	0.49129	0.468113	0.444432	0.420265	0.395624	0.370521	0.344966	0.318965	0.292524	0.265641	0.23831	0.21052	0.182251	0.153474	0.124148	0.0942201	0.0636178	0.0322499	0	
