0	0	0	0	0	0	0	0	0	0	0	0	0	0	0	0	0	0	0	0	0	0	0	0	0	0	0	0	0	0	0	0	0	0	0	0	0	0	0	0	0	0	0	0	0	0	0	0	0	0	0	0	0	0	0	0	0	0	0	0	0	0	0	0	0	0	0	0	0	0	0	0	0	0	0	0	0	0	0	0	0	0	0	0	0	0	0	0	0	0	0	0	0	0	0	0	0	0	0	0	
0	0.000294905	0.000589516	0.000883538	0.00117668	0.00146865	0.00175916	0.00204791	0.00233463	0.00261902	0.0029008	0.0031797	0.00345543	0.00372772	0.0039963	0.0042609	0.00452125	0.00477711	0.0050282	0.00527429	0.00551512	0.00575046	0.00598006	0.00620371	0.00642117	0.00663223	0.00683668	0.0070343	0.00722491	0.00740831	0.00758431	0.00775273	0.00791342	0.0080662	0.00821092	0.00834743	0.00847559	0.00859527	0.00870635	0.00880872	0.00890226	0.00898689	0.00906251	0.00912904	0.00918642	0.00923458	0.00927347	0.00930304	0.00932327	0.00933413	0.0093356	0.00932767	0.00931036	0.00928367	0.00924762	0.00920226	0.00914761	0.00908373	0.00901067	0.00892852	0.00883734	0.00873723	0.00862827	0.00851058	0.00838427	0.00824946	0.0081063	0.0079549	0.00779544	0.00762805	0.00745292	0.00727022	0.00708012	0.00688281	0.0066785	0.00646739	0.00624969	0.00602562	0.0057954	0.00555928	0.00531748	0.00507025	0.00481784	0.00456051	0.00429852	0.00403213	0.00376163	0.00348727	0.00320935	0.00292814	0.00264394	0.00235703	0.00206771	0.00177627	0.00148301	0.00118823	0.00089224	0.000595334	0.000297819	0	
0	0.000589516	0.00117844	0.00176619	0.00235218	0.00293583	0.00351655	0.00409377	0.00466692	0.00523542	0.0057987	0.00635622	0.0069074	0.00745171	0.0079886	0.00851753	0.00903798	0.00954944	0.0100514	0.0105433	0.0110247	0.0114952	0.0119542	0.0124012	0.0128359	0.0132578	0.0136665	0.0140616	0.0144426	0.0148092	0.015161	0.0154977	0.0158189	0.0161243	0.0164136	0.0166865	0.0169427	0.0171819	0.017404	0.0176086	0.0177956	0.0179648	0.018116	0.018249	0.0183637	0.0184599	0.0185377	0.0185968	0.0186372	0.0186589	0.0186619	0.018646	0.0186114	0.0185581	0.018486	0.0183953	0.0182861	0.0181584	0.0180123	0.0178481	0.0176659	0.0174657	0.0172479	0.0170127	0.0167602	0.0164907	0.0162045	0.0159019	0.0155831	0.0152485	0.0148984	0.0145332	0.0141532	0.0137587	0.0133503	0.0129283	0.0124931	0.0120452	0.011585	0.011113	0.0106296	0.0101354	0.00963087	0.00911646	0.00859275	0.00806024	0.0075195	0.00697106	0.00641549	0.00585336	0.00528524	0.00471171	0.00413335	0.00355076	0.00296454	0.00237528	0.00178359	0.00119007	0.000595341	0	
0	0.000883538	0.00176619	0.00264709	0.00352534	0.00440008	0.00527044	0.00613555	0.00699456	0.0078466	0.00869082	0.0095264	0.0103525	0.0111683	0.0119729	0.0127657	0.0135457	0.0143122	0.0150645	0.0158018	0.0165233	0.0172284	0.0179163	0.0185864	0.0192379	0.0198702	0.0204827	0.0210748	0.0216459	0.0221953	0.0227226	0.0232273	0.0237087	0.0241664	0.0246	0.025009	0.0253929	0.0257515	0.0260843	0.026391	0.0266713	0.0269248	0.0271513	0.0273507	0.0275226	0.0276669	0.0277834	0.027872	0.0279326	0.0279651	0.0279695	0.0279458	0.0278939	0.027814	0.027706	0.02757	0.0274063	0.0272149	0.0269961	0.0267499	0.0264768	0.0261768	0.0258504	0.0254978	0.0251194	0.0247155	0.0242865	0.023833	0.0233552	0.0228537	0.022329	0.0217816	0.0212121	0.020621	0.0200089	0.0193764	0.0187241	0.0180528	0.0173631	0.0166556	0.0159312	0.0151905	0.0144343	0.0136633	0.0128784	0.0120803	0.0112699	0.0104479	0.00961525	0.00877275	0.00792127	0.00706169	0.00619487	0.00532172	0.00444311	0.00355996	0.00267316	0.00178363	0.00089227	0	
0	0.00117668	0.00235218	0.00352534	0.00469498	0.00585995	0.00701908	0.00817122	0.00931522	0.01045	0.0115743	0.0126871	0.0137873	0.0148737	0.0159453	0.0170011	0.0180399	0.0190608	0.0200627	0.0210446	0.0220055	0.0229445	0.0238606	0.024753	0.0256207	0.0264628	0.0272785	0.0280671	0.0288276	0.0295594	0.0302616	0.0309336	0.0315748	0.0321844	0.0327618	0.0333065	0.0338178	0.0342954	0.0347386	0.0351471	0.0355203	0.035858	0.0361597	0.0364252	0.0366541	0.0368463	0.0370014	0.0371194	0.0372001	0.0372435	0.0372493	0.0372177	0.0371486	0.0370421	0.0368983	0.0367173	0.0364992	0.0362444	0.0359529	0.0356251	0.0352613	0.0348618	0.0344271	0.0339575	0.0334535	0.0329156	0.0323444	0.0317403	0.031104	0.0304362	0.0297374	0.0290084	0.0282499	0.0274626	0.0266474	0.0258051	0.0249365	0.0240424	0.0231239	0.0221817	0.0212169	0.0202305	0.0192233	0.0181966	0.0171512	0.0160884	0.015009	0.0139143	0.0128054	0.0116834	0.0105494	0.00940463	0.00825023	0.00708737	0.00591726	0.00474109	0.00356007	0.00237541	0.00118831	0	
0	0.00146865	0.00293583	0.00440008	0.00585995	0.00731398	0.00876072	0.0101987	0.0116266	0.0130429	0.0144462	0.0158351	0.0172083	0.0185643	0.0199019	0.0212196	0.0225162	0.0237903	0.0250408	0.0262664	0.0274657	0.0286377	0.0297812	0.030895	0.0319779	0.033029	0.0340472	0.0350314	0.0359806	0.0368939	0.0377704	0.0386092	0.0394094	0.0401703	0.040891	0.0415708	0.0422091	0.0428051	0.0433583	0.0438681	0.044334	0.0447554	0.045132	0.0454634	0.0457491	0.0459889	0.0461826	0.0463299	0.0464306	0.0464847	0.046492	0.0464526	0.0463663	0.0462334	0.0460539	0.045828	0.0455558	0.0452377	0.0448739	0.0444648	0.0440107	0.0435121	0.0429695	0.0423834	0.0417544	0.041083	0.04037	0.0396161	0.0388219	0.0379883	0.0371162	0.0362063	0.0352596	0.034277	0.0332595	0.0322081	0.031124	0.0300081	0.0288616	0.0276857	0.0264815	0.0252503	0.0239932	0.0227117	0.021407	0.0200804	0.0187332	0.0173669	0.0159828	0.0145824	0.0131671	0.0117382	0.0102974	0.00884597	0.00738552	0.00591751	0.00444344	0.00296482	0.00148317	0	
0	0.00175916	0.00351655	0.00527044	0.00701908	0.00876072	0.0104936	0.0122161	0.0139264	0.0156229	0.0173037	0.0189674	0.0206122	0.0222364	0.0238385	0.0254169	0.02697	0.0284962	0.029994	0.031462	0.0328986	0.0343024	0.0356721	0.0370062	0.0383033	0.0395624	0.0407819	0.0419608	0.0430978	0.0441918	0.0452416	0.0462464	0.0472049	0.0481162	0.0489795	0.0497938	0.0505583	0.0512722	0.0519348	0.0525455	0.0531035	0.0536083	0.0540594	0.0544563	0.0547985	0.0550858	0.0553178	0.0554942	0.0556149	0.0556796	0.0556884	0.0556411	0.0555379	0.0553787	0.0551637	0.054893	0.054567	0.054186	0.0537502	0.0532601	0.0527163	0.0521191	0.0514691	0.0507671	0.0500136	0.0492095	0.0483555	0.0474524	0.0465011	0.0455027	0.044458	0.0433681	0.0422341	0.0410572	0.0398384	0.0385791	0.0372805	0.0359439	0.0345706	0.0331621	0.0317197	0.0302449	0.0287393	0.0272042	0.0256414	0.0240524	0.0224388	0.0208022	0.0191443	0.0174669	0.0157716	0.0140601	0.0123343	0.0105958	0.00884642	0.00708803	0.00532238	0.00355128	0.00177655	0	
0	0.00204791	0.00409377	0.00613555	0.00817122	0.0101987	0.0122161	0.0142213	0.0162124	0.0181873	0.0201441	0.0220808	0.0239956	0.0258864	0.0277515	0.029589	0.031397	0.0331737	0.0349174	0.0366263	0.0382987	0.039933	0.0415274	0.0430805	0.0445906	0.0460563	0.047476	0.0488484	0.050172	0.0514456	0.0526678	0.0538374	0.0549533	0.0560142	0.0570192	0.0579672	0.0588572	0.0596883	0.0604597	0.0611705	0.0618201	0.0624078	0.0629329	0.063395	0.0637934	0.0641279	0.0643979	0.0646033	0.0647438	0.0648192	0.0648294	0.0647743	0.0646541	0.0644688	0.0642185	0.0639034	0.0635239	0.0630803	0.062573	0.0620025	0.0613693	0.0606741	0.0599175	0.0591002	0.0582231	0.057287	0.0562928	0.0552414	0.0541341	0.0529717	0.0517555	0.0504868	0.0491666	0.0477965	0.0463777	0.0449117	0.0433999	0.0418439	0.0402452	0.0386054	0.0369263	0.0352095	0.0334567	0.0316697	0.0298503	0.0280005	0.026122	0.0242168	0.0222868	0.020334	0.0183604	0.016368	0.0143589	0.012335	0.0102985	0.00825149	0.00619602	0.0041342	0.00206816	0	
0	0.00233463	0.00466692	0.00699456	0.00931522	0.0116266	0.0139264	0.0162124	0.0184822	0.0207336	0.0229643	0.0251722	0.027355	0.0295106	0.0316368	0.0337316	0.0357927	0.0378182	0.039806	0.0417541	0.0436607	0.0455238	0.0473415	0.049112	0.0508335	0.0525044	0.0541229	0.0556874	0.0571963	0.0586482	0.0600415	0.0613749	0.062647	0.0638565	0.0650021	0.0660828	0.0670974	0.0680449	0.0689243	0.0697347	0.0704752	0.0711452	0.0717438	0.0722706	0.0727248	0.0731061	0.0734139	0.0736481	0.0738082	0.0738942	0.0739058	0.0738431	0.073706	0.0734947	0.0732094	0.0728502	0.0724176	0.0719119	0.0713335	0.0706832	0.0699614	0.0691688	0.0683062	0.0673745	0.0663746	0.0653074	0.064174	0.0629755	0.0617131	0.060388	0.0590016	0.0575552	0.0560502	0.0544882	0.0528708	0.0511995	0.0494761	0.0477022	0.0458797	0.0440104	0.0420962	0.040139	0.0381408	0.0361036	0.0340295	0.0319207	0.0297792	0.0276073	0.0254071	0.0231809	0.020931	0.0186596	0.0163692	0.014062	0.0117404	0.00940675	0.0070635	0.00471301	0.00235771	0	
0	0.00261902	0.00523542	0.0078466	0.01045	0.0130429	0.0156229	0.0181873	0.0207336	0.0232592	0.0257617	0.0282385	0.0306873	0.0331055	0.0354907	0.0378406	0.0401528	0.042425	0.0446549	0.0468404	0.0489792	0.0510692	0.0531083	0.0550945	0.0570258	0.0589002	0.0607159	0.0624709	0.0641637	0.0657924	0.0673555	0.0688513	0.0702783	0.0716351	0.0729204	0.0741327	0.0752709	0.0763338	0.0773203	0.0782294	0.0790602	0.0798117	0.0804833	0.0810742	0.0815838	0.0820115	0.0823568	0.0826195	0.0827992	0.0828956	0.0829086	0.0828383	0.0826845	0.0824475	0.0821274	0.0817245	0.0812391	0.0806718	0.0800231	0.0792935	0.0784837	0.0775946	0.076627	0.0755818	0.0744601	0.0732629	0.0719914	0.0706469	0.0692307	0.0677442	0.0661889	0.0645663	0.062878	0.0611257	0.0593113	0.0574364	0.0555031	0.0535131	0.0514686	0.0493716	0.0472241	0.0450285	0.0427869	0.0405016	0.0381749	0.0358091	0.0334068	0.0309703	0.028502	0.0260047	0.0234807	0.0209326	0.0183632	0.0157749	0.0131705	0.0105526	0.00792394	0.00528713	0.00264492	0	
0	0.0029008	0.0057987	0.00869082	0.0115743	0.0144462	0.0173037	0.0201441	0.0229643	0.0257617	0.0285334	0.0312768	0.033989	0.0366673	0.0393092	0.0419119	0.0444729	0.0469895	0.0494594	0.05188	0.054249	0.0565639	0.0588224	0.0610222	0.0631613	0.0652374	0.0672484	0.0691923	0.0710672	0.0728712	0.0746024	0.0762591	0.0778397	0.0793425	0.080766	0.0821088	0.0833694	0.0845467	0.0856394	0.0866463	0.0875664	0.0883989	0.0891427	0.0897971	0.0903615	0.0908353	0.0912178	0.0915087	0.0917077	0.0918145	0.0918289	0.091751	0.0915807	0.0913182	0.0909636	0.0905174	0.0899798	0.0893515	0.0886329	0.0878248	0.0869279	0.0859432	0.0848714	0.0837138	0.0824714	0.0811454	0.0797371	0.0782479	0.0766794	0.0750329	0.0733103	0.0715131	0.0696432	0.0677024	0.0656927	0.0636161	0.0614748	0.0592707	0.0570062	0.0546836	0.0523051	0.0498732	0.0473905	0.0448593	0.0422822	0.0396619	0.0370011	0.0343024	0.0315686	0.0288026	0.026007	0.0231848	0.0203389	0.0174722	0.0145876	0.011688	0.0087765	0.00585599	0.00292949	0	
0	0.0031797	0.00635622	0.0095264	0.0126871	0.0158351	0.0189674	0.0220808	0.0251722	0.0282385	0.0312768	0.0342839	0.0372568	0.0401927	0.0430885	0.0459415	0.0487487	0.0515073	0.0542147	0.056868	0.0594647	0.0620022	0.0644778	0.0668892	0.0692339	0.0715096	0.073714	0.0758448	0.0778999	0.0798774	0.081775	0.0835911	0.0853236	0.0869709	0.0885313	0.0900031	0.091385	0.0926754	0.0938731	0.0949769	0.0959855	0.096898	0.0977133	0.0984307	0.0990493	0.0995686	0.0999879	0.100307	0.100525	0.100642	0.100658	0.100572	0.100386	0.100098	0.0997093	0.0992202	0.0986309	0.0979422	0.0971545	0.0962687	0.0952856	0.0942062	0.0930314	0.0917625	0.0904006	0.0889471	0.0874034	0.0857711	0.0840517	0.082247	0.0803587	0.0783887	0.076339	0.0742117	0.0720088	0.0697325	0.0673853	0.0649693	0.0624871	0.0599411	0.057334	0.0546683	0.0519468	0.0491723	0.0463474	0.0434752	0.0405586	0.0376004	0.0346038	0.0315718	0.0285075	0.025414	0.0222944	0.0191521	0.0159901	0.0128118	0.00962032	0.00641902	0.00321115	0	
0	0.00345543	0.0069074	0.0103525	0.0137873	0.0172083	0.0206122	0.0239956	0.027355	0.0306873	0.033989	0.0372568	0.0404876	0.043678	0.046825	0.0499254	0.052976	0.0559739	0.058916	0.0617994	0.0646213	0.0673788	0.0700691	0.0726896	0.0752376	0.0777106	0.0801062	0.0824218	0.0846551	0.086804	0.0888663	0.0908398	0.0927225	0.0945127	0.0962084	0.0978079	0.0993096	0.100712	0.102013	0.103213	0.104309	0.105301	0.106187	0.106966	0.107639	0.108203	0.108659	0.109005	0.109242	0.109369	0.109387	0.109294	0.109091	0.108778	0.108356	0.107824	0.107184	0.106435	0.105579	0.104617	0.103548	0.102375	0.101099	0.0997198	0.0982398	0.0966603	0.0949828	0.0932089	0.0913404	0.0893792	0.0873271	0.0851863	0.0829589	0.0806471	0.0782531	0.0757795	0.0732287	0.0706032	0.0679058	0.065139	0.0623058	0.059409	0.0564515	0.0534363	0.0503665	0.0472453	0.0440757	0.040861	0.0376046	0.0343096	0.0309796	0.0276178	0.0242277	0.0208129	0.0173767	0.0139228	0.0104546	0.00697566	0.00348961	0	
0	0.00372772	0.00745171	0.0111683	0.0148737	0.0185643	0.0222364	0.0258864	0.0295106	0.0331055	0.0366673	0.0401927	0.043678	0.0471199	0.0505149	0.0538595	0.0571505	0.0603846	0.0635586	0.0666693	0.0697135	0.0726883	0.0755906	0.0784176	0.0811664	0.0838343	0.0864186	0.0889167	0.0913261	0.0936443	0.095869	0.097998	0.100029	0.10196	0.10379	0.105515	0.107135	0.108648	0.110052	0.111346	0.112529	0.113598	0.114554	0.115395	0.116121	0.116729	0.117221	0.117595	0.117851	0.117988	0.118006	0.117906	0.117687	0.11735	0.116894	0.116321	0.11563	0.114823	0.113899	0.112861	0.111708	0.110443	0.109066	0.107578	0.105981	0.104277	0.102468	0.100554	0.0985382	0.0964224	0.0942086	0.0918991	0.0894962	0.0870022	0.0844196	0.0817511	0.0789992	0.0761669	0.0732568	0.0702721	0.0672156	0.0640905	0.0609	0.0576472	0.0543355	0.0509683	0.0475489	0.044081	0.0405679	0.0370133	0.0334208	0.0297941	0.0261369	0.022453	0.018746	0.0150199	0.0112784	0.00752535	0.0037646	0	
0	0.0039963	0.0079886	0.0119729	0.0159453	0.0199019	0.0238385	0.0277515	0.0316368	0.0354907	0.0393092	0.0430885	0.046825	0.0505149	0.0541544	0.05774	0.0612682	0.0647353	0.068138	0.0714727	0.0747363	0.0779254	0.0810369	0.0840675	0.0870144	0.0898745	0.092645	0.0953231	0.097906	0.100391	0.102776	0.105059	0.107236	0.109307	0.111268	0.113118	0.114854	0.116476	0.117981	0.119369	0.120636	0.121783	0.122808	0.123709	0.124487	0.12514	0.125667	0.126067	0.126342	0.126489	0.126509	0.126401	0.126167	0.125805	0.125317	0.124702	0.123961	0.123096	0.122106	0.120992	0.119757	0.1184	0.116924	0.115329	0.113617	0.11179	0.10985	0.107799	0.105638	0.10337	0.100996	0.0985205	0.0959444	0.0932707	0.090502	0.0876412	0.0846911	0.0816547	0.078535	0.0753352	0.0720585	0.0687082	0.0652878	0.0618007	0.0582504	0.0546406	0.0509748	0.047257	0.0434908	0.0396801	0.0358288	0.0319408	0.0280201	0.0240707	0.0200967	0.0161021	0.012091	0.00806755	0.00403584	0	
0	0.0042609	0.00851753	0.0127657	0.0170011	0.0212196	0.0254169	0.029589	0.0337316	0.0378406	0.0419119	0.0459415	0.0499254	0.0538595	0.05774	0.0615631	0.0653248	0.0690215	0.0726495	0.076205	0.0796847	0.083085	0.0864024	0.0896338	0.0927758	0.0958253	0.0987792	0.101635	0.104389	0.107038	0.109581	0.112015	0.114337	0.116544	0.118635	0.120607	0.122459	0.124188	0.125793	0.127272	0.128624	0.129847	0.130939	0.131901	0.13273	0.133425	0.133987	0.134415	0.134707	0.134864	0.134885	0.134771	0.13452	0.134135	0.133614	0.132959	0.132169	0.131246	0.13019	0.129003	0.127686	0.12624	0.124665	0.122965	0.12114	0.119192	0.117124	0.114936	0.112632	0.110214	0.107684	0.105044	0.102297	0.0994463	0.0964944	0.0934441	0.0902987	0.0870612	0.083735	0.0803233	0.0768296	0.0732576	0.0696107	0.0658926	0.0621073	0.0582584	0.05435	0.050386	0.0463704	0.0423074	0.0382011	0.0340557	0.0298754	0.0256645	0.0214273	0.0171683	0.0128916	0.00860173	0.00430306	0	
0	0.00452125	0.00903798	0.0135457	0.0180399	0.0225162	0.02697	0.031397	0.0357927	0.0401528	0.0444729	0.0487487	0.052976	0.0571505	0.0612682	0.0653248	0.0693164	0.073239	0.0770886	0.0808615	0.0845537	0.0881618	0.091682	0.0951108	0.0984447	0.101681	0.104815	0.107845	0.110767	0.113579	0.116277	0.118859	0.121323	0.123665	0.125884	0.127977	0.129942	0.131777	0.13348	0.135049	0.136483	0.137781	0.13894	0.13996	0.14084	0.141578	0.142174	0.142628	0.142938	0.143105	0.143127	0.143006	0.14274	0.142331	0.141778	0.141083	0.140245	0.139266	0.138146	0.136886	0.135488	0.133953	0.132283	0.130479	0.128542	0.126475	0.12428	0.121959	0.119515	0.116948	0.114263	0.111462	0.108548	0.105523	0.102391	0.099154	0.0958163	0.0923811	0.0888515	0.0852314	0.0815243	0.0777339	0.0738642	0.069919	0.0659023	0.0618183	0.057671	0.0534648	0.0492039	0.0448926	0.0405353	0.0361366	0.0317009	0.0272327	0.0227367	0.0182173	0.0136793	0.00912733	0.004566	0	
0	0.00477711	0.00954944	0.0143122	0.0190608	0.0237903	0.0284962	0.0331737	0.0378182	0.042425	0.0469895	0.0515073	0.0559739	0.0603846	0.0647353	0.0690215	0.073239	0.0773835	0.081451	0.0854374	0.0893386	0.0931508	0.0968702	0.100493	0.104016	0.107435	0.110746	0.113948	0.117035	0.120006	0.122857	0.125586	0.128189	0.130663	0.133008	0.135219	0.137295	0.139234	0.141033	0.142691	0.144207	0.145578	0.146803	0.14788	0.14881	0.14959	0.15022	0.150699	0.151027	0.151203	0.151227	0.151098	0.150818	0.150385	0.149802	0.149067	0.148181	0.147147	0.145963	0.144633	0.143156	0.141534	0.139769	0.137862	0.135816	0.133633	0.131314	0.128861	0.126278	0.123567	0.12073	0.11777	0.114691	0.111494	0.108185	0.104765	0.101239	0.0976089	0.0938797	0.0900547	0.0861377	0.0821329	0.0780442	0.0738757	0.0696317	0.0653166	0.0609346	0.0564904	0.0519883	0.0474331	0.0428292	0.0381816	0.0334949	0.0287738	0.0240233	0.0192482	0.0144534	0.00964385	0.00482439	0	
0	0.0050282	0.0100514	0.0150645	0.0200627	0.0250408	0.029994	0.0349174	0.039806	0.0446549	0.0494594	0.0542147	0.058916	0.0635586	0.068138	0.0726495	0.0770886	0.081451	0.0857323	0.0899282	0.0940345	0.098047	0.101962	0.105775	0.109483	0.113082	0.116568	0.119937	0.123187	0.126314	0.129315	0.132187	0.134926	0.137531	0.139999	0.142326	0.144512	0.146552	0.148446	0.150192	0.151787	0.15323	0.154519	0.155653	0.156632	0.157453	0.158116	0.15862	0.158965	0.15915	0.159175	0.15904	0.158745	0.15829	0.157676	0.156902	0.15597	0.154881	0.153636	0.152235	0.15068	0.148973	0.147116	0.145109	0.142955	0.140657	0.138216	0.135634	0.132916	0.130062	0.127076	0.12396	0.120719	0.117355	0.113871	0.110272	0.10656	0.10274	0.0988143	0.0947882	0.0906654	0.0864501	0.0821464	0.0777588	0.0732918	0.0687498	0.0641376	0.0594597	0.054721	0.0499263	0.0450805	0.0401886	0.0352555	0.0302863	0.0252861	0.02026	0.0152132	0.0101508	0.00507798	0	
0	0.00527429	0.0105433	0.0158018	0.0210446	0.0262664	0.031462	0.0366263	0.0417541	0.0468404	0.05188	0.056868	0.0617994	0.0666693	0.0714727	0.076205	0.0808615	0.0854374	0.0899282	0.0943294	0.0986366	0.102846	0.106952	0.110952	0.114841	0.118616	0.122273	0.125807	0.129216	0.132496	0.135644	0.138656	0.14153	0.144262	0.146851	0.149292	0.151584	0.153725	0.155712	0.157542	0.159215	0.160729	0.162081	0.163271	0.164298	0.165159	0.165855	0.166384	0.166745	0.16694	0.166966	0.166824	0.166514	0.166037	0.165393	0.164581	0.163604	0.162461	0.161155	0.159686	0.158055	0.156264	0.154316	0.152211	0.149952	0.147541	0.14498	0.142273	0.139421	0.136427	0.133295	0.130027	0.126627	0.123099	0.119445	0.115669	0.111775	0.107768	0.10365	0.0994274	0.0951028	0.0906811	0.0861669	0.0815645	0.0768789	0.0721146	0.0672766	0.0623698	0.0573992	0.0523698	0.0472868	0.0421555	0.036981	0.0317686	0.0265236	0.0212516	0.0159577	0.0106476	0.0053265	0	
0	0.00551512	0.0110247	0.0165233	0.0220055	0.0274657	0.0328986	0.0382987	0.0436607	0.0489792	0.054249	0.0594647	0.0646213	0.0697135	0.0747363	0.0796847	0.0845537	0.0893386	0.0940345	0.0986366	0.103141	0.107542	0.111836	0.116018	0.120085	0.124032	0.127856	0.131552	0.135116	0.138546	0.141838	0.144987	0.147993	0.15085	0.153556	0.156109	0.158506	0.160744	0.162822	0.164736	0.166486	0.168068	0.169482	0.170727	0.1718	0.172701	0.173428	0.173981	0.174359	0.174562	0.17459	0.174442	0.174118	0.173619	0.172945	0.172096	0.171074	0.16988	0.168514	0.166977	0.165272	0.1634	0.161362	0.159161	0.156799	0.154278	0.1516	0.148769	0.145787	0.142657	0.139381	0.135965	0.132409	0.12872	0.124899	0.120951	0.116879	0.112689	0.108383	0.103967	0.0994454	0.0948219	0.0901015	0.085289	0.0803894	0.0754076	0.0703486	0.0652178	0.0600202	0.0547612	0.0494461	0.0440804	0.0386696	0.0332192	0.0277348	0.022222	0.0166864	0.0111338	0.00556973	0	
0	0.00575046	0.0114952	0.0172284	0.0229445	0.0286377	0.0343024	0.039933	0.0455238	0.0510692	0.0565639	0.0620022	0.0673788	0.0726883	0.0779254	0.083085	0.0881618	0.0931508	0.098047	0.102846	0.107542	0.112131	0.116608	0.120969	0.125209	0.129325	0.133312	0.137165	0.140882	0.144458	0.14789	0.151174	0.154308	0.157287	0.160109	0.162771	0.16527	0.167604	0.16977	0.171766	0.17359	0.17524	0.176715	0.178012	0.179131	0.18007	0.180828	0.181405	0.1818	0.182011	0.18204	0.181885	0.181548	0.181027	0.180325	0.17944	0.178374	0.177129	0.175704	0.174102	0.172324	0.170372	0.168248	0.165953	0.16349	0.160861	0.15807	0.155117	0.152008	0.148744	0.145329	0.141766	0.13806	0.134212	0.130228	0.126112	0.121867	0.117497	0.113008	0.108404	0.103689	0.0988681	0.0939463	0.0889285	0.0838198	0.0786254	0.0733506	0.0680008	0.0625814	0.0570979	0.0515561	0.0459614	0.0403197	0.0346367	0.0289183	0.0231702	0.0173985	0.0116089	0.0058074	0	
0	0.00598006	0.0119542	0.0179163	0.0238606	0.0297812	0.0356721	0.0415274	0.0473415	0.0531083	0.0588224	0.0644778	0.0700691	0.0755906	0.0810369	0.0864024	0.091682	0.0968702	0.101962	0.106952	0.111836	0.116608	0.121264	0.125799	0.130209	0.134489	0.138635	0.142642	0.146507	0.150226	0.153795	0.157211	0.160469	0.163567	0.166502	0.16927	0.171869	0.174296	0.176548	0.178624	0.180521	0.182237	0.183771	0.18512	0.186283	0.18726	0.188049	0.188648	0.189059	0.189279	0.189309	0.189148	0.188797	0.188256	0.187525	0.186605	0.185497	0.184201	0.18272	0.181054	0.179205	0.177175	0.174966	0.172579	0.170018	0.167284	0.164381	0.161311	0.158078	0.154683	0.151132	0.147427	0.143572	0.139571	0.135428	0.131147	0.126733	0.122189	0.117521	0.112732	0.107829	0.102816	0.0976975	0.0924793	0.0871666	0.0817648	0.0762794	0.070716	0.0650802	0.0593778	0.0536147	0.0477966	0.0419297	0.0360198	0.030073	0.0240954	0.0180932	0.0120724	0.00603929	0	
0	0.00620371	0.0124012	0.0185864	0.024753	0.030895	0.0370062	0.0430805	0.049112	0.0550945	0.0610222	0.0668892	0.0726896	0.0784176	0.0840675	0.0896338	0.0951108	0.100493	0.105775	0.110952	0.116018	0.120969	0.125799	0.130504	0.135078	0.139518	0.143819	0.147977	0.151986	0.155844	0.159547	0.16309	0.16647	0.169684	0.172729	0.1756	0.178296	0.180814	0.183151	0.185304	0.187272	0.189053	0.190643	0.192043	0.19325	0.194263	0.195081	0.195704	0.196129	0.196358	0.196389	0.196222	0.195858	0.195296	0.194538	0.193584	0.192434	0.19109	0.189554	0.187825	0.185907	0.183801	0.181509	0.179034	0.176376	0.173541	0.170529	0.167344	0.16399	0.160468	0.156784	0.152941	0.148942	0.144791	0.140493	0.136052	0.131473	0.126759	0.121916	0.116949	0.111862	0.106661	0.101351	0.095938	0.0904266	0.0848228	0.0791322	0.0733607	0.0675142	0.0615985	0.0556198	0.0495842	0.0434978	0.0373669	0.0311977	0.0249966	0.0187699	0.0125239	0.00626516	0	
0	0.00642117	0.0128359	0.0192379	0.0256207	0.0319779	0.0383033	0.0445906	0.0508335	0.0570258	0.0631613	0.0692339	0.0752376	0.0811664	0.0870144	0.0927758	0.0984447	0.104016	0.109483	0.114841	0.120085	0.125209	0.130209	0.135078	0.139814	0.144409	0.148861	0.153164	0.157314	0.161307	0.16514	0.168807	0.172306	0.175632	0.178783	0.181756	0.184546	0.187152	0.189571	0.1918	0.193837	0.19568	0.197326	0.198775	0.200024	0.201073	0.20192	0.202564	0.203004	0.203241	0.203273	0.2031	0.202723	0.202142	0.201357	0.20037	0.19918	0.197789	0.196198	0.194409	0.192424	0.190244	0.187872	0.185309	0.182559	0.179624	0.176507	0.17321	0.169738	0.166094	0.16228	0.158302	0.154163	0.149867	0.145418	0.140821	0.136081	0.131202	0.12619	0.121048	0.115783	0.1104	0.104904	0.0993011	0.0935965	0.0877962	0.0819062	0.0759324	0.0698809	0.0637578	0.0575696	0.0513224	0.0450226	0.0386768	0.0322913	0.0258728	0.0194278	0.0129629	0.00648478	0	
0	0.00663223	0.0132578	0.0198702	0.0264628	0.033029	0.0395624	0.0460563	0.0525044	0.0589002	0.0652374	0.0715096	0.0777106	0.0838343	0.0898745	0.0958253	0.101681	0.107435	0.113082	0.118616	0.124032	0.129325	0.134489	0.139518	0.144409	0.149156	0.153754	0.158198	0.162485	0.166609	0.170568	0.174356	0.177969	0.181405	0.18466	0.18773	0.190612	0.193304	0.195802	0.198105	0.200208	0.202112	0.203812	0.205309	0.206599	0.207682	0.208557	0.209222	0.209677	0.209921	0.209954	0.209776	0.209387	0.208787	0.207976	0.206956	0.205727	0.20429	0.202647	0.2008	0.198749	0.196498	0.194047	0.191401	0.18856	0.185528	0.182308	0.178904	0.175317	0.171553	0.167614	0.163505	0.15923	0.154793	0.150198	0.14545	0.140554	0.135515	0.130337	0.125027	0.119589	0.114029	0.108352	0.102565	0.096673	0.0906821	0.0845985	0.0784283	0.0721779	0.0658536	0.0594619	0.0530093	0.0465025	0.0399481	0.0333528	0.0267233	0.0200664	0.013389	0.00669794	0	
0	0.00683668	0.0136665	0.0204827	0.0272785	0.0340472	0.0407819	0.047476	0.0541229	0.0607159	0.0672484	0.073714	0.0801062	0.0864186	0.092645	0.0987792	0.104815	0.110746	0.116568	0.122273	0.127856	0.133312	0.138635	0.143819	0.148861	0.153754	0.158493	0.163075	0.167494	0.171745	0.175826	0.17973	0.183456	0.186997	0.190352	0.193517	0.196488	0.199263	0.201838	0.204211	0.20638	0.208342	0.210095	0.211638	0.212968	0.214084	0.214986	0.215672	0.216141	0.216392	0.216426	0.216243	0.215841	0.215223	0.214387	0.213335	0.212069	0.210588	0.208894	0.20699	0.204876	0.202555	0.200029	0.197301	0.194373	0.191247	0.187928	0.184419	0.180722	0.176841	0.172781	0.168546	0.164139	0.159565	0.154828	0.149934	0.144887	0.139692	0.134355	0.128881	0.123276	0.117544	0.111693	0.105727	0.0996531	0.0934775	0.0872064	0.080846	0.0744029	0.0678836	0.0612949	0.0546435	0.0479361	0.0411796	0.0343809	0.0275471	0.020685	0.0138018	0.00690441	0	
0	0.0070343	0.0140616	0.0210748	0.0280671	0.0350314	0.0419608	0.0488484	0.0556874	0.0624709	0.0691923	0.0758448	0.0824218	0.0889167	0.0953231	0.101635	0.107845	0.113948	0.119937	0.125807	0.131552	0.137165	0.142642	0.147977	0.153164	0.158198	0.163075	0.167789	0.172335	0.17671	0.180908	0.184926	0.188759	0.192403	0.195855	0.199111	0.202168	0.205023	0.207673	0.210115	0.212346	0.214365	0.216168	0.217755	0.219124	0.220273	0.221201	0.221906	0.222389	0.222648	0.222683	0.222494	0.222081	0.221444	0.220585	0.219502	0.218199	0.216675	0.214933	0.212973	0.210798	0.20841	0.205811	0.203004	0.199991	0.196776	0.193361	0.18975	0.185946	0.181953	0.177776	0.173418	0.168884	0.164177	0.159304	0.154268	0.149075	0.143731	0.138239	0.132607	0.126839	0.120942	0.114921	0.108783	0.102534	0.0961797	0.0897273	0.083183	0.0765537	0.069846	0.0630668	0.0562231	0.0493218	0.04237	0.0353748	0.0283434	0.021283	0.0142007	0.007104	0	
0	0.00722491	0.0144426	0.0216459	0.0288276	0.0359806	0.0430978	0.050172	0.0571963	0.0641637	0.0710672	0.0778999	0.0846551	0.0913261	0.097906	0.104389	0.110767	0.117035	0.123187	0.129216	0.135116	0.140882	0.146507	0.151986	0.157314	0.162485	0.167494	0.172335	0.177005	0.181498	0.18581	0.189937	0.193873	0.197617	0.201162	0.204506	0.207646	0.210579	0.2133	0.215808	0.2181	0.220173	0.222026	0.223656	0.225062	0.226242	0.227195	0.227919	0.228415	0.228681	0.228717	0.228523	0.228099	0.227445	0.226562	0.22545	0.224112	0.222547	0.220757	0.218744	0.21651	0.214058	0.211388	0.208505	0.205411	0.202108	0.1986	0.194891	0.190985	0.186884	0.182593	0.178117	0.17346	0.168626	0.163621	0.158448	0.153115	0.147625	0.141985	0.1362	0.130276	0.124219	0.118035	0.111731	0.105312	0.098786	0.0921587	0.0854371	0.0786281	0.0717387	0.0647758	0.0577466	0.0506583	0.0435181	0.0363334	0.0291114	0.0218597	0.0145856	0.00729651	0	
0	0.00740831	0.0148092	0.0221953	0.0295594	0.0368939	0.0441918	0.0514456	0.0586482	0.0657924	0.0728712	0.0798774	0.086804	0.0936443	0.100391	0.107038	0.113579	0.120006	0.126314	0.132496	0.138546	0.144458	0.150226	0.155844	0.161307	0.166609	0.171745	0.17671	0.181498	0.186106	0.190527	0.194758	0.198795	0.202633	0.206268	0.209698	0.212917	0.215924	0.218715	0.221286	0.223636	0.225762	0.227662	0.229333	0.230775	0.231985	0.232962	0.233705	0.234213	0.234486	0.234523	0.234324	0.233889	0.233218	0.232313	0.231173	0.2298	0.228196	0.226361	0.224297	0.222006	0.219491	0.216754	0.213798	0.210625	0.207238	0.203642	0.199839	0.195833	0.191628	0.187228	0.182639	0.177863	0.172907	0.167774	0.162471	0.157002	0.151373	0.145589	0.139658	0.133583	0.127373	0.121032	0.114567	0.107986	0.101294	0.0944981	0.0876059	0.0806241	0.0735597	0.0664201	0.0592125	0.0519442	0.0446228	0.0372557	0.0298504	0.0224146	0.0149558	0.00748173	0	
0	0.00758431	0.015161	0.0227226	0.0302616	0.0377704	0.0452416	0.0526678	0.0600415	0.0673555	0.0746024	0.081775	0.0888663	0.095869	0.102776	0.109581	0.116277	0.122857	0.129315	0.135644	0.141838	0.14789	0.153795	0.159547	0.16514	0.170568	0.175826	0.180908	0.18581	0.190527	0.195053	0.199385	0.203518	0.207447	0.211169	0.21468	0.217976	0.221054	0.223911	0.226543	0.228949	0.231126	0.233071	0.234782	0.236258	0.237496	0.238496	0.239257	0.239777	0.240057	0.240094	0.239891	0.239445	0.238759	0.237832	0.236665	0.23526	0.233617	0.231739	0.229626	0.227281	0.224706	0.221904	0.218877	0.215629	0.212162	0.20848	0.204586	0.200485	0.196181	0.191677	0.186978	0.182089	0.177014	0.17176	0.166331	0.160732	0.154969	0.149048	0.142976	0.136757	0.130399	0.123907	0.117289	0.110551	0.1037	0.0967432	0.0896873	0.0825396	0.0753074	0.0679981	0.0606193	0.0531783	0.045683	0.0381408	0.0305596	0.0229471	0.0153111	0.00765948	0	
0	0.00775273	0.0154977	0.0232273	0.0309336	0.0386092	0.0462464	0.0538374	0.0613749	0.0688513	0.0762591	0.0835911	0.0908398	0.097998	0.105059	0.112015	0.118859	0.125586	0.132187	0.138656	0.144987	0.151174	0.157211	0.16309	0.168807	0.174356	0.17973	0.184926	0.189937	0.194758	0.199385	0.203813	0.208037	0.212054	0.215858	0.219447	0.222817	0.225963	0.228883	0.231574	0.234034	0.236259	0.238247	0.239996	0.241504	0.24277	0.243793	0.24457	0.245102	0.245388	0.245426	0.245218	0.244763	0.244061	0.243114	0.241921	0.240485	0.238805	0.236885	0.234725	0.232328	0.229696	0.226832	0.223738	0.220418	0.216874	0.21311	0.20913	0.204938	0.200537	0.195933	0.19113	0.186133	0.180946	0.175574	0.170025	0.164301	0.158411	0.152358	0.146151	0.139794	0.133295	0.126659	0.119894	0.113006	0.106003	0.0988917	0.0916791	0.0843726	0.0769798	0.0695083	0.0619655	0.0543594	0.0466975	0.0389879	0.0312383	0.0234567	0.0156512	0.00782959	0	
0	0.00791342	0.0158189	0.0237087	0.0315748	0.0394094	0.0472049	0.0549533	0.062647	0.0702783	0.0778397	0.0853236	0.0927225	0.100029	0.107236	0.114337	0.121323	0.128189	0.134926	0.14153	0.147993	0.154308	0.160469	0.16647	0.172306	0.177969	0.183456	0.188759	0.193873	0.198795	0.203518	0.208037	0.212349	0.216449	0.220332	0.223996	0.227435	0.230646	0.233627	0.236374	0.238885	0.241155	0.243185	0.24497	0.24651	0.247802	0.248846	0.24964	0.250182	0.250474	0.250513	0.250301	0.249836	0.24912	0.248153	0.246936	0.245469	0.243755	0.241795	0.23959	0.237144	0.234457	0.231534	0.228376	0.224986	0.221369	0.217527	0.213465	0.209185	0.204694	0.199994	0.195092	0.189991	0.184696	0.179214	0.173549	0.167707	0.161694	0.155516	0.14918	0.142692	0.136057	0.129284	0.122379	0.115349	0.1082	0.100941	0.0935793	0.0861214	0.0785754	0.070949	0.0632499	0.0554861	0.0476654	0.039796	0.0318858	0.0239429	0.0159756	0.00799187	0	
0	0.0080662	0.0161243	0.0241664	0.0321844	0.0401703	0.0481162	0.0560142	0.0638565	0.0716351	0.0793425	0.0869709	0.0945127	0.10196	0.109307	0.116544	0.123665	0.130663	0.137531	0.144262	0.15085	0.157287	0.163567	0.169684	0.175632	0.181405	0.186997	0.192403	0.197617	0.202633	0.207447	0.212054	0.216449	0.220628	0.224586	0.22832	0.231826	0.235099	0.238138	0.240938	0.243497	0.245811	0.24788	0.2497	0.251269	0.252587	0.25365	0.254459	0.255013	0.25531	0.25535	0.255133	0.25466	0.25393	0.252944	0.251703	0.250208	0.248461	0.246463	0.244216	0.241722	0.238984	0.236004	0.232785	0.22933	0.225643	0.221727	0.217586	0.213224	0.208646	0.203856	0.198858	0.193659	0.188262	0.182674	0.176899	0.170945	0.164816	0.158519	0.15206	0.145447	0.138684	0.13178	0.124742	0.117576	0.110289	0.10289	0.0953861	0.0877842	0.0800925	0.0723188	0.0644711	0.0565573	0.0485857	0.0405643	0.0325014	0.0244052	0.016284	0.00814617	0	
0	0.00821092	0.0164136	0.0246	0.0327618	0.040891	0.0489795	0.0570192	0.0650021	0.0729204	0.080766	0.0885313	0.0962084	0.10379	0.111268	0.118635	0.125884	0.133008	0.139999	0.146851	0.153556	0.160109	0.166502	0.172729	0.178783	0.18466	0.190352	0.195855	0.201162	0.206268	0.211169	0.215858	0.220332	0.224586	0.228616	0.232417	0.235985	0.239317	0.24241	0.245261	0.247865	0.250222	0.252327	0.25418	0.255777	0.257118	0.258201	0.259025	0.259588	0.25989	0.259931	0.259711	0.259229	0.258486	0.257482	0.256219	0.254698	0.252919	0.250885	0.248598	0.246059	0.243272	0.240238	0.236961	0.233445	0.229691	0.225705	0.22149	0.21705	0.212389	0.207513	0.202426	0.197133	0.19164	0.185951	0.180073	0.174012	0.167773	0.161363	0.154789	0.148056	0.141173	0.134145	0.12698	0.119685	0.112268	0.104736	0.0970975	0.0893592	0.0815295	0.0736163	0.0656278	0.0575721	0.0494574	0.0412921	0.0330845	0.0248431	0.0165762	0.00829233	0	
0	0.00834743	0.0166865	0.025009	0.0333065	0.0415708	0.0497938	0.0579672	0.0660828	0.0741327	0.0821088	0.0900031	0.0978079	0.105515	0.113118	0.120607	0.127977	0.135219	0.142326	0.149292	0.156109	0.162771	0.16927	0.1756	0.181756	0.18773	0.193517	0.199111	0.204506	0.209698	0.21468	0.219447	0.223996	0.22832	0.232417	0.236281	0.239909	0.243296	0.246441	0.249338	0.251986	0.254382	0.256522	0.258406	0.26003	0.261393	0.262494	0.263331	0.263904	0.264211	0.264253	0.264029	0.263539	0.262783	0.261763	0.260479	0.258932	0.257124	0.255056	0.252731	0.25015	0.247316	0.244232	0.240901	0.237326	0.23351	0.229458	0.225172	0.220659	0.215921	0.210963	0.205792	0.200411	0.194826	0.189043	0.183067	0.176905	0.170562	0.164046	0.157362	0.150518	0.14352	0.136375	0.129091	0.121675	0.114135	0.106478	0.0987119	0.0908449	0.082885	0.0748403	0.066719	0.0585293	0.0502797	0.0419787	0.0336346	0.0252561	0.0168518	0.0084302	0	
0	0.00847559	0.0169427	0.0253929	0.0338178	0.0422091	0.0505583	0.0588572	0.0670974	0.0752709	0.0833694	0.091385	0.0993096	0.107135	0.114854	0.122459	0.129942	0.137295	0.144512	0.151584	0.158506	0.16527	0.171869	0.178296	0.184546	0.190612	0.196488	0.202168	0.207646	0.212917	0.217976	0.222817	0.227435	0.231826	0.235985	0.239909	0.243592	0.247032	0.250224	0.253167	0.255855	0.258287	0.260461	0.262373	0.264022	0.265406	0.266524	0.267374	0.267956	0.268268	0.26831	0.268083	0.267585	0.266818	0.265782	0.264478	0.262908	0.261072	0.258972	0.256611	0.253991	0.251114	0.247982	0.2446	0.24097	0.237095	0.232981	0.22863	0.224047	0.219236	0.214203	0.208952	0.203488	0.197817	0.191945	0.185878	0.179621	0.173181	0.166565	0.159778	0.152829	0.145723	0.138469	0.131073	0.123543	0.115887	0.108113	0.100228	0.0922398	0.0841577	0.0759894	0.0677434	0.059428	0.0510517	0.0426232	0.0341511	0.0256439	0.0171105	0.00855964	0	
0	0.00859527	0.0171819	0.0257515	0.0342954	0.0428051	0.0512722	0.0596883	0.0680449	0.0763338	0.0845467	0.0926754	0.100712	0.108648	0.116476	0.124188	0.131777	0.139234	0.146552	0.153725	0.160744	0.167604	0.174296	0.180814	0.187152	0.193304	0.199263	0.205023	0.210579	0.215924	0.221054	0.225963	0.230646	0.235099	0.239317	0.243296	0.247032	0.25052	0.253758	0.256742	0.259468	0.261935	0.264139	0.266078	0.267751	0.269154	0.270288	0.27115	0.27174	0.272056	0.272099	0.271868	0.271364	0.270586	0.269535	0.268213	0.26662	0.264759	0.262629	0.260235	0.257578	0.25466	0.251484	0.248054	0.244373	0.240444	0.236271	0.231858	0.22721	0.222332	0.217227	0.211902	0.206362	0.200611	0.194656	0.188503	0.182158	0.175627	0.168917	0.162035	0.154987	0.147781	0.140424	0.132924	0.125288	0.117524	0.109639	0.101643	0.0935424	0.0853461	0.0770625	0.0687	0.0602672	0.0517727	0.0432251	0.0346333	0.0260061	0.0173522	0.00868052	0	
0	0.00870635	0.017404	0.0260843	0.0347386	0.0433583	0.0519348	0.0604597	0.0689243	0.0773203	0.0856394	0.0938731	0.102013	0.110052	0.117981	0.125793	0.13348	0.141033	0.148446	0.155712	0.162822	0.16977	0.176548	0.183151	0.189571	0.195802	0.201838	0.207673	0.2133	0.218715	0.223911	0.228883	0.233627	0.238138	0.24241	0.246441	0.250224	0.253758	0.257037	0.26006	0.262822	0.26532	0.267553	0.269517	0.271211	0.272633	0.273781	0.274654	0.275252	0.275572	0.275616	0.275382	0.274871	0.274083	0.273019	0.27168	0.270066	0.26818	0.266024	0.263598	0.260907	0.257951	0.254734	0.25126	0.247531	0.243551	0.239324	0.234855	0.230147	0.225205	0.220035	0.214641	0.209029	0.203204	0.197172	0.190939	0.184512	0.177897	0.1711	0.164129	0.15699	0.149691	0.142239	0.134642	0.126907	0.119043	0.111056	0.102957	0.0947514	0.0864492	0.0780585	0.069588	0.0610461	0.0524418	0.0437838	0.035081	0.0263422	0.0175764	0.00879271	0	
0	0.00880872	0.0176086	0.026391	0.0351471	0.0438681	0.0525455	0.0611705	0.0697347	0.0782294	0.0866463	0.0949769	0.103213	0.111346	0.119369	0.127272	0.135049	0.142691	0.150192	0.157542	0.164736	0.171766	0.178624	0.185304	0.1918	0.198105	0.204211	0.210115	0.215808	0.221286	0.226543	0.231574	0.236374	0.240938	0.245261	0.249338	0.253167	0.256742	0.26006	0.263117	0.265912	0.26844	0.270699	0.272686	0.2744	0.275839	0.277	0.277884	0.278488	0.278812	0.278856	0.27862	0.278103	0.277306	0.276229	0.274874	0.273242	0.271334	0.269152	0.266698	0.263974	0.260984	0.25773	0.254214	0.250441	0.246415	0.242138	0.237616	0.232853	0.227853	0.222622	0.217165	0.211486	0.205593	0.19949	0.193184	0.186682	0.179989	0.173112	0.166059	0.158836	0.151451	0.143912	0.136225	0.1284	0.120442	0.112362	0.104167	0.0958655	0.0874657	0.0789764	0.0704062	0.061764	0.0530585	0.0442986	0.0354935	0.0266519	0.0177831	0.0088961	0	
0	0.00890226	0.0177956	0.0266713	0.0355203	0.044334	0.0531035	0.0618201	0.0704752	0.0790602	0.0875664	0.0959855	0.104309	0.112529	0.120636	0.128624	0.136483	0.144207	0.151787	0.159215	0.166486	0.17359	0.180521	0.187272	0.193837	0.200208	0.20638	0.212346	0.2181	0.223636	0.228949	0.234034	0.238885	0.243497	0.247865	0.251986	0.255855	0.259468	0.262822	0.265912	0.268736	0.27129	0.273573	0.275582	0.277314	0.278768	0.279942	0.280835	0.281446	0.281773	0.281818	0.281579	0.281056	0.280251	0.279163	0.277793	0.276144	0.274215	0.27201	0.26953	0.266778	0.263756	0.260467	0.256914	0.253101	0.249032	0.24471	0.24014	0.235326	0.230273	0.224987	0.219471	0.213732	0.207776	0.201609	0.195236	0.188664	0.1819	0.17495	0.167822	0.160523	0.15306	0.14544	0.137672	0.129763	0.121722	0.113556	0.105273	0.0968836	0.0883946	0.0798151	0.071154	0.0624199	0.053622	0.0447691	0.0358704	0.026935	0.017972	0.00899058	0	
0	0.00898689	0.0179648	0.0269248	0.035858	0.0447554	0.0536083	0.0624078	0.0711452	0.0798117	0.0883989	0.096898	0.105301	0.113598	0.121783	0.129847	0.137781	0.145578	0.15323	0.160729	0.168068	0.17524	0.182237	0.189053	0.19568	0.202112	0.208342	0.214365	0.220173	0.225762	0.231126	0.236259	0.241155	0.245811	0.250222	0.254382	0.258287	0.261935	0.26532	0.26844	0.27129	0.27387	0.276174	0.278202	0.27995	0.281418	0.282603	0.283505	0.284121	0.284452	0.284497	0.284256	0.283728	0.282915	0.281817	0.280434	0.278769	0.276822	0.274596	0.272093	0.269314	0.266263	0.262943	0.259356	0.255507	0.251399	0.247036	0.242423	0.237563	0.232462	0.227125	0.221558	0.215764	0.209752	0.203526	0.197092	0.190458	0.183629	0.176614	0.169418	0.162049	0.154515	0.146823	0.138981	0.130997	0.122879	0.114635	0.106274	0.0978047	0.089235	0.080574	0.0718304	0.0630134	0.0541318	0.0451947	0.0362114	0.0271911	0.0181428	0.00907606	0	
0	0.00906251	0.018116	0.0271513	0.0361597	0.045132	0.0540594	0.0629329	0.0717438	0.0804833	0.0891427	0.0977133	0.106187	0.114554	0.122808	0.130939	0.13894	0.146803	0.154519	0.162081	0.169482	0.176715	0.183771	0.190643	0.197326	0.203812	0.210095	0.216168	0.222026	0.227662	0.233071	0.238247	0.243185	0.24788	0.252327	0.256522	0.260461	0.264139	0.267553	0.270699	0.273573	0.276174	0.278498	0.280543	0.282306	0.283786	0.284981	0.28589	0.286512	0.286846	0.286891	0.286648	0.286116	0.285296	0.284188	0.282794	0.281115	0.279152	0.276907	0.274382	0.27158	0.268504	0.265156	0.261539	0.257657	0.253515	0.249115	0.244463	0.239562	0.234419	0.229037	0.223422	0.21758	0.211517	0.205238	0.198751	0.192061	0.185175	0.1781	0.170844	0.163413	0.155815	0.148058	0.14015	0.132099	0.123913	0.1156	0.107169	0.0986278	0.0899859	0.081252	0.0724349	0.0635436	0.0545873	0.0455751	0.0365162	0.0274199	0.0182955	0.00915244	0	
