0	0	0	0	0	0	0	0	0	0	0	0	0	0	0	0	0	0	0	0	0	0	0	0	0	0	0	0	0	0	0	0	0	0	0	0	0	0	0	0	0	0	0	0	0	0	0	0	0	0	0	0	0	0	0	0	0	0	0	0	0	0	0	0	0	0	0	0	0	0	0	0	0	0	0	0	0	0	0	0	0	0	0	0	0	0	0	0	0	0	0	0	0	0	0	0	0	0	0	0	
0	0.000278357	0.000556435	0.000833957	0.00111065	0.00138623	0.00166043	0.00193298	0.0022036	0.00247202	0.00273798	0.00300122	0.00326146	0.00351845	0.00377194	0.00402167	0.00426739	0.00450886	0.00474583	0.00497807	0.00520535	0.00542744	0.00564412	0.00585516	0.00606037	0.00625953	0.00645244	0.00663891	0.00681875	0.00699178	0.00715783	0.00731672	0.00746831	0.00761243	0.00774893	0.00787769	0.00799856	0.00811142	0.00821617	0.00831268	0.00840087	0.00848064	0.0085519	0.00861459	0.00866863	0.00871397	0.00875056	0.00877836	0.00879734	0.00880747	0.00880874	0.00880115	0.00878469	0.00875939	0.00872526	0.00868234	0.00863066	0.00857027	0.00850123	0.0084236	0.00833746	0.00824289	0.00813998	0.00802884	0.00790957	0.00778229	0.00764712	0.0075042	0.00735366	0.00719567	0.00703037	0.00685793	0.00667852	0.00649233	0.00629953	0.00610032	0.0058949	0.00568349	0.00546628	0.0052435	0.00501538	0.00478215	0.00454404	0.00430129	0.00405416	0.00380289	0.00354773	0.00328895	0.00302681	0.00276158	0.00249353	0.00222293	0.00195006	0.0016752	0.00139862	0.00112061	0.000841463	0.000561453	0.00028087	0	
0	0.000556435	0.00111231	0.00166708	0.00222018	0.00277107	0.0033192	0.00386402	0.00440499	0.00494157	0.00547323	0.00599943	0.00651966	0.00703338	0.0075401	0.00803931	0.00853051	0.0090132	0.00948691	0.00995116	0.0104055	0.0108494	0.0112826	0.0117045	0.0121147	0.0125128	0.0128984	0.0132712	0.0136307	0.0139766	0.0143085	0.0146261	0.0149291	0.0152172	0.0154901	0.0157475	0.0159891	0.0162147	0.0164241	0.0166171	0.0167933	0.0169528	0.0170952	0.0172206	0.0173286	0.0174192	0.0174924	0.0175479	0.0175859	0.0176061	0.0176087	0.0175935	0.0175606	0.01751	0.0174418	0.017356	0.0172527	0.017132	0.016994	0.0168388	0.0166666	0.0164775	0.0162718	0.0160497	0.0158112	0.0155568	0.0152866	0.0150009	0.0147	0.0143841	0.0140537	0.013709	0.0133504	0.0129782	0.0125928	0.0121945	0.0117839	0.0113613	0.0109271	0.0104818	0.0100258	0.00955952	0.00908354	0.00859829	0.00810427	0.00760197	0.00709191	0.00657461	0.0060506	0.0055204	0.00498457	0.00444364	0.00389817	0.00334872	0.00279584	0.00224011	0.00168209	0.00112234	0.000561459	0	
0	0.000833957	0.00166708	0.00249854	0.0033275	0.00415315	0.00497466	0.00579121	0.00660199	0.00740619	0.00820301	0.00899165	0.00977134	0.0105413	0.0113007	0.0120489	0.0127851	0.0135085	0.0142185	0.0149143	0.0155952	0.0162606	0.0169098	0.0175421	0.0181569	0.0187536	0.0193315	0.0198902	0.020429	0.0209474	0.0214449	0.0219209	0.0223751	0.0228069	0.0232158	0.0236016	0.0239637	0.0243019	0.0246157	0.0249048	0.025169	0.025408	0.0256215	0.0258093	0.0259713	0.0261071	0.0262167	0.0263	0.0263569	0.0263872	0.026391	0.0263683	0.026319	0.0262432	0.0261409	0.0260123	0.0258575	0.0256766	0.0254697	0.0252371	0.0249791	0.0246957	0.0243874	0.0240544	0.0236971	0.0233158	0.0229108	0.0224826	0.0220316	0.0215583	0.021063	0.0205464	0.0200089	0.019451	0.0188734	0.0182766	0.0176612	0.0170278	0.016377	0.0157096	0.0150261	0.0143274	0.013614	0.0128867	0.0121463	0.0113935	0.010629	0.00985372	0.00906835	0.00827372	0.00747063	0.00665992	0.00584239	0.0050189	0.00419027	0.00335737	0.00252103	0.00168212	0.000841488	0	
0	0.00111065	0.00222018	0.0033275	0.0044315	0.00553108	0.00662515	0.00771262	0.0087924	0.00986341	0.0109246	0.0119749	0.0130133	0.0140387	0.0150501	0.0160465	0.017027	0.0179904	0.0189359	0.0198626	0.0207694	0.0216556	0.0225201	0.0233622	0.024181	0.0249756	0.0257453	0.0264894	0.0272069	0.0278973	0.0285599	0.0291939	0.0297987	0.0303737	0.0309184	0.0314321	0.0319144	0.0323648	0.0327827	0.0331678	0.0335197	0.0338379	0.0341223	0.0343724	0.034588	0.0347689	0.0349149	0.0350258	0.0351016	0.035142	0.0351471	0.0351168	0.0350511	0.0349502	0.034814	0.0346427	0.0344365	0.0341956	0.0339201	0.0336103	0.0332666	0.0328893	0.0324787	0.0320353	0.0315594	0.0310515	0.0305122	0.0299419	0.0293413	0.0287109	0.0280513	0.0273633	0.0266475	0.0259045	0.0251353	0.0243404	0.0235208	0.0226773	0.0218106	0.0209217	0.0200115	0.0190809	0.0181308	0.0171623	0.0161762	0.0151736	0.0141555	0.013123	0.0120771	0.0110188	0.00994925	0.00886955	0.00778079	0.00668407	0.00558053	0.00447128	0.00335746	0.00224021	0.00112068	0	
0	0.00138623	0.00277107	0.00415315	0.00553108	0.0069035	0.00826904	0.00962634	0.010974	0.0123108	0.0136353	0.0149462	0.0162422	0.0175221	0.0187845	0.0200281	0.0212518	0.0224544	0.0236345	0.0247911	0.0259229	0.027029	0.028108	0.029159	0.030181	0.0311728	0.0321335	0.0330621	0.0339578	0.0348195	0.0356464	0.0364377	0.0371926	0.0379103	0.0385901	0.0392313	0.0398333	0.0403954	0.040917	0.0413977	0.0418368	0.0422341	0.042589	0.0429012	0.0431703	0.0433961	0.0435783	0.0437168	0.0438113	0.0438617	0.0438681	0.0438303	0.0437483	0.0436223	0.0434524	0.0432386	0.0429812	0.0426805	0.0423366	0.0419501	0.0415211	0.0410501	0.0405376	0.0399841	0.0393902	0.0387563	0.0380831	0.0373714	0.0366217	0.0358349	0.0350117	0.0341529	0.0332595	0.0323322	0.0313721	0.03038	0.029357	0.0283041	0.0272224	0.026113	0.024977	0.0238154	0.0226296	0.0214207	0.02019	0.0189386	0.0176679	0.0163792	0.0150737	0.0137529	0.012418	0.0110704	0.00971143	0.00834259	0.00696522	0.00558074	0.00419055	0.00279608	0.00139875	0	
0	0.00166043	0.0033192	0.00497466	0.00662515	0.00826904	0.00990468	0.0115305	0.0131447	0.0147459	0.0163324	0.0179026	0.019455	0.020988	0.0225001	0.0239898	0.0254555	0.0268959	0.0283095	0.0296948	0.0310506	0.0323754	0.0336679	0.0349268	0.0361509	0.0373389	0.0384896	0.039602	0.0406747	0.0417069	0.0426974	0.0436452	0.0445495	0.0454092	0.0462234	0.0469915	0.0477125	0.0483857	0.0490106	0.0495863	0.0501123	0.0505882	0.0510133	0.0513872	0.0517096	0.05198	0.0521983	0.0523641	0.0524773	0.0525378	0.0525453	0.0525001	0.0524019	0.052251	0.0520474	0.0517914	0.0514831	0.0511229	0.050711	0.0502479	0.0497341	0.04917	0.0485562	0.0478932	0.0471817	0.0464224	0.0456161	0.0447636	0.0438657	0.0429232	0.0419372	0.0409085	0.0398383	0.0387277	0.0375776	0.0363893	0.035164	0.0339028	0.0326072	0.0312783	0.0299175	0.0285262	0.0271059	0.0256579	0.0241837	0.0226848	0.0211627	0.0196191	0.0180554	0.0164733	0.0148743	0.0132601	0.0116324	0.00999279	0.00834298	0.00668463	0.00501946	0.00334915	0.00167543	0	
0	0.00193298	0.00386402	0.00579121	0.00771262	0.00962634	0.0115305	0.0134231	0.0153023	0.0171664	0.0190133	0.0208412	0.0226484	0.024433	0.0261933	0.0279275	0.0296339	0.0313107	0.0329563	0.034569	0.0361473	0.0376896	0.0391942	0.0406598	0.0420848	0.0434678	0.0448074	0.0461023	0.0473512	0.0485528	0.0497059	0.0508093	0.0518619	0.0528627	0.0538106	0.0547048	0.0555441	0.0563279	0.0570553	0.0577255	0.0583379	0.0588918	0.0593867	0.059822	0.0601973	0.0605122	0.0607663	0.0609593	0.0610911	0.0611614	0.0611703	0.0611176	0.0610033	0.0608276	0.0605906	0.0602925	0.0599337	0.0595143	0.0590348	0.0584958	0.0578976	0.0572409	0.0565263	0.0557545	0.0549262	0.0540423	0.0531037	0.0521112	0.0510659	0.0499687	0.0488208	0.0476234	0.0463775	0.0450845	0.0437457	0.0423623	0.0409359	0.0394677	0.0379594	0.0364124	0.0348282	0.0332086	0.0315551	0.0298694	0.0281532	0.0264083	0.0246364	0.0228394	0.0210191	0.0191772	0.0173158	0.0154367	0.0135418	0.011633	0.00971242	0.00778187	0.00584337	0.00389889	0.00195044	0	
0	0.0022036	0.00440499	0.00660199	0.0087924	0.010974	0.0131447	0.0153023	0.0174447	0.0195697	0.0216751	0.023759	0.0258192	0.0278537	0.0298604	0.0318374	0.0337826	0.0356942	0.0375702	0.0394088	0.041208	0.0429662	0.0446815	0.0463522	0.0479767	0.0495534	0.0510806	0.0525567	0.0539805	0.0553503	0.0566648	0.0579227	0.0591227	0.0602636	0.0613443	0.0623635	0.0633204	0.0642139	0.0650431	0.0658072	0.0665053	0.0671368	0.067701	0.0681972	0.0686251	0.068984	0.0692737	0.0694937	0.069644	0.0697242	0.0697343	0.0696741	0.0695439	0.0693436	0.0690734	0.0687336	0.0683245	0.0678464	0.0672999	0.0666853	0.0660034	0.0652548	0.0644401	0.0635602	0.062616	0.0616084	0.0605383	0.0594069	0.0582152	0.0569645	0.0556559	0.0542908	0.0528705	0.0513965	0.0498702	0.0482932	0.046667	0.0449933	0.0432738	0.0415102	0.0397043	0.0378579	0.0359729	0.0340512	0.0320948	0.0301056	0.0280856	0.026037	0.0239618	0.0218621	0.0197401	0.0175979	0.0154377	0.0132617	0.0110722	0.00887135	0.00666145	0.00444475	0.00222351	0	
0	0.00247202	0.00494157	0.00740619	0.00986341	0.0123108	0.0147459	0.0171664	0.0195697	0.0219535	0.0243154	0.0266532	0.0289643	0.0312466	0.0334978	0.0357156	0.0378978	0.0400422	0.0421467	0.0442092	0.0462276	0.0482	0.0501242	0.0519985	0.0538209	0.0555896	0.0573028	0.0589588	0.0605559	0.0620926	0.0635673	0.0649784	0.0663246	0.0676045	0.0688167	0.0699602	0.0710336	0.072036	0.0729662	0.0738233	0.0746065	0.0753149	0.0759478	0.0765045	0.0769844	0.0773871	0.0777121	0.0779589	0.0781275	0.0782175	0.0782288	0.0781613	0.0780152	0.0777905	0.0774874	0.0771063	0.0766473	0.076111	0.0754978	0.0748084	0.0740434	0.0732036	0.0722897	0.0713027	0.0702435	0.0691131	0.0679127	0.0666434	0.0653066	0.0639035	0.0624355	0.0609041	0.0593108	0.0576572	0.055945	0.0541759	0.0523516	0.0504741	0.0485451	0.0465667	0.0445408	0.0424695	0.0403549	0.0381991	0.0360043	0.0337728	0.0315068	0.0292086	0.0268806	0.0245252	0.0221446	0.0197415	0.0173182	0.0148771	0.0124209	0.009952	0.00747291	0.00498618	0.00249436	0	
0	0.00273798	0.00547323	0.00820301	0.0109246	0.0136353	0.0163324	0.0190133	0.0216751	0.0243154	0.0269315	0.0295207	0.0320806	0.0346084	0.0371018	0.0395582	0.0419752	0.0443503	0.0466812	0.0489656	0.0512012	0.0533858	0.055517	0.057593	0.0596114	0.0615704	0.0634679	0.0653021	0.0670711	0.0687731	0.0704064	0.0719693	0.0734604	0.074878	0.0762207	0.0774871	0.0786761	0.0797863	0.0808166	0.0817659	0.0826334	0.083418	0.084119	0.0847356	0.0852671	0.0857131	0.086073	0.0863465	0.0865331	0.0866328	0.0866453	0.0865706	0.0864088	0.0861599	0.0858243	0.0854021	0.0848937	0.0842997	0.0836206	0.082857	0.0820097	0.0810795	0.0800673	0.0789741	0.0778009	0.0765489	0.0752194	0.0738136	0.0723329	0.0707788	0.0691529	0.0674567	0.065692	0.0638605	0.0619641	0.0600046	0.0579841	0.0559046	0.053768	0.0515768	0.0493329	0.0470388	0.0446966	0.0423089	0.039878	0.0374064	0.0348966	0.0323512	0.0297727	0.0271638	0.0245272	0.0218655	0.0191814	0.0164778	0.0137573	0.0110227	0.00827691	0.00552264	0.00276273	0	
0	0.00300122	0.00599943	0.00899165	0.0119749	0.0149462	0.0179026	0.0208412	0.023759	0.0266532	0.0295207	0.0323589	0.0351648	0.0379357	0.0406688	0.0433614	0.0460107	0.0486142	0.0511692	0.0536733	0.0561238	0.0585183	0.0608545	0.06313	0.0653426	0.0674899	0.0695698	0.0715804	0.0735194	0.075385	0.0771754	0.0788886	0.080523	0.0820769	0.0835487	0.0849369	0.0862401	0.0874571	0.0885864	0.089627	0.0905779	0.0914379	0.0922063	0.0928822	0.0934649	0.0939537	0.0943483	0.094648	0.0948526	0.0949618	0.0949756	0.0948937	0.0947163	0.0944435	0.0940756	0.0936128	0.0930556	0.0924044	0.09166	0.0908231	0.0898943	0.0888747	0.0877651	0.0865668	0.0852808	0.0839085	0.0824511	0.0809101	0.0792871	0.0775836	0.0758014	0.0739421	0.0720078	0.0700002	0.0679215	0.0657736	0.0635588	0.0612793	0.0589374	0.0565355	0.0540759	0.0515612	0.0489939	0.0463766	0.043712	0.0410027	0.0382517	0.0354615	0.0326351	0.0297754	0.0268853	0.0239677	0.0210256	0.018062	0.0150799	0.0120825	0.00907268	0.0060536	0.00302834	0	
0	0.00326146	0.00651966	0.00977134	0.0130133	0.0162422	0.019455	0.0226484	0.0258192	0.0289643	0.0320806	0.0351648	0.0382141	0.0412252	0.0441953	0.0471213	0.0500004	0.0528297	0.0556063	0.0583274	0.0609904	0.0635926	0.0661314	0.0686042	0.0710086	0.0733421	0.0756024	0.0777873	0.0798945	0.0819219	0.0838675	0.0857293	0.0875054	0.089194	0.0907934	0.092302	0.0937183	0.0950407	0.096268	0.0973989	0.0984322	0.0993668	0.100202	0.100936	0.101569	0.102101	0.102529	0.102855	0.103078	0.103196	0.103211	0.103122	0.102929	0.102633	0.102233	0.10173	0.101125	0.100417	0.0996082	0.0986986	0.0976893	0.0965813	0.0953755	0.0940733	0.0926758	0.0911845	0.0896007	0.0879261	0.0861624	0.0843112	0.0823744	0.0803539	0.0782518	0.0760702	0.0738112	0.0714771	0.0690702	0.0665931	0.0640481	0.0614379	0.058765	0.0560322	0.0532423	0.0503981	0.0475024	0.0445582	0.0415686	0.0385365	0.035465	0.0323574	0.0292166	0.026046	0.0228488	0.0196282	0.0163876	0.0131302	0.0098594	0.00657853	0.00329094	0	
0	0.00351845	0.00703338	0.0105413	0.0140387	0.0175221	0.020988	0.024433	0.0278537	0.0312466	0.0346084	0.0379357	0.0412252	0.0444737	0.0476778	0.0508344	0.0539403	0.0569925	0.0599879	0.0629235	0.0657963	0.0686036	0.0713424	0.07401	0.0766039	0.0791213	0.0815597	0.0839167	0.08619	0.0883771	0.090476	0.0924845	0.0944005	0.0962222	0.0979477	0.0995752	0.101103	0.10253	0.103854	0.105074	0.106188	0.107197	0.108097	0.10889	0.109573	0.110146	0.110609	0.11096	0.1112	0.111328	0.111344	0.111248	0.11104	0.11072	0.110289	0.109746	0.109093	0.10833	0.107457	0.106476	0.105387	0.104192	0.102891	0.101486	0.0999785	0.0983696	0.096661	0.0948545	0.0929518	0.0909547	0.0888653	0.0866856	0.0844179	0.0820643	0.0796273	0.0771093	0.0745128	0.0718405	0.0690949	0.066279	0.0633956	0.0604474	0.0574377	0.0543693	0.0512455	0.0480693	0.0448441	0.0415731	0.0382596	0.0349071	0.0315188	0.0280984	0.0246492	0.0211749	0.0176789	0.0141648	0.0106363	0.00709691	0.00355026	0	
0	0.00377194	0.0075401	0.0113007	0.0150501	0.0187845	0.0225001	0.0261933	0.0298604	0.0334978	0.0371018	0.0406688	0.0441953	0.0476778	0.0511127	0.0544967	0.0578265	0.0610985	0.0643097	0.0674568	0.0705366	0.0735461	0.0764823	0.0793421	0.0821228	0.0848216	0.0874357	0.0899625	0.0923996	0.0947443	0.0969944	0.0991476	0.101202	0.103155	0.105004	0.106749	0.108387	0.109916	0.111336	0.112644	0.113839	0.11492	0.115885	0.116735	0.117467	0.118082	0.118577	0.118954	0.119211	0.119349	0.119366	0.119263	0.11904	0.118697	0.118235	0.117653	0.116953	0.116134	0.115199	0.114147	0.11298	0.111698	0.110304	0.108798	0.107181	0.105457	0.103625	0.101688	0.0996485	0.0975076	0.0952677	0.092931	0.0904998	0.0879767	0.0853642	0.0826647	0.0798812	0.0770163	0.074073	0.0710542	0.0679629	0.0648024	0.0615758	0.0582864	0.0549375	0.0515325	0.048075	0.0445683	0.0410161	0.037422	0.0337896	0.0301228	0.0264251	0.0227004	0.0189526	0.0151854	0.0114026	0.00760821	0.00380605	0	
0	0.00402167	0.00803931	0.0120489	0.0160465	0.0200281	0.0239898	0.0279275	0.0318374	0.0357156	0.0395582	0.0433614	0.0471213	0.0508344	0.0544967	0.0581048	0.061655	0.0651437	0.0685675	0.0719229	0.0752067	0.0784154	0.0815459	0.0845951	0.08756	0.0904374	0.0932246	0.0959187	0.0985171	0.101017	0.103416	0.105712	0.107902	0.109984	0.111956	0.113817	0.115563	0.117194	0.118707	0.120102	0.121376	0.122528	0.123558	0.124464	0.125244	0.125899	0.126428	0.12683	0.127104	0.12725	0.127269	0.127159	0.126921	0.126556	0.126063	0.125443	0.124696	0.123823	0.122826	0.121704	0.12046	0.119094	0.117607	0.116001	0.114278	0.112439	0.110486	0.108421	0.106246	0.103963	0.101575	0.0990837	0.0964916	0.0938015	0.0910159	0.0881378	0.0851699	0.0821154	0.0789772	0.0757585	0.0724626	0.0690929	0.0656526	0.0621454	0.0585748	0.0549444	0.0512579	0.0475191	0.0437317	0.0398996	0.0360268	0.0321171	0.0281747	0.0242034	0.0202074	0.0161908	0.0121576	0.00811194	0.00405804	0	
0	0.00426739	0.00853051	0.0127851	0.017027	0.0212518	0.0254555	0.0296339	0.0337826	0.0378978	0.0419752	0.0460107	0.0500004	0.0539403	0.0578265	0.061655	0.0654221	0.0691239	0.0727569	0.0763174	0.0798017	0.0832065	0.0865284	0.0897639	0.0929098	0.0959631	0.0989206	0.101779	0.104536	0.107189	0.109735	0.112171	0.114495	0.116704	0.118797	0.120771	0.122624	0.124354	0.12596	0.12744	0.128792	0.130015	0.131107	0.132068	0.132897	0.133592	0.134153	0.134579	0.13487	0.135025	0.135045	0.134928	0.134676	0.134288	0.133765	0.133107	0.132315	0.131389	0.130331	0.12914	0.12782	0.12637	0.124792	0.123089	0.12126	0.119309	0.117237	0.115045	0.112738	0.110316	0.107781	0.105138	0.102387	0.0995327	0.096577	0.093523	0.0903738	0.0871326	0.0838027	0.0803874	0.0768901	0.0733145	0.069664	0.0659425	0.0621538	0.0583015	0.0543898	0.0504225	0.0464037	0.0423375	0.038228	0.0340795	0.0298961	0.0256822	0.0214421	0.01718	0.0129004	0.00860758	0.00430599	0	
0	0.00450886	0.0090132	0.0135085	0.0179904	0.0224544	0.0268959	0.0313107	0.0356942	0.0400422	0.0443503	0.0486142	0.0528297	0.0569925	0.0610985	0.0651437	0.0691239	0.0730353	0.0768738	0.0806358	0.0843173	0.0879148	0.0914245	0.0948431	0.0981671	0.101393	0.104518	0.107538	0.110452	0.113254	0.115944	0.118518	0.120973	0.123308	0.125519	0.127605	0.129563	0.131391	0.133088	0.134651	0.136079	0.137372	0.138526	0.139541	0.140417	0.141151	0.141744	0.142194	0.142502	0.142666	0.142686	0.142563	0.142297	0.141887	0.141334	0.140639	0.139802	0.138824	0.137705	0.136448	0.135053	0.133521	0.131854	0.130054	0.128122	0.12606	0.12387	0.121555	0.119117	0.116558	0.11388	0.111087	0.108181	0.105165	0.102042	0.098815	0.0954876	0.0920631	0.0885447	0.0849361	0.081241	0.077463	0.073606	0.0696739	0.0656707	0.0616005	0.0574674	0.0532757	0.0490295	0.0447332	0.0403912	0.0360079	0.0315878	0.0271355	0.0226554	0.0181522	0.0136304	0.00909465	0.00454964	0	
0	0.00474583	0.00948691	0.0142185	0.0189359	0.0236345	0.0283095	0.0329563	0.0375702	0.0421467	0.0466812	0.0511692	0.0556063	0.0599879	0.0643097	0.0685675	0.0727569	0.0768738	0.0809141	0.0848738	0.0887488	0.0925353	0.0962296	0.0998279	0.103327	0.106722	0.110011	0.11319	0.116257	0.119207	0.122038	0.124747	0.127331	0.129789	0.132116	0.134311	0.136372	0.138296	0.140082	0.141728	0.143231	0.144591	0.145807	0.146875	0.147797	0.14857	0.149194	0.149668	0.149991	0.150164	0.150186	0.150056	0.149776	0.149344	0.148763	0.148031	0.14715	0.14612	0.144943	0.143619	0.142151	0.140538	0.138784	0.136889	0.134855	0.132685	0.130381	0.127944	0.125378	0.122684	0.119866	0.116925	0.113867	0.110692	0.107405	0.104009	0.100506	0.0969017	0.0931984	0.0894002	0.0855108	0.0815343	0.0774746	0.0733359	0.0691223	0.0648382	0.0604878	0.0560757	0.0516064	0.0470843	0.0425141	0.0379004	0.033248	0.0285617	0.0238461	0.0191062	0.0143468	0.00957265	0.00478876	0	
0	0.00497807	0.00995116	0.0149143	0.0198626	0.0247911	0.0296948	0.034569	0.0394088	0.0442092	0.0489656	0.0536733	0.0583274	0.0629235	0.0674568	0.0719229	0.0763174	0.0806358	0.0848738	0.0890272	0.0930919	0.0970637	0.100939	0.104713	0.108383	0.111945	0.115395	0.11873	0.121946	0.12504	0.12801	0.130852	0.133563	0.13614	0.138581	0.140884	0.143046	0.145064	0.146937	0.148664	0.150241	0.151667	0.152942	0.154063	0.155029	0.15584	0.156495	0.156992	0.157331	0.157512	0.157535	0.157399	0.157105	0.156653	0.156042	0.155275	0.154351	0.153271	0.152036	0.150648	0.149107	0.147416	0.145576	0.143588	0.141455	0.139179	0.136761	0.134205	0.131513	0.128688	0.125731	0.122647	0.119439	0.116109	0.112661	0.109098	0.105425	0.101644	0.0977593	0.0937752	0.0896955	0.0855243	0.081266	0.0769247	0.0725049	0.0680112	0.0634479	0.0588199	0.0541318	0.0493884	0.0445946	0.0397552	0.0348751	0.0299594	0.0250131	0.0200412	0.0150488	0.0100411	0.00502311	0	
0	0.00520535	0.0104055	0.0155952	0.0207694	0.0259229	0.0310506	0.0361473	0.041208	0.0462276	0.0512012	0.0561238	0.0609904	0.0657963	0.0705366	0.0752067	0.0798017	0.0843173	0.0887488	0.0930919	0.0973421	0.101495	0.105547	0.109494	0.113331	0.117056	0.120663	0.12415	0.127513	0.130749	0.133854	0.136826	0.139661	0.142356	0.144908	0.147316	0.149577	0.151687	0.153646	0.155451	0.1571	0.158592	0.159925	0.161097	0.162107	0.162955	0.16364	0.16416	0.164514	0.164704	0.164728	0.164586	0.164278	0.163805	0.163167	0.162364	0.161398	0.160268	0.158977	0.157526	0.155915	0.154146	0.152222	0.150144	0.147913	0.145533	0.143005	0.140333	0.137518	0.134563	0.131472	0.128247	0.124892	0.12141	0.117805	0.11408	0.110238	0.106285	0.102223	0.0980567	0.0937907	0.0894291	0.0849763	0.0804369	0.0758153	0.0711163	0.0663448	0.0615055	0.0566033	0.0516434	0.0466306	0.0415703	0.0364674	0.0313273	0.0261551	0.0209562	0.0157359	0.0104996	0.00525246	0	
0	0.00542744	0.0108494	0.0162606	0.0216556	0.027029	0.0323754	0.0376896	0.0429662	0.0482	0.0533858	0.0585183	0.0635926	0.0686036	0.0735461	0.0784154	0.0832065	0.0879148	0.0925353	0.0970637	0.101495	0.105826	0.11005	0.114166	0.118167	0.12205	0.125811	0.129447	0.132954	0.136328	0.139565	0.142664	0.145619	0.148429	0.151091	0.153602	0.155958	0.158159	0.160202	0.162083	0.163803	0.165358	0.166748	0.16797	0.169024	0.169908	0.170622	0.171164	0.171534	0.171731	0.171756	0.171608	0.171287	0.170794	0.170129	0.169292	0.168284	0.167106	0.16576	0.164247	0.162567	0.160723	0.158717	0.15655	0.154224	0.151742	0.149107	0.14632	0.143385	0.140304	0.137081	0.133719	0.130221	0.12659	0.122831	0.118947	0.114942	0.110819	0.106584	0.10224	0.0977924	0.0932448	0.088602	0.0838688	0.0790501	0.0741506	0.0691755	0.0641297	0.0590184	0.0538468	0.0486202	0.0433439	0.0380233	0.0326639	0.0272711	0.0218504	0.0164073	0.0109475	0.00547656	0	
0	0.00564412	0.0112826	0.0169098	0.0225201	0.028108	0.0336679	0.0391942	0.0446815	0.0501242	0.055517	0.0608545	0.0661314	0.0713424	0.0764823	0.0815459	0.0865284	0.0914245	0.0962296	0.100939	0.105547	0.11005	0.114444	0.118723	0.122884	0.126923	0.130834	0.134615	0.138262	0.14177	0.145137	0.148359	0.151433	0.154355	0.157123	0.159734	0.162185	0.164473	0.166597	0.168554	0.170342	0.17196	0.173405	0.174676	0.175772	0.176691	0.177433	0.177997	0.178382	0.178587	0.178613	0.178459	0.178126	0.177613	0.176921	0.17605	0.175002	0.173778	0.172378	0.170804	0.169057	0.16714	0.165053	0.1628	0.160381	0.1578	0.15506	0.152162	0.149109	0.145906	0.142554	0.139057	0.13542	0.131644	0.127735	0.123696	0.11953	0.115244	0.110839	0.106322	0.101697	0.0969674	0.0921393	0.0872171	0.082206	0.077111	0.0719372	0.06669	0.0613746	0.0559966	0.0505613	0.0450744	0.0395414	0.0339679	0.0283598	0.0227227	0.0170624	0.0113846	0.0056952	0	
0	0.00585516	0.0117045	0.0175421	0.0233622	0.029159	0.0349268	0.0406598	0.0463522	0.0519985	0.057593	0.06313	0.0686042	0.07401	0.0793421	0.0845951	0.0897639	0.0948431	0.0998279	0.104713	0.109494	0.114166	0.118723	0.123163	0.127479	0.131668	0.135726	0.139649	0.143432	0.147072	0.150564	0.153907	0.157095	0.160127	0.162998	0.165707	0.168249	0.170623	0.172827	0.174857	0.176712	0.17839	0.179889	0.181208	0.182345	0.183298	0.184068	0.184653	0.185052	0.185265	0.185292	0.185132	0.184786	0.184254	0.183536	0.182633	0.181546	0.180276	0.178824	0.177191	0.175379	0.17339	0.171225	0.168887	0.166378	0.163701	0.160858	0.157851	0.154685	0.151362	0.147885	0.144257	0.140483	0.136567	0.132511	0.128321	0.124	0.119553	0.114984	0.110298	0.105499	0.100593	0.0955847	0.0904785	0.08528	0.0799944	0.0746272	0.0691837	0.0636696	0.0580905	0.052452	0.0467598	0.0410199	0.0352381	0.0294203	0.0235724	0.0177004	0.0118103	0.00590817	0	
0	0.00606037	0.0121147	0.0181569	0.024181	0.030181	0.0361509	0.0420848	0.0479767	0.0538209	0.0596114	0.0653426	0.0710086	0.0766039	0.0821228	0.08756	0.0929098	0.0981671	0.103327	0.108383	0.113331	0.118167	0.122884	0.127479	0.131947	0.136283	0.140483	0.144543	0.148459	0.152226	0.155841	0.159301	0.162601	0.165739	0.168711	0.171514	0.174146	0.176603	0.178884	0.180985	0.182905	0.184642	0.186194	0.187559	0.188735	0.189722	0.190519	0.191124	0.191538	0.191758	0.191786	0.191621	0.191262	0.190712	0.189969	0.189034	0.187909	0.186594	0.185091	0.183401	0.181525	0.179467	0.177226	0.174806	0.172209	0.169438	0.166495	0.163384	0.160106	0.156666	0.153068	0.149313	0.145407	0.141353	0.137156	0.132818	0.128346	0.123743	0.119014	0.114164	0.109197	0.104119	0.0989347	0.0936495	0.0882688	0.082798	0.0772427	0.0716085	0.0659011	0.0601264	0.0542903	0.0483987	0.0424576	0.0364731	0.0304514	0.0243985	0.0183208	0.0122242	0.00611524	0	
0	0.00625953	0.0125128	0.0187536	0.0249756	0.0311728	0.0373389	0.0434678	0.0495534	0.0555896	0.0615704	0.0674899	0.0733421	0.0791213	0.0848216	0.0904374	0.0959631	0.101393	0.106722	0.111945	0.117056	0.12205	0.126923	0.131668	0.136283	0.140762	0.1451	0.149293	0.153337	0.157229	0.160963	0.164536	0.167945	0.171186	0.174255	0.177151	0.179869	0.182407	0.184763	0.186933	0.188916	0.19071	0.192313	0.193722	0.194938	0.195957	0.19678	0.197405	0.197832	0.19806	0.198089	0.197918	0.197548	0.196979	0.196212	0.195246	0.194084	0.192726	0.191174	0.189428	0.187491	0.185364	0.18305	0.180551	0.177869	0.175007	0.171967	0.168753	0.165368	0.161815	0.158098	0.15422	0.150186	0.145998	0.141663	0.137183	0.132564	0.12781	0.122925	0.117915	0.112785	0.107541	0.102186	0.0967272	0.0911696	0.0855191	0.0797811	0.0739618	0.0680668	0.0621024	0.0560744	0.0499892	0.0438529	0.0376718	0.0314521	0.0252004	0.0189228	0.012626	0.0063162	0	
0	0.00645244	0.0128984	0.0193315	0.0257453	0.0321335	0.0384896	0.0448074	0.0510806	0.0573028	0.0634679	0.0695698	0.0756024	0.0815597	0.0874357	0.0932246	0.0989206	0.104518	0.110011	0.115395	0.120663	0.125811	0.130834	0.135726	0.140483	0.1451	0.149572	0.153894	0.158063	0.162074	0.165923	0.169607	0.173121	0.176461	0.179626	0.18261	0.185412	0.188029	0.190457	0.192694	0.194738	0.196588	0.198239	0.199693	0.200945	0.201996	0.202845	0.203489	0.203929	0.204164	0.204194	0.204018	0.203636	0.20305	0.202259	0.201264	0.200066	0.198666	0.197066	0.195266	0.193269	0.191077	0.188692	0.186115	0.183351	0.1804	0.177267	0.173954	0.170464	0.166802	0.16297	0.158973	0.154814	0.150498	0.146029	0.141411	0.136649	0.131749	0.126714	0.121549	0.116261	0.110855	0.105335	0.0997083	0.0939795	0.0881547	0.08224	0.0762413	0.0701646	0.0640164	0.0578027	0.0515299	0.0452045	0.0388328	0.0324215	0.025977	0.019506	0.0130151	0.00651087	0	
0	0.00663891	0.0132712	0.0198902	0.0264894	0.0330621	0.039602	0.0461023	0.0525567	0.0589588	0.0653021	0.0715804	0.0777873	0.0839167	0.0899625	0.0959187	0.101779	0.107538	0.11319	0.11873	0.12415	0.129447	0.134615	0.139649	0.144543	0.149293	0.153894	0.158342	0.162631	0.166758	0.170718	0.174508	0.178124	0.181561	0.184817	0.187888	0.190771	0.193463	0.195961	0.198263	0.200366	0.202269	0.203969	0.205464	0.206753	0.207834	0.208707	0.20937	0.209823	0.210064	0.210095	0.209914	0.209521	0.208918	0.208104	0.20708	0.205848	0.204407	0.202761	0.200909	0.198855	0.196599	0.194145	0.191494	0.188649	0.185614	0.18239	0.178981	0.175391	0.171623	0.16768	0.163567	0.159288	0.154848	0.150249	0.145498	0.140599	0.135556	0.130376	0.125062	0.119621	0.114059	0.10838	0.10259	0.0966955	0.0907024	0.0846167	0.0784446	0.0721924	0.0658664	0.0594732	0.0530191	0.0465109	0.0399551	0.0333585	0.0267278	0.0200698	0.0133912	0.00669903	0	
0	0.00681875	0.0136307	0.020429	0.0272069	0.0339578	0.0406747	0.0473512	0.0539805	0.0605559	0.0670711	0.0735194	0.0798945	0.08619	0.0923996	0.0985171	0.104536	0.110452	0.116257	0.121946	0.127513	0.132954	0.138262	0.143432	0.148459	0.153337	0.158063	0.162631	0.167037	0.171275	0.175343	0.179236	0.182949	0.186479	0.189823	0.192978	0.195939	0.198703	0.201269	0.203634	0.205794	0.207748	0.209494	0.21103	0.212354	0.213464	0.214361	0.215042	0.215507	0.215755	0.215786	0.2156	0.215197	0.214577	0.213741	0.21269	0.211424	0.209945	0.208253	0.206352	0.204242	0.201925	0.199404	0.196682	0.19376	0.190642	0.187331	0.18383	0.180142	0.176272	0.172223	0.167998	0.163603	0.159042	0.154319	0.149439	0.144407	0.139228	0.133908	0.12845	0.122862	0.117149	0.111316	0.105369	0.099315	0.0931595	0.086909	0.0805697	0.0741481	0.0676508	0.0610843	0.0544554	0.0477709	0.0410375	0.0342622	0.0274518	0.0206135	0.013754	0.00688051	0	
0	0.00699178	0.0139766	0.0209474	0.0278973	0.0348195	0.0417069	0.0485528	0.0553503	0.0620926	0.0687731	0.075385	0.0819219	0.0883771	0.0947443	0.101017	0.107189	0.113254	0.119207	0.12504	0.130749	0.136328	0.14177	0.147072	0.152226	0.157229	0.162074	0.166758	0.171275	0.175622	0.179793	0.183784	0.187592	0.191212	0.19464	0.197875	0.200911	0.203746	0.206377	0.208801	0.211016	0.21302	0.21481	0.216385	0.217742	0.218881	0.2198	0.220499	0.220975	0.22123	0.221262	0.221071	0.220658	0.220023	0.219165	0.218087	0.216789	0.215272	0.213538	0.211588	0.209425	0.207049	0.204464	0.201673	0.198677	0.19548	0.192085	0.188495	0.184714	0.180745	0.176593	0.172262	0.167755	0.163078	0.158235	0.153232	0.148072	0.142762	0.137306	0.13171	0.12598	0.120121	0.11414	0.108043	0.101835	0.0955236	0.0891145	0.0826143	0.0760298	0.0693675	0.0626344	0.0558373	0.0489831	0.0420789	0.0351316	0.0281485	0.0211366	0.014103	0.00705512	0	
0	0.00715783	0.0143085	0.0214449	0.0285599	0.0356464	0.0426974	0.0497059	0.0566648	0.0635673	0.0704064	0.0771754	0.0838675	0.090476	0.0969944	0.103416	0.109735	0.115944	0.122038	0.12801	0.133854	0.139565	0.145137	0.150564	0.155841	0.160963	0.165923	0.170718	0.175343	0.179793	0.184063	0.188149	0.192047	0.195753	0.199263	0.202574	0.205682	0.208585	0.211278	0.21376	0.216028	0.218079	0.219912	0.221524	0.222914	0.22408	0.225021	0.225735	0.226223	0.226484	0.226517	0.226322	0.225899	0.225248	0.22437	0.223267	0.221938	0.220385	0.21861	0.216613	0.214398	0.211967	0.20932	0.206462	0.203395	0.200122	0.196647	0.192971	0.189101	0.185038	0.180787	0.176353	0.171739	0.166951	0.161994	0.156871	0.151589	0.146152	0.140567	0.134838	0.128972	0.122974	0.116851	0.110609	0.104254	0.0977923	0.0912309	0.0845764	0.0778355	0.071015	0.064122	0.0571634	0.0501465	0.0430783	0.035966	0.028817	0.0216386	0.014438	0.00722268	0	
0	0.00731672	0.0146261	0.0219209	0.0291939	0.0364377	0.0436452	0.0508093	0.0579227	0.0649784	0.0719693	0.0788886	0.0857293	0.0924845	0.0991476	0.105712	0.112171	0.118518	0.124747	0.130852	0.136826	0.142664	0.148359	0.153907	0.159301	0.164536	0.169607	0.174508	0.179236	0.183784	0.188149	0.192325	0.19631	0.200098	0.203687	0.207071	0.210248	0.213215	0.215968	0.218505	0.220824	0.22292	0.224794	0.226442	0.227862	0.229054	0.230016	0.230747	0.231246	0.231512	0.231545	0.231346	0.230913	0.230248	0.229351	0.228223	0.226865	0.225277	0.223463	0.221422	0.219158	0.216672	0.213967	0.211046	0.207911	0.204565	0.201012	0.197255	0.193298	0.189145	0.1848	0.180268	0.175552	0.170658	0.16559	0.160353	0.154954	0.149397	0.143687	0.137831	0.131835	0.125704	0.119445	0.113064	0.106568	0.0999633	0.0932563	0.086454	0.0795634	0.0725915	0.0655455	0.0584325	0.0512597	0.0440346	0.0367645	0.0294568	0.0221189	0.0147585	0.00738302	0	
0	0.00746831	0.0149291	0.0223751	0.0297987	0.0371926	0.0445495	0.0518619	0.0591227	0.0663246	0.0734604	0.080523	0.0875054	0.0944005	0.101202	0.107902	0.114495	0.120973	0.127331	0.133563	0.139661	0.145619	0.151433	0.157095	0.162601	0.167945	0.173121	0.178124	0.182949	0.187592	0.192047	0.19631	0.200377	0.204244	0.207906	0.211361	0.214604	0.217632	0.220443	0.223032	0.225399	0.227539	0.229451	0.231133	0.232583	0.233799	0.234781	0.235527	0.236036	0.236308	0.236343	0.236139	0.235697	0.235019	0.234103	0.232952	0.231565	0.229945	0.228092	0.22601	0.223698	0.221161	0.2184	0.215418	0.212218	0.208803	0.205177	0.201342	0.197303	0.193064	0.188629	0.184003	0.179189	0.174193	0.16902	0.163676	0.158164	0.152492	0.146664	0.140687	0.134566	0.128309	0.12192	0.115407	0.108776	0.102034	0.0951884	0.0882452	0.0812118	0.0740955	0.0669035	0.0596431	0.0523218	0.0449469	0.0375262	0.030067	0.0225772	0.0150643	0.00753599	0	
0	0.00761243	0.0152172	0.0228069	0.0303737	0.0379103	0.0454092	0.0528627	0.0602636	0.0676045	0.074878	0.0820769	0.089194	0.0962222	0.103155	0.109984	0.116704	0.123308	0.129789	0.13614	0.142356	0.148429	0.154355	0.160127	0.165739	0.171186	0.176461	0.181561	0.186479	0.191212	0.195753	0.200098	0.204244	0.208185	0.211919	0.21544	0.218745	0.221832	0.224697	0.227336	0.229748	0.23193	0.233879	0.235593	0.237071	0.238311	0.239312	0.240072	0.240591	0.240869	0.240903	0.240696	0.240246	0.239554	0.238621	0.237447	0.236034	0.234382	0.232494	0.230371	0.228015	0.225429	0.222615	0.219575	0.216314	0.212833	0.209136	0.205228	0.201111	0.19679	0.192269	0.187553	0.182647	0.177555	0.172282	0.166834	0.161217	0.155435	0.149494	0.143402	0.137163	0.130785	0.124273	0.117634	0.110875	0.104003	0.0970253	0.0899481	0.0827791	0.0755254	0.0681946	0.0607941	0.0533315	0.0458143	0.0382504	0.0306473	0.0230129	0.015355	0.00768142	0	
0	0.00774893	0.0154901	0.0232158	0.0309184	0.0385901	0.0462234	0.0538106	0.0613443	0.0688167	0.0762207	0.0835487	0.0907934	0.0979477	0.105004	0.111956	0.118797	0.125519	0.132116	0.138581	0.144908	0.151091	0.157123	0.162998	0.168711	0.174255	0.179626	0.184817	0.189823	0.19464	0.199263	0.203687	0.207906	0.211919	0.215719	0.219303	0.222668	0.22581	0.228726	0.231413	0.233868	0.236089	0.238073	0.239818	0.241322	0.242585	0.243603	0.244377	0.244906	0.245188	0.245223	0.245012	0.244554	0.24385	0.2429	0.241705	0.240266	0.238585	0.236663	0.234502	0.232104	0.229472	0.226607	0.223513	0.220193	0.216649	0.212886	0.208908	0.204717	0.200319	0.195717	0.190917	0.185922	0.180739	0.175372	0.169826	0.164108	0.158222	0.152175	0.145974	0.139623	0.13313	0.126501	0.119744	0.112864	0.105869	0.0987653	0.0915612	0.0842635	0.0768798	0.0694175	0.0618843	0.0542879	0.0466359	0.0389363	0.0311969	0.0234256	0.0156304	0.00781917	0	
0	0.00787769	0.0157475	0.0236016	0.0314321	0.0392313	0.0469915	0.0547048	0.0623635	0.0699602	0.0774871	0.0849369	0.092302	0.0995752	0.106749	0.113817	0.120771	0.127605	0.134311	0.140884	0.147316	0.153602	0.159734	0.165707	0.171514	0.177151	0.18261	0.187888	0.192978	0.197875	0.202574	0.207071	0.211361	0.21544	0.219303	0.222947	0.226368	0.229562	0.232527	0.235258	0.237754	0.240012	0.242029	0.243803	0.245332	0.246616	0.247651	0.248438	0.248975	0.249262	0.249298	0.249083	0.248618	0.247902	0.246936	0.245721	0.244259	0.24255	0.240596	0.238399	0.235961	0.233285	0.230372	0.227227	0.223851	0.220249	0.216424	0.212379	0.208119	0.203648	0.198969	0.194089	0.189012	0.183742	0.178286	0.172648	0.166834	0.160851	0.154704	0.148399	0.141943	0.135342	0.128603	0.121733	0.114739	0.107628	0.100406	0.0930826	0.0856637	0.0781573	0.070571	0.0629126	0.0551899	0.0474108	0.0395833	0.0317153	0.0238148	0.0158901	0.0079491	0	
0	0.00799856	0.0159891	0.0239637	0.0319144	0.0398333	0.0477125	0.0555441	0.0633204	0.0710336	0.0786761	0.0862401	0.0937183	0.101103	0.108387	0.115563	0.122624	0.129563	0.136372	0.143046	0.149577	0.155958	0.162185	0.168249	0.174146	0.179869	0.185412	0.190771	0.195939	0.200911	0.205682	0.210248	0.214604	0.218745	0.222668	0.226368	0.229841	0.233085	0.236095	0.238868	0.241402	0.243694	0.245742	0.247544	0.249097	0.2504	0.251451	0.25225	0.252795	0.253087	0.253123	0.252905	0.252432	0.251706	0.250725	0.249492	0.248007	0.246271	0.244287	0.242057	0.239582	0.236864	0.233907	0.230714	0.227286	0.223629	0.219745	0.215638	0.211312	0.206772	0.202022	0.197067	0.191912	0.186562	0.181021	0.175297	0.169394	0.163319	0.157078	0.150676	0.144121	0.137419	0.130577	0.123601	0.1165	0.109279	0.101947	0.0945109	0.0869782	0.0793566	0.0716539	0.063878	0.0560368	0.0481383	0.0401907	0.0322019	0.0241803	0.0161339	0.00807107	0	
0	0.00811142	0.0162147	0.0243019	0.0323648	0.0403954	0.0483857	0.0563279	0.0642139	0.072036	0.0797863	0.0874571	0.0950407	0.10253	0.109916	0.117194	0.124354	0.131391	0.138296	0.145064	0.151687	0.158159	0.164473	0.170623	0.176603	0.182407	0.188029	0.193463	0.198703	0.203746	0.208585	0.213215	0.217632	0.221832	0.22581	0.229562	0.233085	0.236374	0.239426	0.242239	0.244809	0.247133	0.24921	0.251037	0.252612	0.253933	0.254999	0.25581	0.256363	0.256658	0.256695	0.256474	0.255995	0.255257	0.254263	0.253012	0.251506	0.249747	0.247735	0.245473	0.242962	0.240207	0.237208	0.233969	0.230494	0.226785	0.222846	0.218681	0.214294	0.20969	0.204873	0.199848	0.19462	0.189194	0.183576	0.177771	0.171785	0.165624	0.159294	0.152802	0.146155	0.139358	0.132419	0.125345	0.118144	0.110821	0.103386	0.0958446	0.0882056	0.0804764	0.0726651	0.0647794	0.0568276	0.0488177	0.0407578	0.0326564	0.0245215	0.0163616	0.00818497	0	
0	0.00821617	0.0164241	0.0246157	0.0327827	0.040917	0.0490106	0.0570553	0.0650431	0.0729662	0.0808166	0.0885864	0.096268	0.103854	0.111336	0.118707	0.12596	0.133088	0.140082	0.146937	0.153646	0.160202	0.166597	0.172827	0.178884	0.184763	0.190457	0.195961	0.201269	0.206377	0.211278	0.215968	0.220443	0.224697	0.228726	0.232527	0.236095	0.239426	0.242518	0.245367	0.24797	0.250325	0.252428	0.254279	0.255874	0.257212	0.258292	0.259113	0.259673	0.259972	0.26001	0.259786	0.2593	0.258554	0.257546	0.25628	0.254754	0.252972	0.250934	0.248643	0.2461	0.243309	0.240271	0.236991	0.23347	0.229713	0.225723	0.221505	0.217062	0.212398	0.207519	0.202429	0.197133	0.191638	0.185947	0.180067	0.174003	0.167763	0.161352	0.154776	0.148042	0.141158	0.134129	0.126964	0.119669	0.112252	0.104721	0.0970824	0.0893447	0.0815157	0.0736035	0.065616	0.0575615	0.0494481	0.0412842	0.0330781	0.0248382	0.0165729	0.00829067	0	
0	0.00831268	0.0166171	0.0249048	0.0331678	0.0413977	0.0495863	0.0577255	0.0658072	0.0738233	0.0817659	0.089627	0.0973989	0.105074	0.112644	0.120102	0.12744	0.134651	0.141728	0.148664	0.155451	0.162083	0.168554	0.174857	0.180985	0.186933	0.192694	0.198263	0.203634	0.208801	0.21376	0.218505	0.223032	0.227336	0.231413	0.235258	0.238868	0.242239	0.245367	0.248249	0.250883	0.253265	0.255394	0.257266	0.25888	0.260234	0.261327	0.262157	0.262724	0.263026	0.263065	0.262838	0.262347	0.261591	0.260572	0.25929	0.257747	0.255944	0.253882	0.251564	0.248991	0.246167	0.243094	0.239775	0.236213	0.232412	0.228375	0.224107	0.219612	0.214893	0.209957	0.204807	0.199449	0.193889	0.188131	0.182182	0.176047	0.169734	0.163247	0.156594	0.149781	0.142816	0.135705	0.128456	0.121075	0.113571	0.105951	0.0982229	0.0903943	0.0824733	0.0744681	0.0663868	0.0582377	0.050029	0.0417692	0.0334667	0.02513	0.0167676	0.00838807	0	
0	0.00840087	0.0167933	0.025169	0.0335197	0.0418368	0.0501123	0.0583379	0.0665053	0.0746065	0.0826334	0.0905779	0.0984322	0.106188	0.113839	0.121376	0.128792	0.136079	0.143231	0.150241	0.1571	0.163803	0.170342	0.176712	0.182905	0.188916	0.194738	0.200366	0.205794	0.211016	0.216028	0.220824	0.225399	0.229748	0.233868	0.237754	0.241402	0.244809	0.24797	0.250883	0.253545	0.255952	0.258103	0.259995	0.261626	0.262995	0.264099	0.264938	0.265511	0.265817	0.265855	0.265626	0.26513	0.264366	0.263336	0.262041	0.260481	0.258659	0.256575	0.254232	0.251633	0.248779	0.245673	0.242319	0.238719	0.234878	0.230798	0.226485	0.221942	0.217173	0.212184	0.20698	0.201565	0.195946	0.190127	0.184115	0.177915	0.171534	0.164979	0.158255	0.151371	0.144331	0.137145	0.129819	0.12236	0.114776	0.107075	0.099265	0.0913533	0.0833484	0.0752582	0.0670912	0.0588556	0.0505598	0.0422123	0.0338218	0.0253966	0.0169455	0.00847706	0	
0	0.00848064	0.0169528	0.025408	0.0338379	0.0422341	0.0505882	0.0588918	0.0671368	0.0753149	0.083418	0.0914379	0.0993668	0.107197	0.11492	0.122528	0.130015	0.137372	0.144591	0.151667	0.158592	0.165358	0.17196	0.17839	0.184642	0.19071	0.196588	0.202269	0.207748	0.21302	0.218079	0.22292	0.227539	0.23193	0.236089	0.240012	0.243694	0.247133	0.250325	0.253265	0.255952	0.258383	0.260554	0.262464	0.264111	0.265492	0.266607	0.267454	0.268032	0.268341	0.26838	0.268149	0.267647	0.266877	0.265837	0.264529	0.262955	0.261115	0.259012	0.256647	0.254022	0.251141	0.248006	0.24462	0.240986	0.237108	0.23299	0.228635	0.224049	0.219235	0.214199	0.208945	0.203479	0.197807	0.191932	0.185863	0.179605	0.173163	0.166546	0.159758	0.152808	0.145702	0.138447	0.131051	0.123522	0.115866	0.108092	0.100208	0.0922208	0.0841398	0.0759729	0.0677283	0.0594145	0.0510399	0.0426132	0.0341429	0.0256378	0.0171064	0.00855756	0	
0	0.0085519	0.0170952	0.0256215	0.0341223	0.042589	0.0510133	0.0593867	0.067701	0.0759478	0.084119	0.0922063	0.100202	0.108097	0.115885	0.123558	0.131107	0.138526	0.145807	0.152942	0.159925	0.166748	0.173405	0.179889	0.186194	0.192313	0.198239	0.203969	0.209494	0.21481	0.219912	0.224794	0.229451	0.233879	0.238073	0.242029	0.245742	0.24921	0.252428	0.255394	0.258103	0.260554	0.262743	0.26467	0.26633	0.267723	0.268847	0.269702	0.270285	0.270596	0.270635	0.270402	0.269897	0.269119	0.268071	0.266752	0.265165	0.263309	0.261188	0.258803	0.256157	0.253251	0.25009	0.246675	0.243011	0.2391	0.234948	0.230557	0.225932	0.221078	0.215999	0.210701	0.205189	0.199469	0.193545	0.187425	0.181114	0.174619	0.167945	0.161101	0.154092	0.146926	0.139611	0.132153	0.12456	0.11684	0.109	0.10105	0.0929958	0.0848469	0.0766113	0.0682975	0.0599138	0.0514689	0.0429713	0.0344299	0.0258532	0.0172502	0.00862948	0	
