0	0	0	0	0	0	0	0	0	0	0	0	0	0	0	0	0	0	0	0	0	0	0	0	0	0	0	0	0	0	0	0	0	0	0	0	0	0	0	0	0	0	0	0	0	0	0	0	0	0	0	0	0	0	0	0	0	0	0	0	0	0	0	0	0	0	0	0	0	0	0	0	0	0	0	0	0	0	0	0	0	0	0	0	0	0	0	0	0	0	0	0	0	0	0	0	0	0	0	0	
0	0.00026273	0.000525197	0.000787139	0.0010483	0.00130841	0.00156721	0.00182445	0.00207987	0.00233322	0.00258424	0.00283269	0.0030783	0.00332085	0.00356009	0.00379578	0.00402768	0.00425557	0.00447921	0.00469838	0.00491286	0.00512244	0.00532691	0.00552607	0.0057197	0.00590763	0.00608965	0.0062656	0.00643528	0.00659853	0.00675519	0.00690509	0.00704809	0.00718404	0.0073128	0.00743424	0.00754823	0.00765467	0.00775344	0.00784445	0.00792759	0.00800278	0.00806994	0.008129	0.00817991	0.0082226	0.00825704	0.00828317	0.00830098	0.00831044	0.00831154	0.00830428	0.00828865	0.00826467	0.00823237	0.00819177	0.0081429	0.00808582	0.00802058	0.00794724	0.00786587	0.00777655	0.00767937	0.00757442	0.0074618	0.00734163	0.00721402	0.00707911	0.00693701	0.00678789	0.00663188	0.00646913	0.00629982	0.00612411	0.00594218	0.00575421	0.00556039	0.00536091	0.00515598	0.0049458	0.00473059	0.00451056	0.00428593	0.00405694	0.00382381	0.00358679	0.00334611	0.00310202	0.00285476	0.00260459	0.00235176	0.00209654	0.00183918	0.00157993	0.00131908	0.00105688	0.000793607	0.000529521	0.000264895	0	
0	0.000525197	0.00104987	0.00157349	0.00209554	0.0026155	0.00313285	0.00364707	0.00415766	0.0046641	0.00516589	0.00566253	0.00615352	0.00663838	0.00711662	0.00758776	0.00805133	0.00850687	0.00895393	0.00939205	0.0098208	0.0102398	0.0106485	0.0110466	0.0114337	0.0118093	0.0121732	0.0125249	0.0128641	0.0131905	0.0135036	0.0138033	0.0140891	0.0143609	0.0146183	0.014861	0.0150889	0.0153017	0.0154991	0.015681	0.0158472	0.0159975	0.0161318	0.0162499	0.0163516	0.016437	0.0165058	0.016558	0.0165936	0.0166126	0.0166148	0.0166002	0.016569	0.0165211	0.0164565	0.0163753	0.0162777	0.0161636	0.0160331	0.0158865	0.0157239	0.0155453	0.015351	0.0151412	0.0149161	0.0146759	0.0144208	0.0141511	0.0138671	0.013569	0.0132571	0.0129318	0.0125933	0.0122421	0.0118784	0.0115027	0.0111152	0.0107165	0.0103068	0.00988665	0.00945644	0.0090166	0.00856758	0.00810982	0.0076438	0.00716999	0.00668887	0.00620093	0.00570666	0.00520658	0.00470118	0.00419098	0.00367651	0.00315829	0.00263684	0.00211271	0.00158642	0.00105851	0.000529525	0	
0	0.000787139	0.00157349	0.00235827	0.00314069	0.00391998	0.00469536	0.00546605	0.0062313	0.00699032	0.00774238	0.00848672	0.0092226	0.00994927	0.010666	0.0113722	0.0120669	0.0127497	0.0134197	0.0140763	0.0147189	0.0153468	0.0159594	0.0165561	0.0171362	0.0176993	0.0182446	0.0187717	0.0192801	0.0197692	0.0202385	0.0206876	0.0211161	0.0215234	0.0219091	0.022273	0.0226145	0.0229334	0.0232293	0.023502	0.0237511	0.0239763	0.0241775	0.0243545	0.024507	0.0246349	0.0247381	0.0248164	0.0248697	0.0248981	0.0249014	0.0248796	0.0248328	0.024761	0.0246642	0.0245425	0.0243961	0.0242251	0.0240297	0.0238099	0.0235662	0.0232986	0.0230074	0.022693	0.0223556	0.0219955	0.0216132	0.021209	0.0207833	0.0203365	0.0198691	0.0193815	0.0188743	0.0183479	0.0178028	0.0172396	0.0166589	0.0160613	0.0154473	0.0148176	0.0141729	0.0135136	0.0128407	0.0121546	0.0114562	0.010746	0.010025	0.00929365	0.00855287	0.00780336	0.00704589	0.00628124	0.00551018	0.00473349	0.00395197	0.00316643	0.00237765	0.00158645	0.000793627	0	
0	0.0010483	0.00209554	0.00314069	0.00418271	0.00522055	0.00625318	0.00727957	0.00829871	0.00930957	0.0103111	0.0113024	0.0122825	0.0132502	0.0142048	0.0151452	0.0160705	0.0169798	0.0178721	0.0187466	0.0196024	0.0204386	0.0212544	0.0220491	0.0228217	0.0235715	0.0242978	0.0249998	0.0256768	0.0263282	0.0269533	0.0275514	0.0281219	0.0286644	0.0291781	0.0296627	0.0301175	0.0305422	0.0309363	0.0312994	0.0316312	0.0319312	0.0321992	0.0324348	0.0326379	0.0328083	0.0329457	0.03305	0.033121	0.0331588	0.0331632	0.0331342	0.0330718	0.0329762	0.0328473	0.0326853	0.0324903	0.0322625	0.0320022	0.0317096	0.0313849	0.0310285	0.0306408	0.030222	0.0297727	0.0292932	0.028784	0.0282457	0.0276788	0.0270838	0.0264613	0.0258119	0.0251364	0.0244353	0.0237094	0.0229594	0.022186	0.0213901	0.0205724	0.0197338	0.0188751	0.0179972	0.0171009	0.0161873	0.0152571	0.0143114	0.013351	0.0123771	0.0113905	0.0103924	0.00938358	0.00836523	0.00733834	0.00630397	0.00526316	0.00421698	0.00316651	0.0021128	0.00105694	0	
0	0.00130841	0.0026155	0.00391998	0.00522055	0.0065159	0.00780476	0.00908583	0.0103578	0.0116195	0.0128696	0.0141069	0.0153301	0.016538	0.0177294	0.0189031	0.020058	0.0211929	0.0223066	0.0233981	0.0244662	0.02551	0.0265282	0.02752	0.0284843	0.0294202	0.0303267	0.0312029	0.0320479	0.0328609	0.0336411	0.0343876	0.0350998	0.0357768	0.036418	0.0370228	0.0375905	0.0381206	0.0386125	0.0390657	0.0394797	0.0398542	0.0401886	0.0404828	0.0407363	0.0409489	0.0411204	0.0412505	0.0413392	0.0413864	0.0413918	0.0413557	0.0412778	0.0411584	0.0409976	0.0407954	0.040552	0.0402678	0.0399429	0.0395776	0.0391724	0.0387276	0.0382436	0.0377209	0.0371601	0.0365616	0.0359262	0.0352543	0.0345467	0.033804	0.0330271	0.0322166	0.0313734	0.0304984	0.0295923	0.0286562	0.027691	0.0266976	0.025677	0.0246303	0.0235586	0.0224628	0.0213442	0.0202038	0.0190428	0.0178624	0.0166638	0.0154482	0.0142168	0.012971	0.0117119	0.0104409	0.00915919	0.00786816	0.0065691	0.00526334	0.0039522	0.00263704	0.00131919	0	
0	0.00156721	0.00313285	0.00469536	0.00625318	0.00780476	0.00934855	0.010883	0.0124066	0.0139179	0.0154152	0.0168972	0.0183624	0.0198092	0.0212363	0.0226422	0.0240255	0.0253849	0.0267189	0.0280263	0.0293057	0.0305559	0.0317756	0.0329635	0.0341186	0.0352396	0.0363254	0.0373749	0.0383871	0.0393609	0.0402954	0.0411896	0.0420426	0.0428535	0.0436216	0.044346	0.045026	0.0456609	0.0462501	0.0467929	0.0472889	0.0477374	0.048138	0.0484904	0.048794	0.0490487	0.0492541	0.04941	0.0495162	0.0495727	0.0495792	0.0495359	0.0494427	0.0492997	0.049107	0.0488648	0.0485733	0.0482328	0.0478436	0.0474062	0.0469208	0.046388	0.0458083	0.0451822	0.0445105	0.0437936	0.0430324	0.0422277	0.0413801	0.0404905	0.0395599	0.0385891	0.0375791	0.036531	0.0354458	0.0343245	0.0331684	0.0319785	0.030756	0.0295023	0.0282185	0.026906	0.0255661	0.0242001	0.0228095	0.0213956	0.0199599	0.0185039	0.017029	0.0155367	0.0140286	0.0125061	0.0109709	0.0094245	0.00786848	0.00630444	0.00473396	0.00315866	0.00158013	0	
0	0.00182445	0.00364707	0.00546605	0.00727957	0.00908583	0.010883	0.0126694	0.0144431	0.0162024	0.0179455	0.0196707	0.0213764	0.0230607	0.024722	0.0263587	0.0279691	0.0295515	0.0311046	0.0326265	0.034116	0.0355713	0.0369912	0.0383742	0.0397188	0.0410238	0.0422879	0.0435096	0.044688	0.0458216	0.0469095	0.0479504	0.0489434	0.0498875	0.0507816	0.051625	0.0524166	0.0531557	0.0538416	0.0544736	0.0550509	0.055573	0.0560394	0.0564496	0.0568031	0.0570996	0.0573387	0.0575202	0.0576438	0.0577095	0.0577172	0.0576667	0.0575582	0.0573917	0.0571674	0.0568855	0.0565461	0.0561498	0.0556967	0.0551874	0.0546224	0.0540021	0.0533273	0.0525985	0.0518164	0.0509819	0.0500958	0.0491589	0.0481722	0.0471366	0.0460533	0.0449231	0.0437474	0.0425272	0.0412639	0.0399586	0.0386126	0.0372274	0.0358043	0.0343448	0.0328503	0.0313224	0.0297625	0.0281723	0.0265535	0.0249075	0.0232362	0.0215411	0.0198241	0.0180869	0.0163312	0.0145589	0.0127717	0.0109714	0.00916002	0.00733925	0.005511	0.00367712	0.0018395	0	
0	0.00207987	0.00415766	0.0062313	0.00829871	0.0103578	0.0124066	0.0144431	0.0164651	0.0184707	0.0204579	0.0224246	0.0243691	0.0262892	0.0281831	0.0300489	0.0318847	0.0336888	0.0354592	0.0371942	0.0388922	0.0405513	0.04217	0.0437466	0.0452795	0.0467672	0.0482081	0.049601	0.0509443	0.0522366	0.0534768	0.0546635	0.0557955	0.0568717	0.0578911	0.0588524	0.0597549	0.0605975	0.0613794	0.0620998	0.062758	0.0633532	0.0638849	0.0643525	0.0647555	0.0650935	0.0653661	0.065573	0.065714	0.0657889	0.0657976	0.0657401	0.0656164	0.0654266	0.0651709	0.0648494	0.0644626	0.0640107	0.0634943	0.0629137	0.0622695	0.0615624	0.0607931	0.0599622	0.0590707	0.0581194	0.0571092	0.0560412	0.0549163	0.0537358	0.0525007	0.0512124	0.0498721	0.0484811	0.0470408	0.0455528	0.0440184	0.0424393	0.0408169	0.0391531	0.0374494	0.0357075	0.0339293	0.0321165	0.030271	0.0283946	0.0264892	0.0245569	0.0225995	0.0206191	0.0186176	0.0165971	0.0145597	0.0125075	0.0104424	0.00836675	0.00628254	0.00419192	0.00209703	0	
0	0.00233322	0.0046641	0.00699032	0.00930957	0.0116195	0.0139179	0.0162024	0.0184707	0.0207206	0.0229498	0.0251562	0.0273374	0.0294915	0.0316161	0.0337091	0.0357686	0.0377924	0.0397784	0.0417248	0.0436296	0.0454908	0.0473067	0.0490753	0.0507949	0.0524638	0.0540804	0.0556429	0.0571498	0.0585996	0.0599908	0.061322	0.0625919	0.0637993	0.0649427	0.0660212	0.0670336	0.0679789	0.068856	0.0696642	0.0704025	0.0710703	0.0716668	0.0721913	0.0726434	0.0730225	0.0733283	0.0735604	0.0737186	0.0738026	0.0738124	0.0737479	0.0736091	0.0733962	0.0731093	0.0727487	0.0723148	0.0718079	0.0712285	0.0705772	0.0698546	0.0690613	0.0681983	0.0672662	0.0662661	0.0651989	0.0640657	0.0628676	0.0616057	0.0602813	0.0588958	0.0574506	0.055947	0.0543866	0.0527709	0.0511016	0.0493803	0.0476088	0.0457889	0.0439223	0.0420111	0.0400571	0.0380622	0.0360286	0.0339583	0.0318533	0.0297159	0.0275482	0.0253524	0.0231307	0.0208854	0.0186188	0.0163332	0.014031	0.0117144	0.00938591	0.00704782	0.00470254	0.00235247	0	
0	0.00258424	0.00516589	0.00774238	0.0103111	0.0128696	0.0154152	0.0179455	0.0204579	0.0229498	0.0254189	0.0278626	0.0302786	0.0326643	0.0350175	0.0373358	0.0396168	0.0418583	0.044058	0.0462138	0.0483235	0.050385	0.0523962	0.0543551	0.0562598	0.0581082	0.0598986	0.0616292	0.0632983	0.064904	0.0664449	0.0679194	0.069326	0.0706632	0.0719297	0.0731242	0.0742455	0.0752925	0.076264	0.0771591	0.0779769	0.0787165	0.0793771	0.0799581	0.0804588	0.0808787	0.0812174	0.0814745	0.0816497	0.0817428	0.0817536	0.0816821	0.0815284	0.0812926	0.0809749	0.0805755	0.0800949	0.0795334	0.0788917	0.0781703	0.07737	0.0764914	0.0755355	0.0745032	0.0733955	0.0722135	0.0709583	0.0696313	0.0682336	0.0667668	0.0652322	0.0636315	0.0619661	0.0602378	0.0584483	0.0565994	0.0546929	0.0527309	0.0507151	0.0486478	0.0465309	0.0443667	0.0421572	0.0399048	0.0376117	0.0352803	0.0329129	0.030512	0.0280799	0.0256192	0.0231324	0.020622	0.0180905	0.0155405	0.0129747	0.0103957	0.00780607	0.00520847	0.00260556	0	
0	0.00283269	0.00566253	0.00848672	0.0113024	0.0141069	0.0168972	0.0196707	0.0224246	0.0251562	0.0278626	0.0305413	0.0331895	0.0358046	0.038384	0.0409251	0.0434255	0.0458825	0.0482937	0.0506568	0.0529693	0.055229	0.0574335	0.0595807	0.0616685	0.0636947	0.0656572	0.0675542	0.0693837	0.0711438	0.0728329	0.0744491	0.0759909	0.0774566	0.0788449	0.0801543	0.0813834	0.082531	0.0835959	0.0845771	0.0854735	0.0862842	0.0870083	0.0876452	0.088194	0.0886543	0.0890256	0.0893074	0.0894994	0.0896014	0.0896133	0.089535	0.0893665	0.089108	0.0887597	0.0883219	0.0877951	0.0871797	0.0864763	0.0856855	0.0848082	0.0838452	0.0827974	0.0816658	0.0804516	0.079156	0.0777802	0.0763255	0.0747935	0.0731857	0.0715036	0.0697489	0.0679235	0.066029	0.0640675	0.0620408	0.0599511	0.0578004	0.0555908	0.0533247	0.0510044	0.048632	0.0462102	0.0437412	0.0412277	0.0386721	0.0360772	0.0334454	0.0307795	0.0280823	0.0253563	0.0226045	0.0198297	0.0170346	0.0142221	0.0113952	0.00855654	0.00570921	0.00285606	0	
0	0.0030783	0.00615352	0.0092226	0.0122825	0.0153301	0.0183624	0.0213764	0.0243691	0.0273374	0.0302786	0.0331895	0.0360673	0.0389092	0.0417123	0.0444737	0.0471909	0.0498609	0.0524812	0.0550492	0.0575622	0.0600178	0.0624135	0.0647469	0.0670157	0.0692176	0.0713503	0.0734118	0.0753999	0.0773127	0.0791482	0.0809045	0.08258	0.0841729	0.0856815	0.0871044	0.0884401	0.0896872	0.0908445	0.0919107	0.0928849	0.0937658	0.0945528	0.0952448	0.0958413	0.0963415	0.096745	0.0970512	0.0972599	0.0973707	0.0973836	0.0972985	0.0971154	0.0968345	0.096456	0.0959803	0.0954078	0.094739	0.0939746	0.0931153	0.0921619	0.0911154	0.0899767	0.0887471	0.0874276	0.0860196	0.0845245	0.0829437	0.0812789	0.0795316	0.0777037	0.0757969	0.0738131	0.0717544	0.0696228	0.0674204	0.0651494	0.0628122	0.0604111	0.0579485	0.0554269	0.0528489	0.0502171	0.047534	0.0448026	0.0420254	0.0392054	0.0363455	0.0334484	0.0305173	0.027555	0.0245646	0.0215491	0.0185117	0.0154553	0.0123832	0.00929849	0.00620426	0.00310371	0	
0	0.00332085	0.00663838	0.00994927	0.0132502	0.016538	0.0198092	0.0230607	0.0262892	0.0294915	0.0326643	0.0358046	0.0389092	0.041975	0.0449989	0.047978	0.0509092	0.0537896	0.0566164	0.0593867	0.0620978	0.0647469	0.0673313	0.0698486	0.0722961	0.0746715	0.0769723	0.0791962	0.0813409	0.0834044	0.0853846	0.0872793	0.0890868	0.0908052	0.0924327	0.0939677	0.0954086	0.096754	0.0980025	0.0991527	0.100204	0.101154	0.102003	0.10275	0.103393	0.103933	0.104368	0.104698	0.104923	0.105043	0.105057	0.104965	0.104768	0.104464	0.104056	0.103543	0.102925	0.102204	0.101379	0.100452	0.0994237	0.0982947	0.0970664	0.0957398	0.0943164	0.0927974	0.0911845	0.0894792	0.0876832	0.0857982	0.0838263	0.0817692	0.0796292	0.0774082	0.0751086	0.0727327	0.0702828	0.0677615	0.0651712	0.0625145	0.0597943	0.0570131	0.0541739	0.0512794	0.0483327	0.0453368	0.0422946	0.0392093	0.036084	0.0329219	0.0297262	0.0265001	0.0232471	0.0199703	0.0166731	0.013359	0.0100312	0.00669312	0.00334826	0	
0	0.00356009	0.00711662	0.010666	0.0142048	0.0177294	0.0212363	0.024722	0.0281831	0.0316161	0.0350175	0.038384	0.0417123	0.0449989	0.0482407	0.0514344	0.0545768	0.0576647	0.0606951	0.063665	0.0665714	0.0694113	0.072182	0.0748806	0.0775045	0.0800509	0.0825175	0.0849016	0.0872009	0.089413	0.0915358	0.0935671	0.0955047	0.0973469	0.0990917	0.100737	0.102282	0.103724	0.105063	0.106296	0.107422	0.108441	0.109351	0.110152	0.110842	0.11142	0.111887	0.112241	0.112482	0.11261	0.112625	0.112527	0.112315	0.11199	0.111553	0.111002	0.11034	0.109567	0.108683	0.107689	0.106586	0.105376	0.104059	0.102637	0.101111	0.0994827	0.0977536	0.0959255	0.0940001	0.0919793	0.0898653	0.0876601	0.0853658	0.0829849	0.0805196	0.0779725	0.0753462	0.0726432	0.0698662	0.0670182	0.064102	0.0611205	0.0580767	0.0549737	0.0518147	0.0486029	0.0453416	0.042034	0.0386836	0.0352936	0.0318677	0.0284093	0.0249219	0.021409	0.0178743	0.0143214	0.0107538	0.00717531	0.00358948	0	
0	0.00379578	0.00758776	0.0113722	0.0151452	0.0189031	0.0226422	0.0263587	0.0300489	0.0337091	0.0373358	0.0409251	0.0444737	0.047978	0.0514344	0.0548395	0.0581899	0.0614823	0.0647133	0.0678798	0.0709786	0.0740066	0.0769606	0.0798379	0.0826355	0.0853506	0.0879804	0.0905223	0.0929738	0.0953324	0.0975958	0.0997615	0.101827	0.103792	0.105652	0.107406	0.109053	0.110591	0.112018	0.113333	0.114534	0.11562	0.116591	0.117444	0.11818	0.118797	0.119294	0.119672	0.119929	0.120066	0.120082	0.119977	0.119751	0.119404	0.118938	0.118351	0.117645	0.116821	0.115878	0.114818	0.113643	0.112352	0.110948	0.109432	0.107805	0.106069	0.104225	0.102276	0.100223	0.0980687	0.0958147	0.0934635	0.0910173	0.0884788	0.0858503	0.0831346	0.0803344	0.0774524	0.0744917	0.0714551	0.0683458	0.0651669	0.0619216	0.0586132	0.0552451	0.0518207	0.0483434	0.0448168	0.0412446	0.0376302	0.0339775	0.0302901	0.0265718	0.0228264	0.0190577	0.0152695	0.0114658	0.00765034	0.00382712	0	
0	0.00402768	0.00805133	0.0120669	0.0160705	0.020058	0.0240255	0.0279691	0.0318847	0.0357686	0.0396168	0.0434255	0.0471909	0.0509092	0.0545768	0.0581899	0.061745	0.0652385	0.068667	0.072027	0.075315	0.078528	0.0816626	0.0847156	0.0876841	0.0905651	0.0933556	0.0960528	0.0986541	0.101157	0.103558	0.105856	0.108049	0.110133	0.112107	0.113968	0.115716	0.117348	0.118862	0.120257	0.121532	0.122684	0.123714	0.12462	0.1254	0.126054	0.126582	0.126983	0.127256	0.127401	0.127418	0.127307	0.127067	0.1267	0.126204	0.125582	0.124833	0.123958	0.122958	0.121833	0.120586	0.119217	0.117727	0.116118	0.114391	0.112549	0.110593	0.108525	0.106346	0.10406	0.101669	0.0991737	0.0965781	0.0938845	0.0910954	0.0882138	0.0852424	0.0821844	0.0790428	0.0758207	0.0725214	0.0691483	0.0657047	0.0621942	0.0586203	0.0549867	0.051297	0.047555	0.0437644	0.0399293	0.0360534	0.0321407	0.0281952	0.024221	0.020222	0.0162024	0.0121663	0.00811775	0.00406094	0	
0	0.00425557	0.00850687	0.0127497	0.0169798	0.0211929	0.0253849	0.0295515	0.0336888	0.0377924	0.0418583	0.0458825	0.0498609	0.0537896	0.0576647	0.0614823	0.0652385	0.0689297	0.0725522	0.0761022	0.0795764	0.0829711	0.086283	0.0895088	0.0926453	0.0956892	0.0986376	0.101487	0.104236	0.10688	0.109418	0.111846	0.114162	0.116364	0.11845	0.120417	0.122263	0.123987	0.125587	0.127061	0.128408	0.129626	0.130714	0.131671	0.132495	0.133187	0.133744	0.134168	0.134456	0.134609	0.134627	0.13451	0.134257	0.133868	0.133345	0.132687	0.131896	0.130971	0.129915	0.128727	0.127409	0.125962	0.124388	0.122688	0.120864	0.118917	0.11685	0.114665	0.112364	0.109948	0.107421	0.104785	0.102043	0.0991965	0.0962496	0.093205	0.0900655	0.0868345	0.0835151	0.0801107	0.0766247	0.0730607	0.0694223	0.0657132	0.0619371	0.0580979	0.0541994	0.0502456	0.0462407	0.0421885	0.0380933	0.0339592	0.0297905	0.0255914	0.0213662	0.0171192	0.0128547	0.00857706	0.00429071	0	
0	0.00447921	0.00895393	0.0134197	0.0178721	0.0223066	0.0267189	0.0311046	0.0354592	0.0397784	0.044058	0.0482937	0.0524812	0.0566164	0.0606951	0.0647133	0.068667	0.0725522	0.076365	0.0801016	0.0837583	0.0873315	0.0908174	0.0942128	0.097514	0.100718	0.103821	0.106821	0.109714	0.112497	0.115168	0.117724	0.120162	0.122479	0.124675	0.126745	0.128689	0.130503	0.132187	0.133739	0.135156	0.136438	0.137583	0.13859	0.139458	0.140186	0.140773	0.141219	0.141522	0.141684	0.141702	0.141579	0.141312	0.140903	0.140353	0.13966	0.138827	0.137854	0.136742	0.135492	0.134104	0.132582	0.130925	0.129135	0.127216	0.125167	0.122991	0.120691	0.118269	0.115726	0.113066	0.110292	0.107405	0.10441	0.101308	0.0981032	0.0947988	0.0913979	0.0879041	0.0843208	0.0806516	0.0769003	0.0730707	0.0691667	0.0651921	0.0611511	0.0570478	0.0528862	0.0486708	0.0444057	0.0400952	0.0357439	0.0313561	0.0269363	0.0224891	0.0180188	0.0135302	0.00902782	0.00451621	0	
0	0.00469838	0.00939205	0.0140763	0.0187466	0.0233981	0.0280263	0.0326265	0.0371942	0.0417248	0.0462138	0.0506568	0.0550492	0.0593867	0.063665	0.0678798	0.072027	0.0761022	0.0801016	0.0840211	0.0878567	0.0916047	0.0952612	0.0988227	0.102286	0.105646	0.108901	0.112048	0.115082	0.118002	0.120803	0.123484	0.126041	0.128472	0.130775	0.132947	0.134985	0.136889	0.138655	0.140283	0.14177	0.143114	0.144315	0.145372	0.146282	0.147045	0.147661	0.148129	0.148447	0.148616	0.148636	0.148506	0.148227	0.147798	0.14722	0.146494	0.14562	0.1446	0.143433	0.142121	0.140666	0.139069	0.137331	0.135454	0.13344	0.131291	0.129009	0.126597	0.124056	0.121389	0.118599	0.115689	0.112661	0.109519	0.106265	0.102904	0.0994374	0.0958702	0.0922054	0.0884467	0.0845981	0.0806632	0.0766462	0.0725511	0.0683821	0.0641434	0.0598392	0.0554741	0.0510523	0.0465785	0.0420572	0.0374929	0.0328904	0.0282544	0.0235895	0.0189005	0.0141923	0.00946957	0.00473719	0	
0	0.00491286	0.0098208	0.0147189	0.0196024	0.0244662	0.0293057	0.034116	0.0388922	0.0436296	0.0483235	0.0529693	0.0575622	0.0620978	0.0665714	0.0709786	0.075315	0.0795764	0.0837583	0.0878567	0.0918675	0.0957865	0.09961	0.103334	0.106955	0.110469	0.113873	0.117163	0.120336	0.123389	0.126318	0.129121	0.131795	0.134337	0.136745	0.139016	0.141148	0.143138	0.144985	0.146687	0.148242	0.149648	0.150903	0.152008	0.15296	0.153758	0.154402	0.154891	0.155224	0.155401	0.155422	0.155286	0.154994	0.154545	0.153941	0.153182	0.152268	0.151201	0.149981	0.14861	0.147088	0.145418	0.1436	0.141638	0.139532	0.137285	0.134899	0.132376	0.129719	0.12693	0.124013	0.12097	0.117804	0.114518	0.111116	0.107601	0.103977	0.100247	0.0964147	0.0924845	0.0884601	0.0843456	0.0801452	0.0758632	0.0715038	0.0670716	0.062571	0.0580065	0.053383	0.0487049	0.0439772	0.0392046	0.0343919	0.0295442	0.0246664	0.0197634	0.0148402	0.00990187	0.00495346	0	
0	0.00512244	0.0102398	0.0153468	0.0204386	0.02551	0.0305559	0.0355713	0.0405513	0.0454908	0.050385	0.055229	0.0600178	0.0647469	0.0694113	0.0740066	0.078528	0.0829711	0.0873315	0.0916047	0.0957865	0.0998728	0.103859	0.107742	0.111518	0.115182	0.118731	0.122161	0.125469	0.128652	0.131707	0.13463	0.137418	0.140068	0.142579	0.144946	0.147169	0.149244	0.15117	0.152945	0.154566	0.156032	0.157341	0.158493	0.159485	0.160318	0.160989	0.161499	0.161846	0.16203	0.162052	0.16191	0.161606	0.161138	0.160508	0.159717	0.158764	0.157651	0.156379	0.154949	0.153363	0.151621	0.149727	0.14768	0.145485	0.143142	0.140654	0.138023	0.135253	0.132345	0.129304	0.126131	0.122829	0.119404	0.115857	0.112192	0.108413	0.104523	0.100528	0.0964299	0.0922339	0.0879439	0.0835643	0.0790996	0.0745543	0.0699329	0.0652403	0.0604812	0.0556603	0.0507827	0.0458533	0.0408771	0.0358591	0.0308046	0.0257187	0.0206065	0.0154733	0.0103243	0.00516477	0	
0	0.00532691	0.0106485	0.0159594	0.0212544	0.0265282	0.0317756	0.0369912	0.04217	0.0473067	0.0523962	0.0574335	0.0624135	0.0673313	0.072182	0.0769606	0.0816626	0.086283	0.0908174	0.0952612	0.09961	0.103859	0.108005	0.112043	0.115969	0.119779	0.12347	0.127037	0.130478	0.133788	0.136964	0.140003	0.142903	0.145659	0.14827	0.150732	0.153044	0.155202	0.157204	0.15905	0.160735	0.16226	0.163622	0.164819	0.165851	0.166717	0.167415	0.167945	0.168306	0.168498	0.16852	0.168373	0.168056	0.16757	0.166915	0.166092	0.165101	0.163944	0.162621	0.161134	0.159485	0.157674	0.155703	0.153575	0.151292	0.148855	0.146268	0.143533	0.140652	0.137628	0.134465	0.131165	0.127733	0.12417	0.120481	0.11667	0.11274	0.108696	0.104541	0.100279	0.0959156	0.0914544	0.0869	0.082257	0.0775303	0.0727245	0.0678445	0.0628954	0.0578821	0.0528098	0.0476836	0.0425088	0.0372906	0.0320343	0.0267453	0.0214291	0.0160909	0.0107364	0.00537094	0	
0	0.00552607	0.0110466	0.0165561	0.0220491	0.02752	0.0329635	0.0383742	0.0437466	0.0490753	0.0543551	0.0595807	0.0647469	0.0698486	0.0748806	0.0798379	0.0847156	0.0895088	0.0942128	0.0988227	0.103334	0.107742	0.112043	0.116232	0.120305	0.124258	0.128086	0.131787	0.135356	0.13879	0.142085	0.145238	0.148246	0.151105	0.153813	0.156368	0.158765	0.161004	0.163082	0.164996	0.166745	0.168326	0.169739	0.170981	0.172052	0.17295	0.173674	0.174224	0.174599	0.174798	0.174821	0.174668	0.17434	0.173835	0.173156	0.172302	0.171274	0.170074	0.168701	0.167159	0.165447	0.163569	0.161524	0.159317	0.156948	0.154421	0.151737	0.148899	0.14591	0.142774	0.139492	0.136069	0.132508	0.128812	0.124986	0.121032	0.116955	0.11276	0.108449	0.104028	0.0995016	0.0948736	0.0901489	0.0853324	0.0804289	0.0754434	0.0703811	0.0652469	0.0600462	0.0547842	0.0494664	0.0440981	0.0386847	0.0332319	0.0277452	0.0222302	0.0166925	0.0111378	0.00557175	0	
0	0.0057197	0.0114337	0.0171362	0.0228217	0.0284843	0.0341186	0.0397188	0.0452795	0.0507949	0.0562598	0.0616685	0.0670157	0.0722961	0.0775045	0.0826355	0.0876841	0.0926453	0.097514	0.102286	0.106955	0.111518	0.115969	0.120305	0.12452	0.128612	0.132574	0.136405	0.140099	0.143653	0.147063	0.150327	0.15344	0.1564	0.159203	0.161847	0.164329	0.166646	0.168796	0.170778	0.172588	0.174225	0.175687	0.176973	0.178081	0.17901	0.17976	0.180329	0.180717	0.180923	0.180947	0.180789	0.180449	0.179927	0.179223	0.178339	0.177276	0.176033	0.174613	0.173016	0.171245	0.1693	0.167184	0.1649	0.162448	0.159832	0.157054	0.154117	0.151023	0.147777	0.14438	0.140837	0.137151	0.133326	0.129365	0.125273	0.121053	0.116711	0.112249	0.107674	0.102988	0.0981981	0.0933079	0.0883226	0.0832473	0.0780871	0.0728473	0.0675332	0.0621503	0.056704	0.0511998	0.0456433	0.0400403	0.0343964	0.0287175	0.0230092	0.0172775	0.0115281	0.00576699	0	
0	0.00590763	0.0118093	0.0176993	0.0235715	0.0294202	0.0352396	0.0410238	0.0467672	0.0524638	0.0581082	0.0636947	0.0692176	0.0746715	0.0800509	0.0853506	0.0905651	0.0956892	0.100718	0.105646	0.110469	0.115182	0.119779	0.124258	0.128612	0.132837	0.13693	0.140886	0.144702	0.148373	0.151895	0.155266	0.158482	0.161539	0.164434	0.167165	0.169728	0.172121	0.174342	0.176389	0.178258	0.179949	0.181459	0.182787	0.183932	0.184892	0.185666	0.186254	0.186655	0.186867	0.186892	0.186729	0.186377	0.185838	0.185112	0.184199	0.1831	0.181817	0.18035	0.178701	0.176871	0.174863	0.172678	0.170318	0.167785	0.165083	0.162214	0.15918	0.155985	0.152632	0.149124	0.145465	0.141658	0.137707	0.133616	0.129389	0.125031	0.120545	0.115937	0.111211	0.106372	0.101425	0.0963737	0.0912246	0.0859825	0.0806528	0.0752408	0.0697522	0.0641924	0.0585671	0.052882	0.047143	0.0413559	0.0355266	0.029661	0.0237652	0.0178452	0.0119069	0.00595647	0	
0	0.00608965	0.0121732	0.0182446	0.0242978	0.0303267	0.0363254	0.0422879	0.0482081	0.0540804	0.0598986	0.0656572	0.0713503	0.0769723	0.0825175	0.0879804	0.0933556	0.0986376	0.103821	0.108901	0.113873	0.118731	0.12347	0.128086	0.132574	0.13693	0.141149	0.145228	0.149161	0.152945	0.156576	0.16005	0.163365	0.166516	0.1695	0.172315	0.174958	0.177425	0.179714	0.181824	0.183751	0.185494	0.18705	0.188419	0.189599	0.190589	0.191387	0.191993	0.192406	0.192625	0.192651	0.192482	0.19212	0.191565	0.190816	0.189875	0.188742	0.187419	0.185907	0.184207	0.182321	0.180251	0.177998	0.175566	0.172955	0.17017	0.167212	0.164085	0.160792	0.157335	0.153719	0.149947	0.146022	0.14195	0.137733	0.133376	0.128883	0.12426	0.11951	0.114638	0.10965	0.10455	0.0993432	0.0940354	0.0886319	0.0831379	0.0775592	0.0719014	0.0661703	0.0603717	0.0545115	0.0485956	0.0426302	0.0366213	0.030575	0.0244975	0.018395	0.0122738	0.00614001	0	
0	0.0062656	0.0125249	0.0187717	0.0249998	0.0312029	0.0373749	0.0435096	0.049601	0.0556429	0.0616292	0.0675542	0.0734118	0.0791962	0.0849016	0.0905223	0.0960528	0.101487	0.106821	0.112048	0.117163	0.122161	0.127037	0.131787	0.136405	0.140886	0.145228	0.149423	0.15347	0.157363	0.1611	0.164674	0.168085	0.171327	0.174398	0.177294	0.180013	0.182551	0.184907	0.187077	0.18906	0.190853	0.192455	0.193863	0.195077	0.196096	0.196917	0.19754	0.197965	0.198191	0.198217	0.198044	0.197671	0.197099	0.196329	0.195361	0.194195	0.192834	0.191278	0.189529	0.187589	0.185459	0.183141	0.180638	0.177953	0.175087	0.172044	0.168826	0.165437	0.161881	0.15816	0.154279	0.150241	0.146051	0.141712	0.13723	0.132607	0.12785	0.122963	0.11795	0.112818	0.10757	0.102214	0.0967524	0.0911927	0.08554	0.0798002	0.0739789	0.0680822	0.062116	0.0560865	0.0499997	0.0438619	0.0376794	0.0314584	0.0252053	0.0189265	0.0126284	0.00631741	0	
0	0.00643528	0.0128641	0.0192801	0.0256768	0.0320479	0.0383871	0.044688	0.0509443	0.0571498	0.0632983	0.0693837	0.0753999	0.0813409	0.0872009	0.0929738	0.0986541	0.104236	0.109714	0.115082	0.120336	0.125469	0.130478	0.135356	0.140099	0.144702	0.149161	0.15347	0.157626	0.161625	0.165462	0.169134	0.172637	0.175967	0.179121	0.182095	0.184888	0.187495	0.189914	0.192143	0.19418	0.196022	0.197667	0.199114	0.200361	0.201406	0.20225	0.20289	0.203326	0.203558	0.203585	0.203407	0.203024	0.202437	0.201646	0.200652	0.199455	0.198057	0.196459	0.194662	0.192669	0.190481	0.188101	0.18553	0.182772	0.179828	0.176703	0.173398	0.169918	0.166265	0.162444	0.158458	0.15431	0.150007	0.14555	0.140946	0.136199	0.131313	0.126293	0.121145	0.115873	0.110484	0.104982	0.0993727	0.0936624	0.0878567	0.0819613	0.0759824	0.069926	0.0637983	0.0576054	0.0513538	0.0450498	0.0386998	0.0323104	0.0258879	0.0194391	0.0129704	0.00648851	0	
0	0.00659853	0.0131905	0.0197692	0.0263282	0.0328609	0.0393609	0.0458216	0.0522366	0.0585996	0.064904	0.0711438	0.0773127	0.0834044	0.089413	0.0953324	0.101157	0.10688	0.112497	0.118002	0.123389	0.128652	0.133788	0.13879	0.143653	0.148373	0.152945	0.157363	0.161625	0.165725	0.16966	0.173425	0.177016	0.180431	0.183665	0.186715	0.189578	0.192251	0.194732	0.197018	0.199106	0.200994	0.202681	0.204165	0.205443	0.206516	0.207381	0.208037	0.208484	0.208722	0.20875	0.208567	0.208175	0.207573	0.206762	0.205742	0.204515	0.203081	0.201443	0.199601	0.197557	0.195314	0.192873	0.190237	0.187409	0.184391	0.181186	0.177797	0.174228	0.170483	0.166565	0.162477	0.158225	0.153812	0.149243	0.144522	0.139654	0.134644	0.129497	0.124218	0.118813	0.113287	0.107645	0.101894	0.0960386	0.0900855	0.0840406	0.0779101	0.0717	0.0654168	0.0590669	0.0526566	0.0461927	0.0396816	0.0331301	0.0265447	0.0199322	0.0132995	0.00665312	0	
0	0.00675519	0.0135036	0.0202385	0.0269533	0.0336411	0.0402954	0.0469095	0.0534768	0.0599908	0.0664449	0.0728329	0.0791482	0.0853846	0.0915358	0.0975958	0.103558	0.109418	0.115168	0.120803	0.126318	0.131707	0.136964	0.142085	0.147063	0.151895	0.156576	0.1611	0.165462	0.16966	0.173688	0.177542	0.181219	0.184715	0.188025	0.191148	0.194079	0.196816	0.199355	0.201695	0.203833	0.205766	0.207493	0.209012	0.210321	0.211419	0.212304	0.212976	0.213434	0.213677	0.213706	0.213519	0.213117	0.212501	0.21167	0.210626	0.20937	0.207903	0.206225	0.204339	0.202247	0.199951	0.197452	0.194754	0.191858	0.188768	0.185487	0.182018	0.178365	0.174531	0.170519	0.166335	0.161982	0.157464	0.152786	0.147953	0.142969	0.137841	0.132571	0.127167	0.121634	0.115976	0.110201	0.104313	0.0983187	0.0922244	0.0860359	0.0797598	0.0734023	0.0669699	0.0604692	0.0539068	0.0472894	0.0406238	0.0339167	0.0271749	0.0204055	0.0136152	0.00681108	0	
0	0.00690509	0.0138033	0.0206876	0.0275514	0.0343876	0.0411896	0.0479504	0.0546635	0.061322	0.0679194	0.0744491	0.0809045	0.0872793	0.0935671	0.0997615	0.105856	0.111846	0.117724	0.123484	0.129121	0.13463	0.140003	0.145238	0.150327	0.155266	0.16005	0.164674	0.169134	0.173425	0.177542	0.181482	0.185241	0.188814	0.192198	0.19539	0.198386	0.201183	0.203779	0.206171	0.208356	0.210333	0.212098	0.21365	0.214988	0.21611	0.217015	0.217702	0.218171	0.218419	0.218448	0.218257	0.217847	0.217217	0.216368	0.215301	0.214016	0.212516	0.210802	0.208874	0.206735	0.204388	0.201834	0.199075	0.196116	0.192957	0.189604	0.186058	0.182323	0.178404	0.174303	0.170026	0.165576	0.160958	0.156177	0.151236	0.146142	0.140899	0.135513	0.129989	0.124333	0.11855	0.112646	0.106628	0.100501	0.094271	0.0879452	0.0815298	0.0750312	0.0684561	0.0618111	0.0551031	0.0483389	0.0415253	0.0346693	0.027778	0.0208583	0.0139174	0.00696223	0	
0	0.00704809	0.0140891	0.0211161	0.0281219	0.0350998	0.0420426	0.0489434	0.0557955	0.0625919	0.069326	0.0759909	0.08258	0.0890868	0.0955047	0.101827	0.108049	0.114162	0.120162	0.126041	0.131795	0.137418	0.142903	0.148246	0.15344	0.158482	0.163365	0.168085	0.172637	0.177016	0.181219	0.185241	0.189077	0.192724	0.196178	0.199436	0.202494	0.20535	0.207999	0.210441	0.212671	0.214688	0.21649	0.218075	0.219441	0.220586	0.22151	0.222211	0.222689	0.222943	0.222972	0.222777	0.222358	0.221715	0.220849	0.219759	0.218449	0.216917	0.215167	0.2132	0.211017	0.208621	0.206014	0.203198	0.200177	0.196953	0.19353	0.189911	0.186099	0.182099	0.177913	0.173547	0.169005	0.164292	0.159411	0.154368	0.149169	0.143817	0.13832	0.132681	0.126908	0.121005	0.114979	0.108836	0.102582	0.0962233	0.0897666	0.0832183	0.0765851	0.0698738	0.0630913	0.0562443	0.04934	0.0423853	0.0353873	0.0283533	0.0212903	0.0142056	0.00710641	0	
0	0.00718404	0.0143609	0.0215234	0.0286644	0.0357768	0.0428535	0.0498875	0.0568717	0.0637993	0.0706632	0.0774566	0.0841729	0.0908052	0.0973469	0.103792	0.110133	0.116364	0.122479	0.128472	0.134337	0.140068	0.145659	0.151105	0.1564	0.161539	0.166516	0.171327	0.175967	0.180431	0.184715	0.188814	0.192724	0.196441	0.199962	0.203283	0.2064	0.209311	0.212012	0.2145	0.216773	0.21883	0.220666	0.222281	0.223673	0.224841	0.225782	0.226497	0.226984	0.227243	0.227273	0.227075	0.226647	0.225992	0.225109	0.223998	0.222662	0.221101	0.219318	0.217312	0.215087	0.212645	0.209988	0.207118	0.204038	0.200753	0.197263	0.193574	0.189689	0.185611	0.181345	0.176895	0.172265	0.167461	0.162486	0.157346	0.152046	0.146592	0.140988	0.135241	0.129356	0.123339	0.117197	0.110935	0.104561	0.0980794	0.0914981	0.0848235	0.0780624	0.0712217	0.0643083	0.0573292	0.0502917	0.0432029	0.0360699	0.0289002	0.021701	0.0144796	0.00724349	0	
0	0.0073128	0.0146183	0.0219091	0.0291781	0.036418	0.0436216	0.0507816	0.0578911	0.0649427	0.0719297	0.0788449	0.0856815	0.0924327	0.0990917	0.105652	0.112107	0.11845	0.124675	0.130775	0.136745	0.142579	0.14827	0.153813	0.159203	0.164434	0.1695	0.174398	0.179121	0.183665	0.188025	0.192198	0.196178	0.199962	0.203546	0.206926	0.2101	0.213062	0.215812	0.218345	0.220659	0.222752	0.224621	0.226265	0.227682	0.228871	0.229829	0.230557	0.231053	0.231316	0.231347	0.231145	0.23071	0.230042	0.229143	0.228013	0.226653	0.225064	0.223249	0.221207	0.218942	0.216456	0.213751	0.21083	0.207696	0.204351	0.200799	0.197044	0.193089	0.188938	0.184595	0.180066	0.175353	0.170462	0.165398	0.160166	0.154771	0.149219	0.143515	0.137665	0.131674	0.12555	0.119298	0.112924	0.106435	0.0998374	0.0931381	0.0863439	0.0794616	0.0724982	0.0654609	0.0583568	0.0511931	0.0439772	0.0367165	0.0294182	0.0220899	0.0147391	0.00737333	0	
0	0.00743424	0.014861	0.022273	0.0296627	0.0370228	0.044346	0.051625	0.0588524	0.0660212	0.0731242	0.0801543	0.0871044	0.0939677	0.100737	0.107406	0.113968	0.120417	0.126745	0.132947	0.139016	0.144946	0.150732	0.156368	0.161847	0.167165	0.172315	0.177294	0.182095	0.186715	0.191148	0.19539	0.199436	0.203283	0.206926	0.210363	0.213589	0.216601	0.219396	0.221971	0.224323	0.226451	0.228352	0.230023	0.231464	0.232672	0.233646	0.234386	0.23489	0.235157	0.235189	0.234983	0.234541	0.233863	0.232949	0.2318	0.230417	0.228802	0.226956	0.224881	0.222578	0.220051	0.217301	0.214331	0.211145	0.207744	0.204134	0.200316	0.196295	0.192076	0.187661	0.183056	0.178265	0.173293	0.168145	0.162826	0.157342	0.151697	0.145898	0.139951	0.133861	0.127635	0.121279	0.114799	0.108202	0.101495	0.0946849	0.0877779	0.0807813	0.0737023	0.0665481	0.059326	0.0520433	0.0447076	0.0373262	0.0299068	0.0224568	0.0149839	0.00749578	0	
0	0.00754823	0.0150889	0.0226145	0.0301175	0.0375905	0.045026	0.0524166	0.0597549	0.0670336	0.0742455	0.0813834	0.0884401	0.0954086	0.102282	0.109053	0.115716	0.122263	0.128689	0.134985	0.141148	0.147169	0.153044	0.158765	0.164329	0.169728	0.174958	0.180013	0.184888	0.189578	0.194079	0.198386	0.202494	0.2064	0.2101	0.213589	0.216864	0.219922	0.22276	0.225375	0.227763	0.229924	0.231853	0.23355	0.235013	0.23624	0.237229	0.23798	0.238492	0.238764	0.238795	0.238587	0.238138	0.237449	0.236521	0.235354	0.233951	0.232311	0.230436	0.228329	0.225992	0.223425	0.220633	0.217618	0.214383	0.21093	0.207264	0.203388	0.199306	0.195021	0.190539	0.185863	0.180999	0.175951	0.170724	0.165323	0.159755	0.154024	0.148136	0.142097	0.135914	0.129592	0.123139	0.11656	0.109862	0.103052	0.0961369	0.0891239	0.0820201	0.0748325	0.0675686	0.0602357	0.0528414	0.0453932	0.0378986	0.0303654	0.0228012	0.0152137	0.00761073	0	
0	0.00765467	0.0153017	0.0229334	0.0305422	0.0381206	0.0456609	0.0531557	0.0605975	0.0679789	0.0752925	0.082531	0.0896872	0.096754	0.103724	0.110591	0.117348	0.123987	0.130503	0.136889	0.143138	0.149244	0.155202	0.161004	0.166646	0.172121	0.177425	0.182551	0.187495	0.192251	0.196816	0.201183	0.20535	0.209311	0.213062	0.216601	0.219922	0.223023	0.225901	0.228553	0.230975	0.233166	0.235123	0.236844	0.238327	0.239571	0.240574	0.241336	0.241855	0.24213	0.242163	0.241951	0.241496	0.240797	0.239856	0.238673	0.23725	0.235587	0.233686	0.231549	0.229178	0.226576	0.223745	0.220687	0.217406	0.213905	0.210187	0.206256	0.202116	0.197771	0.193226	0.188484	0.183551	0.178432	0.173131	0.167655	0.162007	0.156196	0.150225	0.144101	0.137831	0.13142	0.124875	0.118203	0.111411	0.104505	0.0974927	0.0903808	0.0831767	0.0758878	0.0685215	0.0610852	0.0535866	0.0460333	0.0384331	0.0307936	0.0231227	0.0154283	0.00771806	0	
0	0.00775344	0.0154991	0.0232293	0.0309363	0.0386125	0.0462501	0.0538416	0.0613794	0.068856	0.076264	0.0835959	0.0908445	0.0980025	0.105063	0.112018	0.118862	0.125587	0.132187	0.138655	0.144985	0.15117	0.157204	0.163082	0.168796	0.174342	0.179714	0.184907	0.189914	0.194732	0.199355	0.203779	0.207999	0.212012	0.215812	0.219396	0.22276	0.225901	0.228816	0.231502	0.233955	0.236175	0.238157	0.2399	0.241402	0.242662	0.243679	0.24445	0.244976	0.245255	0.245287	0.245073	0.244612	0.243905	0.242951	0.241753	0.240311	0.238627	0.236701	0.234537	0.232136	0.2295	0.226632	0.223535	0.220211	0.216665	0.212899	0.208918	0.204724	0.200323	0.195719	0.190916	0.18592	0.180734	0.175365	0.169818	0.164098	0.158211	0.152163	0.145961	0.139609	0.133116	0.126487	0.119729	0.112849	0.105854	0.0987507	0.0915471	0.0842501	0.0768671	0.0694057	0.0618735	0.0542781	0.0466274	0.038929	0.031191	0.0234211	0.0156274	0.00781766	0	
0	0.00784445	0.015681	0.023502	0.0312994	0.0390657	0.0467929	0.0544736	0.0620998	0.0696642	0.0771591	0.0845771	0.0919107	0.0991527	0.106296	0.113333	0.120257	0.127061	0.133739	0.140283	0.146687	0.152945	0.15905	0.164996	0.170778	0.176389	0.181824	0.187077	0.192143	0.197018	0.201695	0.206171	0.210441	0.2145	0.218345	0.221971	0.225375	0.228553	0.231502	0.234219	0.236702	0.238947	0.240952	0.242716	0.244236	0.245511	0.246539	0.247319	0.247851	0.248134	0.248167	0.24795	0.247483	0.246767	0.245803	0.244591	0.243132	0.241428	0.23948	0.23729	0.234861	0.232194	0.229292	0.226158	0.222796	0.219208	0.215398	0.21137	0.207127	0.202675	0.198017	0.193157	0.188102	0.182856	0.177424	0.171811	0.166024	0.160068	0.153949	0.147674	0.141248	0.134678	0.127971	0.121134	0.114173	0.107096	0.0999099	0.0926217	0.085239	0.0777693	0.0702204	0.0625997	0.0549152	0.0471747	0.039386	0.0315571	0.023696	0.0158108	0.00790942	0	
0	0.00792759	0.0158472	0.0237511	0.0316312	0.0394797	0.0472889	0.0550509	0.062758	0.0704025	0.0779769	0.0854735	0.0928849	0.100204	0.107422	0.114534	0.121532	0.128408	0.135156	0.14177	0.148242	0.154566	0.160735	0.166745	0.172588	0.178258	0.183751	0.18906	0.19418	0.199106	0.203833	0.208356	0.212671	0.216773	0.220659	0.224323	0.227763	0.230975	0.233955	0.236702	0.23921	0.241479	0.243506	0.245288	0.246824	0.248113	0.249152	0.249941	0.250478	0.250764	0.250797	0.250578	0.250106	0.249383	0.248408	0.247183	0.245709	0.243987	0.242018	0.239805	0.23735	0.234655	0.231722	0.228556	0.225158	0.221531	0.217681	0.21361	0.209323	0.204823	0.200115	0.195205	0.190096	0.184794	0.179304	0.173632	0.167784	0.161765	0.155581	0.149239	0.142745	0.136106	0.129328	0.122418	0.115383	0.108231	0.100969	0.0936034	0.0861425	0.0785936	0.0709647	0.0632632	0.0554973	0.0476747	0.0398035	0.0318916	0.0239472	0.0159784	0.00799325	0	
0	0.00800278	0.0159975	0.0239763	0.0319312	0.0398542	0.0477374	0.055573	0.0633532	0.0710703	0.0787165	0.0862842	0.0937658	0.101154	0.108441	0.11562	0.122684	0.129626	0.136438	0.143114	0.149648	0.156032	0.16226	0.168326	0.174225	0.179949	0.185494	0.190853	0.196022	0.200994	0.205766	0.210333	0.214688	0.21883	0.222752	0.226451	0.229924	0.233166	0.236175	0.238947	0.241479	0.24377	0.245816	0.247615	0.249166	0.250466	0.251515	0.252311	0.252854	0.253142	0.253176	0.252954	0.252479	0.251748	0.250764	0.249528	0.248039	0.246301	0.244314	0.24208	0.239601	0.23688	0.23392	0.230723	0.227293	0.223633	0.219746	0.215636	0.211308	0.206766	0.202013	0.197056	0.191899	0.186547	0.181005	0.175279	0.169375	0.163299	0.157057	0.150655	0.144099	0.137397	0.130555	0.123579	0.116478	0.109258	0.101927	0.0944913	0.0869596	0.0793391	0.0716378	0.0638633	0.0560237	0.0481269	0.040181	0.0321941	0.0241744	0.0161299	0.00806908	0	
0	0.00806994	0.0161318	0.0241775	0.0321992	0.0401886	0.048138	0.0560394	0.0638849	0.0716668	0.0793771	0.0870083	0.0945528	0.102003	0.109351	0.116591	0.123714	0.130714	0.137583	0.144315	0.150903	0.157341	0.163622	0.169739	0.175687	0.181459	0.18705	0.192455	0.197667	0.202681	0.207493	0.212098	0.21649	0.220666	0.224621	0.228352	0.231853	0.235123	0.238157	0.240952	0.243506	0.245816	0.247879	0.249693	0.251257	0.252568	0.253626	0.254429	0.254976	0.255267	0.255301	0.255078	0.254598	0.253861	0.252869	0.251622	0.250121	0.248368	0.246364	0.244111	0.241612	0.238869	0.235884	0.23266	0.229201	0.22551	0.22159	0.217446	0.213082	0.208501	0.203709	0.19871	0.19351	0.188113	0.182524	0.17675	0.170797	0.16467	0.158375	0.151919	0.145309	0.13855	0.13165	0.124616	0.117456	0.110175	0.102782	0.0952844	0.0876894	0.0800051	0.0722391	0.0643994	0.0564939	0.0485309	0.0405183	0.0324643	0.0243773	0.0162653	0.0081368	0	
