0	0	0	0	0	0	0	0	0	0	0	0	0	0	0	0	0	0	0	0	0	0	0	0	0	0	0	0	0	0	0	0	0	0	0	0	0	0	0	0	0	0	0	0	0	0	0	0	0	0	0	0	0	0	0	0	0	0	0	0	0	0	0	0	0	0	0	0	0	0	0	0	0	0	0	0	0	0	0	0	0	0	0	0	0	0	0	0	0	0	0	0	0	0	0	0	0	0	0	0	
0	0.000196742	0.000393286	0.000589435	0.000784993	0.000979765	0.00117355	0.00136617	0.00155742	0.00174711	0.00193505	0.00212105	0.00230493	0.00248651	0.00266559	0.00284201	0.00301559	0.00318615	0.00335352	0.00351753	0.00367802	0.00383483	0.0039878	0.00413678	0.00428162	0.00442217	0.0045583	0.00468985	0.00481671	0.00493874	0.00505583	0.00516784	0.00527468	0.00537622	0.00547238	0.00556305	0.00564813	0.00572755	0.00580122	0.00586907	0.00593102	0.00598702	0.006037	0.00608092	0.00611872	0.00615038	0.00617585	0.00619511	0.00620813	0.00621491	0.00621543	0.0062097	0.00619771	0.00617948	0.00615502	0.00612436	0.00608753	0.00604455	0.00599548	0.00594036	0.00587925	0.0058122	0.00573928	0.00566057	0.00557613	0.00548606	0.00539045	0.00528939	0.00518297	0.00507132	0.00495453	0.00483273	0.00470604	0.00457459	0.0044385	0.00429792	0.00415298	0.00400384	0.00385064	0.00369354	0.00353269	0.00336826	0.00320042	0.00302933	0.00285517	0.00267811	0.00249834	0.00231604	0.00213138	0.00194456	0.00175577	0.0015652	0.00137304	0.00117949	0.000984737	0.00078899	0.000592442	0.000395295	0.000197747	0	
0	0.000393286	0.000786176	0.00117828	0.0015692	0.00195854	0.00234593	0.00273096	0.00311327	0.00349245	0.00386814	0.00423996	0.00460754	0.00497051	0.0053285	0.00568116	0.00602814	0.00636908	0.00670365	0.00703151	0.00735234	0.0076658	0.00797159	0.0082694	0.00855894	0.0088399	0.009112	0.00937498	0.00962857	0.00987251	0.0101066	0.0103305	0.010544	0.010747	0.0109392	0.0111205	0.0112906	0.0114493	0.0115966	0.0117322	0.0118561	0.011968	0.0120679	0.0121557	0.0122313	0.0122946	0.0123455	0.012384	0.01241	0.0124236	0.0124246	0.0124132	0.0123892	0.0123527	0.0123039	0.0122426	0.0121689	0.012083	0.0119849	0.0118748	0.0117526	0.0116186	0.0114728	0.0113154	0.0111467	0.0109666	0.0107755	0.0105734	0.0103607	0.0101375	0.00990408	0.00966061	0.00940735	0.00914457	0.00887254	0.00859152	0.00830179	0.00800365	0.00769741	0.00738336	0.00706183	0.00673314	0.00639762	0.00605562	0.00570747	0.00535354	0.00499417	0.00462974	0.00426061	0.00388717	0.00350977	0.00312882	0.0027447	0.00235779	0.00196848	0.00157719	0.00118429	0.000790193	0.000395296	0	
0	0.000589435	0.00117828	0.00176593	0.00235182	0.00293535	0.00351595	0.00409302	0.00466599	0.00523429	0.00579736	0.00635462	0.00690553	0.00744952	0.00798606	0.00851461	0.00903464	0.00954563	0.0100471	0.0105384	0.0110193	0.0114891	0.0119474	0.0123937	0.0128277	0.0132487	0.0136566	0.0140507	0.0144308	0.0147964	0.0151472	0.0154828	0.0158028	0.0161071	0.0163951	0.0166668	0.0169217	0.0171596	0.0173803	0.0175836	0.0177692	0.017937	0.0180867	0.0182183	0.0183316	0.0184264	0.0185027	0.0185604	0.0185994	0.0186198	0.0186213	0.0186042	0.0185682	0.0185136	0.0184403	0.0183485	0.0182381	0.0181094	0.0179624	0.0177972	0.0176141	0.0174132	0.0171948	0.016959	0.016706	0.0164361	0.0161497	0.0158469	0.0155281	0.0151936	0.0148437	0.0144788	0.0140992	0.0137054	0.0132977	0.0128765	0.0124423	0.0119954	0.0115365	0.0110658	0.0105839	0.0100913	0.0095884	0.00907583	0.00855405	0.00802359	0.00748499	0.0069388	0.00638558	0.00582587	0.00526026	0.00468931	0.0041136	0.00353372	0.00295026	0.0023638	0.00177495	0.0011843	0.000592448	0	
0	0.000784993	0.0015692	0.00235182	0.00313209	0.00390922	0.00468244	0.00545097	0.00621404	0.00697089	0.00772076	0.00846291	0.00919659	0.00992107	0.0106356	0.0113395	0.0120321	0.0127126	0.0133804	0.0140348	0.0146752	0.0153008	0.0159112	0.0165056	0.0170835	0.0176443	0.0181874	0.0187123	0.0192185	0.0197054	0.0201726	0.0206195	0.0210458	0.0214509	0.0218346	0.0221964	0.0225359	0.0228527	0.0231467	0.0234174	0.0236646	0.023888	0.0240874	0.0242627	0.0244135	0.0245398	0.0246414	0.0247183	0.0247702	0.0247973	0.0247994	0.0247765	0.0247287	0.0246559	0.0245584	0.024436	0.024289	0.0241176	0.0239218	0.0237019	0.023458	0.0231905	0.0228995	0.0225855	0.0222486	0.0218892	0.0215077	0.0211045	0.0206799	0.0202344	0.0197684	0.0192825	0.018777	0.0182525	0.0177095	0.0171486	0.0165703	0.0159752	0.0153639	0.0147371	0.0140953	0.0134393	0.0127696	0.0120869	0.0113921	0.0106856	0.00996832	0.00924092	0.00850414	0.00775874	0.00700547	0.0062451	0.00547839	0.00470612	0.00392907	0.00314805	0.00236383	0.00157722	0.000789007	0	
0	0.000979765	0.00195854	0.00293535	0.00390922	0.00487917	0.00584424	0.00680345	0.00775586	0.0087005	0.00963643	0.0105627	0.0114784	0.0123827	0.0132745	0.0141531	0.0150175	0.0158668	0.0167003	0.0175171	0.0183164	0.0190973	0.0198591	0.020601	0.0213223	0.0220222	0.0227001	0.0233552	0.023987	0.0245947	0.0251778	0.0257356	0.0262676	0.0267733	0.0272522	0.0277037	0.0281274	0.0285229	0.0288898	0.0292277	0.0295362	0.0298151	0.030064	0.0302827	0.030471	0.0306286	0.0307554	0.0308514	0.0309162	0.03095	0.0309526	0.030924	0.0308643	0.0307736	0.0306518	0.0304991	0.0303156	0.0301016	0.0298573	0.0295828	0.0292784	0.0289445	0.0285814	0.0281894	0.0277689	0.0273204	0.0268442	0.0263409	0.025811	0.025255	0.0246734	0.0240668	0.0234359	0.0227813	0.0221036	0.0214035	0.0206817	0.019939	0.019176	0.0183937	0.0175927	0.0167738	0.015938	0.015086	0.0142186	0.0133369	0.0124417	0.0115338	0.0106142	0.00968385	0.00874368	0.00779463	0.00683768	0.0058738	0.00490396	0.00392914	0.00295035	0.00196856	0.000984776	0	
0	0.00117355	0.00234593	0.00351595	0.00468244	0.00584424	0.00700019	0.00814913	0.00928991	0.0104214	0.0115424	0.0126519	0.0137488	0.0148319	0.0159001	0.0169525	0.0179878	0.0190052	0.0200035	0.0209819	0.0219392	0.0228746	0.0237871	0.0246757	0.0255397	0.0263781	0.02719	0.0279748	0.0287315	0.0294594	0.0301578	0.0308259	0.0314632	0.0320689	0.0326425	0.0331833	0.0336909	0.0341646	0.034604	0.0350087	0.0353783	0.0357123	0.0360104	0.0362724	0.0364979	0.0366867	0.0368387	0.0369536	0.0370313	0.0370717	0.0370748	0.0370406	0.0369691	0.0368604	0.0367145	0.0365316	0.0363119	0.0360555	0.0357628	0.035434	0.0350695	0.0346696	0.0342346	0.0337651	0.0332614	0.0327242	0.0321538	0.031551	0.0309163	0.0302502	0.0295536	0.0288271	0.0280714	0.0272873	0.0264755	0.025637	0.0247724	0.0238828	0.0229689	0.0220318	0.0210724	0.0200916	0.0190904	0.0180699	0.017031	0.0159749	0.0149025	0.0138151	0.0127136	0.0115993	0.0104731	0.00933637	0.00819014	0.0070356	0.00587393	0.00470631	0.00353391	0.00235793	0.00117956	0	
0	0.00136617	0.00273096	0.00409302	0.00545097	0.00680345	0.00814913	0.00948664	0.0108147	0.0121319	0.0134369	0.0147285	0.0160054	0.0172662	0.0185098	0.0197349	0.0209402	0.0221245	0.0232867	0.0244256	0.0255401	0.026629	0.0276912	0.0287258	0.0297315	0.0307075	0.0316527	0.0325663	0.0334472	0.0342945	0.0351076	0.0358854	0.0366273	0.0373324	0.0380001	0.0386297	0.0392206	0.039772	0.0402836	0.0407547	0.0411849	0.0415738	0.0419209	0.0422258	0.0424883	0.0427082	0.042885	0.0430188	0.0431092	0.0431563	0.0431599	0.0431201	0.0430369	0.0429103	0.0427405	0.0425275	0.0422718	0.0419734	0.0416326	0.0412499	0.0408255	0.0403599	0.0398535	0.039307	0.0387206	0.0380952	0.0374313	0.0367295	0.0359906	0.0352152	0.0344043	0.0335585	0.0326788	0.031766	0.030821	0.0298448	0.0288383	0.0278027	0.0267389	0.0256479	0.024531	0.0233892	0.0222237	0.0210357	0.0198263	0.0185969	0.0173485	0.0160826	0.0148003	0.0135031	0.0121921	0.0108688	0.0095344	0.00819037	0.00683803	0.00547876	0.00411393	0.00274494	0.00137316	0	
0	0.00155742	0.00311327	0.00466599	0.00621404	0.00775586	0.00928991	0.0108147	0.0123286	0.0138302	0.0153179	0.0167903	0.0182459	0.0196833	0.021101	0.0224975	0.0238716	0.0252217	0.0265466	0.0278449	0.0291154	0.0303568	0.0315677	0.032747	0.0338936	0.0350062	0.0360838	0.0371252	0.0381294	0.0390954	0.0400222	0.040909	0.0417547	0.0425585	0.0433197	0.0440374	0.044711	0.0453397	0.0459229	0.0464599	0.0469504	0.0473936	0.0477893	0.048137	0.0484362	0.0486868	0.0488885	0.0490409	0.049144	0.0491977	0.0492018	0.0491565	0.0490616	0.0489173	0.0487236	0.0484809	0.0481894	0.0478492	0.0474607	0.0470244	0.0465406	0.0460098	0.0454326	0.0448095	0.0441411	0.0434281	0.0426712	0.0418712	0.0410289	0.040145	0.0392205	0.0382563	0.0372535	0.0362128	0.0351356	0.0340227	0.0328754	0.0316948	0.030482	0.0292384	0.0279651	0.0266635	0.0253348	0.0239805	0.0226018	0.0212002	0.0197771	0.018334	0.0168722	0.0153933	0.0138989	0.0123903	0.0108691	0.00933693	0.00779528	0.00624573	0.00468984	0.0031292	0.00156539	0	
0	0.00174711	0.00349245	0.00523429	0.00697089	0.0087005	0.0104214	0.0121319	0.0138302	0.0155146	0.0171836	0.0188353	0.0204683	0.0220807	0.023671	0.0252377	0.026779	0.0282936	0.0297799	0.0312364	0.0326616	0.0340541	0.0354126	0.0367355	0.0380217	0.0392699	0.0404787	0.0416469	0.0427734	0.0438571	0.0448968	0.0458916	0.0468403	0.0477421	0.048596	0.0494011	0.0501567	0.0508619	0.0515162	0.0521186	0.0526688	0.0531661	0.0536099	0.0539999	0.0543357	0.0546168	0.054843	0.055014	0.0551297	0.0551899	0.0551945	0.0551436	0.0550372	0.0548753	0.0546581	0.0543858	0.0540587	0.0536771	0.0532413	0.0527519	0.0522092	0.0516137	0.0509662	0.0502672	0.0495174	0.0487176	0.0478685	0.0469711	0.0460261	0.0450346	0.0439975	0.0429159	0.0417909	0.0406235	0.039415	0.0381666	0.0368796	0.0355551	0.0341947	0.0327996	0.0313712	0.0299111	0.0284206	0.0269013	0.0253547	0.0237824	0.0221859	0.020567	0.0189272	0.0172682	0.0155917	0.0138994	0.012193	0.0104742	0.00874474	0.00700645	0.00526106	0.00351033	0.00175605	0	
0	0.00193505	0.00386814	0.00579736	0.00772076	0.00963643	0.0115424	0.0134369	0.0153179	0.0171836	0.0190321	0.0208615	0.0226701	0.024456	0.0262174	0.0279525	0.0296597	0.0313373	0.0329834	0.0345966	0.0361751	0.0377174	0.039222	0.0406873	0.0421118	0.0434942	0.0448331	0.046127	0.0473747	0.048575	0.0497265	0.0508283	0.0518791	0.0528778	0.0538236	0.0547153	0.0555522	0.0563333	0.0570579	0.0577252	0.0583346	0.0588853	0.0593769	0.0598089	0.0601807	0.0604921	0.0607426	0.060932	0.0610601	0.0611268	0.061132	0.0610756	0.0609577	0.0607784	0.0605378	0.0602363	0.059874	0.0594513	0.0589687	0.0584266	0.0578255	0.057166	0.0564488	0.0556746	0.0548442	0.0539583	0.0530179	0.0520239	0.0509773	0.0498791	0.0487305	0.0475325	0.0462864	0.0449935	0.043655	0.0422723	0.0408468	0.0393799	0.0378731	0.0363279	0.0347459	0.0331287	0.0314779	0.0297951	0.0280822	0.0263407	0.0245726	0.0227795	0.0209633	0.0191258	0.017269	0.0153946	0.0135046	0.0116009	0.00968544	0.00776016	0.00582701	0.00388795	0.00194496	0	
0	0.00212105	0.00423996	0.00635462	0.00846291	0.0105627	0.0126519	0.0147285	0.0167903	0.0188353	0.0208615	0.0228668	0.0248492	0.0268068	0.0287375	0.0306394	0.0325107	0.0343495	0.0361539	0.0379221	0.0396524	0.041343	0.0429922	0.0445983	0.0461598	0.0476751	0.0491426	0.0505609	0.0519286	0.0532442	0.0545065	0.0557141	0.0568659	0.0579607	0.0589973	0.0599748	0.0608921	0.0617483	0.0625426	0.063274	0.0639419	0.0645456	0.0650845	0.065558	0.0659656	0.0663068	0.0665814	0.0667891	0.0669295	0.0670026	0.0670083	0.0669464	0.0668172	0.0666207	0.066357	0.0660265	0.0656293	0.0651661	0.064637	0.0640428	0.0633839	0.0626611	0.0618749	0.0610263	0.060116	0.059145	0.0581142	0.0570247	0.0558774	0.0546737	0.0534147	0.0521016	0.0507357	0.0493185	0.0478514	0.0463358	0.0447732	0.0431653	0.0415137	0.03982	0.0380859	0.0363132	0.0345037	0.0326592	0.0307816	0.0288727	0.0269346	0.0249692	0.0229784	0.0209643	0.018929	0.0168744	0.0148027	0.012716	0.0106165	0.00850611	0.00638713	0.00426168	0.00213192	0	
0	0.00230493	0.00460754	0.00690553	0.00919659	0.0114784	0.0137488	0.0160054	0.0182459	0.0204683	0.0226701	0.0248492	0.0270035	0.0291307	0.0312288	0.0332957	0.0353292	0.0373274	0.0392882	0.0412098	0.04309	0.0449272	0.0467193	0.0484647	0.0501616	0.0518082	0.053403	0.0549442	0.0564305	0.0578601	0.0592318	0.0605442	0.0617958	0.0629855	0.064112	0.0651743	0.0661711	0.0671015	0.0679646	0.0687595	0.0694853	0.0701414	0.070727	0.0712415	0.0716844	0.0720553	0.0723537	0.0725793	0.0727319	0.0728113	0.0728175	0.0727503	0.0726099	0.0723963	0.0721098	0.0717506	0.071319	0.0708156	0.0702407	0.0695949	0.068879	0.0680934	0.0672392	0.066317	0.0653278	0.0642726	0.0631524	0.0619684	0.0607217	0.0594136	0.0580454	0.0566185	0.0551342	0.0535942	0.0519998	0.0503528	0.0486548	0.0469075	0.0451127	0.0432721	0.0413877	0.0394614	0.037495	0.0354906	0.0334502	0.0313758	0.0292697	0.0271339	0.0249705	0.0227818	0.02057	0.0183373	0.0160861	0.0138185	0.0115369	0.00924354	0.00694086	0.00463115	0.00231675	0	
0	0.00248651	0.00497051	0.00744952	0.00992107	0.0123827	0.0148319	0.0172662	0.0196833	0.0220807	0.024456	0.0268068	0.0291307	0.0314256	0.0336889	0.0359186	0.0381124	0.040268	0.0423833	0.0444561	0.0464845	0.0484664	0.0503997	0.0522826	0.0541132	0.0558895	0.0576099	0.0592726	0.0608759	0.0624182	0.063898	0.0653137	0.0666639	0.0679473	0.0691626	0.0703085	0.0713839	0.0723876	0.0733187	0.0741762	0.0749592	0.0756669	0.0762986	0.0768537	0.0773315	0.0777316	0.0780535	0.0782969	0.0784616	0.0785472	0.0785539	0.0784814	0.0783299	0.0780995	0.0777904	0.0774029	0.0769374	0.0763943	0.0757741	0.0750775	0.0743051	0.0734577	0.0725361	0.0715413	0.0704741	0.0693358	0.0681274	0.0668501	0.0655052	0.0640941	0.0626181	0.0610788	0.0594776	0.0578162	0.0560963	0.0543195	0.0524877	0.0506028	0.0486666	0.046681	0.0446482	0.04257	0.0404487	0.0382864	0.0360853	0.0338476	0.0315755	0.0292714	0.0269376	0.0245765	0.0221905	0.0197819	0.0173533	0.0149071	0.0124457	0.00997174	0.00748765	0.00499598	0.00249925	0	
0	0.00266559	0.0053285	0.00798606	0.0106356	0.0132745	0.0159001	0.0185098	0.021101	0.023671	0.0262174	0.0287375	0.0312288	0.0336889	0.0361153	0.0385056	0.0408574	0.0431682	0.0454359	0.047658	0.0498325	0.0519571	0.0540297	0.0560482	0.0580106	0.0599149	0.0617592	0.0635416	0.0652604	0.0669138	0.0685002	0.0700178	0.0714653	0.0728412	0.074144	0.0753724	0.0765252	0.0776013	0.0785994	0.0795187	0.0803581	0.0811168	0.081794	0.082389	0.0829013	0.0833301	0.0836752	0.0839362	0.0841127	0.0842046	0.0842117	0.084134	0.0839716	0.0837246	0.0833932	0.0829778	0.0824788	0.0818965	0.0812317	0.0804849	0.0796569	0.0787484	0.0777605	0.076694	0.07555	0.0743297	0.0730343	0.071665	0.0702232	0.0687104	0.0671282	0.0654779	0.0637614	0.0619804	0.0601366	0.0582319	0.0562682	0.0542474	0.0521718	0.0500432	0.0478639	0.0456361	0.0433621	0.041044	0.0386843	0.0362854	0.0338497	0.0313797	0.0288778	0.0263466	0.0237887	0.0212067	0.0186032	0.0159807	0.0133421	0.0106899	0.00802695	0.00535582	0.00267926	0	
0	0.00284201	0.00568116	0.00851461	0.0113395	0.0141531	0.0169525	0.0197349	0.0224975	0.0252377	0.0279525	0.0306394	0.0332957	0.0359186	0.0385056	0.0410541	0.0435615	0.0460253	0.048443	0.0508123	0.0531307	0.0553959	0.0576056	0.0597577	0.06185	0.0638803	0.0658467	0.0677471	0.0695796	0.0713425	0.0730338	0.0746519	0.0761952	0.0776621	0.0790512	0.0803609	0.08159	0.0827373	0.0838015	0.0847816	0.0856765	0.0864855	0.0872075	0.0878419	0.088388	0.0888453	0.0892133	0.0894915	0.0896797	0.0897776	0.0897852	0.0897024	0.0895292	0.0892659	0.0889126	0.0884697	0.0879376	0.0873168	0.086608	0.0858118	0.0849289	0.0839604	0.082907	0.08177	0.0805503	0.0792492	0.077868	0.0764081	0.074871	0.0732581	0.071571	0.0698116	0.0679815	0.0660826	0.0641167	0.0620859	0.0599923	0.0578378	0.0556248	0.0533553	0.0510318	0.0486566	0.046232	0.0437605	0.0412447	0.038687	0.0360901	0.0334566	0.0307891	0.0280904	0.0253632	0.0226103	0.0198344	0.0170384	0.0142252	0.0113975	0.00855822	0.0057103	0.00285659	0	
0	0.00301559	0.00602814	0.00903464	0.0120321	0.0150175	0.0179878	0.0209402	0.0238716	0.026779	0.0296597	0.0325107	0.0353292	0.0381124	0.0408574	0.0435615	0.046222	0.0488363	0.0514017	0.0539156	0.0563756	0.0587792	0.0611239	0.0634075	0.0656275	0.0677819	0.0698683	0.0718848	0.0738293	0.0756997	0.0774944	0.0792113	0.0808489	0.0824054	0.0838793	0.085269	0.0865732	0.0877905	0.0889197	0.0899597	0.0909093	0.0917676	0.0925337	0.0932069	0.0937864	0.0942716	0.094662	0.0949572	0.0951569	0.0952608	0.0952689	0.095181	0.0949973	0.0947179	0.094343	0.093873	0.0933085	0.0926498	0.0918976	0.0910528	0.090116	0.0890883	0.0879707	0.0867641	0.08547	0.0840894	0.0826239	0.0810748	0.0794438	0.0777324	0.0759423	0.0740754	0.0721335	0.0701186	0.0680327	0.0658779	0.0636564	0.0613703	0.0590221	0.0566141	0.0541486	0.0516283	0.0490557	0.0464333	0.0437638	0.0410499	0.0382943	0.0355	0.0326696	0.0298061	0.0269123	0.0239912	0.0210458	0.0180791	0.015094	0.0120936	0.00908093	0.00605906	0.00303106	0	
0	0.00318615	0.00636908	0.00954563	0.0127126	0.0158668	0.0190052	0.0221245	0.0252217	0.0282936	0.0313373	0.0343495	0.0373274	0.040268	0.0431682	0.0460253	0.0488363	0.0515984	0.0543089	0.056965	0.0595642	0.0621037	0.064581	0.0669937	0.0693394	0.0716155	0.07382	0.0759505	0.078005	0.0799813	0.0818774	0.0836915	0.0854217	0.0870662	0.0886234	0.0900918	0.0914697	0.0927559	0.093949	0.0950477	0.0960511	0.0969579	0.0977674	0.0984786	0.0990909	0.0996036	0.100016	0.100328	0.100539	0.100649	0.100657	0.100564	0.10037	0.100075	0.099679	0.0991825	0.0985859	0.09789	0.0970953	0.0962027	0.095213	0.0941271	0.0929463	0.0916715	0.0903041	0.0888455	0.0872971	0.0856604	0.0839371	0.0821289	0.0802376	0.0782651	0.0762134	0.0740845	0.0718806	0.069604	0.0672568	0.0648414	0.0623604	0.0598162	0.0572113	0.0545484	0.0518303	0.0490595	0.046239	0.0433716	0.0404603	0.0375079	0.0345174	0.0314919	0.0284345	0.0253482	0.0222362	0.0191016	0.0159477	0.0127776	0.00959455	0.00640176	0.0032025	0	
0	0.00335352	0.00670365	0.0100471	0.0133804	0.0167003	0.0200035	0.0232867	0.0265466	0.0297799	0.0329834	0.0361539	0.0392882	0.0423833	0.0454359	0.048443	0.0514017	0.0543089	0.0571618	0.0599575	0.0626931	0.0653661	0.0679735	0.070513	0.0729818	0.0753776	0.0776978	0.0799403	0.0821027	0.0841828	0.0861785	0.0880879	0.0899089	0.0916399	0.0932789	0.0948244	0.0962747	0.0976284	0.0988842	0.100041	0.101097	0.102051	0.102903	0.103652	0.104296	0.104836	0.10527	0.105598	0.10582	0.105936	0.105945	0.105847	0.105643	0.105332	0.104915	0.104393	0.103765	0.103032	0.102196	0.101256	0.100215	0.0990718	0.0978288	0.0964871	0.0950479	0.0935127	0.0918829	0.0901603	0.0883464	0.0864432	0.0844526	0.0823765	0.080217	0.0779763	0.0756566	0.0732604	0.0707899	0.0682477	0.0656363	0.0629584	0.0602167	0.0574139	0.054553	0.0516367	0.048668	0.04565	0.0425857	0.0394782	0.0363306	0.0331462	0.0299282	0.0266798	0.0234043	0.0201051	0.0167855	0.0134488	0.0100986	0.00673806	0.00337073	0	
0	0.00351753	0.00703151	0.0105384	0.0140348	0.0175171	0.0209819	0.0244256	0.0278449	0.0312364	0.0345966	0.0379221	0.0412098	0.0444561	0.047658	0.0508123	0.0539156	0.056965	0.0599575	0.0628899	0.0657593	0.068563	0.071298	0.0739616	0.0765512	0.0790642	0.0814979	0.08385	0.0861182	0.0883	0.0903933	0.0923961	0.0943062	0.0961218	0.097841	0.0994621	0.100983	0.102403	0.10372	0.104934	0.106041	0.107042	0.107936	0.108721	0.109397	0.109963	0.110419	0.110763	0.110996	0.111117	0.111127	0.111024	0.11081	0.110484	0.110047	0.109498	0.10884	0.108071	0.107194	0.106209	0.105116	0.103917	0.102614	0.101206	0.0996966	0.0980863	0.0963768	0.0945699	0.0926674	0.0906711	0.0885831	0.0864054	0.0841403	0.08179	0.0793569	0.0768434	0.0742521	0.0715856	0.0688465	0.0660376	0.0631618	0.060222	0.0572211	0.0541622	0.0510484	0.0478827	0.0446686	0.0414091	0.0381075	0.0347674	0.0313919	0.0279847	0.024549	0.0210884	0.0176064	0.0141066	0.0105925	0.00706762	0.00353559	0	
0	0.00367802	0.00735234	0.0110193	0.0146752	0.0183164	0.0219392	0.0255401	0.0291154	0.0326616	0.0361751	0.0396524	0.04309	0.0464845	0.0498325	0.0531307	0.0563756	0.0595642	0.0626931	0.0657593	0.0687597	0.0716913	0.0745511	0.0773363	0.080044	0.0826716	0.0852164	0.0876759	0.0900475	0.0923289	0.0945177	0.0966119	0.0986092	0.100508	0.102305	0.104	0.105591	0.107076	0.108453	0.109721	0.11088	0.111926	0.112861	0.113682	0.114389	0.114981	0.115457	0.115817	0.11606	0.116187	0.116197	0.11609	0.115866	0.115525	0.115068	0.114494	0.113806	0.113003	0.112085	0.111055	0.109912	0.108659	0.107296	0.105824	0.104246	0.102562	0.100774	0.0988849	0.0968955	0.0948082	0.0926249	0.0903479	0.0879794	0.0855219	0.0829778	0.0803496	0.0776401	0.0748519	0.0719878	0.0690508	0.0660438	0.0629698	0.059832	0.0566335	0.0533776	0.0500675	0.0467067	0.0432985	0.0398463	0.0363537	0.0328243	0.0292615	0.0256691	0.0220506	0.0184098	0.0147503	0.0110758	0.0073901	0.00369692	0	
0	0.00383483	0.0076658	0.0114891	0.0153008	0.0190973	0.0228746	0.026629	0.0303568	0.0340541	0.0377174	0.041343	0.0449272	0.0484664	0.0519571	0.0553959	0.0587792	0.0621037	0.0653661	0.068563	0.0716913	0.0747479	0.0777296	0.0806335	0.0834567	0.0861963	0.0888496	0.0914139	0.0938867	0.0962653	0.0985475	0.100731	0.102813	0.104793	0.106667	0.108434	0.110093	0.111641	0.113077	0.114399	0.115607	0.116698	0.117673	0.118529	0.119266	0.119883	0.120379	0.120755	0.121009	0.121141	0.121151	0.121039	0.120806	0.12045	0.119974	0.119376	0.118658	0.11782	0.116864	0.11579	0.114598	0.113291	0.11187	0.110336	0.10869	0.106934	0.105071	0.103101	0.101027	0.0988504	0.096574	0.0941999	0.0917305	0.0891682	0.0865156	0.0837754	0.0809503	0.0780432	0.0750571	0.0719948	0.0688596	0.0656546	0.062383	0.0590481	0.0556534	0.0522022	0.0486981	0.0451445	0.0415452	0.0379037	0.0342238	0.0305091	0.0267635	0.0229908	0.0191947	0.0153792	0.011548	0.00770518	0.00385454	0	
0	0.0039878	0.00797159	0.0119474	0.0159112	0.0198591	0.0237871	0.0276912	0.0315677	0.0354126	0.039222	0.0429922	0.0467193	0.0503997	0.0540297	0.0576056	0.0611239	0.064581	0.0679735	0.071298	0.0745511	0.0777296	0.0808303	0.0838501	0.0867859	0.0896348	0.0923939	0.0950605	0.0976319	0.100105	0.102479	0.104749	0.106915	0.108973	0.110922	0.11276	0.114485	0.116094	0.117588	0.118963	0.120219	0.121354	0.122367	0.123257	0.124023	0.124665	0.125181	0.125572	0.125836	0.125973	0.125984	0.125868	0.125625	0.125255	0.124759	0.124138	0.123391	0.12252	0.121526	0.120409	0.11917	0.117811	0.116333	0.114737	0.113026	0.1112	0.109262	0.107214	0.105057	0.102794	0.100426	0.0979577	0.0953898	0.0927252	0.0899668	0.0871173	0.0841796	0.0811565	0.0780512	0.0748668	0.0716065	0.0682736	0.0648715	0.0614036	0.0578735	0.0542846	0.0506407	0.0469454	0.0432025	0.0394158	0.035589	0.0317262	0.0278312	0.0239079	0.0199604	0.0159927	0.0120087	0.00801256	0.0040083	0	
0	0.00413678	0.0082694	0.0123937	0.0165056	0.020601	0.0246757	0.0287258	0.032747	0.0367355	0.0406873	0.0445983	0.0484647	0.0522826	0.0560482	0.0597577	0.0634075	0.0669937	0.070513	0.0739616	0.0773363	0.0806335	0.0838501	0.0869826	0.0900281	0.0929835	0.0958457	0.0986119	0.101279	0.103845	0.106307	0.108663	0.110909	0.113044	0.115066	0.116973	0.118762	0.120432	0.121981	0.123407	0.12471	0.125887	0.126938	0.127862	0.128657	0.129322	0.129858	0.130263	0.130537	0.13068	0.130691	0.13057	0.130318	0.129935	0.12942	0.128776	0.128001	0.127098	0.126066	0.124907	0.123622	0.122212	0.120679	0.119024	0.117248	0.115355	0.113344	0.111219	0.108982	0.106634	0.104178	0.101617	0.0989535	0.0961895	0.093328	0.090372	0.0873245	0.0841885	0.0809672	0.0776638	0.0742817	0.0708243	0.0672951	0.0636977	0.0600356	0.0563127	0.0525327	0.0486993	0.0448166	0.0408883	0.0369186	0.0329115	0.0288709	0.0248011	0.0207061	0.0165901	0.0124573	0.00831191	0.00415805	0	
0	0.00428162	0.00855894	0.0128277	0.0170835	0.0213223	0.0255397	0.0297315	0.0338936	0.0380217	0.0421118	0.0461598	0.0501616	0.0541132	0.0580106	0.06185	0.0656275	0.0693394	0.0729818	0.0765512	0.080044	0.0834567	0.0867859	0.0900281	0.0931802	0.0962391	0.0992015	0.102065	0.104825	0.107481	0.110029	0.112467	0.114792	0.117002	0.119095	0.121068	0.12292	0.124648	0.126252	0.127728	0.129076	0.130295	0.131383	0.132339	0.133161	0.13385	0.134405	0.134824	0.135107	0.135255	0.135266	0.135142	0.134881	0.134484	0.133952	0.133285	0.132483	0.131548	0.13048	0.12928	0.12795	0.126491	0.124904	0.123191	0.121354	0.119394	0.117313	0.115113	0.112798	0.110368	0.107826	0.105175	0.102418	0.0995574	0.0965957	0.0935362	0.090382	0.0871362	0.0838021	0.0803831	0.0768826	0.0733042	0.0696514	0.065928	0.0621377	0.0582844	0.054372	0.0504044	0.0463857	0.04232	0.0382113	0.0340638	0.0298818	0.0256695	0.0214311	0.017171	0.0128935	0.00860294	0.00430364	0	
0	0.00442217	0.0088399	0.0132487	0.0176443	0.0220222	0.0263781	0.0307075	0.0350062	0.0392699	0.0434942	0.0476751	0.0518082	0.0558895	0.0599149	0.0638803	0.0677819	0.0716155	0.0753776	0.0790642	0.0826716	0.0861963	0.0896348	0.0929835	0.0962391	0.0993983	0.102458	0.105415	0.108266	0.111009	0.113641	0.116159	0.11856	0.120843	0.123004	0.125042	0.126955	0.12874	0.130396	0.131921	0.133314	0.134572	0.135696	0.136683	0.137533	0.138244	0.138817	0.13925	0.139543	0.139695	0.139707	0.139578	0.139309	0.138899	0.138349	0.13766	0.136832	0.135866	0.134763	0.133524	0.132151	0.130644	0.129005	0.127235	0.125337	0.123313	0.121164	0.118892	0.1165	0.113991	0.111366	0.108628	0.10578	0.102826	0.0997667	0.0966068	0.093349	0.0899967	0.0865532	0.0830219	0.0794065	0.0757106	0.0719379	0.0680922	0.0641775	0.0601978	0.0561569	0.0520591	0.0479085	0.0437093	0.0394657	0.0351821	0.0308628	0.0265122	0.0221347	0.0177347	0.0133168	0.00888535	0.00444492	0	
0	0.0045583	0.009112	0.0136566	0.0181874	0.0227001	0.02719	0.0316527	0.0360838	0.0404787	0.0448331	0.0491426	0.053403	0.0576099	0.0617592	0.0658467	0.0698683	0.07382	0.0776978	0.0814979	0.0852164	0.0888496	0.0923939	0.0958457	0.0992015	0.102458	0.105612	0.10866	0.111599	0.114427	0.117139	0.119735	0.12221	0.124563	0.126791	0.128891	0.130863	0.132703	0.13441	0.135982	0.137417	0.138715	0.139873	0.14089	0.141766	0.1425	0.14309	0.143536	0.143838	0.143995	0.144007	0.143875	0.143597	0.143174	0.142608	0.141898	0.141044	0.140048	0.138912	0.137635	0.136219	0.134665	0.132976	0.131152	0.129196	0.127109	0.124894	0.122552	0.120087	0.1175	0.114794	0.111972	0.109037	0.105991	0.102838	0.0995806	0.0962226	0.092767	0.0892175	0.0855775	0.0818508	0.0780411	0.0741523	0.0701883	0.0661531	0.0620508	0.0578856	0.0536616	0.0493832	0.0450548	0.0406806	0.0362651	0.0318128	0.0273283	0.022816	0.0182806	0.0137267	0.00915887	0.00458175	0	
0	0.00468985	0.00937498	0.0140507	0.0187123	0.0233552	0.0279748	0.0325663	0.0371252	0.0416469	0.046127	0.0505609	0.0549442	0.0592726	0.0635416	0.0677471	0.0718848	0.0759505	0.0799403	0.08385	0.0876759	0.0914139	0.0950605	0.0986119	0.102065	0.105415	0.10866	0.111796	0.11482	0.117729	0.12052	0.12319	0.125737	0.128158	0.13045	0.132611	0.13464	0.136533	0.138289	0.139906	0.141383	0.142718	0.14391	0.144957	0.145858	0.146613	0.14722	0.147679	0.147989	0.148151	0.148164	0.148027	0.147741	0.147307	0.146724	0.145993	0.145115	0.144091	0.142921	0.141607	0.14015	0.138552	0.136814	0.134937	0.132924	0.130777	0.128498	0.126089	0.123552	0.120891	0.118107	0.115204	0.112184	0.10905	0.105806	0.102455	0.0989997	0.0954445	0.0917925	0.0880475	0.0842132	0.0802936	0.0762925	0.0722141	0.0680624	0.0638417	0.0595563	0.0552104	0.0508085	0.0463551	0.0418547	0.0373118	0.032731	0.028117	0.0234746	0.0188083	0.0141229	0.00942322	0.00471399	0	
0	0.00481671	0.00962857	0.0144308	0.0192185	0.023987	0.0287315	0.0334472	0.0381294	0.0427734	0.0473747	0.0519286	0.0564305	0.0608759	0.0652604	0.0695796	0.0738293	0.078005	0.0821027	0.0861182	0.0900475	0.0938867	0.0976319	0.101279	0.104825	0.108266	0.111599	0.11482	0.117926	0.120914	0.12378	0.126523	0.129138	0.131625	0.133979	0.136199	0.138282	0.140226	0.14203	0.143691	0.145208	0.146579	0.147803	0.148878	0.149803	0.150578	0.151202	0.151674	0.151993	0.152159	0.152172	0.152031	0.151738	0.151291	0.150693	0.149942	0.14904	0.147988	0.146787	0.145437	0.143941	0.1423	0.140514	0.138587	0.13652	0.134315	0.131974	0.1295	0.126895	0.124161	0.121302	0.11832	0.115218	0.112	0.108668	0.105226	0.101678	0.0980263	0.0942755	0.0904292	0.0864912	0.0824655	0.0783563	0.0741675	0.0699036	0.0655687	0.0611673	0.0567039	0.052183	0.0476091	0.0429869	0.0383211	0.0336164	0.0288776	0.0241096	0.019317	0.0145049	0.00967812	0.00484151	0	
0	0.00493874	0.00987251	0.0147964	0.0197054	0.0245947	0.0294594	0.0342945	0.0390954	0.0438571	0.048575	0.0532442	0.0578601	0.0624182	0.0669138	0.0713425	0.0756997	0.0799813	0.0841828	0.0883	0.0923289	0.0962653	0.100105	0.103845	0.107481	0.111009	0.114427	0.117729	0.120914	0.123977	0.126916	0.129728	0.13241	0.134959	0.137373	0.139649	0.141785	0.143779	0.145628	0.147331	0.148887	0.150292	0.151547	0.15265	0.153599	0.154393	0.155033	0.155516	0.155843	0.156014	0.156027	0.155883	0.155582	0.155125	0.154511	0.153741	0.152816	0.151738	0.150506	0.149122	0.147588	0.145905	0.144074	0.142099	0.139979	0.137718	0.135318	0.132781	0.13011	0.127307	0.124375	0.121318	0.118137	0.114837	0.111421	0.107892	0.104254	0.10051	0.0966641	0.0927203	0.0886826	0.0845549	0.0803415	0.0760466	0.0716746	0.06723	0.0627171	0.0581406	0.0535051	0.0488153	0.044076	0.039292	0.0344681	0.0296093	0.0247204	0.0198065	0.0148724	0.00992333	0.00496417	0	
0	0.00505583	0.0101066	0.0151472	0.0201726	0.0251778	0.0301578	0.0351076	0.0400222	0.0448968	0.0497265	0.0545065	0.0592318	0.063898	0.0685002	0.0730338	0.0774944	0.0818774	0.0861785	0.0903933	0.0945177	0.0985475	0.102479	0.106307	0.110029	0.113641	0.117139	0.12052	0.12378	0.126916	0.129925	0.132804	0.135549	0.138159	0.14063	0.14296	0.145147	0.147187	0.149081	0.150824	0.152416	0.153856	0.15514	0.156269	0.15724	0.158054	0.158708	0.159203	0.159538	0.159712	0.159726	0.159579	0.159271	0.158802	0.158174	0.157386	0.156439	0.155335	0.154074	0.152658	0.151087	0.149364	0.14749	0.145467	0.143298	0.140983	0.138526	0.135929	0.133194	0.130325	0.127324	0.124194	0.120938	0.11756	0.114063	0.11045	0.106726	0.102893	0.0989558	0.0949186	0.0907851	0.0865595	0.0822463	0.0778496	0.0733739	0.0688239	0.064204	0.059519	0.0547736	0.0499726	0.045121	0.0402235	0.0352853	0.0303113	0.0253065	0.020276	0.015225	0.0101586	0.00508187	0	
0	0.00516784	0.0103305	0.0154828	0.0206195	0.0257356	0.0308259	0.0358854	0.040909	0.0458916	0.0508283	0.0557141	0.0605442	0.0653137	0.0700178	0.0746519	0.0792113	0.0836915	0.0880879	0.0923961	0.0966119	0.100731	0.104749	0.108663	0.112467	0.116159	0.119735	0.12319	0.126523	0.129728	0.132804	0.135746	0.138553	0.14122	0.143746	0.146127	0.148362	0.150449	0.152384	0.154166	0.155793	0.157264	0.158577	0.159731	0.160724	0.161556	0.162225	0.162731	0.163073	0.163251	0.163265	0.163114	0.162799	0.162321	0.161678	0.160873	0.159905	0.158777	0.157488	0.15604	0.154435	0.152673	0.150758	0.14869	0.146473	0.144107	0.141595	0.138941	0.136145	0.133213	0.130145	0.126946	0.123618	0.120165	0.11659	0.112897	0.10909	0.105173	0.101148	0.0970216	0.0927966	0.0884774	0.0840686	0.0795745	0.0749997	0.0703488	0.0656265	0.0608377	0.0559872	0.0510799	0.0461207	0.0411148	0.0360671	0.0309829	0.0258672	0.0207253	0.0155624	0.0103837	0.00519447	0	
0	0.00527468	0.010544	0.0158028	0.0210458	0.0262676	0.0314632	0.0366273	0.0417547	0.0468403	0.0518791	0.0568659	0.0617958	0.0666639	0.0714653	0.0761952	0.0808489	0.0854217	0.0899089	0.0943062	0.0986092	0.102813	0.106915	0.110909	0.114792	0.11856	0.12221	0.125737	0.129138	0.13241	0.135549	0.138553	0.141417	0.144139	0.146717	0.149148	0.15143	0.153559	0.155534	0.157353	0.159014	0.160516	0.161856	0.163033	0.164047	0.164896	0.165579	0.166095	0.166444	0.166626	0.16664	0.166486	0.166165	0.165676	0.165021	0.164199	0.163211	0.162059	0.160744	0.159266	0.157627	0.15583	0.153875	0.151764	0.149501	0.147086	0.144523	0.141813	0.13896	0.135967	0.132836	0.12957	0.126173	0.122649	0.119	0.115231	0.111346	0.107347	0.10324	0.0990275	0.0947151	0.0903066	0.0858066	0.0812196	0.0765502	0.0718032	0.0669833	0.0620955	0.0571447	0.0521359	0.0470742	0.0419648	0.0368128	0.0316234	0.026402	0.0211538	0.0158841	0.0105984	0.00530186	0	
0	0.00537622	0.010747	0.0161071	0.0214509	0.0267733	0.0320689	0.0373324	0.0425585	0.0477421	0.0528778	0.0579607	0.0629855	0.0679473	0.0728412	0.0776621	0.0824054	0.0870662	0.0916399	0.0961218	0.100508	0.104793	0.108973	0.113044	0.117002	0.120843	0.124563	0.128158	0.131625	0.134959	0.138159	0.14122	0.144139	0.146914	0.149542	0.15202	0.154345	0.156515	0.158529	0.160383	0.162076	0.163606	0.164972	0.166172	0.167205	0.16807	0.168766	0.169293	0.169649	0.169834	0.169848	0.169692	0.169364	0.168866	0.168198	0.16736	0.166353	0.165179	0.163838	0.162332	0.160662	0.15883	0.156837	0.154686	0.152379	0.149918	0.147305	0.144543	0.141635	0.138584	0.135393	0.132065	0.128603	0.12501	0.121292	0.11745	0.113489	0.109414	0.105227	0.100934	0.0965386	0.0920453	0.0874586	0.0827833	0.078024	0.0731856	0.0682729	0.063291	0.0582449	0.0531397	0.0479805	0.0427727	0.0375215	0.0322323	0.0269103	0.0215611	0.0161899	0.0108024	0.00540393	0	
0	0.00547238	0.0109392	0.0163951	0.0218346	0.0272522	0.0326425	0.0380001	0.0433197	0.048596	0.0538236	0.0589973	0.064112	0.0691626	0.074144	0.0790512	0.0838793	0.0886234	0.0932789	0.097841	0.102305	0.106667	0.110922	0.115066	0.119095	0.123004	0.126791	0.13045	0.133979	0.137373	0.14063	0.143746	0.146717	0.149542	0.152217	0.154739	0.157106	0.159315	0.161364	0.163251	0.164974	0.166532	0.167923	0.169144	0.170196	0.171076	0.171785	0.172321	0.172683	0.172872	0.172886	0.172727	0.172393	0.171886	0.171206	0.170353	0.169329	0.168134	0.166769	0.165236	0.163536	0.161671	0.159642	0.157453	0.155104	0.152599	0.14994	0.147129	0.144169	0.141063	0.137815	0.134427	0.130903	0.127246	0.123461	0.119551	0.115519	0.111371	0.107109	0.102739	0.0982653	0.0936916	0.089023	0.084264	0.0794196	0.0744946	0.0694941	0.0644231	0.0592867	0.0540902	0.0488387	0.0435378	0.0381927	0.0328088	0.0273916	0.0219467	0.0164795	0.0109956	0.00550059	0	
0	0.00556305	0.0111205	0.0166668	0.0221964	0.0277037	0.0331833	0.0386297	0.0440374	0.0494011	0.0547153	0.0599748	0.0651743	0.0703085	0.0753724	0.0803609	0.085269	0.0900918	0.0948244	0.0994621	0.104	0.108434	0.11276	0.116973	0.121068	0.125042	0.128891	0.132611	0.136199	0.139649	0.14296	0.146127	0.149148	0.15202	0.154739	0.157303	0.159709	0.161954	0.164037	0.165956	0.167708	0.169291	0.170705	0.171947	0.173016	0.173911	0.174631	0.175176	0.175544	0.175736	0.175751	0.175589	0.17525	0.174734	0.174043	0.173176	0.172134	0.170919	0.169532	0.167973	0.166245	0.164349	0.162288	0.160062	0.157674	0.155128	0.152424	0.149566	0.146557	0.1434	0.140098	0.136654	0.133072	0.129355	0.125507	0.121531	0.117433	0.113216	0.108884	0.104442	0.0998935	0.095244	0.090498	0.0856602	0.0807355	0.0757289	0.0706455	0.0654905	0.060269	0.0549864	0.049648	0.0442592	0.0388255	0.0333524	0.0278455	0.0223103	0.0167526	0.0111778	0.00559173	0	
0	0.00564813	0.0112906	0.0169217	0.0225359	0.0281274	0.0336909	0.0392206	0.044711	0.0501567	0.0555522	0.0608921	0.0661711	0.0713839	0.0765252	0.08159	0.0865732	0.0914697	0.0962747	0.100983	0.105591	0.110093	0.114485	0.118762	0.12292	0.126955	0.130863	0.13464	0.138282	0.141785	0.145147	0.148362	0.15143	0.154345	0.157106	0.159709	0.162151	0.164431	0.166546	0.168494	0.170273	0.171881	0.173316	0.174577	0.175662	0.176571	0.177302	0.177855	0.178229	0.178424	0.178439	0.178274	0.17793	0.177407	0.176705	0.175825	0.174767	0.173534	0.172125	0.170543	0.168788	0.166863	0.16477	0.16251	0.160086	0.1575	0.154755	0.151854	0.148799	0.145594	0.142241	0.138744	0.135107	0.131333	0.127426	0.12339	0.119229	0.114948	0.110549	0.106039	0.101421	0.0967008	0.0918822	0.0869704	0.0819704	0.0768873	0.0717261	0.0664922	0.0611909	0.0558275	0.0504074	0.0449362	0.0394194	0.0338626	0.0282714	0.0226516	0.0170088	0.0113488	0.00567726	0	
0	0.00572755	0.0114493	0.0171596	0.0228527	0.0285229	0.0341646	0.039772	0.0453397	0.0508619	0.0563333	0.0617483	0.0671015	0.0723876	0.0776013	0.0827373	0.0877905	0.0927559	0.0976284	0.102403	0.107076	0.111641	0.116094	0.120432	0.124648	0.12874	0.132703	0.136533	0.140226	0.143779	0.147187	0.150449	0.153559	0.156515	0.159315	0.161954	0.164431	0.166744	0.168888	0.170864	0.172667	0.174298	0.175753	0.177031	0.178132	0.179054	0.179795	0.180356	0.180735	0.180933	0.180948	0.180781	0.180432	0.179902	0.17919	0.178297	0.177225	0.175974	0.174545	0.172941	0.171162	0.16921	0.167087	0.164795	0.162337	0.159715	0.156932	0.153989	0.150892	0.147641	0.144241	0.140695	0.137007	0.13318	0.129218	0.125125	0.120906	0.116564	0.112104	0.10753	0.102848	0.0980606	0.0931743	0.0881934	0.0831231	0.0779685	0.0727347	0.0674273	0.0620514	0.0566125	0.0511162	0.0455681	0.0399737	0.0343387	0.028669	0.0229701	0.017248	0.0115084	0.0057571	0	
0	0.00580122	0.0115966	0.0173803	0.0231467	0.0288898	0.034604	0.0402836	0.0459229	0.0515162	0.0570579	0.0625426	0.0679646	0.0733187	0.0785994	0.0838015	0.0889197	0.093949	0.0988842	0.10372	0.108453	0.113077	0.117588	0.121981	0.126252	0.130396	0.13441	0.138289	0.14203	0.145628	0.149081	0.152384	0.155534	0.158529	0.161364	0.164037	0.166546	0.168888	0.171061	0.173061	0.174888	0.17654	0.178013	0.179309	0.180423	0.181357	0.182108	0.182676	0.18306	0.18326	0.183276	0.183107	0.182753	0.182216	0.181495	0.180591	0.179505	0.178237	0.176791	0.175165	0.173363	0.171386	0.169236	0.166915	0.164425	0.16177	0.15895	0.15597	0.152832	0.14954	0.146097	0.142505	0.138769	0.134893	0.13088	0.126735	0.122461	0.118063	0.113546	0.108913	0.104171	0.099322	0.0943728	0.0893279	0.0841923	0.0789714	0.0736704	0.0682946	0.0628495	0.0573407	0.0517737	0.0461542	0.0404879	0.0347805	0.0290378	0.0232656	0.0174699	0.0116564	0.00583115	0	
0	0.00586907	0.0117322	0.0175836	0.0234174	0.0292277	0.0350087	0.0407547	0.0464599	0.0521186	0.0577252	0.063274	0.0687595	0.0741762	0.0795187	0.0847816	0.0899597	0.0950477	0.100041	0.104934	0.109721	0.114399	0.118963	0.123407	0.127728	0.131921	0.135982	0.139906	0.143691	0.147331	0.150824	0.154166	0.157353	0.160383	0.163251	0.165956	0.168494	0.170864	0.173061	0.175085	0.176934	0.178604	0.180095	0.181406	0.182534	0.183478	0.184238	0.184812	0.185201	0.185403	0.185419	0.185248	0.184891	0.184347	0.183617	0.182703	0.181604	0.180322	0.178858	0.177214	0.175391	0.173391	0.171215	0.168867	0.166348	0.163662	0.160809	0.157794	0.15462	0.151289	0.147805	0.144172	0.140392	0.136471	0.132411	0.128217	0.123894	0.119444	0.114874	0.110187	0.105389	0.100484	0.0954766	0.0903727	0.0851771	0.0798951	0.074532	0.0690934	0.0635847	0.0580114	0.0523793	0.0466941	0.0409614	0.0351873	0.0293774	0.0235377	0.0176742	0.0117928	0.00589936	0	
0	0.00593102	0.0118561	0.0177692	0.0236646	0.0295362	0.0353783	0.0411849	0.0469504	0.0526688	0.0583346	0.0639419	0.0694853	0.0749592	0.0803581	0.0856765	0.0909093	0.0960511	0.101097	0.106041	0.11088	0.115607	0.120219	0.12471	0.129076	0.133314	0.137417	0.141383	0.145208	0.148887	0.152416	0.155793	0.159014	0.162076	0.164974	0.167708	0.170273	0.172667	0.174888	0.176934	0.178802	0.18049	0.181997	0.183321	0.18446	0.185415	0.186183	0.186763	0.187156	0.187361	0.187377	0.187204	0.186842	0.186293	0.185556	0.184631	0.183521	0.182226	0.180746	0.179085	0.177242	0.175221	0.173023	0.17065	0.168105	0.165389	0.162507	0.15946	0.156252	0.152886	0.149366	0.145694	0.141874	0.137912	0.133809	0.129571	0.125201	0.120705	0.116087	0.111351	0.106502	0.101545	0.0964845	0.0913267	0.0860763	0.0807385	0.0753189	0.0698228	0.0642559	0.0586238	0.0529323	0.047187	0.0413939	0.0355587	0.0296875	0.0237862	0.0178608	0.0119172	0.00596164	0	
0	0.00598702	0.011968	0.017937	0.023888	0.0298151	0.0357123	0.0415738	0.0473936	0.0531661	0.0588853	0.0645456	0.0701414	0.0756669	0.0811168	0.0864855	0.0917676	0.0969579	0.102051	0.107042	0.111926	0.116698	0.121354	0.125887	0.130295	0.134572	0.138715	0.142718	0.146579	0.150292	0.153856	0.157264	0.160516	0.163606	0.166532	0.169291	0.171881	0.174298	0.17654	0.178604	0.18049	0.182194	0.183715	0.185052	0.186202	0.187166	0.187941	0.188527	0.188923	0.18913	0.189146	0.188971	0.188607	0.188052	0.187308	0.186375	0.185254	0.183946	0.182453	0.180776	0.178916	0.176876	0.174657	0.172261	0.169692	0.166951	0.164041	0.160966	0.157728	0.15433	0.150776	0.147069	0.143214	0.139214	0.135072	0.130794	0.126384	0.121845	0.117183	0.112402	0.107507	0.102503	0.0973956	0.0921891	0.086889	0.0815009	0.0760301	0.0704821	0.0648626	0.0591774	0.0534321	0.0476326	0.0417847	0.0358945	0.0299679	0.0240108	0.0180294	0.0120298	0.00601793	0	
