0	0	0	0	0	0	0	0	0	0	0	0	0	0	0	0	0	0	0	0	0	0	0	0	0	0	0	0	0	0	0	0	0	0	0	0	0	0	0	0	0	0	0	0	0	0	0	0	0	0	0	0	0	0	0	0	0	0	0	0	0	0	0	0	0	0	0	0	0	0	0	0	0	0	0	0	0	0	0	0	0	0	0	0	0	0	0	0	0	0	0	0	0	0	0	0	0	0	0	0	
0	0.000131172	0.000262211	0.000392985	0.000523363	0.000653214	0.000782407	0.000910815	0.00103831	0.00116475	0.00129003	0.00141401	0.00153657	0.00165759	0.00177695	0.00189452	0.00201018	0.00212383	0.00223535	0.00234462	0.00245154	0.00255599	0.00265788	0.0027571	0.00285356	0.00294714	0.00303777	0.00312535	0.00320978	0.003291	0.00336891	0.00344343	0.00351449	0.00358203	0.00364596	0.00370623	0.00376278	0.00381554	0.00386447	0.00390951	0.00395062	0.00398776	0.00402089	0.00404997	0.00407498	0.00409589	0.00411268	0.00412533	0.00413382	0.00413816	0.00413833	0.00413433	0.00412617	0.00411385	0.00409739	0.0040768	0.0040521	0.00402332	0.00399049	0.00395363	0.00391279	0.003868	0.00381931	0.00376677	0.00371043	0.00365034	0.00358658	0.00351919	0.00344826	0.00337384	0.00329602	0.00321487	0.00313048	0.00304292	0.0029523	0.00285869	0.0027622	0.00266291	0.00256094	0.00245638	0.00234934	0.00223993	0.00212825	0.00201443	0.00189857	0.00178079	0.00166122	0.00153997	0.00141716	0.00129292	0.00116738	0.00104065	0.000912879	0.000784184	0.000654698	0.000524552	0.000393877	0.000262805	0.000131468	0	
0	0.000262211	0.000524155	0.00078557	0.00104619	0.00130576	0.00156402	0.0018207	0.00207556	0.00232833	0.00257875	0.00282659	0.00307159	0.0033135	0.00355209	0.00378711	0.00401833	0.00424551	0.00446843	0.00468686	0.00490059	0.00510939	0.00531307	0.00551141	0.00570422	0.0058913	0.00607246	0.00624752	0.00641631	0.00657866	0.0067344	0.00688337	0.00702543	0.00716042	0.00728823	0.00740871	0.00752174	0.00762721	0.00772502	0.00781506	0.00789724	0.00797148	0.0080377	0.00809584	0.00814583	0.00818763	0.00822119	0.00824647	0.00826346	0.00827212	0.00827246	0.00826447	0.00824816	0.00822354	0.00819063	0.00814947	0.0081001	0.00804257	0.00797693	0.00790325	0.00782161	0.00773208	0.00763475	0.00752972	0.00741709	0.00729699	0.00716952	0.00703482	0.00689302	0.00674426	0.0065887	0.00642648	0.00625778	0.00608276	0.0059016	0.00571448	0.00552159	0.00532313	0.00511929	0.00491027	0.0046963	0.00447759	0.00425435	0.00402682	0.00379522	0.00355979	0.00332076	0.00307837	0.00283288	0.00258453	0.00233357	0.00208025	0.00182483	0.00156757	0.00130873	0.00104857	0.000787355	0.000525344	0.000262803	0	
0	0.000392985	0.00078557	0.00117736	0.00156797	0.001957	0.00234406	0.00272876	0.00311072	0.00348955	0.00386487	0.00423632	0.00460351	0.00496607	0.00532365	0.00567588	0.00602241	0.0063629	0.006697	0.00702437	0.00734469	0.00765764	0.00796289	0.00826015	0.00854912	0.00882951	0.00910102	0.0093634	0.00961637	0.00985968	0.0100931	0.0103164	0.0105293	0.0107316	0.0109231	0.0111037	0.0112731	0.0114312	0.0115778	0.0117127	0.0118359	0.0119472	0.0120464	0.0121335	0.0122085	0.0122711	0.0123214	0.0123593	0.0123848	0.0123977	0.0123983	0.0123863	0.0123618	0.0123249	0.0122756	0.0122139	0.0121399	0.0120537	0.0119553	0.0118449	0.0117225	0.0115884	0.0114425	0.0112851	0.0111163	0.0109363	0.0107452	0.0105434	0.0103308	0.0101079	0.00987473	0.00963162	0.00937878	0.00911647	0.00884496	0.00856451	0.00827542	0.00797797	0.00767247	0.00735922	0.00703853	0.00671074	0.00637616	0.00603515	0.00568804	0.00533519	0.00497695	0.00461368	0.00424575	0.00387354	0.00349741	0.00311775	0.00273495	0.00234939	0.00196145	0.00157154	0.00118004	0.000787353	0.000393874	0	
0	0.000523363	0.00104619	0.00156797	0.00208816	0.00260626	0.00312173	0.00363406	0.00414274	0.00464725	0.0051471	0.00564178	0.00613078	0.00661364	0.00708984	0.00755894	0.00802044	0.00847388	0.00891882	0.0093548	0.0097814	0.0101982	0.0106047	0.0110006	0.0113854	0.0117588	0.0121204	0.0124698	0.0128067	0.0131308	0.0134416	0.013739	0.0140225	0.014292	0.0145471	0.0147875	0.0150131	0.0152237	0.0154189	0.0155986	0.0157626	0.0159108	0.016043	0.016159	0.0162588	0.0163422	0.0164092	0.0164597	0.0164936	0.0165109	0.0165116	0.0164956	0.016463	0.0164139	0.0163482	0.0162661	0.0161675	0.0160527	0.0159217	0.0157746	0.0156117	0.015433	0.0152387	0.0150291	0.0148043	0.0145645	0.0143101	0.0140413	0.0137582	0.0134613	0.0131508	0.0128271	0.0124903	0.012141	0.0117794	0.0114059	0.0110209	0.0106248	0.0102179	0.00980075	0.00937367	0.00893713	0.00849155	0.0080374	0.00757514	0.00710522	0.00662813	0.00614434	0.00565435	0.00515864	0.00465773	0.00415212	0.00364231	0.00312883	0.00261219	0.00209292	0.00157154	0.00104857	0.000524548	0	
0	0.000653214	0.00130576	0.001957	0.00260626	0.00325289	0.00389626	0.0045357	0.00517059	0.00580028	0.00642415	0.00704155	0.00765189	0.00825454	0.0088489	0.00943438	0.0100104	0.0105763	0.0111317	0.0116758	0.0122083	0.0127284	0.0132358	0.0137299	0.0142103	0.0146763	0.0151276	0.0155637	0.0159842	0.0163887	0.0167766	0.0171477	0.0175016	0.0178379	0.0181563	0.0184565	0.0187381	0.0190008	0.0192445	0.0194688	0.0196735	0.0198584	0.0200234	0.0201682	0.0202928	0.0203969	0.0204805	0.0205435	0.0205858	0.0206074	0.0206082	0.0205883	0.0205477	0.0204864	0.0204044	0.0203019	0.0201789	0.0200356	0.019872	0.0196885	0.0194851	0.0192621	0.0190196	0.0187579	0.0184774	0.0181782	0.0178606	0.0175251	0.0171718	0.0168012	0.0164137	0.0160096	0.0155893	0.0151533	0.014702	0.0142359	0.0137553	0.0132609	0.0127531	0.0122324	0.0116994	0.0111545	0.0105984	0.0100316	0.00945461	0.0088681	0.00827264	0.00766882	0.00705725	0.00643856	0.00581337	0.00518231	0.00454601	0.00390513	0.00326031	0.0026122	0.00196145	0.00130873	0.000654694	0	
0	0.000782407	0.00156402	0.00234406	0.00312173	0.00389626	0.00466687	0.00543279	0.00619324	0.00694748	0.00769473	0.00843425	0.0091653	0.00988715	0.0105991	0.0113003	0.0119903	0.0126682	0.0133333	0.0139851	0.0146228	0.0152459	0.0158536	0.0164455	0.0170208	0.017579	0.0181196	0.018642	0.0191456	0.0196301	0.0200948	0.0205393	0.0209632	0.021366	0.0217473	0.0221068	0.0224441	0.0227588	0.0230507	0.0233194	0.0235646	0.0237861	0.0239837	0.0241572	0.0243064	0.0244311	0.0245312	0.0246067	0.0246573	0.0246832	0.0246842	0.0246604	0.0246117	0.0245382	0.02444	0.0243172	0.0241699	0.0239983	0.0238024	0.0235825	0.0233389	0.0230718	0.0227813	0.022468	0.0221319	0.0217735	0.0213932	0.0209912	0.0205681	0.0201242	0.01966	0.019176	0.0186726	0.0181504	0.0176098	0.0170515	0.0164759	0.0158837	0.0152755	0.0146518	0.0140133	0.0133607	0.0126946	0.0120157	0.0113246	0.0106221	0.00990883	0.00918559	0.00845307	0.00771201	0.00696316	0.00620728	0.00544514	0.0046775	0.00390515	0.00312885	0.0023494	0.00156758	0.000784183	0	
0	0.000910815	0.0018207	0.00272876	0.00363406	0.0045357	0.00543279	0.00632441	0.00720967	0.00808768	0.00895757	0.00981847	0.0106695	0.0115098	0.0123386	0.0131549	0.0139581	0.0147472	0.0155216	0.0162803	0.0170227	0.017748	0.0184555	0.0191445	0.0198142	0.0204641	0.0210934	0.0217015	0.0222878	0.0228517	0.0233927	0.0239102	0.0244036	0.0248725	0.0253165	0.025735	0.0261276	0.026494	0.0268337	0.0271465	0.027432	0.0276899	0.0279199	0.0281218	0.0282955	0.0284407	0.0285573	0.0286451	0.0287041	0.0287342	0.0287354	0.0287076	0.0286509	0.0285654	0.0284511	0.0283082	0.0281367	0.0279368	0.0277088	0.0274529	0.0271693	0.0268583	0.0265202	0.0261554	0.0257642	0.025347	0.0249042	0.0244363	0.0239437	0.023427	0.0228866	0.0223232	0.0217372	0.0211292	0.0204999	0.01985	0.0191799	0.0184905	0.0177825	0.0170565	0.0163132	0.0155535	0.014778	0.0139877	0.0131832	0.0123654	0.0115351	0.0106931	0.00984038	0.0089777	0.00810595	0.00722602	0.0063388	0.00544518	0.00454606	0.00364236	0.00273498	0.00182485	0.000912883	0	
0	0.00103831	0.00207556	0.00311072	0.00414274	0.00517059	0.00619324	0.00720967	0.00821884	0.00921976	0.0102114	0.0111928	0.012163	0.0131209	0.0140657	0.0149963	0.0159119	0.0168115	0.0176942	0.0185592	0.0194055	0.0202323	0.0210389	0.0218243	0.0225877	0.0233286	0.0240459	0.0247392	0.0254075	0.0260504	0.0266671	0.027257	0.0278195	0.0283541	0.0288602	0.0293373	0.0297849	0.0302025	0.0305898	0.0309464	0.0312718	0.0315658	0.031828	0.0320582	0.0322562	0.0324217	0.0325546	0.0326547	0.032722	0.0327563	0.0327576	0.032726	0.0326614	0.0325639	0.0324336	0.0322706	0.0320751	0.0318473	0.0315874	0.0312957	0.0309724	0.0306178	0.0302324	0.0298165	0.0293706	0.028895	0.0283902	0.0278568	0.0272953	0.0267063	0.0260902	0.0254479	0.0247799	0.0240868	0.0233695	0.0226285	0.0218647	0.0210788	0.0202716	0.019444	0.0185967	0.0177306	0.0168466	0.0159456	0.0150285	0.0140962	0.0131497	0.0121899	0.0112178	0.0102344	0.00924061	0.00823751	0.00722609	0.00620738	0.00518241	0.00415221	0.00311782	0.00208029	0.00104067	0	
0	0.00116475	0.00232833	0.00348955	0.00464725	0.00580028	0.00694748	0.00808768	0.00921976	0.0103426	0.011455	0.0125559	0.0136442	0.0147188	0.0157786	0.0168226	0.0178497	0.0188588	0.0198491	0.0208194	0.0217688	0.0226963	0.023601	0.0244821	0.0253386	0.0261696	0.0269743	0.027752	0.0285018	0.0292229	0.0299147	0.0305765	0.0312075	0.0318072	0.0323749	0.0329101	0.0334122	0.0338807	0.0343152	0.0347151	0.0350802	0.03541	0.0357042	0.0359624	0.0361845	0.0363702	0.0365192	0.0366316	0.036707	0.0367455	0.036747	0.0367115	0.036639	0.0365297	0.0363835	0.0362007	0.0359814	0.0357258	0.0354343	0.035107	0.0347443	0.0343466	0.0339143	0.0334477	0.0329474	0.0324139	0.0318477	0.0312493	0.0306195	0.0299587	0.0292676	0.0285471	0.0277977	0.0270202	0.0262155	0.0253843	0.0245275	0.0236459	0.0227404	0.0218119	0.0208615	0.0198899	0.0188983	0.0178876	0.0168588	0.0158129	0.0147512	0.0136745	0.012584	0.0114808	0.010366	0.00924071	0.00810612	0.00696335	0.00581355	0.00465788	0.00349752	0.00233364	0.0011674	0	
0	0.00129003	0.00257875	0.00386487	0.0051471	0.00642415	0.00769473	0.00895757	0.0102114	0.011455	0.0126871	0.0139064	0.0151118	0.0163019	0.0174757	0.018632	0.0197696	0.0208873	0.021984	0.0230587	0.0241102	0.0251375	0.0261395	0.0271153	0.0280639	0.0289843	0.0298756	0.0307369	0.0315674	0.0323661	0.0331323	0.0338652	0.0345641	0.0352283	0.0358571	0.0364498	0.037006	0.0375249	0.0380061	0.038449	0.0388534	0.0392186	0.0395444	0.0398305	0.0400764	0.0402821	0.0404472	0.0405716	0.0406552	0.0406978	0.0406995	0.0406601	0.0405799	0.0404588	0.0402969	0.0400944	0.0398515	0.0395685	0.0392455	0.038883	0.0384814	0.0380409	0.037562	0.0370453	0.0364912	0.0359003	0.0352732	0.0346105	0.0339128	0.033181	0.0324156	0.0316176	0.0307876	0.0299265	0.0290352	0.0281146	0.0271656	0.0261892	0.0251863	0.024158	0.0231053	0.0220293	0.020931	0.0198115	0.0186721	0.0175138	0.0163378	0.0151453	0.0139375	0.0127156	0.0114809	0.0102346	0.00897801	0.00771232	0.00643885	0.00515888	0.00387371	0.00258464	0.00129297	0	
0	0.00141401	0.00282659	0.00423632	0.00564178	0.00704155	0.00843425	0.00981847	0.0111928	0.0125559	0.0139064	0.0152429	0.0165641	0.0178687	0.0191553	0.0204227	0.0216696	0.0228947	0.0240968	0.0252748	0.0264273	0.0275534	0.0286517	0.0297213	0.0307611	0.03177	0.0327469	0.033691	0.0346013	0.0354767	0.0363166	0.03712	0.037886	0.038614	0.0393033	0.039953	0.0405625	0.0411313	0.0416588	0.0421443	0.0425875	0.0429879	0.043345	0.0436585	0.0439281	0.0441535	0.0443345	0.0444709	0.0445625	0.0446092	0.044611	0.0445679	0.04448	0.0443472	0.0441698	0.0439478	0.0436816	0.0433713	0.0430174	0.04262	0.0421798	0.0416969	0.0411721	0.0406057	0.0399983	0.0393507	0.0386633	0.0379369	0.0371722	0.03637	0.0355311	0.0346563	0.0337465	0.0328027	0.0318258	0.0308167	0.0297765	0.0287062	0.027607	0.0264798	0.0253259	0.0241465	0.0229426	0.0217156	0.0204666	0.019197	0.017908	0.0166009	0.015277	0.0139377	0.0125844	0.0112183	0.00984088	0.00845355	0.00705769	0.0056547	0.00424602	0.00283305	0.00141724	0	
0	0.00153657	0.00307159	0.00460351	0.00613078	0.00765189	0.0091653	0.0106695	0.012163	0.0136442	0.0151118	0.0165641	0.0179998	0.0194175	0.0208156	0.0221929	0.0235478	0.0248791	0.0261855	0.0274655	0.028718	0.0299416	0.0311352	0.0322975	0.0334274	0.0345237	0.0355853	0.0366112	0.0376004	0.0385518	0.0394644	0.0403374	0.0411699	0.041961	0.04271	0.043416	0.0440784	0.0446965	0.0452696	0.0457973	0.0462789	0.0467139	0.047102	0.0474427	0.0477357	0.0479806	0.0481773	0.0483255	0.048425	0.0484758	0.0484778	0.048431	0.0483354	0.0481911	0.0479983	0.0477571	0.0474678	0.0471307	0.046746	0.0463143	0.0458358	0.0453111	0.0447408	0.0441253	0.0434653	0.0427615	0.0420145	0.0412251	0.0403942	0.0395224	0.0386108	0.0376602	0.0366716	0.035646	0.0345844	0.0334878	0.0323575	0.0311944	0.0299999	0.028775	0.0275211	0.0262394	0.0249312	0.0235979	0.0222407	0.020861	0.0194602	0.0180398	0.0166012	0.0151458	0.0136751	0.0121907	0.0106939	0.00918629	0.00766943	0.00614484	0.00461405	0.00307862	0.00154008	0	
0	0.00165759	0.0033135	0.00496607	0.00661364	0.00825454	0.00988715	0.0115098	0.0131209	0.0147188	0.0163019	0.0178687	0.0194175	0.0209468	0.022455	0.0239407	0.0254024	0.0268386	0.0282478	0.0296287	0.0309798	0.0322998	0.0335874	0.0348412	0.0360601	0.0372428	0.038388	0.0394947	0.0405618	0.0415881	0.0425726	0.0435144	0.0444124	0.0452658	0.0460738	0.0468354	0.04755	0.0482167	0.048835	0.0494042	0.0499238	0.0503931	0.0508117	0.0511793	0.0514953	0.0517596	0.0519717	0.0521316	0.052239	0.0522938	0.0522959	0.0522454	0.0521423	0.0519866	0.0517786	0.0515184	0.0512063	0.0508426	0.0504277	0.0499619	0.0494458	0.0488798	0.0482645	0.0476006	0.0468886	0.0461294	0.0453236	0.044472	0.0435756	0.0426352	0.0416518	0.0406263	0.0395599	0.0384535	0.0373082	0.0361253	0.0349059	0.0336513	0.0323627	0.0310414	0.0296887	0.0283061	0.0268948	0.0254564	0.0239923	0.022504	0.0209929	0.0194607	0.0179087	0.0163387	0.0147522	0.0131508	0.0115361	0.00990981	0.00827348	0.00662881	0.00497746	0.00332109	0.00166138	0	
0	0.00177695	0.00355209	0.00532365	0.00708984	0.0088489	0.0105991	0.0123386	0.0140657	0.0157786	0.0174757	0.0191553	0.0208156	0.022455	0.0240719	0.0256646	0.0272315	0.0287711	0.0302818	0.0317621	0.0332105	0.0346255	0.0360058	0.03735	0.0386566	0.0399244	0.0411521	0.0423385	0.0434824	0.0445826	0.045638	0.0466476	0.0476103	0.0485252	0.0493913	0.0502078	0.0509738	0.0516886	0.0523514	0.0529616	0.0535185	0.0540217	0.0544705	0.0548645	0.0552033	0.0554865	0.055714	0.0558853	0.0560004	0.0560592	0.0560615	0.0560073	0.0558968	0.0557299	0.0555069	0.055228	0.0548935	0.0545036	0.0540588	0.0535595	0.0530062	0.0523994	0.0517399	0.0510281	0.0502649	0.0494509	0.0485871	0.0476743	0.0467133	0.0457052	0.044651	0.0435517	0.0424084	0.0412223	0.0399946	0.0387265	0.0374194	0.0360744	0.034693	0.0332765	0.0318265	0.0303443	0.0288314	0.0272895	0.0257199	0.0241244	0.0225045	0.0208619	0.0191983	0.0175152	0.0158145	0.0140977	0.0123668	0.0106234	0.00886923	0.00710613	0.00533587	0.00356023	0.00178101	0	
0	0.00189452	0.00378711	0.00567588	0.00755894	0.00943438	0.0113003	0.0131549	0.0149963	0.0168226	0.018632	0.0204227	0.0221929	0.0239407	0.0256646	0.0273627	0.0290333	0.0306747	0.0322853	0.0338636	0.0354078	0.0369165	0.0383881	0.0398212	0.0412143	0.042566	0.0438749	0.0451398	0.0463594	0.0475324	0.0486576	0.049734	0.0507604	0.0517358	0.0526592	0.0535298	0.0543465	0.0551085	0.0558152	0.0564658	0.0570596	0.057596	0.0580745	0.0584945	0.0588558	0.0591578	0.0594002	0.059583	0.0597057	0.0597683	0.0597708	0.059713	0.0595952	0.0594173	0.0591795	0.0588822	0.0585255	0.0581098	0.0576356	0.0571032	0.0565133	0.0558664	0.0551632	0.0544044	0.0535906	0.0527229	0.0518019	0.0508286	0.0498041	0.0487293	0.0476053	0.0464333	0.0452144	0.0439498	0.0426409	0.0412889	0.0398952	0.0384612	0.0369884	0.0354783	0.0339323	0.032352	0.0307391	0.0290951	0.0274217	0.0257206	0.0239936	0.0222423	0.0204685	0.0186741	0.0168608	0.0150305	0.0131851	0.0113263	0.00945606	0.00757631	0.00568892	0.0037958	0.00189885	0	
0	0.00201018	0.00401833	0.00602241	0.00802044	0.0100104	0.0119903	0.0139581	0.0159119	0.0178497	0.0197696	0.0216696	0.0235478	0.0254024	0.0272315	0.0290333	0.0308059	0.0325475	0.0342565	0.0359311	0.0375696	0.0391704	0.0407319	0.0422524	0.0437306	0.0451648	0.0465537	0.0478958	0.0491898	0.0504344	0.0516284	0.0527705	0.0538596	0.0548945	0.0558743	0.056798	0.0576645	0.0584732	0.059223	0.0599133	0.0605433	0.0611125	0.0616202	0.0620659	0.0624492	0.0627696	0.0630269	0.0632208	0.063351	0.0634174	0.06342	0.0633588	0.0632337	0.063045	0.0627927	0.0624772	0.0620987	0.0616577	0.0611545	0.0605897	0.0599637	0.0592774	0.0585312	0.057726	0.0568626	0.0559418	0.0549646	0.053932	0.0528449	0.0517045	0.0505118	0.0492683	0.0479749	0.0466332	0.0452443	0.0438098	0.042331	0.0408095	0.0392468	0.0376444	0.036004	0.0343273	0.0326158	0.0308715	0.0290959	0.027291	0.0254585	0.0236003	0.0217182	0.0198143	0.0178903	0.0159482	0.0139901	0.0120178	0.0100334	0.00803889	0.00603626	0.00402755	0.00201479	0	
0	0.00212383	0.00424551	0.0063629	0.00847388	0.0105763	0.0126682	0.0147472	0.0168115	0.0188588	0.0208873	0.0228947	0.0248791	0.0268386	0.0287711	0.0306747	0.0325475	0.0343876	0.0361933	0.0379625	0.0396937	0.041385	0.0430347	0.0446413	0.046203	0.0477183	0.0491857	0.0506037	0.0519709	0.0532859	0.0545473	0.055754	0.0569046	0.0579981	0.0590333	0.0600092	0.0609247	0.0617791	0.0625713	0.0633006	0.0639663	0.0645676	0.065104	0.0655749	0.0659799	0.0663184	0.0665903	0.0667951	0.0669327	0.0670029	0.0670057	0.0669409	0.0668088	0.0666094	0.0663429	0.0660095	0.0656097	0.0651437	0.064612	0.0640153	0.0633539	0.0626288	0.0618404	0.0609897	0.0600775	0.0591047	0.0580722	0.0569812	0.0558326	0.0546277	0.0533677	0.0520538	0.0506873	0.0492697	0.0478023	0.0462867	0.0447243	0.0431168	0.0414657	0.0397727	0.0380396	0.0362681	0.0344599	0.0326169	0.030741	0.028834	0.0268979	0.0249346	0.0229462	0.0209345	0.0189018	0.0168499	0.0147811	0.0126973	0.0106007	0.00849339	0.00637754	0.00425526	0.0021287	0	
0	0.00223535	0.00446843	0.006697	0.00891882	0.0111317	0.0133333	0.0155216	0.0176942	0.0198491	0.021984	0.0240968	0.0261855	0.0282478	0.0302818	0.0322853	0.0342565	0.0361933	0.0380937	0.0399558	0.0417779	0.043558	0.0452944	0.0469853	0.048629	0.0502239	0.0517683	0.0532608	0.0546997	0.0560838	0.0574115	0.0586815	0.0598926	0.0610435	0.062133	0.0631601	0.0641238	0.0650229	0.0658568	0.0666244	0.067325	0.0679579	0.0685225	0.0690181	0.0694443	0.0698007	0.0700868	0.0703024	0.0704472	0.0705211	0.070524	0.0704559	0.0703168	0.0701069	0.0698264	0.0694756	0.0690547	0.0685642	0.0680047	0.0673766	0.0666805	0.0659173	0.0650876	0.0641922	0.0632321	0.0622081	0.0611215	0.0599731	0.0587643	0.0574961	0.0561699	0.054787	0.0533488	0.0518568	0.0503124	0.0487171	0.0470727	0.0453808	0.043643	0.0418612	0.040037	0.0381725	0.0362693	0.0343296	0.0323551	0.030348	0.0283103	0.0262439	0.024151	0.0220338	0.0198943	0.0177347	0.0155572	0.013364	0.0111573	0.00893937	0.00671242	0.0044787	0.00224047	0	
0	0.00234462	0.00468686	0.00702437	0.0093548	0.0116758	0.0139851	0.0162803	0.0185592	0.0208194	0.0230587	0.0252748	0.0274655	0.0296287	0.0317621	0.0338636	0.0359311	0.0379625	0.0399558	0.041909	0.0438202	0.0456873	0.0475085	0.0492821	0.0510062	0.052679	0.054299	0.0558644	0.0573737	0.0588254	0.060218	0.0615501	0.0628204	0.0640275	0.0651703	0.0662477	0.0672584	0.0682016	0.0690761	0.0698813	0.0706161	0.07128	0.0718722	0.072392	0.0728391	0.0732129	0.073513	0.0737391	0.073891	0.0739685	0.0739715	0.0739001	0.0737542	0.0735341	0.0732398	0.0728718	0.0724304	0.071916	0.0713291	0.0706703	0.0699402	0.0691396	0.0682693	0.0673302	0.0663231	0.0652492	0.0641094	0.0629049	0.061637	0.0603068	0.0589158	0.0574653	0.0559568	0.0543918	0.0527719	0.0510987	0.0493739	0.0475992	0.0457765	0.0439075	0.0419942	0.0400385	0.0380424	0.0360078	0.0339368	0.0318316	0.0296942	0.0275268	0.0253317	0.0231109	0.0208668	0.0186017	0.0163177	0.0140173	0.0117027	0.00937638	0.00704056	0.00469765	0.00235	0	
0	0.00245154	0.00490059	0.00734469	0.0097814	0.0122083	0.0146228	0.0170227	0.0194055	0.0217688	0.0241102	0.0264273	0.028718	0.0309798	0.0332105	0.0354078	0.0375696	0.0396937	0.0417779	0.0438202	0.0458184	0.0477707	0.049675	0.0515294	0.0533321	0.0550813	0.0567751	0.0584119	0.05999	0.0615079	0.062964	0.0643569	0.0656851	0.0669473	0.0681422	0.0692687	0.0703255	0.0713117	0.0722261	0.073068	0.0738364	0.0745305	0.0751497	0.0756933	0.0761607	0.0765515	0.0768653	0.0771017	0.0772606	0.0773416	0.0773448	0.0772701	0.0771176	0.0768874	0.0765798	0.076195	0.0757334	0.0751955	0.0745818	0.073893	0.0731297	0.0722926	0.0713826	0.0704006	0.0693476	0.0682247	0.0670329	0.0657735	0.0644478	0.063057	0.0616025	0.0600859	0.0585086	0.0568722	0.0551784	0.0534289	0.0516255	0.0497699	0.047864	0.0459099	0.0439093	0.0418644	0.0397772	0.0376498	0.0354844	0.0332832	0.0310483	0.0287821	0.0264869	0.0241648	0.0218184	0.0194499	0.0170618	0.0146565	0.0122364	0.00980397	0.00736163	0.00491187	0.00245717	0	
0	0.00255599	0.00510939	0.00765764	0.0101982	0.0127284	0.0152459	0.017748	0.0202323	0.0226963	0.0251375	0.0275534	0.0299416	0.0322998	0.0346255	0.0369165	0.0391704	0.041385	0.043558	0.0456873	0.0477707	0.0498062	0.0517916	0.0537251	0.0556046	0.0574282	0.0591942	0.0609008	0.0625462	0.0641287	0.0656469	0.0670991	0.0684839	0.0697999	0.0710457	0.0722202	0.073322	0.0743502	0.0753036	0.0761814	0.0769825	0.0777062	0.0783518	0.0789185	0.0794059	0.0798133	0.0801405	0.080387	0.0805526	0.0806371	0.0806404	0.0805625	0.0804035	0.0801635	0.0798428	0.0794416	0.0789604	0.0783996	0.0777597	0.0770415	0.0762457	0.0753729	0.0744242	0.0734004	0.0723025	0.0711317	0.0698892	0.0685761	0.0671939	0.0657438	0.0642274	0.0626461	0.0610016	0.0592955	0.0575296	0.0557055	0.0538252	0.0518906	0.0499035	0.0478661	0.0457803	0.0436482	0.0414721	0.0392541	0.0369964	0.0347014	0.0323713	0.0300085	0.0276155	0.0251945	0.0227481	0.0202787	0.0177889	0.0152811	0.0127578	0.0102217	0.00767531	0.00512117	0.00256187	0	
0	0.00265788	0.00531307	0.00796289	0.0106047	0.0132358	0.0158536	0.0184555	0.0210389	0.023601	0.0261395	0.0286517	0.0311352	0.0335874	0.0360058	0.0383881	0.0407319	0.0430347	0.0452944	0.0475085	0.049675	0.0517916	0.0538562	0.0558667	0.0578212	0.0597175	0.0615539	0.0633285	0.0650395	0.0666851	0.0682638	0.0697739	0.0712139	0.0725824	0.0738779	0.0750991	0.0762449	0.0773141	0.0783055	0.0792183	0.0800513	0.0808039	0.0814752	0.0820645	0.0825713	0.082995	0.0833352	0.0835915	0.0837637	0.0838516	0.0838551	0.0837741	0.0836087	0.0833592	0.0830256	0.0826085	0.0821081	0.0815249	0.0808596	0.0801127	0.0792851	0.0783776	0.077391	0.0763264	0.0751848	0.0739674	0.0726753	0.0713099	0.0698725	0.0683646	0.0667877	0.0651435	0.0634334	0.0616593	0.0598229	0.0579262	0.0559709	0.0539592	0.0518929	0.0497742	0.0476053	0.0453882	0.0431254	0.0408189	0.0384713	0.0360848	0.0336618	0.0312048	0.0287164	0.0261989	0.0236549	0.0210871	0.018498	0.0158902	0.0132664	0.0106292	0.00798129	0.00532532	0.002664	0	
0	0.0027571	0.00551141	0.00826015	0.0110006	0.0137299	0.0164455	0.0191445	0.0218243	0.0244821	0.0271153	0.0297213	0.0322975	0.0348412	0.03735	0.0398212	0.0422524	0.0446413	0.0469853	0.0492821	0.0515294	0.0537251	0.0558667	0.0579523	0.0599797	0.0619469	0.0638518	0.0656926	0.0674675	0.0691746	0.0708122	0.0723787	0.0738724	0.075292	0.0766358	0.0779027	0.0790913	0.0802004	0.0812288	0.0821756	0.0830398	0.0838204	0.0845168	0.0851281	0.0856538	0.0860934	0.0864463	0.0867122	0.0868908	0.0869819	0.0869855	0.0869015	0.08673	0.0864711	0.0861251	0.0856924	0.0851733	0.0845684	0.0838782	0.0831035	0.082245	0.0813036	0.0802802	0.0791758	0.0779916	0.0767287	0.0753884	0.073972	0.072481	0.0709168	0.0692811	0.0675754	0.0658015	0.0639612	0.0620563	0.0600887	0.0580605	0.0559736	0.0538302	0.0516324	0.0493825	0.0470827	0.0447353	0.0423428	0.0399075	0.0374319	0.0349185	0.0323698	0.0297884	0.0271769	0.024538	0.0218744	0.0191886	0.0164835	0.0137617	0.011026	0.00827925	0.00552413	0.00276345	0	
0	0.00285356	0.00570422	0.00854912	0.0113854	0.0142103	0.0170208	0.0198142	0.0225877	0.0253386	0.0280639	0.0307611	0.0334274	0.0360601	0.0386566	0.0412143	0.0437306	0.046203	0.048629	0.0510062	0.0533321	0.0556046	0.0578212	0.0599797	0.062078	0.064114	0.0660856	0.0679908	0.0698278	0.0715946	0.0732895	0.0749108	0.0764568	0.077926	0.0793169	0.0806281	0.0818582	0.0830061	0.0840705	0.0850504	0.0859448	0.0867528	0.0874735	0.0881063	0.0886504	0.0891053	0.0894705	0.0897457	0.0899306	0.0900249	0.0900286	0.0899417	0.0897642	0.0894963	0.0891382	0.0886903	0.088153	0.0875269	0.0868126	0.0860108	0.0851223	0.084148	0.0830888	0.0819458	0.0807201	0.079413	0.0780258	0.0765599	0.0750167	0.0733978	0.0717048	0.0699395	0.0681035	0.0661988	0.0642273	0.0621909	0.0600917	0.0579318	0.0557134	0.0534388	0.0511101	0.0487299	0.0463004	0.0438242	0.0413037	0.0387414	0.0361401	0.0335022	0.0308305	0.0281277	0.0253965	0.0226396	0.0198599	0.0170601	0.0142431	0.0114118	0.0085689	0.0057174	0.00286013	0	
0	0.00294714	0.0058913	0.00882951	0.0117588	0.0146763	0.017579	0.0204641	0.0233286	0.0261696	0.0289843	0.03177	0.0345237	0.0372428	0.0399244	0.042566	0.0451648	0.0477183	0.0502239	0.052679	0.0550813	0.0574282	0.0597175	0.0619469	0.064114	0.0662167	0.068253	0.0702207	0.0721179	0.0739427	0.0756932	0.0773676	0.0789643	0.0804817	0.0819182	0.0832724	0.0845429	0.0857285	0.0868278	0.0878399	0.0887636	0.0895981	0.0903424	0.0909959	0.0915579	0.0920277	0.0924049	0.0926891	0.0928801	0.0929775	0.0929814	0.0928916	0.0927082	0.0924315	0.0920617	0.0915991	0.0910442	0.0903976	0.0896599	0.0888318	0.0879141	0.0869078	0.0858139	0.0846334	0.0833675	0.0820176	0.0805849	0.0790709	0.0774771	0.0758051	0.0740566	0.0722334	0.0703372	0.06837	0.0663338	0.0642306	0.0620626	0.0598319	0.0575407	0.0551914	0.0527864	0.0503281	0.047819	0.0452615	0.0426583	0.0400121	0.0373254	0.0346011	0.0318417	0.0290503	0.0262295	0.0233822	0.0205113	0.0176197	0.0147103	0.0117861	0.00884995	0.00590492	0.00295394	0	
0	0.00303777	0.00607246	0.00910102	0.0121204	0.0151276	0.0181196	0.0210934	0.0240459	0.0269743	0.0298756	0.0327469	0.0355853	0.038388	0.0411521	0.0438749	0.0465537	0.0491857	0.0517683	0.054299	0.0567751	0.0591942	0.0615539	0.0638518	0.0660856	0.068253	0.0703519	0.0723801	0.0743357	0.0762165	0.0780209	0.0797468	0.0813926	0.0829567	0.0844374	0.0858332	0.0871428	0.0883648	0.0894979	0.0905411	0.0914932	0.0923534	0.0931206	0.0937942	0.0943734	0.0948577	0.0952465	0.0955395	0.0957363	0.0958368	0.0958407	0.0957482	0.0955592	0.095274	0.0948928	0.094416	0.093844	0.0931775	0.0924171	0.0915635	0.0906177	0.0895804	0.0884528	0.087236	0.0859313	0.0845398	0.0830631	0.0815025	0.0798597	0.0781363	0.076334	0.0744547	0.0725002	0.0704726	0.0683737	0.0662059	0.0639711	0.0616718	0.0593102	0.0568887	0.0544098	0.0518758	0.0492895	0.0466534	0.0439702	0.0412426	0.0384733	0.0356651	0.032821	0.0299436	0.0270361	0.0241012	0.021142	0.0181615	0.0151627	0.0121485	0.00912211	0.00608651	0.00304478	0	
0	0.00312535	0.00624752	0.0093634	0.0124698	0.0155637	0.018642	0.0217015	0.0247392	0.027752	0.0307369	0.033691	0.0366112	0.0394947	0.0423385	0.0451398	0.0478958	0.0506037	0.0532608	0.0558644	0.0584119	0.0609008	0.0633285	0.0656926	0.0679908	0.0702207	0.0723801	0.0744668	0.0764787	0.0784138	0.0802702	0.0820459	0.0837392	0.0853483	0.0868717	0.0883078	0.0896551	0.0909123	0.0920781	0.0931514	0.094131	0.0950159	0.0958053	0.0964983	0.0970942	0.0975925	0.0979925	0.0982939	0.0984964	0.0985998	0.0986038	0.0985086	0.0983142	0.0980207	0.0976285	0.097138	0.0965496	0.0958639	0.0950815	0.0942033	0.0932302	0.092163	0.091003	0.0897511	0.0884087	0.0869771	0.0854578	0.0838522	0.0821621	0.080389	0.0785348	0.0766013	0.0745904	0.0725043	0.070345	0.0681146	0.0658155	0.0634499	0.0610202	0.0585289	0.0559784	0.0533715	0.0507106	0.0479985	0.0452379	0.0424316	0.0395825	0.0366934	0.0337672	0.0308069	0.0278156	0.0247961	0.0217516	0.0186851	0.0155998	0.0124988	0.00938511	0.00626199	0.00313257	0	
0	0.00320978	0.00641631	0.00961637	0.0128067	0.0159842	0.0191456	0.0222878	0.0254075	0.0285018	0.0315674	0.0346013	0.0376004	0.0405618	0.0434824	0.0463594	0.0491898	0.0519709	0.0546997	0.0573737	0.05999	0.0625462	0.0650395	0.0674675	0.0698278	0.0721179	0.0743357	0.0764787	0.078545	0.0805324	0.0824389	0.0842626	0.0860016	0.0876542	0.0892188	0.0906936	0.0920774	0.0933686	0.0945659	0.0956681	0.0966742	0.097583	0.0983937	0.0991055	0.0997175	0.100229	0.10064	0.10095	0.101158	0.101264	0.101268	0.10117	0.10097	0.100669	0.100266	0.0997625	0.0991582	0.0984539	0.0976505	0.0967485	0.0957491	0.0946531	0.0934617	0.092176	0.0907973	0.0893271	0.0877667	0.0861178	0.084382	0.082561	0.0806566	0.0786709	0.0766058	0.0744633	0.0722456	0.069955	0.0675937	0.0651642	0.0626688	0.0601102	0.0574909	0.0548135	0.0520807	0.0492953	0.0464602	0.0435781	0.040652	0.0376848	0.0346796	0.0316393	0.0285671	0.025466	0.0223393	0.01919	0.0160213	0.0128365	0.00963868	0.00643118	0.0032172	0	
0	0.003291	0.00657866	0.00985968	0.0131308	0.0163887	0.0196301	0.0228517	0.0260504	0.0292229	0.0323661	0.0354767	0.0385518	0.0415881	0.0445826	0.0475324	0.0504344	0.0532859	0.0560838	0.0588254	0.0615079	0.0641287	0.0666851	0.0691746	0.0715946	0.0739427	0.0762165	0.0784138	0.0805324	0.0825701	0.0845248	0.0863946	0.0881777	0.0898721	0.0914762	0.0929884	0.0944072	0.095731	0.0969587	0.0980888	0.0991203	0.100052	0.100883	0.101613	0.102241	0.102765	0.103187	0.103504	0.103717	0.103826	0.10383	0.10373	0.103525	0.103216	0.102803	0.102287	0.101667	0.100945	0.100121	0.0991966	0.0981718	0.0970481	0.0958266	0.0945083	0.0930948	0.0915873	0.0899875	0.0882968	0.0865171	0.08465	0.0826975	0.0806615	0.0785441	0.0763474	0.0740736	0.0717251	0.069304	0.066813	0.0642546	0.0616312	0.0589456	0.0562004	0.0533985	0.0505427	0.0476358	0.0446807	0.0416806	0.0386383	0.0355571	0.0324399	0.0292899	0.0261104	0.0229046	0.0196756	0.0164267	0.0131613	0.00988258	0.00659391	0.00329861	0	
0	0.00336891	0.0067344	0.0100931	0.0134416	0.0167766	0.0200948	0.0233927	0.0266671	0.0299147	0.0331323	0.0363166	0.0394644	0.0425726	0.045638	0.0486576	0.0516284	0.0545473	0.0574115	0.060218	0.062964	0.0656469	0.0682638	0.0708122	0.0732895	0.0756932	0.0780209	0.0802702	0.0824389	0.0845248	0.0865258	0.0884399	0.0902652	0.0919997	0.0936418	0.0951898	0.0966422	0.0979974	0.099254	0.100411	0.101467	0.102421	0.103272	0.104019	0.104661	0.105198	0.105629	0.105954	0.106173	0.106284	0.106288	0.106186	0.105976	0.10566	0.105237	0.104708	0.104074	0.103335	0.102492	0.101545	0.100496	0.0993457	0.0980952	0.0967457	0.0952987	0.0937556	0.0921179	0.0903872	0.0885653	0.086654	0.0846553	0.0825711	0.0804036	0.0781549	0.0758273	0.0734231	0.0709448	0.0683948	0.0657758	0.0630903	0.0603411	0.057531	0.0546627	0.0517392	0.0487635	0.0457385	0.0426674	0.0395531	0.0363989	0.0332079	0.0299834	0.0267286	0.0234468	0.0201414	0.0168156	0.0134729	0.0101165	0.00675002	0.00337671	0	
0	0.00344343	0.00688337	0.0103164	0.013739	0.0171477	0.0205393	0.0239102	0.027257	0.0305765	0.0338652	0.03712	0.0403374	0.0435144	0.0466476	0.049734	0.0527705	0.055754	0.0586815	0.0615501	0.0643569	0.0670991	0.0697739	0.0723787	0.0749108	0.0773676	0.0797468	0.0820459	0.0842626	0.0863946	0.0884399	0.0903963	0.092262	0.0940349	0.0957133	0.0972956	0.09878	0.100165	0.10145	0.102632	0.103712	0.104687	0.105556	0.10632	0.106976	0.107525	0.107966	0.108298	0.108521	0.108635	0.10864	0.108535	0.108321	0.107997	0.107565	0.107025	0.106376	0.105621	0.104759	0.103791	0.102719	0.101543	0.100265	0.098886	0.097407	0.0958297	0.0941557	0.0923868	0.0905246	0.088571	0.0865281	0.0843978	0.0821823	0.0798839	0.0775048	0.0750474	0.0725142	0.0699079	0.0672309	0.064486	0.061676	0.0588037	0.055872	0.0528838	0.0498423	0.0467504	0.0436113	0.0404281	0.0372041	0.0339425	0.0306467	0.0273199	0.0239655	0.020587	0.0171876	0.0137709	0.0103403	0.00689935	0.00345141	0	
0	0.00351449	0.00702543	0.0105293	0.0140225	0.0175016	0.0209632	0.0244036	0.0278195	0.0312075	0.0345641	0.037886	0.0411699	0.0444124	0.0476103	0.0507604	0.0538596	0.0569046	0.0598926	0.0628204	0.0656851	0.0684839	0.0712139	0.0738724	0.0764568	0.0789643	0.0813926	0.0837392	0.0860016	0.0881777	0.0902652	0.092262	0.0941661	0.0959756	0.0976887	0.0993036	0.100819	0.102232	0.103543	0.10475	0.105852	0.106847	0.107735	0.108514	0.109184	0.109744	0.110194	0.110533	0.110761	0.110877	0.110882	0.110775	0.110556	0.110226	0.109785	0.109234	0.108572	0.107801	0.106921	0.105933	0.104839	0.103639	0.102335	0.100927	0.0994173	0.0978075	0.096099	0.0942935	0.0923929	0.090399	0.0883139	0.0861397	0.0838785	0.0815326	0.0791044	0.0765963	0.0740109	0.0713507	0.0686185	0.0658169	0.0629489	0.0600173	0.0570251	0.0539753	0.050871	0.0477153	0.0445114	0.0412625	0.037972	0.0346431	0.0312792	0.0278838	0.0244601	0.0210119	0.0175423	0.0140551	0.0105538	0.00704175	0.00352264	0	
0	0.00358203	0.00716042	0.0107316	0.014292	0.0178379	0.021366	0.0248725	0.0283541	0.0318072	0.0352283	0.038614	0.041961	0.0452658	0.0485252	0.0517358	0.0548945	0.0579981	0.0610435	0.0640275	0.0669473	0.0697999	0.0725824	0.075292	0.077926	0.0804817	0.0829567	0.0853483	0.0876542	0.0898721	0.0919997	0.0940349	0.0959756	0.0978199	0.0995659	0.101212	0.102756	0.104197	0.105533	0.106763	0.107886	0.1089	0.109805	0.110599	0.111282	0.111853	0.112312	0.112657	0.112889	0.113008	0.113013	0.112903	0.112681	0.112344	0.111895	0.111333	0.110658	0.109872	0.108976	0.107969	0.106854	0.105631	0.104301	0.102866	0.101328	0.099687	0.0979457	0.0961055	0.0941684	0.0921362	0.090011	0.087795	0.0854903	0.0830994	0.0806245	0.0780682	0.0754331	0.0727218	0.0699371	0.0670817	0.0641586	0.0611707	0.058121	0.0550126	0.0518486	0.0486322	0.0453667	0.0420554	0.0387017	0.0353088	0.0318803	0.0284196	0.0249302	0.0214156	0.0178795	0.0143252	0.0107566	0.00717707	0.00359034	0	
0	0.00364596	0.00728823	0.0109231	0.0145471	0.0181563	0.0217473	0.0253165	0.0288602	0.0323749	0.0358571	0.0393033	0.04271	0.0460738	0.0493913	0.0526592	0.0558743	0.0590333	0.062133	0.0651703	0.0681422	0.0710457	0.0738779	0.0766358	0.0793169	0.0819182	0.0844374	0.0868717	0.0892188	0.0914762	0.0936418	0.0957133	0.0976887	0.0995659	0.101343	0.103018	0.10459	0.106057	0.107417	0.108669	0.109812	0.110844	0.111765	0.112573	0.113269	0.11385	0.114317	0.114668	0.114904	0.115025	0.11503	0.114919	0.114692	0.11435	0.113892	0.11332	0.112633	0.111833	0.110921	0.109896	0.108761	0.107516	0.106163	0.104702	0.103136	0.101466	0.099694	0.097821	0.0958492	0.0937808	0.0916177	0.0893621	0.0870163	0.0845827	0.0820636	0.0794617	0.0767796	0.0740199	0.0711855	0.0682791	0.0653038	0.0622626	0.0591584	0.0559945	0.0527741	0.0495003	0.0461765	0.0428061	0.0393925	0.0359391	0.0324494	0.0289269	0.0253752	0.0217979	0.0181986	0.014581	0.0109486	0.00730518	0.00365443	0	
0	0.00370623	0.00740871	0.0111037	0.0147875	0.0184565	0.0221068	0.025735	0.0293373	0.0329101	0.0364498	0.039953	0.043416	0.0468354	0.0502078	0.0535298	0.056798	0.0600092	0.0631601	0.0662477	0.0692687	0.0722202	0.0750991	0.0779027	0.0806281	0.0832724	0.0858332	0.0883078	0.0906936	0.0929884	0.0951898	0.0972956	0.0993036	0.101212	0.103018	0.104721	0.106319	0.10781	0.109193	0.110465	0.111627	0.112676	0.113613	0.114434	0.115141	0.115732	0.116206	0.116564	0.116804	0.116927	0.116931	0.116818	0.116588	0.11624	0.115775	0.115193	0.114495	0.113682	0.112754	0.111713	0.110559	0.109294	0.107918	0.106433	0.104841	0.103144	0.101342	0.0994381	0.0974338	0.0953312	0.0931323	0.0908394	0.0884548	0.085981	0.0834203	0.0807754	0.0780489	0.0752436	0.0723623	0.0694079	0.0663834	0.0632919	0.0601364	0.0569202	0.0536465	0.0503186	0.0469399	0.0435138	0.0400437	0.0365332	0.0329858	0.0294051	0.0257947	0.0221583	0.0184995	0.014822	0.0111296	0.00742595	0.00371484	0	
0	0.00376278	0.00752174	0.0112731	0.0150131	0.0187381	0.0224441	0.0261276	0.0297849	0.0334122	0.037006	0.0405625	0.0440784	0.04755	0.0509738	0.0543465	0.0576645	0.0609247	0.0641238	0.0672584	0.0703255	0.073322	0.0762449	0.0790913	0.0818582	0.0845429	0.0871428	0.0896551	0.0920774	0.0944072	0.0966422	0.09878	0.100819	0.102756	0.10459	0.106319	0.107941	0.109455	0.110859	0.112151	0.11333	0.114396	0.115346	0.11618	0.116898	0.117498	0.117979	0.118342	0.118586	0.118711	0.118715	0.118601	0.118367	0.118013	0.117541	0.116951	0.116242	0.115417	0.114475	0.113418	0.112246	0.110961	0.109564	0.108057	0.106441	0.104718	0.102888	0.100955	0.0989204	0.0967857	0.0945533	0.0922254	0.0898045	0.0872929	0.0846931	0.0820078	0.0792397	0.0763916	0.0734664	0.0704669	0.0673963	0.0642576	0.061054	0.0577887	0.0544651	0.0510864	0.0476561	0.0441777	0.0406547	0.0370907	0.0334891	0.0298538	0.0261883	0.0224964	0.0187817	0.0150482	0.0112994	0.00753926	0.00377152	0	
0	0.00381554	0.00762721	0.0114312	0.0152237	0.0190008	0.0227588	0.026494	0.0302025	0.0338807	0.0375249	0.0411313	0.0446965	0.0482167	0.0516886	0.0551085	0.0584732	0.0617791	0.0650229	0.0682016	0.0713117	0.0743502	0.0773141	0.0802004	0.0830061	0.0857285	0.0883648	0.0909123	0.0933686	0.095731	0.0979974	0.100165	0.102232	0.104197	0.106057	0.10781	0.109455	0.11099	0.112413	0.113723	0.114919	0.116	0.116963	0.11781	0.118537	0.119145	0.119634	0.120002	0.120249	0.120375	0.12038	0.120264	0.120027	0.119668	0.11919	0.118591	0.117872	0.117035	0.11608	0.115008	0.11382	0.112517	0.111101	0.109573	0.107934	0.106186	0.104331	0.102371	0.100308	0.098143	0.0958792	0.0935188	0.0910638	0.088517	0.0858808	0.0831579	0.080351	0.0774629	0.0744966	0.0714551	0.0683414	0.0651587	0.0619102	0.0585991	0.0552289	0.0518028	0.0483245	0.0447973	0.0412249	0.0376108	0.0339588	0.0302724	0.0265556	0.0228119	0.0190451	0.0152592	0.0114579	0.00764499	0.00382441	0	
0	0.00386447	0.00772502	0.0115778	0.0154189	0.0192445	0.0230507	0.0268337	0.0305898	0.0343152	0.0380061	0.0416588	0.0452696	0.048835	0.0523514	0.0558152	0.059223	0.0625713	0.0658568	0.0690761	0.0722261	0.0753036	0.0783055	0.0812288	0.0840705	0.0868278	0.0894979	0.0920781	0.0945659	0.0969587	0.099254	0.10145	0.103543	0.105533	0.107417	0.109193	0.110859	0.112413	0.113855	0.115182	0.116393	0.117487	0.118463	0.11932	0.120057	0.120673	0.121168	0.121541	0.121791	0.121919	0.121924	0.121806	0.121566	0.121203	0.120718	0.120112	0.119384	0.118536	0.117569	0.116483	0.11528	0.11396	0.112526	0.110978	0.109318	0.107548	0.105669	0.103684	0.101594	0.0994016	0.0971088	0.0947181	0.0922317	0.0896522	0.0869822	0.0842243	0.0813814	0.0784563	0.075452	0.0723715	0.0692179	0.0659943	0.0627041	0.0593506	0.0559371	0.0524672	0.0489442	0.0453718	0.0417535	0.0380931	0.0343943	0.0306607	0.0268961	0.0231044	0.0192894	0.0154549	0.0116048	0.00774303	0.00387346	0	
0	0.00390951	0.00781506	0.0117127	0.0155986	0.0194688	0.0233194	0.0271465	0.0309464	0.0347151	0.038449	0.0421443	0.0457973	0.0494042	0.0529616	0.0564658	0.0599133	0.0633006	0.0666244	0.0698813	0.073068	0.0761814	0.0792183	0.0821756	0.0850504	0.0878399	0.0905411	0.0931514	0.0956681	0.0980888	0.100411	0.102632	0.10475	0.106763	0.108669	0.110465	0.112151	0.113723	0.115182	0.116524	0.11775	0.118857	0.119844	0.120711	0.121457	0.12208	0.12258	0.122957	0.123211	0.12334	0.123345	0.123226	0.122983	0.122616	0.122125	0.121512	0.120776	0.119918	0.118939	0.117841	0.116623	0.115288	0.113837	0.112271	0.110592	0.108801	0.106901	0.104892	0.102778	0.10056	0.0982408	0.0958221	0.0933068	0.0906972	0.0879961	0.0852061	0.08233	0.0793709	0.0763315	0.0732151	0.0700247	0.0667636	0.0634351	0.0600425	0.0565892	0.0530788	0.0495147	0.0459007	0.0422403	0.0385372	0.0347952	0.0310181	0.0272096	0.0233737	0.0195142	0.015635	0.0117401	0.00783329	0.00391861	0	
0	0.00395062	0.00789724	0.0118359	0.0157626	0.0196735	0.0235646	0.027432	0.0312718	0.0350802	0.0388534	0.0425875	0.0462789	0.0499238	0.0535185	0.0570596	0.0605433	0.0639663	0.067325	0.0706161	0.0738364	0.0769825	0.0800513	0.0830398	0.0859448	0.0887636	0.0914932	0.094131	0.0966742	0.0991203	0.101467	0.103712	0.105852	0.107886	0.109812	0.111627	0.11333	0.114919	0.116393	0.11775	0.118988	0.120107	0.121105	0.121981	0.122734	0.123364	0.123869	0.12425	0.124506	0.124637	0.124642	0.124522	0.124276	0.123905	0.12341	0.12279	0.122046	0.121179	0.12019	0.11908	0.11785	0.116501	0.115035	0.113452	0.111755	0.109946	0.108025	0.105996	0.103859	0.101618	0.099274	0.0968299	0.0942881	0.0916511	0.0889215	0.0861022	0.0831959	0.0802056	0.0771343	0.0739851	0.0707612	0.0674658	0.0641022	0.0606739	0.0571843	0.053637	0.0500355	0.0463834	0.0426845	0.0389425	0.0351611	0.0313443	0.0274958	0.0236196	0.0197195	0.0157995	0.0118636	0.00791568	0.00395983	0	
