0	0	0	0	0	0	0	0	0	0	0	0	0	0	0	0	0	0	0	0	0	0	0	0	0	0	0	0	0	0	0	0	0	0	0	0	0	0	0	0	0	0	0	0	0	0	0	0	0	0	0	0	0	0	0	0	0	0	0	0	0	0	0	0	0	0	0	0	0	0	0	0	0	0	0	0	0	0	0	0	0	0	0	0	0	0	0	0	0	0	0	0	0	0	0	0	0	0	0	0	
0	0.000123792	0.000247458	0.000370874	0.000493917	0.000616461	0.000738385	0.000859567	0.000979883	0.00109921	0.00121744	0.00133444	0.00145011	0.00156431	0.00167694	0.00178789	0.00189704	0.00200429	0.00210953	0.00221264	0.00231353	0.0024121	0.00250825	0.00260188	0.00269289	0.0027812	0.00286671	0.00294935	0.00302902	0.00310565	0.00317916	0.00324947	0.00331652	0.00338024	0.00344055	0.00349741	0.00355076	0.00360053	0.00364669	0.00368918	0.00372796	0.00376298	0.00379423	0.00382165	0.00384524	0.00386495	0.00388077	0.00389269	0.00390069	0.00390476	0.00390491	0.00390111	0.0038934	0.00388176	0.00386621	0.00384676	0.00382344	0.00379626	0.00376527	0.00373047	0.00369192	0.00364964	0.00360368	0.00355409	0.00350092	0.00344421	0.00338403	0.00332044	0.00325349	0.00318327	0.00310983	0.00303325	0.00295362	0.002871	0.00278548	0.00269715	0.0026061	0.00251242	0.0024162	0.00231755	0.00221655	0.00211332	0.00200795	0.00190055	0.00179124	0.00168012	0.0015673	0.0014529	0.00133703	0.00121981	0.00110137	0.000981807	0.000861257	0.000739839	0.000617675	0.000494888	0.000371602	0.000247942	0.000124033	0	
0	0.000247458	0.000494665	0.000741372	0.000987331	0.0012323	0.00147602	0.00171826	0.00195877	0.00219731	0.00243365	0.00266753	0.00289874	0.00312703	0.00335218	0.00357397	0.00379216	0.00400655	0.00421691	0.00442303	0.00462472	0.00482176	0.00501395	0.00520111	0.00538304	0.00555957	0.00573051	0.0058957	0.00605496	0.00620814	0.00635509	0.00649564	0.00662967	0.00675704	0.00687762	0.00699128	0.00709792	0.00719742	0.00728968	0.00737461	0.00745213	0.00752215	0.00758461	0.00763943	0.00768657	0.00772598	0.00775761	0.00778143	0.00779743	0.00780557	0.00780585	0.00779827	0.00778284	0.00775957	0.00772849	0.00768962	0.007643	0.00758868	0.00752671	0.00745716	0.00738009	0.00729558	0.00720371	0.00710458	0.00699828	0.00688493	0.00676463	0.00663751	0.00650369	0.00636331	0.00621651	0.00606343	0.00590424	0.00573908	0.00556814	0.00539157	0.00520956	0.0050223	0.00482996	0.00463275	0.00443085	0.00422449	0.00401386	0.00379918	0.00358066	0.00335853	0.00313301	0.00290432	0.00267271	0.00243839	0.00220162	0.00196262	0.00172164	0.00147893	0.00123472	0.000989275	0.000742828	0.000495634	0.000247941	0	
0	0.000370874	0.000741372	0.00111112	0.00147975	0.00184689	0.00221216	0.00257522	0.00293568	0.00329319	0.00364739	0.00399793	0.00434444	0.0046866	0.00502404	0.00535644	0.00568345	0.00600476	0.00632003	0.00662896	0.00693123	0.00722654	0.00751459	0.00779509	0.00806776	0.00833233	0.00858853	0.0088361	0.0090748	0.00930437	0.0095246	0.00973526	0.00993613	0.010127	0.0103077	0.0104781	0.0106379	0.010787	0.0109253	0.0110526	0.0111688	0.0112737	0.0113673	0.0114495	0.0115201	0.0115792	0.0116266	0.0116623	0.0116863	0.0116985	0.0116989	0.0116876	0.0116644	0.0116296	0.011583	0.0115247	0.0114548	0.0113734	0.0112806	0.0111763	0.0110608	0.0109341	0.0107965	0.0106479	0.0104886	0.0103187	0.0101384	0.00994788	0.00974732	0.00953693	0.00931691	0.00908749	0.0088489	0.00860138	0.00834518	0.00808055	0.00780777	0.00752711	0.00723884	0.00694327	0.00664069	0.0063314	0.00601573	0.00569397	0.00536647	0.00503356	0.00469556	0.00435282	0.00400569	0.00365451	0.00329965	0.00294145	0.00258029	0.00221653	0.00185053	0.00148266	0.0011133	0.000742825	0.000371599	0	
0	0.000493917	0.000987331	0.00147975	0.00197067	0.00245961	0.00294608	0.00342958	0.00390963	0.00438575	0.00485746	0.00532429	0.00578577	0.00624143	0.00669083	0.0071335	0.00756901	0.00799692	0.00841679	0.00882821	0.00923076	0.00962404	0.0100077	0.0103812	0.0107444	0.0110967	0.0114379	0.0117676	0.0120855	0.0123912	0.0126845	0.0129651	0.0132326	0.0134868	0.0137275	0.0139543	0.0141672	0.0143658	0.0145499	0.0147195	0.0148742	0.0150139	0.0151386	0.015248	0.0153421	0.0154208	0.0154839	0.0155315	0.0155634	0.0155796	0.0155802	0.0155651	0.0155343	0.0154878	0.0154258	0.0153482	0.0152552	0.0151467	0.015023	0.0148842	0.0147304	0.0145617	0.0143783	0.0141805	0.0139683	0.0137421	0.013502	0.0132482	0.0129811	0.0127009	0.0124079	0.0121024	0.0117847	0.011455	0.0111138	0.0107614	0.0103981	0.0100243	0.00964043	0.0092468	0.00884383	0.00843194	0.00801153	0.00758303	0.00714688	0.00670351	0.00625338	0.00579693	0.00533463	0.00486695	0.00439435	0.00391732	0.00343634	0.00295189	0.00246447	0.00197456	0.00148266	0.000989269	0.000494882	0	
0	0.000616461	0.0012323	0.00184689	0.00245961	0.00306986	0.00367702	0.00428049	0.00487964	0.00547389	0.00606264	0.00664529	0.00722127	0.00778999	0.00835088	0.00890339	0.00944695	0.00998102	0.0105051	0.0110186	0.011521	0.0120118	0.0124906	0.0129569	0.0134101	0.0138499	0.0142757	0.0146872	0.015084	0.0154656	0.0158317	0.0161818	0.0165157	0.016833	0.0171334	0.0174165	0.0176822	0.0179301	0.0181599	0.0183715	0.0185646	0.018739	0.0188946	0.0190312	0.0191486	0.0192468	0.0193256	0.019385	0.0194248	0.0194451	0.0194458	0.0194269	0.0193885	0.0193305	0.0192531	0.0191562	0.0190401	0.0189048	0.0187504	0.0185771	0.0183851	0.0181746	0.0179457	0.0176988	0.017434	0.0171516	0.0168519	0.0165352	0.0162019	0.0158522	0.0154865	0.0151051	0.0147085	0.0142971	0.0138713	0.0134314	0.012978	0.0125115	0.0120323	0.011541	0.0110381	0.010524	0.00999927	0.00946446	0.00892009	0.00836672	0.0078049	0.00723521	0.00665821	0.00607449	0.00548464	0.00488925	0.00428893	0.00368429	0.00307593	0.00246447	0.00185052	0.00123472	0.000617668	0	
0	0.000738385	0.00147602	0.00221216	0.00294608	0.00367702	0.00440427	0.00512708	0.00584474	0.00655652	0.00726171	0.0079596	0.0086495	0.0093307	0.0100025	0.0106643	0.0113154	0.0119551	0.0125828	0.0131978	0.0137996	0.0143876	0.0149611	0.0155195	0.0160624	0.0165891	0.0170992	0.0175921	0.0180673	0.0185244	0.0189629	0.0193823	0.0197822	0.0201623	0.020522	0.0208612	0.0211794	0.0214763	0.0217516	0.022005	0.0222363	0.0224453	0.0226316	0.0227952	0.0229359	0.0230535	0.0231479	0.023219	0.0232667	0.023291	0.0232918	0.0232692	0.0232232	0.0231537	0.023061	0.022945	0.0228059	0.0226438	0.0224589	0.0222514	0.0220214	0.0217692	0.0214951	0.0211993	0.0208821	0.0205439	0.0201849	0.0198056	0.0194063	0.0189874	0.0185494	0.0180926	0.0176176	0.0171248	0.0166147	0.0160879	0.0155448	0.014986	0.0144121	0.0138236	0.0132212	0.0126054	0.011977	0.0113364	0.0106843	0.0100215	0.00934858	0.00866621	0.00797509	0.00727592	0.0065694	0.00585626	0.00513721	0.00441298	0.0036843	0.0029519	0.00221653	0.00147892	0.000739832	0	
0	0.000859567	0.00171826	0.00257522	0.00342958	0.00428049	0.00512708	0.00596852	0.00680396	0.00763256	0.00845348	0.00926591	0.010069	0.010862	0.0116441	0.0124145	0.0131724	0.0139171	0.0146478	0.0153638	0.0160644	0.0167488	0.0174164	0.0180665	0.0186985	0.0193117	0.0199055	0.0204793	0.0210325	0.0215646	0.022075	0.0225632	0.0230288	0.0234712	0.0238901	0.0242849	0.0246553	0.0250009	0.0253214	0.0256164	0.0258857	0.0261289	0.0263459	0.0265363	0.0267001	0.026837	0.0269468	0.0270296	0.0270851	0.0271134	0.0271144	0.0270881	0.0270345	0.0269537	0.0268457	0.0267107	0.0265487	0.0263601	0.0261448	0.0259032	0.0256355	0.0253419	0.0250228	0.0246785	0.0243093	0.0239155	0.0234977	0.0230561	0.0225912	0.0221036	0.0215937	0.021062	0.020509	0.0199353	0.0193415	0.0187282	0.018096	0.0174455	0.0167774	0.0160923	0.0153911	0.0146742	0.0139426	0.0131969	0.0124378	0.0116662	0.0108829	0.0100885	0.00928395	0.00847003	0.00764757	0.00681738	0.00598032	0.00513723	0.00428896	0.00343636	0.0025803	0.00172164	0.000861253	0	
0	0.000979883	0.00195877	0.00293568	0.00390963	0.00487964	0.00584474	0.00680396	0.00775634	0.00870092	0.00963675	0.0105629	0.0114784	0.0123824	0.013274	0.0141522	0.0150162	0.0158652	0.0166981	0.0175144	0.018313	0.0190932	0.0198543	0.0205954	0.0213158	0.0220148	0.0226917	0.0233459	0.0239765	0.0245831	0.0251649	0.0257215	0.0262523	0.0267566	0.0272341	0.0276842	0.0281064	0.0285004	0.0288658	0.0292021	0.0295091	0.0297863	0.0300336	0.0302508	0.0304374	0.0305935	0.0307187	0.0308131	0.0308764	0.0309086	0.0309097	0.0308797	0.0308186	0.0307265	0.0306034	0.0304495	0.0302649	0.0300498	0.0298044	0.029529	0.0292238	0.0288892	0.0285254	0.0281329	0.027712	0.0272631	0.0267867	0.0262834	0.0257535	0.0251976	0.0246163	0.0240101	0.0233798	0.0227258	0.0220489	0.0213497	0.020629	0.0198874	0.0191258	0.0183449	0.0175454	0.0167283	0.0158942	0.0150441	0.0141788	0.0132992	0.0124062	0.0115006	0.0105835	0.00965563	0.00871804	0.00777165	0.00681743	0.00585632	0.00488931	0.00391737	0.00294148	0.00196263	0.000981807	0	
0	0.00109921	0.00219731	0.00329319	0.00438575	0.00547389	0.00655652	0.00763256	0.00870092	0.00976053	0.0108103	0.0118493	0.0128763	0.0138904	0.0148905	0.0158757	0.0168449	0.0177972	0.0187317	0.0196473	0.0205432	0.0214184	0.0222722	0.0231035	0.0239117	0.0246959	0.0254552	0.026189	0.0268964	0.0275769	0.0282296	0.028854	0.0294493	0.0300151	0.0305507	0.0310556	0.0315293	0.0319713	0.0323811	0.0327584	0.0331027	0.0334138	0.0336912	0.0339348	0.0341442	0.0343192	0.0344597	0.0345656	0.0346366	0.0346728	0.034674	0.0346404	0.0345718	0.0344685	0.0343304	0.0341577	0.0339506	0.0337094	0.0334341	0.0331251	0.0327828	0.0324074	0.0319993	0.031559	0.0310868	0.0305833	0.0300489	0.0294842	0.0288898	0.0282662	0.0276141	0.0269342	0.026227	0.0254934	0.024734	0.0239497	0.0231412	0.0223094	0.021455	0.020579	0.0196822	0.0187655	0.0178299	0.0168762	0.0159056	0.0149188	0.0139171	0.0129012	0.0118724	0.0108315	0.00977975	0.00871811	0.00764768	0.00656952	0.00548475	0.00439444	0.00329971	0.00220165	0.00110138	0	
0	0.00121744	0.00243365	0.00364739	0.00485746	0.00606264	0.00726171	0.00845348	0.00963675	0.0108103	0.011973	0.0131237	0.0142612	0.0153844	0.0164921	0.0175832	0.0186567	0.0197114	0.0207464	0.0217605	0.0227527	0.0237221	0.0246677	0.0255885	0.0264836	0.0273521	0.0281931	0.0290058	0.0297893	0.0305429	0.0312659	0.0319574	0.0326168	0.0332434	0.0338366	0.0343958	0.0349205	0.03541	0.0358639	0.0362818	0.0366631	0.0370076	0.0373149	0.0375847	0.0378166	0.0380105	0.0381661	0.0382833	0.038362	0.038402	0.0384034	0.0383662	0.0382903	0.0381758	0.0380229	0.0378316	0.0376023	0.037335	0.0370302	0.036688	0.0363088	0.035893	0.0354411	0.0349533	0.0344304	0.0338727	0.0332809	0.0326555	0.0319971	0.0313065	0.0305842	0.0298311	0.0290479	0.0282354	0.0273944	0.0265257	0.0256302	0.0247089	0.0237627	0.0227924	0.0217991	0.0207839	0.0197476	0.0186914	0.0176163	0.0165235	0.0154139	0.0142888	0.0131493	0.0119965	0.0108316	0.00965581	0.00847024	0.00727613	0.00607467	0.0048671	0.00365461	0.00243845	0.00121984	0	
0	0.00133444	0.00266753	0.00399793	0.00532429	0.00664529	0.0079596	0.00926591	0.0105629	0.0118493	0.0131237	0.014385	0.0156318	0.0168629	0.0180771	0.0192731	0.0204497	0.0216058	0.0227402	0.0238518	0.0249394	0.026002	0.0270384	0.0280477	0.0290288	0.0299808	0.0309026	0.0317934	0.0326522	0.0334783	0.0342707	0.0350287	0.0357515	0.0364383	0.0370886	0.0377015	0.0382766	0.0388131	0.0393107	0.0397687	0.0401867	0.0405643	0.0409011	0.0411968	0.041451	0.0416635	0.0418341	0.0419626	0.0420488	0.0420927	0.0420943	0.0420534	0.0419702	0.0418447	0.0416771	0.0414675	0.0412161	0.0409232	0.040589	0.0402139	0.0397983	0.0393426	0.0388472	0.0383126	0.0377394	0.0371281	0.0364794	0.0357939	0.0350722	0.0343152	0.0335236	0.0326981	0.0318396	0.030949	0.0300272	0.029075	0.0280935	0.0270836	0.0260464	0.0249829	0.0238942	0.0227813	0.0216455	0.0204878	0.0193094	0.0181115	0.0168953	0.0156621	0.0144131	0.0131495	0.0118726	0.0105838	0.0092843	0.00797542	0.0066585	0.00533486	0.00400585	0.00267281	0.00133707	0	
0	0.00145011	0.00289874	0.00434444	0.00578577	0.00722127	0.0086495	0.010069	0.0114784	0.0128763	0.0142612	0.0156318	0.0169867	0.0183245	0.0196439	0.0209436	0.0222222	0.0234785	0.0247112	0.0259191	0.027101	0.0282557	0.029382	0.0304787	0.0315449	0.0325793	0.0335811	0.0345491	0.0354824	0.03638	0.0372411	0.0380648	0.0388502	0.0395966	0.0403032	0.0409693	0.0415942	0.0421773	0.0427179	0.0432157	0.0436699	0.0440803	0.0444463	0.0447675	0.0450438	0.0452747	0.0454601	0.0455997	0.0456934	0.0457411	0.0457428	0.0456984	0.045608	0.0454716	0.0452895	0.0450617	0.0447885	0.0444702	0.0441071	0.0436995	0.0432479	0.0427526	0.0422143	0.0416334	0.0410105	0.0403462	0.0396413	0.0388963	0.0381122	0.0372895	0.0364293	0.0355322	0.0345994	0.0336315	0.0326298	0.0315951	0.0305285	0.0294311	0.028304	0.0271483	0.0259652	0.0247559	0.0235216	0.0222636	0.0209831	0.0196813	0.0183598	0.0170196	0.0156624	0.0142892	0.0129017	0.0115012	0.010089	0.0086667	0.00723563	0.00579727	0.00435307	0.00290448	0.00145297	0	
0	0.00156431	0.00312703	0.0046866	0.00624143	0.00778999	0.0093307	0.010862	0.0123824	0.0138904	0.0153844	0.0168629	0.0183245	0.0197677	0.021191	0.022593	0.0239723	0.0253276	0.0266574	0.0279605	0.0292354	0.030481	0.031696	0.0328791	0.0340292	0.0351452	0.0362258	0.0372701	0.0382769	0.0392452	0.0401741	0.0410627	0.04191	0.0427151	0.0434774	0.0441959	0.04487	0.045499	0.0460823	0.0466192	0.0471092	0.0475519	0.0479467	0.0482933	0.0485913	0.0488404	0.0490404	0.049191	0.0492921	0.0493436	0.0493454	0.0492975	0.0492	0.0490529	0.0488564	0.0486107	0.048316	0.0479726	0.0475809	0.0471412	0.046654	0.0461197	0.045539	0.0449123	0.0442404	0.0435238	0.0427633	0.0419597	0.0411138	0.0402264	0.0392983	0.0383307	0.0373243	0.0362803	0.0351997	0.0340835	0.0329329	0.0317491	0.0305332	0.0292865	0.0280102	0.0267057	0.0253742	0.024017	0.0226356	0.0212314	0.0198057	0.0183601	0.0168959	0.0154146	0.0139178	0.012407	0.0108836	0.00934928	0.0078055	0.00625385	0.00469591	0.00313323	0.0015674	0	
0	0.00167694	0.00335218	0.00502404	0.00669083	0.00835088	0.0100025	0.0116441	0.013274	0.0148905	0.0164921	0.0180771	0.0196439	0.021191	0.0227168	0.0242198	0.0256984	0.0271512	0.0285768	0.0299737	0.0313404	0.0326757	0.0339782	0.0352465	0.0364794	0.0376757	0.0388342	0.0399536	0.0410329	0.042071	0.0430668	0.0440193	0.0449276	0.0457907	0.0466079	0.0473781	0.0481008	0.0487751	0.0494003	0.0499759	0.0505012	0.0509758	0.051399	0.0517706	0.05209	0.0523571	0.0525715	0.0527329	0.0528413	0.0528965	0.0528984	0.0528471	0.0527425	0.0525848	0.0523742	0.0521108	0.0517949	0.0514268	0.0510068	0.0505355	0.0500132	0.0494405	0.0488179	0.0481462	0.0474258	0.0466577	0.0458424	0.044981	0.0440741	0.0431228	0.042128	0.0410906	0.0400118	0.0388926	0.0377341	0.0365376	0.0353042	0.0340351	0.0327317	0.0313952	0.0300271	0.0286286	0.0272012	0.0257463	0.0242655	0.0227602	0.0212318	0.0196821	0.0181125	0.0165246	0.01492	0.0133003	0.0116673	0.0100225	0.00836753	0.00670416	0.00503403	0.00335883	0.00168026	0	
0	0.00178789	0.00357397	0.00535644	0.0071335	0.00890339	0.0106643	0.0124145	0.0141522	0.0158757	0.0175832	0.0192731	0.0209436	0.022593	0.0242198	0.0258222	0.0273987	0.0289476	0.0304675	0.0319568	0.033414	0.0348376	0.0362262	0.0375785	0.038893	0.0401684	0.0414035	0.042597	0.0437477	0.0448545	0.0459162	0.0469317	0.0479001	0.0488203	0.0496915	0.0505128	0.0512832	0.0520021	0.0526688	0.0532824	0.0538425	0.0543484	0.0547997	0.0551958	0.0555364	0.0558212	0.0560497	0.0562218	0.0563374	0.0563962	0.0563983	0.0563436	0.0562321	0.056064	0.0558394	0.0555585	0.0552217	0.0548293	0.0543816	0.053879	0.0533222	0.0527116	0.0520479	0.0513316	0.0505636	0.0497447	0.0488755	0.047957	0.0469902	0.0459759	0.0449153	0.0438093	0.0426591	0.0414658	0.0402307	0.038955	0.03764	0.036287	0.0348973	0.0334724	0.0320137	0.0305227	0.0290009	0.0274498	0.025871	0.024266	0.0226366	0.0209843	0.0193108	0.0176179	0.0159071	0.0141803	0.0124392	0.0106856	0.00892115	0.00714773	0.0053671	0.00358107	0.00179143	0	
0	0.00189704	0.00379216	0.00568345	0.00756901	0.00944695	0.0113154	0.0131724	0.0150162	0.0168449	0.0186567	0.0204497	0.0222222	0.0239723	0.0256984	0.0273987	0.0290714	0.0307149	0.0323276	0.0339078	0.0354539	0.0369645	0.0384379	0.0398727	0.0412675	0.0426208	0.0439313	0.0451976	0.0464186	0.0475929	0.0487194	0.049797	0.0508245	0.0518009	0.0527253	0.0535967	0.0544142	0.055177	0.0558843	0.0565354	0.0571297	0.0576665	0.0581453	0.0585656	0.058927	0.0592292	0.0594717	0.0596543	0.0597769	0.0598393	0.0598415	0.0597834	0.0596652	0.0594868	0.0592485	0.0589505	0.0585931	0.0581767	0.0577017	0.0571685	0.0565776	0.0559298	0.0552255	0.0544656	0.0536507	0.0527817	0.0518595	0.0508849	0.049859	0.0487829	0.0476574	0.0464839	0.0452635	0.0439974	0.0426869	0.0413333	0.039938	0.0385024	0.0370279	0.035516	0.0339683	0.0323862	0.0307715	0.0291257	0.0274505	0.0257475	0.0240186	0.0222655	0.0204898	0.0186935	0.0168783	0.0150461	0.0131987	0.011338	0.00946581	0.00758412	0.00569478	0.0037997	0.0019008	0	
0	0.00200429	0.00400655	0.00600476	0.00799692	0.00998102	0.0119551	0.0139171	0.0158652	0.0177972	0.0197114	0.0216058	0.0234785	0.0253276	0.0271512	0.0289476	0.0307149	0.0324513	0.0341552	0.0358247	0.0374583	0.0390542	0.040611	0.0421269	0.0436005	0.0450303	0.0464149	0.0477529	0.0490428	0.0502836	0.0514737	0.0526122	0.0536978	0.0547295	0.0557061	0.0566267	0.0574905	0.0582964	0.0590437	0.0597316	0.0603595	0.0609267	0.0614326	0.0618766	0.0622585	0.0625777	0.0628339	0.0630269	0.0631564	0.0632223	0.0632247	0.0631633	0.0630383	0.0628499	0.0625981	0.0622833	0.0619057	0.0614657	0.0609638	0.0604005	0.0597763	0.0590918	0.0583477	0.0575448	0.0566838	0.0557657	0.0547913	0.0537617	0.0526778	0.0515408	0.0503518	0.0491119	0.0478225	0.0464848	0.0451003	0.0436701	0.0421959	0.0406791	0.0391213	0.0375239	0.0358887	0.0342172	0.0325112	0.0307723	0.0290024	0.0272032	0.0253765	0.0235243	0.0216482	0.0197503	0.0178325	0.0158967	0.0139449	0.011979	0.010001	0.00801289	0.00601674	0.00401452	0.00200827	0	
0	0.00210953	0.00421691	0.00632003	0.00841679	0.0105051	0.0125828	0.0146478	0.0166981	0.0187317	0.0207464	0.0227402	0.0247112	0.0266574	0.0285768	0.0304675	0.0323276	0.0341552	0.0359485	0.0377057	0.039425	0.0411048	0.0427432	0.0443387	0.0458897	0.0473946	0.0488519	0.0502601	0.0516178	0.0529237	0.0541764	0.0553746	0.0565172	0.057603	0.0586309	0.0595999	0.060509	0.0613572	0.0621438	0.0628678	0.0635287	0.0641256	0.0646581	0.0651255	0.0655274	0.0658633	0.066133	0.0663361	0.0664724	0.0665419	0.0665443	0.0664797	0.0663482	0.0661498	0.0658849	0.0655535	0.0651561	0.064693	0.0641648	0.0635718	0.0629148	0.0621944	0.0614113	0.0605662	0.05966	0.0586937	0.0576682	0.0565845	0.0554437	0.054247	0.0529955	0.0516906	0.0503335	0.0489256	0.0474683	0.0459631	0.0444115	0.042815	0.0411754	0.0394941	0.037773	0.0360138	0.0342182	0.032388	0.0305252	0.0286315	0.026709	0.0247594	0.0227849	0.0207874	0.0187689	0.0167314	0.0146771	0.0126079	0.0105261	0.00843362	0.00633265	0.00422531	0.00211371	0	
0	0.00221264	0.00442303	0.00662896	0.00882821	0.0110186	0.0131978	0.0153638	0.0175144	0.0196473	0.0217605	0.0238518	0.0259191	0.0279605	0.0299737	0.0319568	0.0339078	0.0358247	0.0377057	0.0395488	0.0413522	0.043114	0.0448326	0.0465061	0.0481329	0.0497113	0.0512398	0.0527169	0.054141	0.0555107	0.0568246	0.0580814	0.0592799	0.0604188	0.0614969	0.0625133	0.0634668	0.0643565	0.0651815	0.0659409	0.0666341	0.0672602	0.0678187	0.0683089	0.0687305	0.0690828	0.0693657	0.0695787	0.0697217	0.0697945	0.0697971	0.0697294	0.0695914	0.0693834	0.0691054	0.0687579	0.068341	0.0678553	0.0673013	0.0666794	0.0659902	0.0652346	0.0644132	0.0635268	0.0625763	0.0615628	0.0604871	0.0593505	0.0581539	0.0568987	0.0555861	0.0542173	0.0527939	0.0513172	0.0497886	0.0482099	0.0465824	0.0449079	0.0431881	0.0414247	0.0396195	0.0377742	0.0358909	0.0339712	0.0320173	0.0300311	0.0280146	0.0259697	0.0238987	0.0218035	0.0196863	0.0175493	0.0153945	0.0132242	0.0110406	0.00884588	0.00664221	0.00443185	0.00221704	0	
0	0.00231353	0.00462472	0.00693123	0.00923076	0.011521	0.0137996	0.0160644	0.018313	0.0205432	0.0227527	0.0249394	0.027101	0.0292354	0.0313404	0.033414	0.0354539	0.0374583	0.039425	0.0413522	0.0432378	0.04508	0.0468769	0.0486267	0.0503277	0.0519781	0.0535763	0.0551207	0.0566097	0.0580419	0.0594157	0.0607299	0.061983	0.0631738	0.0643011	0.0653638	0.0663608	0.0672911	0.0681537	0.0689478	0.0696725	0.0703272	0.0709112	0.0714238	0.0718645	0.072233	0.0725287	0.0727515	0.072901	0.0729771	0.0729798	0.072909	0.0727647	0.0725472	0.0722566	0.0718932	0.0714574	0.0709495	0.0703702	0.0697199	0.0689994	0.0682093	0.0673504	0.0664236	0.0654298	0.06437	0.0632453	0.0620568	0.0608057	0.0594933	0.0581208	0.0566896	0.0552013	0.0536572	0.052059	0.0504082	0.0487066	0.0469557	0.0451575	0.0433137	0.0414261	0.0394967	0.0375275	0.0355203	0.0334773	0.0314005	0.029292	0.0271539	0.0249885	0.0227977	0.020584	0.0183495	0.0160965	0.0138273	0.0115441	0.00924925	0.0069451	0.00463395	0.00231814	0	
0	0.0024121	0.00482176	0.00722654	0.00962404	0.0120118	0.0143876	0.0167488	0.0190932	0.0214184	0.0237221	0.026002	0.0282557	0.030481	0.0326757	0.0348376	0.0369645	0.0390542	0.0411048	0.043114	0.04508	0.0470006	0.0488741	0.0506985	0.0524719	0.0541927	0.055859	0.0574692	0.0590217	0.0605148	0.0619472	0.0633173	0.0646238	0.0658654	0.0670407	0.0681487	0.0691882	0.0701581	0.0710575	0.0718854	0.072641	0.0733236	0.0739324	0.0744669	0.0749264	0.0753105	0.0756189	0.0758511	0.076007	0.0760864	0.0760892	0.0760154	0.075865	0.0756382	0.0753352	0.0749563	0.0745019	0.0739724	0.0733684	0.0726904	0.0719392	0.0711154	0.0702199	0.0692537	0.0682175	0.0671126	0.06594	0.0647009	0.0633965	0.0620281	0.0605971	0.059105	0.0575532	0.0559434	0.0542771	0.0525559	0.0507818	0.0489564	0.0470815	0.0451591	0.0431912	0.0411796	0.0391264	0.0370338	0.0349037	0.0327384	0.0305401	0.0283109	0.0260531	0.0237691	0.0214611	0.0191314	0.0167824	0.0144164	0.0120359	0.00964334	0.00724101	0.00483139	0.00241691	0	
0	0.00250825	0.00501395	0.00751459	0.0100077	0.0124906	0.0149611	0.0174164	0.0198543	0.0222722	0.0246677	0.0270384	0.029382	0.031696	0.0339782	0.0362262	0.0384379	0.040611	0.0427432	0.0448326	0.0468769	0.0488741	0.0508223	0.0527194	0.0545635	0.0563528	0.0580856	0.05976	0.0613743	0.062927	0.0644165	0.0658412	0.0671998	0.0684908	0.069713	0.0708652	0.0719461	0.0729546	0.0738899	0.0747508	0.0755365	0.0762463	0.0768794	0.0774352	0.077913	0.0783125	0.0786331	0.0788746	0.0790367	0.0791193	0.0791222	0.0790454	0.078889	0.0786532	0.0783381	0.0779441	0.0774716	0.0769211	0.076293	0.075588	0.0748068	0.0739502	0.073019	0.0720142	0.0709368	0.0697878	0.0685684	0.0672799	0.0659235	0.0645006	0.0630126	0.061461	0.0598474	0.0581734	0.0564406	0.0546509	0.052806	0.0509078	0.0489583	0.0469592	0.0449128	0.0428211	0.0406861	0.03851	0.036295	0.0340434	0.0317574	0.0294394	0.0270917	0.0247166	0.0223165	0.019894	0.0174513	0.0149911	0.0125157	0.0100277	0.00752965	0.00502398	0.00251325	0	
0	0.00260188	0.00520111	0.00779509	0.0103812	0.0129569	0.0155195	0.0180665	0.0205954	0.0231035	0.0255885	0.0280477	0.0304787	0.0328791	0.0352465	0.0375785	0.0398727	0.0421269	0.0443387	0.0465061	0.0486267	0.0506985	0.0527194	0.0546873	0.0566003	0.0584564	0.0602538	0.0619907	0.0636653	0.0652759	0.066821	0.0682989	0.0697082	0.0710475	0.0723153	0.0735104	0.0746317	0.0756779	0.0766481	0.0775411	0.0783562	0.0790925	0.0797492	0.0803257	0.0808214	0.0812358	0.0815684	0.0818189	0.0819871	0.0820727	0.0820757	0.0819961	0.0818338	0.0815892	0.0812624	0.0808537	0.0803635	0.0797924	0.0791409	0.0784096	0.0775992	0.0767106	0.0757447	0.0747024	0.0735848	0.0723929	0.071128	0.0697914	0.0683844	0.0669083	0.0653648	0.0637553	0.0620814	0.0603449	0.0585475	0.056691	0.0547772	0.0528082	0.0507858	0.0487122	0.0465894	0.0444195	0.0422048	0.0399475	0.0376499	0.0353142	0.0329429	0.0305384	0.028103	0.0256392	0.0231496	0.0206366	0.0181028	0.0155507	0.0129829	0.0104021	0.00781073	0.00521152	0.00260707	0	
0	0.00269289	0.00538304	0.00806776	0.0107444	0.0134101	0.0160624	0.0186985	0.0213158	0.0239117	0.0264836	0.0290288	0.0315449	0.0340292	0.0364794	0.038893	0.0412675	0.0436005	0.0458897	0.0481329	0.0503277	0.0524719	0.0545635	0.0566003	0.0585802	0.0605012	0.0623615	0.0641592	0.0658923	0.0675593	0.0691584	0.0706881	0.0721467	0.0735327	0.0748449	0.0760819	0.0772424	0.0783252	0.0793293	0.0802536	0.0810972	0.0818592	0.0825389	0.0831356	0.0836486	0.0840775	0.0844217	0.084681	0.0848551	0.0849437	0.0849468	0.0848644	0.0846965	0.0844433	0.084105	0.083682	0.0831747	0.0825836	0.0819093	0.0811524	0.0803137	0.079394	0.0783943	0.0773156	0.0761588	0.0749253	0.0736162	0.0722328	0.0707765	0.0692489	0.0676513	0.0659855	0.0642531	0.0624559	0.0605956	0.0586741	0.0566934	0.0546555	0.0525624	0.0504162	0.0482191	0.0459734	0.0436812	0.041345	0.0389669	0.0365496	0.0340953	0.0316067	0.0290861	0.0265361	0.0239594	0.0213585	0.018736	0.0160947	0.0134371	0.010766	0.00808396	0.00539383	0.00269827	0	
0	0.0027812	0.00555957	0.00833233	0.0110967	0.0138499	0.0165891	0.0193117	0.0220148	0.0246959	0.0273521	0.0299808	0.0325793	0.0351452	0.0376757	0.0401684	0.0426208	0.0450303	0.0473946	0.0497113	0.0519781	0.0541927	0.0563528	0.0584564	0.0605012	0.0624853	0.0644066	0.0662632	0.0680532	0.0697749	0.0714264	0.0730062	0.0745126	0.0759442	0.0772994	0.0785769	0.0797754	0.0808938	0.0819308	0.0828854	0.0837567	0.0845437	0.0852457	0.0858619	0.0863918	0.0868347	0.0871903	0.087458	0.0876378	0.0877293	0.0877326	0.0876474	0.087474	0.0872125	0.0868632	0.0864263	0.0859024	0.0852919	0.0845955	0.0838137	0.0829475	0.0819977	0.0809652	0.0798511	0.0786564	0.0773824	0.0760304	0.0746016	0.0730976	0.0715199	0.0698699	0.0681495	0.0663603	0.0645041	0.0625828	0.0605983	0.0585526	0.0564479	0.0542861	0.0520696	0.0498005	0.0474811	0.0451137	0.0427009	0.0402449	0.0377482	0.0352135	0.0326432	0.0300399	0.0274064	0.0247452	0.022059	0.0193505	0.0166225	0.0138778	0.011119	0.00834908	0.00557072	0.00278676	0	
0	0.00286671	0.00573051	0.00858853	0.0114379	0.0142757	0.0170992	0.0199055	0.0226917	0.0254552	0.0281931	0.0309026	0.0335811	0.0362258	0.0388342	0.0414035	0.0439313	0.0464149	0.0488519	0.0512398	0.0535763	0.055859	0.0580856	0.0602538	0.0623615	0.0644066	0.066387	0.0683006	0.0701457	0.0719203	0.0736226	0.075251	0.0768038	0.0782793	0.0796762	0.080993	0.0822284	0.0833811	0.08445	0.085434	0.086332	0.0871433	0.0878669	0.088502	0.0890482	0.0895047	0.0898712	0.0901472	0.0903325	0.0904269	0.0904302	0.0903424	0.0901637	0.0898942	0.0895341	0.0890838	0.0885438	0.0879145	0.0871966	0.0863909	0.0854981	0.084519	0.0834548	0.0823064	0.081075	0.0797618	0.0783682	0.0768955	0.0753453	0.073719	0.0720183	0.070245	0.0684008	0.0664875	0.0645071	0.0624616	0.0603531	0.0581836	0.0559554	0.0536707	0.0513318	0.0489411	0.0465009	0.0440139	0.0414823	0.0389089	0.0362963	0.0336469	0.0309636	0.0282491	0.025506	0.0227372	0.0199455	0.0171336	0.0143045	0.0114609	0.0086058	0.00574201	0.00287245	0	
0	0.00294935	0.0058957	0.0088361	0.0117676	0.0146872	0.0175921	0.0204793	0.0233459	0.026189	0.0290058	0.0317934	0.0345491	0.0372701	0.0399536	0.042597	0.0451976	0.0477529	0.0502601	0.0527169	0.0551207	0.0574692	0.05976	0.0619907	0.0641592	0.0662632	0.0683006	0.0702695	0.0721677	0.0739935	0.0757449	0.0774202	0.0790177	0.0805358	0.081973	0.0833277	0.0845987	0.0857847	0.0868844	0.0878967	0.0888207	0.0896553	0.0903997	0.0910532	0.0916151	0.0920848	0.0924619	0.0927459	0.0929365	0.0930336	0.093037	0.0929467	0.0927628	0.0924855	0.0921151	0.0916518	0.0910962	0.0904488	0.0897102	0.0888813	0.0879627	0.0869555	0.0858605	0.084679	0.0834121	0.0820611	0.0806273	0.0791122	0.0775172	0.0758441	0.0740944	0.0722699	0.0703725	0.0684041	0.0663667	0.0642622	0.0620929	0.0598609	0.0575684	0.0552179	0.0528115	0.0503519	0.0478414	0.0452827	0.0426782	0.0400306	0.0373426	0.0346169	0.0318562	0.0290634	0.0262413	0.0233927	0.0205205	0.0176276	0.0147169	0.0117913	0.00885389	0.00590754	0.00295525	0	
0	0.00302902	0.00605496	0.0090748	0.0120855	0.015084	0.0180673	0.0210325	0.0239765	0.0268964	0.0297893	0.0326522	0.0354824	0.0382769	0.0410329	0.0437477	0.0464186	0.0490428	0.0516178	0.054141	0.0566097	0.0590217	0.0613743	0.0636653	0.0658923	0.0680532	0.0701457	0.0721677	0.0741173	0.0759924	0.0777911	0.0795117	0.0811523	0.0827114	0.0841874	0.0855788	0.0868841	0.0881021	0.0892315	0.0902712	0.0912201	0.0920773	0.0928418	0.093513	0.0940901	0.0945725	0.0949597	0.0952513	0.0954471	0.0955468	0.0955503	0.0954576	0.0952688	0.094984	0.0946035	0.0941277	0.0935571	0.0928922	0.0921337	0.0912824	0.090339	0.0893045	0.08818	0.0869666	0.0856655	0.084278	0.0828054	0.0812494	0.0796114	0.077893	0.076096	0.0742223	0.0722736	0.070252	0.0681595	0.0659982	0.0637703	0.061478	0.0591236	0.0567096	0.0542382	0.0517122	0.0491339	0.046506	0.0438311	0.041112	0.0383514	0.0355521	0.0327168	0.0298486	0.0269502	0.0240247	0.0210748	0.0181038	0.0151144	0.0121099	0.00909308	0.00606713	0.00303509	0	
0	0.00310565	0.00620814	0.00930437	0.0123912	0.0154656	0.0185244	0.0215646	0.0245831	0.0275769	0.0305429	0.0334783	0.03638	0.0392452	0.042071	0.0448545	0.0475929	0.0502836	0.0529237	0.0555107	0.0580419	0.0605148	0.062927	0.0652759	0.0675593	0.0697749	0.0719203	0.0739935	0.0759924	0.0779149	0.0797591	0.0815232	0.0832054	0.0848039	0.0863173	0.0877438	0.0890822	0.090331	0.091489	0.092555	0.0935279	0.0944067	0.0951906	0.0958788	0.0964704	0.096965	0.0973621	0.0976611	0.0978619	0.0979641	0.0979677	0.0978726	0.097679	0.097387	0.0969969	0.0965091	0.095924	0.0952423	0.0944646	0.0935917	0.0926245	0.0915639	0.0904109	0.0891668	0.0878328	0.0864102	0.0849004	0.0833049	0.0816255	0.0798636	0.0780212	0.0761001	0.0741021	0.0720294	0.0698839	0.067668	0.0653837	0.0630334	0.0606194	0.0581443	0.0556104	0.0530205	0.0503769	0.0476826	0.04494	0.0421521	0.0393217	0.0364515	0.0335446	0.0306038	0.0276321	0.0246325	0.021608	0.0185618	0.0154968	0.0124162	0.00932313	0.00622063	0.00311188	0	
0	0.00317916	0.00635509	0.0095246	0.0126845	0.0158317	0.0189629	0.022075	0.0251649	0.0282296	0.0312659	0.0342707	0.0372411	0.0401741	0.0430668	0.0459162	0.0487194	0.0514737	0.0541764	0.0568246	0.0594157	0.0619472	0.0644165	0.066821	0.0691584	0.0714264	0.0736226	0.0757449	0.0777911	0.0797591	0.081647	0.0834529	0.0851748	0.0868112	0.0883604	0.0898207	0.0911908	0.0924691	0.0936545	0.0947458	0.0957417	0.0966414	0.0974438	0.0981482	0.0987539	0.0992602	0.0996667	0.0999728	0.100178	0.100283	0.100287	0.100189	0.0999911	0.0996922	0.0992928	0.0987935	0.0981946	0.0974967	0.0967006	0.0958071	0.0948169	0.0937312	0.092551	0.0912774	0.0899118	0.0884555	0.08691	0.0852768	0.0835576	0.0817541	0.079868	0.0779014	0.0758562	0.0737344	0.0715381	0.0692697	0.0669313	0.0645254	0.0620543	0.0595206	0.0569268	0.0542755	0.0515694	0.0488112	0.0460038	0.0431499	0.0402525	0.0373144	0.0343386	0.0313282	0.0282861	0.0252156	0.0221195	0.0190012	0.0158637	0.0127101	0.00954382	0.00636788	0.00318554	0	
0	0.00324947	0.00649564	0.00973526	0.0129651	0.0161818	0.0193823	0.0225632	0.0257215	0.028854	0.0319574	0.0350287	0.0380648	0.0410627	0.0440193	0.0469317	0.049797	0.0526122	0.0553746	0.0580814	0.0607299	0.0633173	0.0658412	0.0682989	0.0706881	0.0730062	0.075251	0.0774202	0.0795117	0.0815232	0.0834529	0.0852986	0.0870587	0.0887313	0.0903147	0.0918074	0.0932077	0.0945143	0.095726	0.0968413	0.0978593	0.0987789	0.0995991	0.100319	0.100938	0.101456	0.101871	0.102184	0.102394	0.102501	0.102505	0.102405	0.102203	0.101897	0.101489	0.100979	0.100366	0.0996532	0.0988395	0.0979262	0.0969141	0.0958044	0.094598	0.0932963	0.0919005	0.090412	0.0888323	0.087163	0.0854057	0.0835623	0.0816346	0.0796245	0.077534	0.0753653	0.0731205	0.0708018	0.0684118	0.0659526	0.0634269	0.0608371	0.0581859	0.055476	0.05271	0.0498909	0.0470213	0.0441043	0.0411428	0.0381397	0.0350981	0.0320211	0.0289118	0.0257733	0.0226088	0.0194215	0.0162145	0.0129913	0.00975492	0.00650873	0.003256	0	
0	0.00331652	0.00662967	0.00993613	0.0132326	0.0165157	0.0197822	0.0230288	0.0262523	0.0294493	0.0326168	0.0357515	0.0388502	0.04191	0.0449276	0.0479001	0.0508245	0.0536978	0.0565172	0.0592799	0.061983	0.0646238	0.0671998	0.0697082	0.0721467	0.0745126	0.0768038	0.0790177	0.0811523	0.0832054	0.0851748	0.0870587	0.0888551	0.0905622	0.0921783	0.0937017	0.095131	0.0964646	0.0977012	0.0988396	0.0998786	0.100817	0.101654	0.102389	0.103021	0.103549	0.103973	0.104292	0.104507	0.104616	0.10462	0.104518	0.104312	0.104	0.103583	0.103062	0.102438	0.10171	0.100879	0.0999468	0.0989139	0.0977813	0.0965501	0.0952215	0.0937969	0.0922776	0.0906653	0.0889616	0.0871681	0.0852866	0.0833191	0.0812675	0.0791339	0.0769204	0.0746293	0.0722628	0.0698234	0.0673135	0.0647357	0.0620925	0.0593866	0.0566207	0.0537977	0.0509204	0.0479916	0.0450144	0.0419918	0.0389267	0.0358224	0.0326819	0.0295084	0.0263051	0.0230753	0.0198222	0.0165491	0.0132594	0.00995621	0.00664304	0.00332319	0	
0	0.00338024	0.00675704	0.010127	0.0134868	0.016833	0.0201623	0.0234712	0.0267566	0.0300151	0.0332434	0.0364383	0.0395966	0.0427151	0.0457907	0.0488203	0.0518009	0.0547295	0.057603	0.0604188	0.0631738	0.0658654	0.0684908	0.0710475	0.0735327	0.0759442	0.0782793	0.0805358	0.0827114	0.0848039	0.0868112	0.0887313	0.0905622	0.0923021	0.0939493	0.095502	0.0969587	0.0983179	0.0995783	0.100739	0.101797	0.102754	0.103607	0.104356	0.105	0.105539	0.105971	0.106296	0.106515	0.106626	0.10663	0.106526	0.106316	0.105998	0.105573	0.105042	0.104406	0.103664	0.102817	0.101867	0.100814	0.0996599	0.098405	0.0970509	0.0955989	0.0940505	0.0924073	0.0906708	0.0888428	0.0869252	0.0849199	0.0828289	0.0806543	0.0783983	0.0760631	0.0736512	0.071165	0.0686068	0.0659795	0.0632855	0.0605276	0.0577086	0.0548313	0.0518987	0.0489137	0.0458793	0.0427986	0.0396746	0.0365107	0.0333098	0.0300754	0.0268105	0.0235187	0.0202031	0.0168671	0.0135141	0.0101475	0.00677068	0.00338704	0	
0	0.00344055	0.00687762	0.0103077	0.0137275	0.0171334	0.020522	0.0238901	0.0272341	0.0305507	0.0338366	0.0370886	0.0403032	0.0434774	0.0466079	0.0496915	0.0527253	0.0557061	0.0586309	0.0614969	0.0643011	0.0670407	0.069713	0.0723153	0.0748449	0.0772994	0.0796762	0.081973	0.0841874	0.0863173	0.0883604	0.0903147	0.0921783	0.0939493	0.0956258	0.0972062	0.0986889	0.100072	0.101355	0.102536	0.103614	0.104588	0.105456	0.106218	0.106874	0.107422	0.107862	0.108193	0.108415	0.108529	0.108533	0.108427	0.108213	0.107889	0.107457	0.106917	0.106269	0.105514	0.104652	0.103685	0.102613	0.101438	0.100161	0.0987829	0.097305	0.0957289	0.0940563	0.0922889	0.0904283	0.0884765	0.0864354	0.084307	0.0820936	0.0797973	0.0774205	0.0749656	0.0724349	0.0698312	0.0671569	0.0644149	0.0616078	0.0587385	0.0558099	0.0528249	0.0497866	0.0466981	0.0435623	0.0403827	0.0371622	0.0339043	0.0306121	0.027289	0.0239384	0.0205636	0.0171681	0.0137553	0.0103286	0.00689151	0.00344748	0	
0	0.00349741	0.00699128	0.0104781	0.0139543	0.0174165	0.0208612	0.0242849	0.0276842	0.0310556	0.0343958	0.0377015	0.0409693	0.0441959	0.0473781	0.0505128	0.0535967	0.0566267	0.0595999	0.0625133	0.0653638	0.0681487	0.0708652	0.0735104	0.0760819	0.0785769	0.080993	0.0833277	0.0855788	0.0877438	0.0898207	0.0918074	0.0937017	0.095502	0.0972062	0.0988127	0.10032	0.101726	0.10303	0.104231	0.105327	0.106316	0.107199	0.107974	0.10864	0.109197	0.109644	0.109981	0.110207	0.110322	0.110326	0.110219	0.110001	0.109673	0.109233	0.108684	0.108025	0.107257	0.106382	0.105399	0.104309	0.103115	0.101817	0.100415	0.0989132	0.0973111	0.0956109	0.0938142	0.0919228	0.0899388	0.0878639	0.0857004	0.0834504	0.0811162	0.0787001	0.0762046	0.0736321	0.0709853	0.0682669	0.0654795	0.062626	0.0597093	0.0567323	0.053698	0.0506095	0.0474699	0.0442823	0.0410501	0.0377764	0.0344646	0.031118	0.02774	0.024334	0.0209035	0.0174519	0.0139826	0.0104993	0.00700541	0.00350446	0	
0	0.00355076	0.00709792	0.0106379	0.0141672	0.0176822	0.0211794	0.0246553	0.0281064	0.0315293	0.0349205	0.0382766	0.0415942	0.04487	0.0481008	0.0512832	0.0544142	0.0574905	0.060509	0.0634668	0.0663608	0.0691882	0.0719461	0.0746317	0.0772424	0.0797754	0.0822284	0.0845987	0.0868841	0.0890822	0.0911908	0.0932077	0.095131	0.0969587	0.0986889	0.10032	0.10185	0.103278	0.104602	0.105821	0.106933	0.107938	0.108834	0.109621	0.110297	0.110863	0.111317	0.111659	0.111888	0.112005	0.112009	0.111901	0.111679	0.111345	0.110899	0.110342	0.109673	0.108893	0.108004	0.107006	0.1059	0.104688	0.10337	0.101947	0.100422	0.0987954	0.0970693	0.0952452	0.093325	0.0913107	0.0892042	0.0870077	0.0847234	0.0823535	0.0799006	0.077367	0.0747553	0.0720681	0.0693082	0.0664783	0.0635813	0.0606201	0.0575977	0.0545171	0.0513815	0.048194	0.0449578	0.0416763	0.0383527	0.0349903	0.0315927	0.0281632	0.0247052	0.0212224	0.0177181	0.0141959	0.0106595	0.00711227	0.00355792	0	
0	0.00360053	0.00719742	0.010787	0.0143658	0.0179301	0.0214763	0.0250009	0.0285004	0.0319713	0.03541	0.0388131	0.0421773	0.045499	0.0487751	0.0520021	0.055177	0.0582964	0.0613572	0.0643565	0.0672911	0.0701581	0.0729546	0.0756779	0.0783252	0.0808938	0.0833811	0.0857847	0.0881021	0.090331	0.0924691	0.0945143	0.0964646	0.0983179	0.100072	0.101726	0.103278	0.104726	0.106068	0.107304	0.108432	0.109451	0.11036	0.111158	0.111844	0.112417	0.112877	0.113224	0.113457	0.113575	0.11358	0.113469	0.113245	0.112906	0.112454	0.111889	0.11121	0.11042	0.109518	0.108506	0.107385	0.106155	0.104819	0.103376	0.10183	0.10018	0.0984301	0.0965804	0.0946333	0.0925908	0.0904547	0.0882275	0.0859111	0.0835081	0.0810207	0.0784516	0.0758033	0.0730785	0.0702799	0.0674103	0.0644727	0.0614699	0.0584051	0.0552814	0.0521018	0.0488696	0.0455881	0.0422606	0.0388904	0.0354809	0.0320356	0.028558	0.0250516	0.0215199	0.0179665	0.0143949	0.0108089	0.00721198	0.0036078	0	
0	0.00364669	0.00728968	0.0109253	0.0145499	0.0181599	0.0217516	0.0253214	0.0288658	0.0323811	0.0358639	0.0393107	0.0427179	0.0460823	0.0494003	0.0526688	0.0558843	0.0590437	0.0621438	0.0651815	0.0681537	0.0710575	0.0738899	0.0766481	0.0793293	0.0819308	0.08445	0.0868844	0.0892315	0.091489	0.0936545	0.095726	0.0977012	0.0995783	0.101355	0.10303	0.104602	0.106068	0.107428	0.10868	0.109822	0.110854	0.111775	0.112583	0.113277	0.113858	0.114324	0.114676	0.114911	0.115031	0.115036	0.114924	0.114697	0.114354	0.113896	0.113323	0.112636	0.111836	0.110922	0.109897	0.108762	0.107516	0.106163	0.104702	0.103135	0.101465	0.099692	0.0978186	0.0958465	0.0937778	0.0916144	0.0893585	0.0870125	0.0845787	0.0820594	0.0794574	0.0767751	0.0740153	0.0711809	0.0682745	0.0652992	0.062258	0.0591539	0.0559901	0.0527698	0.0494961	0.0461726	0.0428024	0.0393889	0.0359358	0.0324463	0.0289241	0.0253728	0.0217958	0.0181968	0.0145795	0.0109475	0.00730444	0.00365405	0	
0	0.00368918	0.00737461	0.0110526	0.0147195	0.0183715	0.022005	0.0256164	0.0292021	0.0327584	0.0362818	0.0397687	0.0432157	0.0466192	0.0499759	0.0532824	0.0565354	0.0597316	0.0628678	0.0659409	0.0689478	0.0718854	0.0747508	0.0775411	0.0802536	0.0828854	0.085434	0.0878967	0.0902712	0.092555	0.0947458	0.0968413	0.0988396	0.100739	0.102536	0.104231	0.105821	0.107304	0.10868	0.109946	0.111102	0.112146	0.113077	0.113894	0.114597	0.115185	0.115657	0.116012	0.11625	0.116372	0.116376	0.116263	0.116033	0.115686	0.115223	0.114643	0.113948	0.113139	0.112215	0.111178	0.110029	0.108769	0.1074	0.105922	0.104337	0.102647	0.100854	0.0989584	0.0969634	0.0948705	0.0926819	0.0903998	0.0880264	0.0855642	0.0830156	0.0803832	0.0776697	0.0748778	0.0720103	0.0690701	0.0660601	0.0629834	0.0598432	0.0566425	0.0533847	0.0500729	0.0467106	0.0433011	0.0398479	0.0363545	0.0328244	0.0292612	0.0256684	0.0220498	0.0184089	0.0147494	0.0110751	0.00738956	0.00369663	0	
0	0.00372796	0.00745213	0.0111688	0.0148742	0.0185646	0.0222363	0.0258857	0.0295091	0.0331027	0.0366631	0.0401867	0.0436699	0.0471092	0.0505012	0.0538425	0.0571297	0.0603595	0.0635287	0.0666341	0.0696725	0.072641	0.0755365	0.0783562	0.0810972	0.0837567	0.086332	0.0888207	0.0912201	0.0935279	0.0957417	0.0978593	0.0998786	0.101797	0.103614	0.105327	0.106933	0.108432	0.109822	0.111102	0.11227	0.113325	0.114266	0.115092	0.115802	0.116396	0.116872	0.117231	0.117472	0.117595	0.117599	0.117485	0.117253	0.116902	0.116434	0.115849	0.115146	0.114328	0.113395	0.112347	0.111186	0.109913	0.108529	0.107035	0.105434	0.103726	0.101914	0.0999987	0.0979827	0.0958678	0.0936562	0.0913501	0.0889518	0.0864637	0.0838883	0.0812283	0.0784862	0.075665	0.0727673	0.0697962	0.0667546	0.0636456	0.0604723	0.057238	0.0539459	0.0505993	0.0472016	0.0437563	0.0402668	0.0367367	0.0331695	0.0295688	0.0259383	0.0222816	0.0186024	0.0149044	0.0111915	0.00746724	0.0037355	0	
