0	0	0	0	0	0	0	0	0	0	0	0	0	0	0	0	0	0	0	0	0	0	0	0	0	0	0	0	0	0	0	0	0	0	0	0	0	0	0	0	0	0	0	0	0	0	0	0	0	0	0	0	0	0	0	0	0	0	0	0	0	0	0	0	0	0	0	0	0	0	0	0	0	0	0	0	0	0	0	0	0	0	0	0	0	0	0	0	0	0	0	0	0	0	0	0	0	0	0	0	
0	0.000116828	0.000233538	0.000350011	0.000466131	0.000581781	0.000696845	0.000811208	0.000924754	0.00103737	0.00114894	0.00125936	0.00136851	0.00147629	0.00158258	0.00168728	0.00179029	0.0018915	0.0019908	0.00208811	0.00218332	0.00227633	0.00236706	0.00245541	0.00254129	0.00262462	0.00270531	0.00278329	0.00285846	0.00293077	0.00300013	0.00306647	0.00312973	0.00318985	0.00324676	0.0033004	0.00335073	0.00339768	0.00344123	0.00348131	0.00351788	0.00355092	0.00358039	0.00360626	0.0036285	0.00364708	0.003662	0.00367323	0.00368076	0.00368459	0.00368471	0.00368111	0.00367381	0.00366281	0.00364813	0.00362976	0.00360774	0.00358208	0.00355282	0.00351997	0.00348358	0.00344367	0.00340029	0.00335349	0.0033033	0.00324978	0.00319299	0.00313297	0.0030698	0.00300352	0.00293422	0.00286196	0.00278681	0.00270885	0.00262815	0.0025448	0.00245889	0.00237049	0.0022797	0.00218661	0.00209132	0.00199391	0.00189449	0.00179316	0.00169002	0.00158517	0.00147872	0.00137079	0.00126146	0.00115087	0.00103912	0.000926313	0.000812576	0.00069802	0.00058276	0.000466913	0.000350596	0.000233927	0.000117022	0	
0	0.000233538	0.000466838	0.000699665	0.000931787	0.00116297	0.00139298	0.00162159	0.00184857	0.00207369	0.00229672	0.00251744	0.00273563	0.00295108	0.00316355	0.00337285	0.00357876	0.00378107	0.00397958	0.0041741	0.00436442	0.00455035	0.00473172	0.00490832	0.00508	0.00524658	0.00540788	0.00556375	0.00571402	0.00585856	0.0059972	0.00612982	0.00625628	0.00637645	0.00649021	0.00659745	0.00669805	0.00679192	0.00687896	0.00695908	0.0070322	0.00709824	0.00715715	0.00720886	0.00725331	0.00729046	0.00732028	0.00734273	0.00735779	0.00736544	0.00736567	0.00735849	0.0073439	0.00732191	0.00729255	0.00725584	0.00721182	0.00716053	0.00710203	0.00703637	0.00696362	0.00688385	0.00679714	0.00670357	0.00660325	0.00649627	0.00638274	0.00626277	0.00613648	0.006004	0.00586547	0.00572101	0.00557079	0.00541495	0.00525364	0.00508703	0.00491528	0.00473858	0.00455709	0.00437101	0.00418051	0.0039858	0.00378706	0.0035845	0.00337832	0.00316873	0.00295595	0.00274018	0.00252165	0.00230057	0.00207718	0.00185169	0.00162433	0.00139533	0.00116493	0.000933353	0.000700837	0.000467616	0.000233925	0	
0	0.000350011	0.000699665	0.00104861	0.0013965	0.00174298	0.00208771	0.00243033	0.00277051	0.00310791	0.00344217	0.00377298	0.00409999	0.00442288	0.00474133	0.00505501	0.00536361	0.00566682	0.00596434	0.00625587	0.00654111	0.00681977	0.00709159	0.00735628	0.00761358	0.00786323	0.00810498	0.00833858	0.00856381	0.00878043	0.00898822	0.00918699	0.00937651	0.00955662	0.00972711	0.00988783	0.0100386	0.0101793	0.0103097	0.0104298	0.0105394	0.0106384	0.0107267	0.0108042	0.0108708	0.0109265	0.0109712	0.0110048	0.0110274	0.0110388	0.0110392	0.0110284	0.0110066	0.0109736	0.0109296	0.0108746	0.0108086	0.0107317	0.0106441	0.0105457	0.0104366	0.0103171	0.0101871	0.0100469	0.00989653	0.00973619	0.00956604	0.00938623	0.00919696	0.00899841	0.00879079	0.00857429	0.00834915	0.00811558	0.00787382	0.00762411	0.00736671	0.00710188	0.00682988	0.00655099	0.00626548	0.00597366	0.0056758	0.00537222	0.00506321	0.0047491	0.00443019	0.00410681	0.00377929	0.00344796	0.00311314	0.00277519	0.00243444	0.00209124	0.00174592	0.00139885	0.00105037	0.000700834	0.000350592	0	
0	0.000466131	0.000931787	0.0013965	0.00185981	0.00232124	0.00278033	0.00323663	0.00368966	0.00413899	0.00458415	0.00502471	0.00546021	0.00589023	0.00631432	0.00673207	0.00714305	0.00754686	0.00794308	0.00833133	0.0087112	0.00908232	0.00944431	0.00979682	0.0101395	0.010472	0.0107939	0.011105	0.011405	0.0116934	0.0119702	0.0122349	0.0124873	0.0127271	0.0129542	0.0131682	0.013369	0.0135564	0.0137301	0.01389	0.014036	0.0141678	0.0142854	0.0143886	0.0144773	0.0145515	0.014611	0.0146558	0.0146859	0.0147011	0.0147016	0.0146873	0.0146581	0.0146142	0.0145556	0.0144824	0.0143945	0.0142921	0.0141754	0.0140443	0.0138991	0.0137399	0.0135668	0.0133801	0.0131798	0.0129663	0.0127397	0.0125002	0.0122482	0.0119838	0.0117072	0.0114189	0.0111191	0.010808	0.0104861	0.0101535	0.00981072	0.00945803	0.00909579	0.00872437	0.00834414	0.0079555	0.00755882	0.00715452	0.006743	0.00632467	0.00589996	0.0054693	0.00503312	0.00459186	0.00414597	0.0036959	0.0032421	0.00278503	0.00232516	0.00186294	0.00139885	0.000933345	0.000466906	0	
0	0.000581781	0.00116297	0.00174298	0.00232124	0.00289715	0.00347015	0.00403966	0.0046051	0.0051659	0.00572152	0.00627138	0.00681493	0.00735164	0.00788095	0.00840235	0.0089153	0.00941929	0.00991382	0.0103984	0.0108725	0.0113357	0.0117875	0.0122275	0.0126552	0.0130701	0.013472	0.0138603	0.0142346	0.0145947	0.0149401	0.0152705	0.0155855	0.0158848	0.0161682	0.0164354	0.016686	0.0169198	0.0171367	0.0173363	0.0175184	0.017683	0.0178297	0.0179585	0.0180693	0.0181618	0.0182361	0.018292	0.0183295	0.0183486	0.0183492	0.0183313	0.0182949	0.0182402	0.018167	0.0180756	0.0179659	0.0178381	0.0176924	0.0175288	0.0173476	0.0171489	0.0169329	0.0166998	0.0164499	0.0161834	0.0159005	0.0156017	0.0152871	0.014957	0.0146119	0.0142521	0.0138778	0.0134896	0.0130877	0.0126727	0.0122448	0.0118046	0.0113525	0.010889	0.0104144	0.00992933	0.00943424	0.00892962	0.008416	0.00789388	0.0073638	0.00682628	0.00628188	0.00573114	0.00517462	0.00461289	0.0040465	0.00347603	0.00290205	0.00232515	0.00174591	0.00116492	0.00058275	0	
0	0.000696845	0.00139298	0.00208771	0.00278033	0.00347015	0.00415648	0.00483862	0.00551589	0.00618762	0.00685312	0.00751173	0.00816279	0.00880564	0.00943965	0.0100642	0.0106786	0.0112822	0.0118746	0.012455	0.0130229	0.0135777	0.0141189	0.0146458	0.0151581	0.0156551	0.0161364	0.0166015	0.0170499	0.0174812	0.0178949	0.0182907	0.018668	0.0190266	0.019366	0.019686	0.0199862	0.0202663	0.020526	0.020765	0.0209832	0.0211803	0.0213561	0.0215104	0.021643	0.0217539	0.0218428	0.0219098	0.0219548	0.0219776	0.0219783	0.0219569	0.0219133	0.0218477	0.0217601	0.0216506	0.0215192	0.0213662	0.0211916	0.0209957	0.0207786	0.0205406	0.0202819	0.0200027	0.0197033	0.0193841	0.0190453	0.0186874	0.0183105	0.0179152	0.0175019	0.0170709	0.0166226	0.0161576	0.0156763	0.0151791	0.0146666	0.0141394	0.0135979	0.0130426	0.0124742	0.0118932	0.0113002	0.0106957	0.0100805	0.00945515	0.00882022	0.0081764	0.00752432	0.00686466	0.00619807	0.00552523	0.00484682	0.00416352	0.00347602	0.00278503	0.00209122	0.00139532	0.000698008	0	
0	0.000811208	0.00162159	0.00243033	0.00323663	0.00403966	0.00483862	0.00563271	0.00642113	0.0072031	0.00797782	0.00874452	0.00950243	0.0102508	0.0109888	0.0117158	0.0124311	0.0131338	0.0138234	0.014499	0.0151601	0.015806	0.016436	0.0170494	0.0176458	0.0182244	0.0187847	0.0193261	0.0198481	0.0203502	0.0208318	0.0212924	0.0217317	0.0221491	0.0225443	0.0229168	0.0232662	0.0235923	0.0238946	0.0241729	0.0244269	0.0246563	0.024861	0.0250406	0.025195	0.025324	0.0254276	0.0255056	0.0255579	0.0255845	0.0255853	0.0255603	0.0255097	0.0254333	0.0253313	0.0252038	0.0250509	0.0248727	0.0246695	0.0244414	0.0241887	0.0239117	0.0236105	0.0232855	0.022937	0.0225654	0.022171	0.0217543	0.0213156	0.0208554	0.0203742	0.0198725	0.0193507	0.0188093	0.018249	0.0176703	0.0170737	0.0164599	0.0158295	0.0151831	0.0145214	0.013845	0.0131547	0.0124511	0.0117349	0.0110069	0.0102678	0.00951829	0.0087592	0.00799127	0.00721528	0.00643202	0.00564227	0.00484683	0.0040465	0.0032421	0.00243443	0.00162431	0.000812563	0	
0	0.000924754	0.00184857	0.00277051	0.00368966	0.0046051	0.00551589	0.00642113	0.00731991	0.00821133	0.00909449	0.00996851	0.0108325	0.0116856	0.012527	0.0133557	0.0141711	0.0149722	0.0157583	0.0165285	0.0172821	0.0180184	0.0187366	0.0194359	0.0201157	0.0207753	0.021414	0.0220312	0.0226263	0.0231986	0.0237477	0.0242728	0.0247736	0.0252494	0.0256999	0.0261245	0.0265229	0.0268946	0.0272392	0.0275565	0.027846	0.0281076	0.0283408	0.0285456	0.0287216	0.0288687	0.0289868	0.0290757	0.0291353	0.0291656	0.0291666	0.0291381	0.0290803	0.0289933	0.028877	0.0287316	0.0285573	0.0283543	0.0281226	0.0278626	0.0275745	0.0272587	0.0269153	0.0265448	0.0261476	0.0257239	0.0252744	0.0247993	0.0242992	0.0237747	0.0232261	0.0226541	0.0220592	0.0214421	0.0208034	0.0201436	0.0194636	0.0187639	0.0180452	0.0173083	0.016554	0.015783	0.014996	0.0141939	0.0133775	0.0125476	0.011705	0.0108506	0.00998526	0.00910984	0.00822524	0.00733234	0.00643204	0.00552526	0.00461291	0.00369591	0.00277519	0.00185168	0.000926302	0	
0	0.00103737	0.00207369	0.00310791	0.00413899	0.0051659	0.00618762	0.0072031	0.00821133	0.00921131	0.010202	0.0111825	0.0121517	0.0131087	0.0140525	0.0149822	0.0158969	0.0167955	0.0176773	0.0185414	0.0193868	0.0202127	0.0210183	0.0218028	0.0225654	0.0233053	0.0240219	0.0247142	0.0253818	0.0260238	0.0266397	0.0272288	0.0277905	0.0283243	0.0288296	0.029306	0.0297529	0.0301698	0.0305564	0.0309123	0.0312371	0.0315305	0.0317922	0.0320219	0.0322193	0.0323844	0.0325168	0.0326166	0.0326835	0.0327174	0.0327185	0.0326866	0.0326218	0.0325241	0.0323937	0.0322306	0.0320351	0.0318073	0.0315474	0.0312557	0.0309326	0.0305782	0.0301931	0.0297775	0.0293318	0.0288566	0.0283523	0.0278194	0.0272584	0.02667	0.0260546	0.0254129	0.0247456	0.0240534	0.0233368	0.0225968	0.0218339	0.0210489	0.0202428	0.0194162	0.01857	0.0177051	0.0168223	0.0159225	0.0150066	0.0140756	0.0131305	0.012172	0.0112013	0.0102193	0.00922692	0.00822528	0.00721535	0.00619814	0.00517468	0.00414601	0.00311316	0.00207718	0.00103911	0	
0	0.00114894	0.00229672	0.00344217	0.00458415	0.00572152	0.00685312	0.00797782	0.00909449	0.010202	0.0112993	0.0123852	0.0134587	0.0145186	0.0155639	0.0165936	0.0176066	0.018602	0.0195786	0.0205356	0.0214719	0.0223867	0.0232789	0.0241478	0.0249924	0.0258119	0.0266055	0.0273723	0.0281117	0.0288228	0.0295049	0.0301573	0.0307795	0.0313707	0.0319304	0.032458	0.0329529	0.0334147	0.0338429	0.0342371	0.0345969	0.0349218	0.0352116	0.035466	0.0356847	0.0358675	0.0360142	0.0361246	0.0361987	0.0362364	0.0362375	0.0362022	0.0361304	0.0360222	0.0358778	0.0356972	0.0354806	0.0352283	0.0349405	0.0346175	0.0342595	0.0338671	0.0334405	0.0329802	0.0324866	0.0319603	0.0314017	0.0308115	0.0301902	0.0295385	0.0288569	0.0281462	0.0274072	0.0266404	0.0258468	0.0250272	0.0241822	0.0233129	0.02242	0.0215045	0.0205673	0.0196093	0.0186316	0.017635	0.0166207	0.0155896	0.0145427	0.0134812	0.012406	0.0113184	0.0102193	0.00910996	0.0079914	0.00686478	0.00573125	0.00459193	0.003448	0.00230059	0.00115087	0	
0	0.00125936	0.00251744	0.00377298	0.00502471	0.00627138	0.00751173	0.00874452	0.00996851	0.0111825	0.0123852	0.0135755	0.0147521	0.0159139	0.0170597	0.0181883	0.0192987	0.0203897	0.0214602	0.0225091	0.0235354	0.0245381	0.0255161	0.0264685	0.0273943	0.0282926	0.0291624	0.030003	0.0308133	0.0315928	0.0323404	0.0330556	0.0337375	0.0343856	0.034999	0.0355773	0.0361198	0.036626	0.0370954	0.0375275	0.0379218	0.0382779	0.0385956	0.0388744	0.0391142	0.0393145	0.0394753	0.0395964	0.0396776	0.0397189	0.0397201	0.0396814	0.0396027	0.0394842	0.0393258	0.0391279	0.0388905	0.0386139	0.0382984	0.0379444	0.0375521	0.0371219	0.0366543	0.0361498	0.0356088	0.0350319	0.0344196	0.0337727	0.0330917	0.0323773	0.0316302	0.0308512	0.0300411	0.0292007	0.0283309	0.0274324	0.0265063	0.0255534	0.0245747	0.0235712	0.0225439	0.0214939	0.0204222	0.0193299	0.018218	0.0170878	0.0159403	0.0147768	0.0135983	0.0124062	0.0112015	0.00998548	0.00875942	0.00752453	0.00628205	0.00503325	0.00377937	0.00252169	0.00126148	0	
0	0.00136851	0.00273563	0.00409999	0.00546021	0.00681493	0.00816279	0.00950243	0.0108325	0.0121517	0.0134587	0.0147521	0.0160307	0.0172932	0.0185383	0.0197648	0.0209714	0.0221569	0.0233202	0.0244601	0.0255753	0.0266649	0.0277277	0.0287626	0.0297687	0.0307448	0.03169	0.0326034	0.033484	0.034331	0.0351435	0.0359206	0.0366617	0.0373659	0.0380325	0.0386609	0.0392505	0.0398005	0.0403106	0.0407801	0.0412086	0.0415956	0.0419408	0.0422438	0.0425043	0.042722	0.0428968	0.0430283	0.0431166	0.0431614	0.0431628	0.0431207	0.0430352	0.0429064	0.0427343	0.0425192	0.0422613	0.0419607	0.0416179	0.0412332	0.0408068	0.0403394	0.0398313	0.039283	0.0386951	0.0380682	0.0374029	0.0366999	0.0359598	0.0351835	0.0343717	0.0335252	0.0326449	0.0317317	0.0307864	0.0298101	0.0288037	0.0277682	0.0267047	0.0256142	0.0244979	0.0233569	0.0221923	0.0210053	0.0197971	0.0185689	0.017322	0.0160576	0.014777	0.0134815	0.0121724	0.010851	0.00951864	0.00817671	0.00682655	0.0054695	0.00410695	0.00274026	0.00137082	0	
0	0.00147629	0.00295108	0.00442288	0.00589023	0.00735164	0.00880564	0.0102508	0.0116856	0.0131087	0.0145186	0.0159139	0.0172932	0.0186551	0.0199983	0.0213213	0.022623	0.0239019	0.0251568	0.0263864	0.0275895	0.0287649	0.0299114	0.0310278	0.0321131	0.0331661	0.0341858	0.0351711	0.0361211	0.0370347	0.0379112	0.0387496	0.039549	0.0403086	0.0410278	0.0417057	0.0423416	0.042935	0.0434852	0.0439917	0.044454	0.0448715	0.0452439	0.0455707	0.0458518	0.0460866	0.0462751	0.046417	0.0465122	0.0465606	0.0465621	0.0465167	0.0464245	0.0462855	0.0460999	0.0458678	0.0455896	0.0452654	0.0448955	0.0444805	0.0440206	0.0435163	0.0429682	0.0423767	0.0417426	0.0410663	0.0403486	0.0395902	0.0387919	0.0379544	0.0370787	0.0361655	0.0352159	0.0342307	0.033211	0.0321578	0.0310721	0.0299551	0.0288078	0.0276315	0.0264273	0.0251964	0.02394	0.0226596	0.0213562	0.0200313	0.0186862	0.0173222	0.0159407	0.0145432	0.013131	0.0117056	0.0102683	0.00882068	0.00736418	0.00590026	0.00443039	0.00295607	0.00147878	0	
0	0.00158258	0.00316355	0.00474133	0.00631432	0.00788095	0.00943965	0.0109888	0.012527	0.0140525	0.0155639	0.0170597	0.0185383	0.0199983	0.0214381	0.0228565	0.0242518	0.0256228	0.0269681	0.0282862	0.029576	0.030836	0.032065	0.0332618	0.0344252	0.0355541	0.0366471	0.0377034	0.0387218	0.0397013	0.0406408	0.0415396	0.0423965	0.0432109	0.0439818	0.0447085	0.0453903	0.0460264	0.0466162	0.0471592	0.0476547	0.0481023	0.0485015	0.0488519	0.0491531	0.0494049	0.049607	0.0497591	0.0498612	0.049913	0.0499146	0.049866	0.0497671	0.0496181	0.0494191	0.0491704	0.0488721	0.0485245	0.0481281	0.0476831	0.0471901	0.0466496	0.046062	0.0454279	0.0447481	0.0440231	0.0432537	0.0424407	0.0415849	0.0406872	0.0397484	0.0387695	0.0377515	0.0366954	0.0356023	0.0344732	0.0333094	0.0321119	0.030882	0.029621	0.0283301	0.0270105	0.0256638	0.0242911	0.0228939	0.0214736	0.0200316	0.0185694	0.0170885	0.0155903	0.0140765	0.0125484	0.0110076	0.00945579	0.00789442	0.00632509	0.00474939	0.00316891	0.00158525	0	
0	0.00168728	0.00337285	0.00505501	0.00673207	0.00840235	0.0100642	0.0117158	0.0133557	0.0149822	0.0165936	0.0181883	0.0197648	0.0213213	0.0228565	0.0243686	0.0258563	0.027318	0.0287523	0.0301576	0.0315327	0.0328761	0.0341864	0.0354624	0.0367028	0.0379063	0.0390717	0.0401979	0.0412836	0.0423279	0.0433296	0.0442878	0.0452015	0.0460697	0.0468916	0.0476664	0.0483933	0.0490715	0.0497003	0.0502792	0.0508075	0.0512847	0.0517103	0.0520839	0.0524051	0.0526735	0.052889	0.0530512	0.05316	0.0532153	0.053217	0.0531651	0.0530597	0.0529008	0.0526887	0.0524235	0.0521054	0.0517349	0.0513122	0.0508379	0.0503122	0.0497359	0.0491094	0.0484334	0.0477086	0.0469357	0.0461154	0.0452486	0.0443362	0.0433791	0.0423782	0.0413345	0.0402492	0.0391232	0.0379577	0.036754	0.0355131	0.0342364	0.0329252	0.0315807	0.0302044	0.0287976	0.0273617	0.0258982	0.0244086	0.0228943	0.0213569	0.019798	0.0182191	0.0166218	0.0150078	0.0133786	0.0117359	0.0100814	0.00841672	0.00674356	0.00506362	0.00337857	0.00169013	0	
0	0.00179029	0.00357876	0.00536361	0.00714305	0.0089153	0.0106786	0.0124311	0.0141711	0.0158969	0.0176066	0.0192987	0.0209714	0.022623	0.0242518	0.0258563	0.0274348	0.0289857	0.0305076	0.0319987	0.0334577	0.0348831	0.0362735	0.0376274	0.0389435	0.0402204	0.041457	0.0426519	0.043804	0.044912	0.0459749	0.0469915	0.047961	0.0488822	0.0497543	0.0505764	0.0513477	0.0520673	0.0527345	0.0533487	0.0539093	0.0544156	0.0548672	0.0552636	0.0556044	0.0558892	0.0561178	0.0562899	0.0564054	0.056464	0.0564659	0.0564108	0.056299	0.0561304	0.0559053	0.0556239	0.0552865	0.0548933	0.0544448	0.0539415	0.0533838	0.0527723	0.0521076	0.0513903	0.0506212	0.0498011	0.0489308	0.0480111	0.0470429	0.0460274	0.0449654	0.043858	0.0427064	0.0415117	0.0402751	0.0389978	0.0376812	0.0363266	0.0349353	0.0335088	0.0320484	0.0305557	0.0290321	0.0274793	0.0258987	0.024292	0.0226608	0.0210067	0.0193314	0.0176366	0.015924	0.0141954	0.0124524	0.0106969	0.00893057	0.00715526	0.00537276	0.00358484	0.00179332	0	
0	0.0018915	0.00378107	0.00566682	0.00754686	0.00941929	0.0112822	0.0131338	0.0149722	0.0167955	0.018602	0.0203897	0.0221569	0.0239019	0.0256228	0.027318	0.0289857	0.0306244	0.0322322	0.0338077	0.0353492	0.0368551	0.0383241	0.0397545	0.041145	0.0424942	0.0438007	0.0450631	0.0462803	0.0474509	0.0485739	0.0496481	0.0506723	0.0516457	0.0525671	0.0534356	0.0542505	0.0550107	0.0557157	0.0563647	0.0569569	0.0574919	0.057969	0.0583878	0.0587478	0.0590488	0.0592903	0.0594721	0.0595941	0.0596561	0.059658	0.0595999	0.0594817	0.0593036	0.0590658	0.0587685	0.058412	0.0579966	0.0575227	0.056991	0.0564017	0.0557556	0.0550533	0.0542955	0.053483	0.0526165	0.051697	0.0507253	0.0497024	0.0486294	0.0475074	0.0463374	0.0451207	0.0438584	0.0425519	0.0412025	0.0398114	0.0383802	0.0369103	0.0354031	0.0338602	0.0322831	0.0306734	0.0290328	0.0273629	0.0256653	0.0239419	0.0221943	0.0204243	0.0186336	0.0168242	0.0149979	0.0131564	0.0113016	0.00943544	0.00755978	0.0056765	0.0037875	0.0018947	0	
0	0.0019908	0.00397958	0.00596434	0.00794308	0.00991382	0.0118746	0.0138234	0.0157583	0.0176773	0.0195786	0.0214602	0.0233202	0.0251568	0.0269681	0.0287523	0.0305076	0.0322322	0.0339245	0.0355826	0.0372051	0.0387901	0.0403362	0.0418417	0.0433052	0.0447252	0.0461003	0.047429	0.0487101	0.0499422	0.0511242	0.0522547	0.0533328	0.0543572	0.055327	0.0562411	0.0570987	0.0578989	0.0586409	0.0593239	0.0599473	0.0605103	0.0610125	0.0614533	0.0618323	0.062149	0.0624032	0.0625946	0.062723	0.0627882	0.0627902	0.062729	0.0626046	0.0624172	0.0621669	0.061854	0.0614787	0.0610416	0.0605429	0.0599831	0.059363	0.058683	0.0579438	0.0571462	0.056291	0.055379	0.0544112	0.0533885	0.0523119	0.0511826	0.0500017	0.0487703	0.0474897	0.0461611	0.044786	0.0433657	0.0419017	0.0403953	0.0388482	0.0372619	0.035638	0.0339781	0.0322839	0.0305571	0.0287995	0.0270128	0.0251989	0.0233595	0.0214966	0.019612	0.0177076	0.0157853	0.0138471	0.011895	0.00993084	0.00795669	0.00597453	0.00398636	0.00199418	0	
0	0.00208811	0.0041741	0.00625587	0.00833133	0.0103984	0.012455	0.014499	0.0165285	0.0185414	0.0205356	0.0225091	0.0244601	0.0263864	0.0282862	0.0301576	0.0319987	0.0338077	0.0355826	0.0373219	0.0390236	0.0406861	0.0423078	0.0438869	0.0454219	0.0469113	0.0483536	0.0497473	0.051091	0.0523833	0.053623	0.0548089	0.0559396	0.0570141	0.0580313	0.0589901	0.0598897	0.060729	0.0615072	0.0622236	0.0628774	0.063468	0.0639947	0.0644571	0.0648546	0.0651868	0.0654534	0.0656542	0.0657888	0.0658572	0.0658594	0.0657952	0.0656647	0.0654681	0.0652056	0.0648774	0.0644838	0.0640252	0.0635022	0.0629151	0.0622646	0.0615513	0.060776	0.0599395	0.0590425	0.0580859	0.0570708	0.0559981	0.0548689	0.0536844	0.0524457	0.0511541	0.0498109	0.0484175	0.0469752	0.0454854	0.0439498	0.0423698	0.0407471	0.0390832	0.0373799	0.0356389	0.0338619	0.0320507	0.0302072	0.0283332	0.0264306	0.0245013	0.0225474	0.0205706	0.0185731	0.0165569	0.014524	0.0124764	0.0104163	0.00834562	0.00626657	0.00418121	0.00209165	0	
0	0.00218332	0.00436442	0.00654111	0.0087112	0.0108725	0.0130229	0.0151601	0.0172821	0.0193868	0.0214719	0.0235354	0.0255753	0.0275895	0.029576	0.0315327	0.0334577	0.0353492	0.0372051	0.0390236	0.0408029	0.0425412	0.0442368	0.045888	0.047493	0.0490503	0.0505583	0.0520156	0.0534205	0.0547718	0.0560681	0.0573079	0.0584902	0.0596137	0.0606773	0.0616799	0.0626204	0.063498	0.0643117	0.0650608	0.0657444	0.0663619	0.0669127	0.0673961	0.0678117	0.0681591	0.0684379	0.0686478	0.0687886	0.0688601	0.0688623	0.0687952	0.0686588	0.0684532	0.0681787	0.0678356	0.067424	0.0669446	0.0663976	0.0657838	0.0651037	0.0643579	0.0635472	0.0626725	0.0617346	0.0607345	0.059673	0.0585514	0.0573708	0.0561322	0.0548371	0.0534866	0.0520822	0.0506252	0.0491171	0.0475594	0.0459538	0.0443018	0.0426051	0.0408653	0.0390844	0.0372639	0.0354059	0.0335122	0.0315846	0.0296251	0.0276358	0.0256185	0.0235755	0.0215086	0.01942	0.0173118	0.0151862	0.0130453	0.0108912	0.00872616	0.00655231	0.00437187	0.00218703	0	
0	0.00227633	0.00455035	0.00681977	0.00908232	0.0113357	0.0135777	0.015806	0.0180184	0.0202127	0.0223867	0.0245381	0.0266649	0.0287649	0.030836	0.0328761	0.0348831	0.0368551	0.0387901	0.0406861	0.0425412	0.0443536	0.0461214	0.0478429	0.0495163	0.05114	0.0527123	0.0542316	0.0556964	0.0571053	0.0584567	0.0597494	0.0609821	0.0621535	0.0632623	0.0643076	0.0652882	0.0662032	0.0670516	0.0678326	0.0685454	0.0691892	0.0697634	0.0702674	0.0707007	0.0710629	0.0713535	0.0715724	0.0717192	0.0717938	0.0717961	0.0717261	0.0715839	0.0713696	0.0710834	0.0707256	0.0702965	0.0697966	0.0692264	0.0685864	0.0678773	0.0670998	0.0662546	0.0653426	0.0643647	0.063322	0.0622153	0.061046	0.059815	0.0585237	0.0571734	0.0557654	0.0543011	0.052782	0.0512097	0.0495857	0.0479116	0.0461892	0.0444202	0.0426064	0.0407495	0.0388515	0.0369144	0.0349399	0.0329302	0.0308873	0.0288132	0.02671	0.0245799	0.0224249	0.0202474	0.0180494	0.0158332	0.0136011	0.0113552	0.00909793	0.00683147	0.00455813	0.00228021	0	
0	0.00236706	0.00473172	0.00709159	0.00944431	0.0117875	0.0141189	0.016436	0.0187366	0.0210183	0.0232789	0.0255161	0.0277277	0.0299114	0.032065	0.0341864	0.0362735	0.0383241	0.0403362	0.0423078	0.0442368	0.0461214	0.0479597	0.0497498	0.0514899	0.0531783	0.0548133	0.0563931	0.0579163	0.0593814	0.0607867	0.0621309	0.0634127	0.0646308	0.0657838	0.0668708	0.0678905	0.0688419	0.0697242	0.0705363	0.0712774	0.0719469	0.072544	0.0730681	0.0735187	0.0738953	0.0741976	0.0744251	0.0745778	0.0746553	0.0746577	0.074585	0.0744371	0.0742142	0.0739166	0.0735446	0.0730984	0.0725786	0.0719857	0.0713202	0.0705828	0.0697743	0.0688954	0.0679471	0.0669302	0.0658459	0.0646951	0.0634791	0.0621991	0.0608564	0.0594522	0.0579881	0.0564654	0.0548858	0.0532508	0.0515621	0.0498213	0.0480303	0.0461907	0.0443046	0.0423737	0.0404001	0.0383857	0.0363326	0.0342428	0.0321184	0.0299616	0.0277746	0.0255596	0.0233188	0.0210544	0.0187688	0.0164643	0.0141432	0.0118078	0.00946057	0.00710376	0.00473981	0.00237109	0	
0	0.00245541	0.00490832	0.00735628	0.00979682	0.0122275	0.0146458	0.0170494	0.0194359	0.0218028	0.0241478	0.0264685	0.0287626	0.0310278	0.0332618	0.0354624	0.0376274	0.0397545	0.0418417	0.0438869	0.045888	0.0478429	0.0497498	0.0516067	0.0534118	0.0551632	0.0568592	0.058498	0.0600781	0.0615978	0.0630556	0.06445	0.0657796	0.0670431	0.0682392	0.0693668	0.0704245	0.0714115	0.0723267	0.0731691	0.0739379	0.0746324	0.0752517	0.0757954	0.0762628	0.0766535	0.076967	0.0772031	0.0773614	0.0774419	0.0774444	0.0773689	0.0772155	0.0769843	0.0766756	0.0762897	0.0758269	0.0752877	0.0746726	0.0739822	0.0732173	0.0723786	0.071467	0.0704832	0.0694284	0.0683036	0.0671099	0.0658486	0.0645208	0.0631279	0.0616713	0.0601525	0.0585731	0.0569345	0.0552385	0.0534867	0.0516809	0.049823	0.0479148	0.0459583	0.0439554	0.0419081	0.0398185	0.0376887	0.0355209	0.0333173	0.03108	0.0288114	0.0265136	0.0241892	0.0218403	0.0194694	0.0170789	0.0146711	0.0122486	0.0098137	0.00736892	0.00491673	0.0024596	0	
0	0.00254129	0.00508	0.00761358	0.0101395	0.0126552	0.0151581	0.0176458	0.0201157	0.0225654	0.0249924	0.0273943	0.0297687	0.0321131	0.0344252	0.0367028	0.0389435	0.041145	0.0433052	0.0454219	0.047493	0.0495163	0.0514899	0.0534118	0.05528	0.0570927	0.058848	0.0605441	0.0621795	0.0637523	0.0652611	0.0667043	0.0680804	0.0693881	0.0706261	0.071793	0.0728878	0.0739093	0.0748565	0.0757284	0.0765241	0.0772428	0.0778839	0.0784466	0.0789303	0.0793347	0.0796592	0.0799035	0.0800674	0.0801506	0.0801532	0.0800751	0.0799163	0.0796771	0.0793576	0.0789581	0.0784791	0.0779211	0.0772845	0.07657	0.0757783	0.0749103	0.0739667	0.0729486	0.0718569	0.0706928	0.0694573	0.0681518	0.0667776	0.065336	0.0638285	0.0622566	0.0606218	0.0589259	0.0571706	0.0553576	0.0534886	0.0515658	0.0495908	0.0475659	0.0454929	0.043374	0.0412113	0.039007	0.0367634	0.0344827	0.0321671	0.0298191	0.027441	0.0250353	0.0226043	0.0201504	0.0176763	0.0151843	0.012677	0.010157	0.00762668	0.00508871	0.00254563	0	
0	0.00262462	0.00524658	0.00786323	0.010472	0.0130701	0.0156551	0.0182244	0.0207753	0.0233053	0.0258119	0.0282926	0.0307448	0.0331661	0.0355541	0.0379063	0.0402204	0.0424942	0.0447252	0.0469113	0.0490503	0.05114	0.0531783	0.0551632	0.0570927	0.0589648	0.0607776	0.0625294	0.0642184	0.0658428	0.067401	0.0688915	0.0703128	0.0716634	0.072942	0.0741472	0.0752779	0.0763328	0.0773111	0.0782115	0.0790334	0.0797757	0.0804378	0.0810189	0.0815185	0.0819361	0.0822713	0.0825236	0.0826928	0.0827789	0.0827815	0.0827008	0.0825369	0.0822898	0.0819598	0.0815473	0.0810526	0.0804762	0.0798187	0.0790808	0.0782632	0.0773667	0.0763922	0.0753407	0.0742132	0.0730109	0.0717349	0.0703866	0.0689673	0.0674784	0.0659215	0.064298	0.0626097	0.0608582	0.0590453	0.0571728	0.0552426	0.0532567	0.051217	0.0491256	0.0469847	0.0447963	0.0425627	0.0402861	0.0379689	0.0356134	0.0332219	0.030797	0.0283409	0.0258562	0.0233455	0.0208112	0.0182559	0.0156822	0.0130927	0.01049	0.00787677	0.00525558	0.00262911	0	
0	0.00270531	0.00540788	0.00810498	0.0107939	0.013472	0.0161364	0.0187847	0.021414	0.0240219	0.0266055	0.0291624	0.03169	0.0341858	0.0366471	0.0390717	0.041457	0.0438007	0.0461003	0.0483536	0.0505583	0.0527123	0.0548133	0.0568592	0.058848	0.0607776	0.0626462	0.0644519	0.0661927	0.0678671	0.0694733	0.0710096	0.0724746	0.0738667	0.0751846	0.0764268	0.0775923	0.0786797	0.079688	0.0806162	0.0814632	0.0822284	0.0829108	0.0835098	0.0840248	0.0844552	0.0848007	0.0850608	0.0852352	0.0853239	0.0853267	0.0852435	0.0850745	0.0848198	0.0844797	0.0840545	0.0835445	0.0829505	0.0822728	0.0815122	0.0806694	0.0797454	0.0787409	0.0776571	0.0764949	0.0752556	0.0739404	0.0725507	0.0710877	0.0695531	0.0679483	0.0662749	0.0645347	0.0627293	0.0608607	0.0589306	0.0569411	0.0548941	0.0527917	0.050636	0.0484292	0.0461736	0.0438713	0.0415248	0.0391363	0.0367084	0.0342434	0.0317438	0.0292123	0.0266512	0.0240633	0.0214511	0.0188172	0.0161644	0.0134953	0.0108126	0.00811895	0.00541717	0.00270994	0	
0	0.00278329	0.00556375	0.00833858	0.011105	0.0138603	0.0166015	0.0193261	0.0220312	0.0247142	0.0273723	0.030003	0.0326034	0.0351711	0.0377034	0.0401979	0.0426519	0.0450631	0.047429	0.0497473	0.0520156	0.0542316	0.0563931	0.058498	0.0605441	0.0625294	0.0644519	0.0663096	0.0681006	0.0698232	0.0714757	0.0730563	0.0745635	0.0759957	0.0773516	0.0786297	0.0798287	0.0809475	0.0819849	0.0829398	0.0838113	0.0845985	0.0853006	0.0859168	0.0864467	0.0868895	0.0872449	0.0875125	0.087692	0.0877832	0.0877861	0.0877005	0.0875266	0.0872646	0.0869147	0.0864772	0.0859526	0.0853414	0.0846442	0.0838616	0.0829946	0.0820439	0.0810105	0.0798954	0.0786998	0.0774247	0.0760717	0.0746418	0.0731367	0.0715579	0.0699068	0.0681852	0.0663948	0.0645374	0.0626149	0.0606292	0.0585823	0.0564763	0.0543133	0.0520955	0.0498251	0.0475045	0.0451358	0.0427217	0.0402644	0.0377664	0.0352304	0.0326588	0.0300543	0.0274194	0.0247569	0.0220694	0.0193596	0.0166303	0.0138843	0.0111242	0.00835297	0.00557331	0.00278805	0	
0	0.00285846	0.00571402	0.00856381	0.011405	0.0142346	0.0170499	0.0198481	0.0226263	0.0253818	0.0281117	0.0308133	0.033484	0.0361211	0.0387218	0.0412836	0.043804	0.0462803	0.0487101	0.051091	0.0534205	0.0556964	0.0579163	0.0600781	0.0621795	0.0642184	0.0661927	0.0681006	0.0699401	0.0717092	0.0734063	0.0750296	0.0765775	0.0780484	0.0794409	0.0807535	0.0819849	0.0831339	0.0841993	0.08518	0.0860751	0.0868835	0.0876046	0.0882375	0.0887817	0.0892365	0.0896015	0.0898763	0.0900606	0.0901543	0.0901572	0.0900694	0.0898908	0.0896217	0.0892623	0.088813	0.0882742	0.0876465	0.0869305	0.0861268	0.0852364	0.08426	0.0831987	0.0820535	0.0808255	0.0795161	0.0781264	0.076658	0.0751123	0.0734907	0.0717951	0.070027	0.0681882	0.0662807	0.0643062	0.0622669	0.0601647	0.0580019	0.0557804	0.0535027	0.051171	0.0487876	0.046355	0.0438756	0.041352	0.0387866	0.036182	0.033541	0.0308661	0.02816	0.0254256	0.0226655	0.0198825	0.0170795	0.0142593	0.0114247	0.0085786	0.00572386	0.00286336	0	
0	0.00293077	0.00585856	0.00878043	0.0116934	0.0145947	0.0174812	0.0203502	0.0231986	0.0260238	0.0288228	0.0315928	0.034331	0.0370347	0.0397013	0.0423279	0.044912	0.0474509	0.0499422	0.0523833	0.0547718	0.0571053	0.0593814	0.0615978	0.0637523	0.0658428	0.0678671	0.0698232	0.0717092	0.0735231	0.0752631	0.0769275	0.0785146	0.0800227	0.0814504	0.0827962	0.0840588	0.0852368	0.0863292	0.0873347	0.0882524	0.0890813	0.0898206	0.0904695	0.0910275	0.0914938	0.091868	0.0921498	0.0923388	0.0924348	0.0924378	0.0923477	0.0921647	0.0918887	0.0915203	0.0910596	0.0905072	0.0898636	0.0891295	0.0883055	0.0873925	0.0863914	0.0853033	0.0841291	0.0828701	0.0815275	0.0801027	0.0785972	0.0770123	0.0753498	0.0736112	0.0717984	0.0699131	0.0679573	0.0659329	0.063842	0.0616867	0.0594691	0.0571915	0.0548561	0.0524654	0.0500218	0.0475276	0.0449855	0.042398	0.0397677	0.0370973	0.0343894	0.0316469	0.0288724	0.0260688	0.0232389	0.0203855	0.0175116	0.01462	0.0117137	0.00879561	0.00586865	0.0029358	0	
0	0.00300013	0.0059972	0.00898822	0.0119702	0.0149401	0.0178949	0.0208318	0.0237477	0.0266397	0.0295049	0.0323404	0.0351435	0.0379112	0.0406408	0.0433296	0.0459749	0.0485739	0.0511242	0.053623	0.0560681	0.0584567	0.0607867	0.0630556	0.0652611	0.067401	0.0694733	0.0714757	0.0734063	0.0752631	0.0770443	0.0787481	0.0803727	0.0819166	0.083378	0.0847557	0.0860482	0.0872541	0.0883723	0.0894016	0.090341	0.0911895	0.0919463	0.0926106	0.0931818	0.0936591	0.0940422	0.0943306	0.0945241	0.0946225	0.0946255	0.0945333	0.0943459	0.0940634	0.0936863	0.0932147	0.0926492	0.0919904	0.0912389	0.0903954	0.0894608	0.088436	0.0873221	0.0861202	0.0848314	0.083457	0.0819985	0.0804573	0.0788349	0.0771331	0.0753534	0.0734976	0.0715677	0.0695657	0.0674934	0.065353	0.0631466	0.0608765	0.058545	0.0561544	0.0537071	0.0512057	0.0486525	0.0460502	0.0434015	0.0407089	0.0379753	0.0352034	0.0323959	0.0295557	0.0266857	0.0237889	0.020868	0.017926	0.014966	0.0119909	0.00900378	0.00600755	0.00300528	0	
0	0.00306647	0.00612982	0.00918699	0.0122349	0.0152705	0.0182907	0.0212924	0.0242728	0.0272288	0.0301573	0.0330556	0.0359206	0.0387496	0.0415396	0.0442878	0.0469915	0.0496481	0.0522547	0.0548089	0.0573079	0.0597494	0.0621309	0.06445	0.0667043	0.0688915	0.0710096	0.0730563	0.0750296	0.0769275	0.0787481	0.0804895	0.0821501	0.0837281	0.0852219	0.08663	0.0879511	0.0891837	0.0903266	0.0913787	0.0923388	0.0932061	0.0939797	0.0946587	0.0952424	0.0957303	0.0961219	0.0964167	0.0966145	0.096715	0.0967181	0.0966239	0.0964323	0.0961436	0.0957581	0.0952761	0.0946981	0.0940247	0.0932566	0.0923944	0.0914392	0.0903918	0.0892532	0.0880247	0.0867074	0.0853026	0.0838119	0.0822366	0.0805784	0.0788388	0.0770198	0.075123	0.0731505	0.0711041	0.068986	0.0667982	0.0645431	0.0622228	0.0598397	0.0573963	0.0548949	0.0523381	0.0497284	0.0470686	0.0443613	0.0416092	0.0388151	0.0359819	0.0331123	0.0302094	0.0272759	0.0243149	0.0213295	0.0183225	0.015297	0.0122561	0.0092029	0.00614041	0.00307174	0	
0	0.00312973	0.00625628	0.00937651	0.0124873	0.0155855	0.018668	0.0217317	0.0247736	0.0277905	0.0307795	0.0337375	0.0366617	0.039549	0.0423965	0.0452015	0.047961	0.0506723	0.0533328	0.0559396	0.0584902	0.0609821	0.0634127	0.0657796	0.0680804	0.0703128	0.0724746	0.0745635	0.0765775	0.0785146	0.0803727	0.0821501	0.0838449	0.0854554	0.0869801	0.0884173	0.0897655	0.0910236	0.0921901	0.0932639	0.0942439	0.0951291	0.0959186	0.0966116	0.0972073	0.0977053	0.098105	0.0984059	0.0986077	0.0987103	0.0987135	0.0986173	0.0984218	0.0981271	0.0977337	0.0972417	0.0966518	0.0959646	0.0951806	0.0943006	0.0933257	0.0922566	0.0910946	0.0898407	0.0884962	0.0870625	0.085541	0.0839332	0.0822408	0.0804654	0.0786088	0.0766729	0.0746596	0.0725711	0.0704092	0.0681764	0.0658747	0.0635066	0.0610743	0.0585804	0.0560274	0.0534179	0.0507544	0.0480397	0.0452765	0.0424677	0.0396159	0.0367242	0.0337955	0.0308326	0.0278387	0.0248166	0.0217695	0.0187005	0.0156126	0.012509	0.00939277	0.0062671	0.00313512	0	
0	0.00318985	0.00637645	0.00955662	0.0127271	0.0158848	0.0190266	0.0221491	0.0252494	0.0283243	0.0313707	0.0343856	0.0373659	0.0403086	0.0432109	0.0460697	0.0488822	0.0516457	0.0543572	0.0570141	0.0596137	0.0621535	0.0646308	0.0670431	0.0693881	0.0716634	0.0738667	0.0759957	0.0780484	0.0800227	0.0819166	0.0837281	0.0854554	0.0870969	0.0886508	0.0901156	0.0914898	0.092772	0.0939609	0.0950553	0.0960542	0.0969564	0.097761	0.0984673	0.0990746	0.0995821	0.0999894	0.100296	0.100502	0.100606	0.10061	0.100512	0.100312	0.100012	0.099611	0.0991096	0.0985084	0.0978079	0.0970089	0.0961121	0.0951184	0.0940288	0.0928444	0.0915665	0.0901962	0.0887349	0.0871842	0.0855455	0.0838205	0.082011	0.0801188	0.0781457	0.0760938	0.0739651	0.0717617	0.069486	0.0671401	0.0647265	0.0622475	0.0597057	0.0571037	0.054444	0.0517294	0.0489625	0.0461463	0.0432835	0.0403769	0.0374297	0.0344447	0.0314249	0.0283734	0.0252933	0.0221877	0.0190597	0.0159125	0.0127493	0.0095732	0.00638748	0.00319534	0	
0	0.00324676	0.00649021	0.00972711	0.0129542	0.0161682	0.019366	0.0225443	0.0256999	0.0288296	0.0319304	0.034999	0.0380325	0.0410278	0.0439818	0.0468916	0.0497543	0.0525671	0.055327	0.0580313	0.0606773	0.0632623	0.0657838	0.0682392	0.0706261	0.072942	0.0751846	0.0773516	0.0794409	0.0814504	0.083378	0.0852219	0.0869801	0.0886508	0.0902325	0.0917234	0.0931221	0.0944272	0.0956373	0.0967513	0.0977679	0.0986862	0.0995052	0.100224	0.100842	0.101359	0.101773	0.102086	0.102295	0.102401	0.102405	0.102305	0.102102	0.101796	0.101388	0.100878	0.100266	0.099553	0.0987397	0.0978269	0.0968154	0.0957064	0.0945009	0.0932002	0.0918054	0.0903181	0.0887397	0.0870718	0.0853161	0.0834743	0.0815483	0.07954	0.0774514	0.0752848	0.0730421	0.0707257	0.068338	0.0658813	0.0633581	0.060771	0.0581225	0.0554154	0.0526523	0.0498361	0.0469696	0.0440557	0.0410974	0.0380975	0.0350592	0.0319856	0.0288797	0.0257446	0.0225836	0.0193998	0.0161964	0.0129768	0.00974401	0.00650145	0.00325236	0	
0	0.0033004	0.00659745	0.00988783	0.0131682	0.0164354	0.019686	0.0229168	0.0261245	0.029306	0.032458	0.0355773	0.0386609	0.0417057	0.0447085	0.0476664	0.0505764	0.0534356	0.0562411	0.0589901	0.0616799	0.0643076	0.0668708	0.0693668	0.071793	0.0741472	0.0764268	0.0786297	0.0807535	0.0827962	0.0847557	0.08663	0.0884173	0.0901156	0.0917234	0.093239	0.0946608	0.0959874	0.0972175	0.0983499	0.0993833	0.100317	0.101149	0.10188	0.102508	0.103034	0.103455	0.103772	0.103985	0.104093	0.104097	0.103995	0.103789	0.103478	0.103064	0.102545	0.101923	0.101198	0.100371	0.0994433	0.0984152	0.0972878	0.0960624	0.0947402	0.0933224	0.0918105	0.090206	0.0885105	0.0867258	0.0848536	0.0828957	0.0808543	0.0787312	0.0765288	0.074249	0.0718944	0.0694672	0.0669699	0.064405	0.0617752	0.0590829	0.0563311	0.0535224	0.0506596	0.0477457	0.0447837	0.0417764	0.038727	0.0356386	0.0325141	0.0293569	0.02617	0.0229568	0.0197204	0.0164641	0.0131912	0.00990502	0.00660888	0.0033061	0	
0	0.00335073	0.00669805	0.0100386	0.013369	0.016686	0.0199862	0.0232662	0.0265229	0.0297529	0.0329529	0.0361198	0.0392505	0.0423416	0.0453903	0.0483933	0.0513477	0.0542505	0.0570987	0.0598897	0.0626204	0.0652882	0.0678905	0.0704245	0.0728878	0.0752779	0.0775923	0.0798287	0.0819849	0.0840588	0.0860482	0.0879511	0.0897655	0.0914898	0.0931221	0.0946608	0.0961043	0.0974512	0.0987	0.0998497	0.100899	0.101847	0.102692	0.103434	0.104072	0.104605	0.105033	0.105355	0.105571	0.105681	0.105684	0.105581	0.105372	0.105056	0.104635	0.104109	0.103477	0.102741	0.101902	0.10096	0.099916	0.0987714	0.0975274	0.0961849	0.0947455	0.0932106	0.0915816	0.0898603	0.0880483	0.0861476	0.0841599	0.0820873	0.0799319	0.0776958	0.0753813	0.0729908	0.0705266	0.0679912	0.0653872	0.0627172	0.0599839	0.0571901	0.0543386	0.0514322	0.0484739	0.0454667	0.0424135	0.0393176	0.0361821	0.03301	0.0298046	0.0265691	0.0233069	0.0200211	0.0167152	0.0133924	0.0100561	0.00670967	0.00335652	0	
0	0.00339768	0.00679192	0.0101793	0.0135564	0.0169198	0.0202663	0.0235923	0.0268946	0.0301698	0.0334147	0.036626	0.0398005	0.042935	0.0460264	0.0490715	0.0520673	0.0550107	0.0578989	0.060729	0.063498	0.0662032	0.0688419	0.0714115	0.0739093	0.0763328	0.0786797	0.0809475	0.0831339	0.0852368	0.0872541	0.0891837	0.0910236	0.092772	0.0944272	0.0959874	0.0974512	0.0988169	0.100083	0.101249	0.102313	0.103274	0.104131	0.104883	0.10553	0.106071	0.106505	0.106831	0.10705	0.107162	0.107165	0.107061	0.106849	0.106529	0.106102	0.105568	0.104927	0.104181	0.10333	0.102375	0.101316	0.100156	0.0988942	0.097533	0.0960734	0.0945169	0.0928652	0.0911197	0.0892824	0.0873549	0.0853394	0.0832378	0.0810521	0.0787847	0.0764378	0.0740138	0.071515	0.0689441	0.0663036	0.0635962	0.0608246	0.0579917	0.0551001	0.052153	0.0491533	0.0461039	0.043008	0.0398687	0.0366892	0.0334726	0.0302223	0.0269415	0.0236335	0.0203017	0.0169494	0.0135801	0.010197	0.00680371	0.00340356	0	
0	0.00344123	0.00687896	0.0103097	0.0137301	0.0171367	0.020526	0.0238946	0.0272392	0.0305564	0.0338429	0.0370954	0.0403106	0.0434852	0.0466162	0.0497003	0.0527345	0.0557157	0.0586409	0.0615072	0.0643117	0.0670516	0.0697242	0.0723267	0.0748565	0.0773111	0.079688	0.0819849	0.0841993	0.0863292	0.0883723	0.0903266	0.0921901	0.0939609	0.0956373	0.0972175	0.0987	0.100083	0.101366	0.102547	0.103624	0.104597	0.105466	0.106228	0.106883	0.10743	0.10787	0.1082	0.108422	0.108535	0.108539	0.108433	0.108218	0.107894	0.107461	0.106921	0.106272	0.105516	0.104654	0.103687	0.102615	0.101439	0.100162	0.0987829	0.0973047	0.0957283	0.0940553	0.0922875	0.0904266	0.0884745	0.0864331	0.0843045	0.0820909	0.0797944	0.0774175	0.0749623	0.0724316	0.0698277	0.0671534	0.0644113	0.0616042	0.0587349	0.0558063	0.0528214	0.0497832	0.0466948	0.0435592	0.0403797	0.0371594	0.0339016	0.0306096	0.0272868	0.0239364	0.0205619	0.0171667	0.0137541	0.0103277	0.00689091	0.00344718	0	
0	0.00348131	0.00695908	0.0104298	0.01389	0.0173363	0.020765	0.0241729	0.0275565	0.0309123	0.0342371	0.0375275	0.0407801	0.0439917	0.0471592	0.0502792	0.0533487	0.0563647	0.0593239	0.0622236	0.0650608	0.0678326	0.0705363	0.0731691	0.0757284	0.0782115	0.0806162	0.0829398	0.08518	0.0873347	0.0894016	0.0913787	0.0932639	0.0950553	0.0967513	0.0983499	0.0998497	0.101249	0.102547	0.103741	0.104831	0.105816	0.106694	0.107465	0.108128	0.108681	0.109126	0.109461	0.109685	0.109799	0.109803	0.109696	0.109479	0.109151	0.108713	0.108166	0.10751	0.106745	0.105873	0.104894	0.10381	0.102621	0.101328	0.0999336	0.0984381	0.0968433	0.0951509	0.0933625	0.0914799	0.089505	0.0874399	0.0852865	0.0830471	0.0807239	0.0783192	0.0758355	0.0732753	0.0706411	0.0679356	0.0651616	0.0623218	0.0594191	0.0564564	0.0534367	0.0503631	0.0472387	0.0440666	0.04085	0.0375922	0.0342965	0.0309662	0.0276046	0.0242152	0.0208014	0.0173666	0.0139143	0.010448	0.00697118	0.00348734	0	
0	0.00351788	0.0070322	0.0105394	0.014036	0.0175184	0.0209832	0.0244269	0.027846	0.0312371	0.0345969	0.0379218	0.0412086	0.044454	0.0476547	0.0508075	0.0539093	0.0569569	0.0599473	0.0628774	0.0657444	0.0685454	0.0712774	0.0739379	0.0765241	0.0790334	0.0814632	0.0838113	0.0860751	0.0882524	0.090341	0.0923388	0.0942439	0.0960542	0.0977679	0.0993833	0.100899	0.102313	0.103624	0.104831	0.105933	0.106928	0.107815	0.108594	0.109264	0.109824	0.110273	0.110611	0.110838	0.110953	0.110957	0.110849	0.110629	0.110298	0.109855	0.109303	0.10864	0.107867	0.106986	0.105997	0.104901	0.103699	0.102393	0.100984	0.0994725	0.097861	0.0961507	0.0943435	0.0924412	0.0904456	0.0883587	0.0861828	0.0839198	0.0815722	0.0791422	0.0766324	0.0740453	0.0713834	0.0686495	0.0658463	0.0629767	0.0600435	0.0570496	0.0539982	0.0508924	0.0477351	0.0445297	0.0412793	0.0379873	0.0346569	0.0312916	0.0278947	0.0244697	0.02102	0.0175491	0.0140605	0.0105578	0.00704444	0.00352398	0	
