0	0	0	0	0	0	0	0	0	0	0	0	0	0	0	0	0	0	0	0	0	0	0	0	0	0	0	0	0	0	0	0	0	0	0	0	0	0	0	0	0	0	0	0	0	0	0	0	0	0	0	0	0	0	0	0	0	0	0	0	0	0	0	0	0	0	0	0	0	0	0	0	0	0	0	0	0	0	0	0	0	0	0	0	0	0	0	0	0	0	0	0	0	0	0	0	0	0	0	0	
0	0.000110259	0.000220405	0.000330328	0.000439918	0.000549064	0.000657657	0.000765587	0.000872747	0.000979028	0.00108432	0.00118853	0.00129154	0.00139325	0.00149356	0.00159237	0.00168958	0.00178509	0.0018788	0.00197063	0.00206048	0.00214825	0.00223387	0.00231724	0.00239829	0.00247692	0.00255306	0.00262664	0.00269757	0.0027658	0.00283125	0.00289384	0.00295353	0.00301025	0.00306395	0.00311456	0.00316204	0.00320634	0.00324742	0.00328523	0.00331974	0.0033509	0.0033787	0.00340309	0.00342407	0.00344159	0.00345565	0.00346624	0.00347333	0.00347693	0.00347702	0.00347362	0.00346672	0.00345632	0.00344245	0.00342511	0.00340431	0.00338009	0.00335246	0.00332145	0.0032871	0.00324943	0.00320849	0.00316431	0.00311694	0.00306643	0.00301283	0.00295619	0.00289657	0.00283402	0.00276862	0.00270043	0.00262951	0.00255594	0.00247979	0.00240114	0.00232007	0.00223666	0.00215099	0.00206315	0.00197323	0.00188131	0.0017875	0.00169189	0.00159457	0.00149564	0.00139521	0.00129336	0.00119021	0.00108586	0.000980419	0.000873987	0.000766674	0.000658588	0.000549839	0.000440536	0.00033079	0.000220711	0.000110411	0	
0	0.000220405	0.000440585	0.00066032	0.000879388	0.00109757	0.00131464	0.00153039	0.00174461	0.00195706	0.00216755	0.00237585	0.00258177	0.00278509	0.0029856	0.00318312	0.00337744	0.00356836	0.0037557	0.00393926	0.00411886	0.00429432	0.00446547	0.00463213	0.00479413	0.00495132	0.00510353	0.0052506	0.00539241	0.00552879	0.00565961	0.00578475	0.00590407	0.00601745	0.00612478	0.00622596	0.00632087	0.00640943	0.00649154	0.00656712	0.0066361	0.0066984	0.00675396	0.00680273	0.00684465	0.00687968	0.00690779	0.00692895	0.00694313	0.00695032	0.00695051	0.00694371	0.00692991	0.00690914	0.0068814	0.00684673	0.00680517	0.00675674	0.00670151	0.00663953	0.00657086	0.00649556	0.00641371	0.0063254	0.00623072	0.00612975	0.0060226	0.00590937	0.00579019	0.00566517	0.00553443	0.00539812	0.00525635	0.00510929	0.00495707	0.00479985	0.00463779	0.00447104	0.00429979	0.0041242	0.00394445	0.00376072	0.00357319	0.00338206	0.00318752	0.00298977	0.00278899	0.00258541	0.00237922	0.00217062	0.00195984	0.00174709	0.00153257	0.00131651	0.00109912	0.000880625	0.000661244	0.000441198	0.000220709	0	
0	0.000330328	0.00066032	0.000989644	0.00131797	0.00164496	0.0019703	0.00229365	0.0026147	0.00293311	0.00324857	0.00356077	0.00386938	0.0041741	0.00447463	0.00477065	0.00506188	0.00534803	0.00562879	0.0059039	0.00617308	0.00643605	0.00669255	0.00694233	0.00718513	0.00742071	0.00764883	0.00786926	0.00808178	0.00828618	0.00848225	0.0086698	0.00884863	0.00901856	0.00917942	0.00933106	0.00947331	0.00960603	0.0097291	0.00984238	0.00994575	0.0100391	0.0101224	0.0101955	0.0102583	0.0103108	0.0103529	0.0103847	0.0104059	0.0104167	0.010417	0.0104068	0.0103861	0.010355	0.0103134	0.0102614	0.0101991	0.0101266	0.0100438	0.0099509	0.00984797	0.00973512	0.00961246	0.00948011	0.00933819	0.00918687	0.00902628	0.00885659	0.00867797	0.00849059	0.00829465	0.00809035	0.00787788	0.00765747	0.00742933	0.0071937	0.00695081	0.00670091	0.00644425	0.00618109	0.00591169	0.00563632	0.00535527	0.00506882	0.00477726	0.00448087	0.00417997	0.00387484	0.00356582	0.00325319	0.00293729	0.00261842	0.00229692	0.0019731	0.00164729	0.00131982	0.000991031	0.00066124	0.000330785	0	
0	0.000439918	0.000879388	0.00131797	0.00175522	0.0021907	0.00262397	0.0030546	0.00348215	0.0039062	0.00432632	0.00474209	0.00515309	0.0055589	0.00595913	0.00635337	0.00674122	0.00712229	0.00749621	0.00786259	0.00822106	0.00857128	0.00891288	0.00924552	0.00956888	0.00988261	0.0101864	0.01048	0.010763	0.0110352	0.0112963	0.0115461	0.0117843	0.0120106	0.0122248	0.0124267	0.0126162	0.0127929	0.0129568	0.0131077	0.0132454	0.0133697	0.0134806	0.013578	0.0136616	0.0137316	0.0137877	0.0138299	0.0138582	0.0138725	0.0138729	0.0138594	0.0138318	0.0137903	0.013735	0.0136658	0.0135828	0.0134862	0.0133759	0.0132522	0.0131152	0.0129649	0.0128015	0.0126252	0.0124363	0.0122347	0.0120209	0.0117949	0.011557	0.0113074	0.0110465	0.0107744	0.0104915	0.0101979	0.00989411	0.0095803	0.00925683	0.00892402	0.00858221	0.00823174	0.00787296	0.00750624	0.00713195	0.00675047	0.00636217	0.00596746	0.00556672	0.00516037	0.00474882	0.00433248	0.00391177	0.00348712	0.00305895	0.0026277	0.0021938	0.00175769	0.00131982	0.000880615	0.000440528	0	
0	0.000549064	0.00109757	0.00164496	0.0021907	0.00273422	0.00327499	0.00381246	0.00434609	0.00487535	0.00539971	0.00591863	0.0064316	0.0069381	0.00743763	0.00792968	0.00841376	0.00888938	0.00935606	0.00981334	0.0102608	0.0106979	0.0111242	0.0115394	0.011943	0.0123346	0.0127137	0.0130801	0.0134334	0.0137731	0.014099	0.0144108	0.014708	0.0149905	0.0152579	0.0155099	0.0157463	0.015967	0.0161715	0.0163598	0.0165316	0.0166868	0.0168253	0.0169467	0.0170512	0.0171385	0.0172085	0.0172612	0.0172965	0.0173144	0.0173149	0.017298	0.0172636	0.0172118	0.0171427	0.0170564	0.0169528	0.0168322	0.0166946	0.0165402	0.0163691	0.0161815	0.0159777	0.0157577	0.0155218	0.0152702	0.0150033	0.0147213	0.0144244	0.0141129	0.0137872	0.0134476	0.0130945	0.0127281	0.0123489	0.0119572	0.0115535	0.0111381	0.0107115	0.0102741	0.00982631	0.0093686	0.00890145	0.00842531	0.00794067	0.00744803	0.00694787	0.0064407	0.00592704	0.0054074	0.00488231	0.0043523	0.0038179	0.00327965	0.0027381	0.00219379	0.00164728	0.0010991	0.000549826	0	
0	0.000657657	0.00131464	0.0019703	0.00262397	0.00327499	0.00392271	0.00456648	0.00520566	0.00583959	0.00646765	0.00708921	0.00770363	0.00831031	0.00890863	0.009498	0.0100778	0.0106475	0.0112065	0.0117542	0.0122901	0.0128137	0.0133244	0.0138216	0.014305	0.0147741	0.0152282	0.0156671	0.0160902	0.0164972	0.0168875	0.0172609	0.017617	0.0179553	0.0182755	0.0185774	0.0188607	0.0191249	0.0193699	0.0195954	0.0198013	0.0199872	0.0201529	0.0202985	0.0204235	0.0205281	0.020612	0.0206751	0.0207174	0.0207389	0.0207394	0.0207191	0.020678	0.020616	0.0205332	0.0204298	0.0203057	0.0201613	0.0199965	0.0198115	0.0196066	0.0193819	0.0191377	0.0188742	0.0185917	0.0182904	0.0179707	0.0176328	0.0172772	0.0169042	0.0165141	0.0161073	0.0156843	0.0152455	0.0147913	0.0143222	0.0138386	0.013341	0.01283	0.0123061	0.0117698	0.0112215	0.010662	0.0100917	0.00951118	0.0089211	0.00832202	0.00771455	0.00709929	0.00647688	0.00584794	0.0052131	0.004573	0.0039283	0.00327964	0.00262768	0.00197308	0.00131648	0.000658571	0	
0	0.000765587	0.00153039	0.00229365	0.0030546	0.00381246	0.00456648	0.00531591	0.00605998	0.00679795	0.00752909	0.00825265	0.00896791	0.00967415	0.0103707	0.0110568	0.0117317	0.0123949	0.0130456	0.0136832	0.0143071	0.0149166	0.0155111	0.01609	0.0166527	0.0171987	0.0177274	0.0182383	0.0187309	0.0192046	0.019659	0.0200937	0.0205082	0.020902	0.0212748	0.0216263	0.021956	0.0222636	0.0225488	0.0228113	0.0230509	0.0232673	0.0234603	0.0236297	0.0237754	0.023897	0.0239947	0.0240682	0.0241174	0.0241424	0.0241431	0.0241195	0.0240715	0.0239994	0.023903	0.0237826	0.0236382	0.02347	0.0232782	0.0230629	0.0228243	0.0225628	0.0222785	0.0219717	0.0216428	0.0212921	0.0209199	0.0205266	0.0201127	0.0196784	0.0192243	0.0187508	0.0182583	0.0177475	0.0172188	0.0166726	0.0161097	0.0155305	0.0149357	0.0143257	0.0137014	0.0130632	0.0124118	0.0117479	0.0110721	0.0103852	0.0096878	0.00898063	0.0082644	0.00753984	0.00680768	0.00606865	0.00532351	0.004573	0.00381789	0.00305893	0.00229689	0.00153254	0.000766654	0	
0	0.000872747	0.00174461	0.0026147	0.00348215	0.00434609	0.00520566	0.00605998	0.0069082	0.00774947	0.00858294	0.00940778	0.0102232	0.0110283	0.0118223	0.0126044	0.0133738	0.0141298	0.0148717	0.0155985	0.0163097	0.0170045	0.0176822	0.0183421	0.0189836	0.019606	0.0202087	0.0207911	0.0213526	0.0218927	0.0224107	0.0229062	0.0233787	0.0238277	0.0242527	0.0246533	0.0250292	0.0253798	0.025705	0.0260043	0.0262774	0.0265241	0.0267441	0.0269372	0.0271032	0.027242	0.0273533	0.027437	0.0274932	0.0275217	0.0275224	0.0274955	0.0274409	0.0273586	0.0272488	0.0271115	0.0269469	0.0267552	0.0265365	0.026291	0.0260191	0.025721	0.0253969	0.0250472	0.0246722	0.0242724	0.0238481	0.0233998	0.0229279	0.0224328	0.0219151	0.0213753	0.020814	0.0202317	0.0196289	0.0190063	0.0183646	0.0177044	0.0170262	0.0163309	0.0156192	0.0148916	0.0141491	0.0133923	0.0126219	0.0118388	0.0110438	0.0102377	0.00942119	0.00859521	0.00776057	0.0069181	0.00606866	0.0052131	0.00435229	0.00348709	0.00261839	0.00174706	0.000873965	0	
0	0.000979028	0.00195706	0.00293311	0.0039062	0.00487535	0.00583959	0.00679795	0.00774947	0.00869318	0.00962816	0.0105534	0.0114681	0.0123713	0.013262	0.0141393	0.0150025	0.0158506	0.0166827	0.0174981	0.0182959	0.0190753	0.0198355	0.0205758	0.0212954	0.0219936	0.0226697	0.0233231	0.023953	0.0245588	0.0251399	0.0256957	0.0262257	0.0267294	0.0272062	0.0276556	0.0280772	0.0284706	0.0288353	0.0291711	0.0294775	0.0297542	0.030001	0.0302176	0.0304038	0.0305595	0.0306843	0.0307783	0.0308413	0.0308733	0.0308741	0.0308439	0.0307826	0.0306903	0.0305671	0.0304131	0.0302285	0.0300134	0.0297681	0.0294928	0.0291877	0.0288532	0.0284897	0.0280974	0.0276768	0.0272283	0.0267524	0.0262494	0.02572	0.0251647	0.024584	0.0239784	0.0233487	0.0226955	0.0220193	0.0213209	0.0206011	0.0198604	0.0190997	0.0183197	0.0175213	0.0167051	0.0158722	0.0150232	0.014159	0.0132806	0.0123887	0.0114844	0.0105685	0.00964194	0.00870565	0.00776059	0.0068077	0.00584795	0.00488231	0.00391176	0.00293726	0.00195981	0.000980397	0	
0	0.00108432	0.00216755	0.00324857	0.00432632	0.00539971	0.00646765	0.00752909	0.00858294	0.00962816	0.0106637	0.0116885	0.0127015	0.0137018	0.0146883	0.01566	0.016616	0.0175553	0.018477	0.01938	0.0202636	0.0211269	0.0219689	0.0227888	0.0235858	0.0243591	0.0251079	0.0258315	0.0265292	0.0272001	0.0278437	0.0284594	0.0290464	0.0296042	0.0301323	0.03063	0.031097	0.0315327	0.0319366	0.0323085	0.0326478	0.0329544	0.0332277	0.0334676	0.0336739	0.0338462	0.0339845	0.0340886	0.0341584	0.0341938	0.0341947	0.0341612	0.0340934	0.0339912	0.0338547	0.0336842	0.0334797	0.0332414	0.0329697	0.0326648	0.0323269	0.0319565	0.0315539	0.0311194	0.0306536	0.0301568	0.0296297	0.0290726	0.0284863	0.0278712	0.027228	0.0265574	0.02586	0.0251364	0.0243876	0.0236141	0.0228168	0.0219965	0.0211539	0.0202901	0.0194058	0.0185018	0.0175793	0.016639	0.0156819	0.014709	0.0137212	0.0127196	0.0117052	0.010679	0.00964198	0.00859527	0.0075399	0.00647692	0.00540743	0.00433248	0.00325318	0.0021706	0.00108584	0	
0	0.00118853	0.00237585	0.00356077	0.00474209	0.00591863	0.00708921	0.00825265	0.00940778	0.0105534	0.0116885	0.0128118	0.0139222	0.0150186	0.0160999	0.017165	0.0182129	0.0192424	0.0202526	0.0212425	0.022211	0.0231572	0.0240801	0.0249788	0.0258525	0.0267001	0.0275209	0.028314	0.0290787	0.0298141	0.0305196	0.0311944	0.0318378	0.0324493	0.0330281	0.0335737	0.0340855	0.0345631	0.0350059	0.0354134	0.0357854	0.0361214	0.036421	0.036684	0.03691	0.037099	0.0372505	0.0373646	0.0374411	0.0374799	0.0374809	0.0374443	0.0373699	0.0372578	0.0371083	0.0369213	0.0366972	0.0364361	0.0361382	0.035804	0.0354337	0.0350276	0.0345863	0.0341101	0.0335995	0.033055	0.0324772	0.0318666	0.0312239	0.0305498	0.0298448	0.0291097	0.0283452	0.0275521	0.0267313	0.0258835	0.0250096	0.0241104	0.0231869	0.02224	0.0212707	0.0202799	0.0192687	0.018238	0.017189	0.0161225	0.0150399	0.013942	0.0128301	0.0117053	0.0105686	0.00942131	0.00826451	0.00709938	0.0059271	0.00474885	0.00356582	0.0023792	0.0011902	0	
0	0.00129154	0.00258177	0.00386938	0.00515309	0.0064316	0.00770363	0.00896791	0.0102232	0.0114681	0.0127015	0.0139222	0.0151288	0.0163203	0.0174953	0.0186527	0.0197914	0.0209102	0.022008	0.0230836	0.0241361	0.0251643	0.0261672	0.0271438	0.0280931	0.0290142	0.0299061	0.030768	0.031599	0.0323982	0.0331648	0.0338981	0.0345973	0.0352617	0.0358907	0.0364835	0.0370397	0.0375587	0.0380399	0.0384828	0.038887	0.0392521	0.0395777	0.0398634	0.0401091	0.0403144	0.0404791	0.0406031	0.0406862	0.0407283	0.0407295	0.0406896	0.0406088	0.040487	0.0403245	0.0401213	0.0398778	0.039594	0.0392704	0.0389072	0.0385048	0.0380635	0.0375839	0.0370665	0.0365116	0.0359199	0.035292	0.0346286	0.0339302	0.0331976	0.0324315	0.0316327	0.0308019	0.0299402	0.0290482	0.0281269	0.0271772	0.0262001	0.0251966	0.0241676	0.0231143	0.0220377	0.0209388	0.0198188	0.0186788	0.0175199	0.0163434	0.0151504	0.0139421	0.0127198	0.0114846	0.0102379	0.00898082	0.00771471	0.00644082	0.00516045	0.00387488	0.00258542	0.00129335	0	
0	0.00139325	0.00278509	0.0041741	0.0055589	0.0069381	0.00831031	0.00967415	0.0110283	0.0123713	0.0137018	0.0150186	0.0163203	0.0176055	0.0188731	0.0201217	0.02135	0.0225569	0.0237411	0.0249015	0.0260368	0.027146	0.0282279	0.0292814	0.0303055	0.0312992	0.0322613	0.0331911	0.0340875	0.0349496	0.0357766	0.0365676	0.0373219	0.0380387	0.0387172	0.0393567	0.0399567	0.0405165	0.0410356	0.0415134	0.0419494	0.0423433	0.0426945	0.0430028	0.0432678	0.0434893	0.043667	0.0438007	0.0438904	0.0439358	0.0439371	0.043894	0.0438068	0.0436755	0.0435002	0.043281	0.0430183	0.0427122	0.0423631	0.0419713	0.0415372	0.0410612	0.0405438	0.0399856	0.039387	0.0387488	0.0380714	0.0373557	0.0366023	0.035812	0.0349856	0.0341238	0.0332277	0.0322981	0.0313358	0.030342	0.0293175	0.0282635	0.0271809	0.0260709	0.0249346	0.0237732	0.0225878	0.0213796	0.0201498	0.0188997	0.0176305	0.0163436	0.0150401	0.0137215	0.0123891	0.0110442	0.0096881	0.00832227	0.00694806	0.00556686	0.00418004	0.00278903	0.00139521	0	
0	0.00149356	0.0029856	0.00447463	0.00595913	0.00743763	0.00890863	0.0103707	0.0118223	0.013262	0.0146883	0.0160999	0.0174953	0.0188731	0.0202319	0.0215704	0.0228872	0.024181	0.0254505	0.0266944	0.0279115	0.0291005	0.0302603	0.0313896	0.0324875	0.0335526	0.0345841	0.0355808	0.0365417	0.0374659	0.0383525	0.0392004	0.040009	0.0407774	0.0415047	0.0421904	0.0428336	0.0434337	0.0439901	0.0445023	0.0449697	0.0453919	0.0457685	0.0460989	0.046383	0.0466204	0.0468109	0.0469543	0.0470504	0.0470992	0.0471005	0.0470544	0.0469609	0.0468201	0.0466321	0.0463972	0.0461156	0.0457874	0.0454132	0.0449932	0.0445278	0.0440175	0.0434629	0.0428645	0.0422228	0.0415386	0.0408125	0.0400453	0.0392376	0.0383904	0.0375045	0.0365807	0.0356201	0.0346235	0.033592	0.0325266	0.0314283	0.0302984	0.0291379	0.027948	0.0267299	0.0254849	0.0242141	0.0229189	0.0216006	0.0202605	0.0188999	0.0175203	0.016123	0.0147095	0.0132811	0.0118393	0.0103856	0.00892148	0.00744832	0.00596767	0.00448101	0.00298984	0.00149567	0	
0	0.00159237	0.00318312	0.00477065	0.00635337	0.00792968	0.009498	0.0110568	0.0126044	0.0141393	0.01566	0.017165	0.0186527	0.0201217	0.0215704	0.0229974	0.0244013	0.0257807	0.0271342	0.0284604	0.029758	0.0310257	0.0322622	0.0334663	0.0346367	0.0357724	0.0368721	0.0379347	0.0389592	0.0399446	0.0408898	0.0417938	0.0426559	0.0434751	0.0442506	0.0449816	0.0456673	0.0463071	0.0469004	0.0474465	0.0479448	0.048395	0.0487964	0.0491487	0.0494516	0.0497047	0.0499078	0.0500607	0.0501632	0.0502151	0.0502165	0.0501674	0.0500677	0.0499176	0.0497172	0.0494668	0.0491665	0.0488166	0.0484176	0.0479698	0.0474737	0.0469296	0.0463383	0.0457003	0.0450162	0.0442867	0.0435126	0.0426946	0.0418335	0.0409303	0.0399857	0.0390009	0.0379766	0.0369141	0.0358144	0.0346785	0.0335076	0.0323029	0.0310656	0.029797	0.0284983	0.0271709	0.0258161	0.0244352	0.0230296	0.0216009	0.0201503	0.0186794	0.0171897	0.0156826	0.0141598	0.0126226	0.0110727	0.00951171	0.0079411	0.00636248	0.00477747	0.00318764	0.00159462	0	
0	0.00168958	0.00337744	0.00506188	0.00674122	0.00841376	0.0100778	0.0117317	0.0133738	0.0150025	0.016616	0.0182129	0.0197914	0.02135	0.0228872	0.0244013	0.0258909	0.0273545	0.0287906	0.0301978	0.0315746	0.0329197	0.0342317	0.0355093	0.0367512	0.0379562	0.039123	0.0402505	0.0413376	0.0423831	0.043386	0.0443452	0.0452599	0.0461291	0.046952	0.0477276	0.0484552	0.0491341	0.0497635	0.050343	0.0508717	0.0513493	0.0517753	0.0521491	0.0524705	0.0527391	0.0529546	0.0531168	0.0532255	0.0532806	0.0532821	0.05323	0.0531242	0.052965	0.0527523	0.0524866	0.052168	0.0517968	0.0513734	0.0508983	0.0503718	0.0497946	0.0491672	0.0484902	0.0477644	0.0469904	0.046169	0.045301	0.0443874	0.043429	0.0424268	0.0413818	0.040295	0.0391676	0.0380007	0.0367955	0.0355532	0.0342749	0.0329621	0.0316161	0.0302381	0.0288296	0.0273921	0.0259269	0.0244356	0.0229196	0.0213804	0.0198198	0.0182391	0.01664	0.0150242	0.0133932	0.0117487	0.0100924	0.00842589	0.0067509	0.00506912	0.00338225	0.00169197	0	
0	0.00178509	0.00356836	0.00534803	0.00712229	0.00888938	0.0106475	0.0123949	0.0141298	0.0158506	0.0175553	0.0192424	0.0209102	0.0225569	0.024181	0.0257807	0.0273545	0.0289009	0.0304182	0.0319049	0.0333595	0.0347806	0.0361668	0.0375166	0.0388287	0.0401018	0.0413346	0.0425259	0.0436744	0.044779	0.0458385	0.0468521	0.0478185	0.0487368	0.0496061	0.0504256	0.0511943	0.0519116	0.0525767	0.0531888	0.0537475	0.0542521	0.0547021	0.0550971	0.0554367	0.0557204	0.0559481	0.0561195	0.0562343	0.0562926	0.0562942	0.0562391	0.0561273	0.0559591	0.0557344	0.0554537	0.055117	0.0547249	0.0542775	0.0537755	0.0532193	0.0526095	0.0519466	0.0512314	0.0504645	0.0496467	0.0487789	0.0478619	0.0468966	0.045884	0.0448252	0.0437211	0.0425729	0.0413818	0.0401489	0.0388756	0.037563	0.0362125	0.0348255	0.0334033	0.0319475	0.0304594	0.0289406	0.0273926	0.0258169	0.0242152	0.0225891	0.0209402	0.0192702	0.0175807	0.0158735	0.0141503	0.0124129	0.0106629	0.00890221	0.00713254	0.00535569	0.00357345	0.00178762	0	
0	0.0018788	0.0037557	0.00562879	0.00749621	0.00935606	0.0112065	0.0130456	0.0148717	0.0166827	0.018477	0.0202526	0.022008	0.0237411	0.0254505	0.0271342	0.0287906	0.0304182	0.0320151	0.0335799	0.0351109	0.0366066	0.0380656	0.0394862	0.0408672	0.0422072	0.0435047	0.0447585	0.0459673	0.0471298	0.0482451	0.0493118	0.0503289	0.0512955	0.0522105	0.0530729	0.053882	0.054637	0.0553369	0.0559813	0.0565693	0.0571004	0.057574	0.0579897	0.0583471	0.0586458	0.0588854	0.0590657	0.0591866	0.059248	0.0592496	0.0591916	0.059074	0.0588969	0.0586605	0.058365	0.0580107	0.0575979	0.0571271	0.0565988	0.0560134	0.0553715	0.0546738	0.0539211	0.0531139	0.0522532	0.0513398	0.0503747	0.0493587	0.048293	0.0471785	0.0460165	0.044808	0.0435544	0.0422568	0.0409166	0.0395351	0.0381137	0.0366539	0.035157	0.0336248	0.0320585	0.03046	0.0288307	0.0271723	0.0254865	0.0237751	0.0220396	0.0202819	0.0185037	0.0167069	0.0148932	0.0130646	0.0112227	0.00936959	0.00750701	0.00563687	0.00376106	0.00188147	0	
0	0.00197063	0.00393926	0.0059039	0.00786259	0.00981334	0.0117542	0.0136832	0.0155985	0.0174981	0.01938	0.0212425	0.0230836	0.0249015	0.0266944	0.0284604	0.0301978	0.0319049	0.0335799	0.0352211	0.036827	0.0383958	0.039926	0.0414162	0.0428647	0.0442701	0.045631	0.0469461	0.048214	0.0494334	0.0506031	0.051722	0.0527888	0.0538026	0.0547623	0.0556669	0.0565156	0.0573074	0.0580416	0.0587174	0.0593342	0.0598912	0.060388	0.0608241	0.0611989	0.0615121	0.0617635	0.0619527	0.0620795	0.0621438	0.0621455	0.0620847	0.0619614	0.0617756	0.0615276	0.0612177	0.0608461	0.0604131	0.0599193	0.0593651	0.0587511	0.0580779	0.0573461	0.0565565	0.0557099	0.0548072	0.0538492	0.0528368	0.0517712	0.0506534	0.0494845	0.0482656	0.0469981	0.0456832	0.0443222	0.0429165	0.0414674	0.0399766	0.0384454	0.0368754	0.0352682	0.0336255	0.0319488	0.0302399	0.0285004	0.0267323	0.0249371	0.0231168	0.0212732	0.0194081	0.0175235	0.0156212	0.0137031	0.0117713	0.00982755	0.00787393	0.00591238	0.00394489	0.00197343	0	
0	0.00206048	0.00411886	0.00617308	0.00822106	0.0102608	0.0122901	0.0143071	0.0163097	0.0182959	0.0202636	0.022211	0.0241361	0.0260368	0.0279115	0.029758	0.0315746	0.0333595	0.0351109	0.036827	0.038506	0.0401464	0.0417464	0.0433045	0.044819	0.0462885	0.0477115	0.0490865	0.0504122	0.0516872	0.0529103	0.0540801	0.0551957	0.0562557	0.0572591	0.058205	0.0590923	0.0599203	0.0606879	0.0613946	0.0620394	0.0626219	0.0631413	0.0635973	0.0639892	0.0643167	0.0645795	0.0647773	0.0649099	0.0649772	0.064979	0.0649154	0.0647864	0.0645922	0.0643329	0.0640088	0.0636203	0.0631676	0.0626513	0.0620718	0.0614298	0.0607259	0.0599608	0.0591352	0.05825	0.0573061	0.0563044	0.0552459	0.0541317	0.0529629	0.0517407	0.0504663	0.049141	0.0477661	0.046343	0.0448732	0.0433581	0.0417993	0.0401983	0.0385567	0.0368763	0.0351586	0.0334055	0.0316186	0.0297999	0.0279511	0.0260741	0.0241708	0.0222431	0.020293	0.0183225	0.0163334	0.0143279	0.012308	0.0102756	0.00823294	0.00618196	0.00412476	0.00206341	0	
0	0.00214825	0.00429432	0.00643605	0.00857128	0.0106979	0.0128137	0.0149166	0.0170045	0.0190753	0.0211269	0.0231572	0.0251643	0.027146	0.0291005	0.0310257	0.0329197	0.0347806	0.0366066	0.0383958	0.0401464	0.0418566	0.0435248	0.0451493	0.0467283	0.0482604	0.049744	0.0511776	0.0525598	0.0538891	0.0551643	0.056384	0.057547	0.0586522	0.0596984	0.0606846	0.0616097	0.0624729	0.0632733	0.06401	0.0646823	0.0652896	0.0658312	0.0663065	0.0667152	0.0670567	0.0673307	0.0675369	0.0676751	0.0677453	0.0677472	0.0676809	0.0675464	0.0673439	0.0670736	0.0667357	0.0663306	0.0658586	0.0653203	0.0647162	0.0640468	0.0633129	0.0625152	0.0616544	0.0607315	0.0597474	0.058703	0.0575994	0.0564378	0.0552192	0.0539449	0.0526162	0.0512344	0.049801	0.0483173	0.0467849	0.0452052	0.04358	0.0419108	0.0401993	0.0384473	0.0366564	0.0348286	0.0329656	0.0310694	0.0291419	0.0271849	0.0252005	0.0231907	0.0211576	0.019103	0.0170293	0.0149383	0.0128323	0.0107134	0.00858368	0.00644532	0.00430048	0.00215132	0	
0	0.00223387	0.00446547	0.00669255	0.00891288	0.0111242	0.0133244	0.0155111	0.0176822	0.0198355	0.0219689	0.0240801	0.0261672	0.0282279	0.0302603	0.0322622	0.0342317	0.0361668	0.0380656	0.039926	0.0417464	0.0435248	0.0452595	0.0469487	0.0485907	0.0501838	0.0517266	0.0532173	0.0546545	0.0560369	0.0573628	0.0586312	0.0598405	0.0609898	0.0620777	0.0631031	0.0640652	0.0649628	0.065795	0.0665611	0.0672603	0.0678917	0.0684549	0.0689492	0.0693741	0.0697292	0.0700141	0.0702286	0.0703723	0.0704453	0.0704472	0.0703783	0.0702385	0.0700279	0.0697468	0.0693955	0.0689742	0.0684834	0.0679237	0.0672954	0.0665994	0.0658363	0.0650067	0.0641117	0.063152	0.0621286	0.0610426	0.0598951	0.0586871	0.05742	0.0560949	0.0547133	0.0532764	0.0517858	0.050243	0.0486495	0.0470069	0.0453169	0.0435812	0.0418015	0.0399796	0.0381174	0.0362167	0.0342795	0.0323077	0.0303033	0.0282684	0.0262049	0.024115	0.0220008	0.0198644	0.017708	0.0155337	0.0133438	0.0111404	0.0089258	0.00670221	0.00447188	0.00223706	0	
0	0.00231724	0.00463213	0.00694233	0.00924552	0.0115394	0.0138216	0.01609	0.0183421	0.0205758	0.0227888	0.0249788	0.0271438	0.0292814	0.0313896	0.0334663	0.0355093	0.0375166	0.0394862	0.0414162	0.0433045	0.0451493	0.0469487	0.0487009	0.0504042	0.0520568	0.0536571	0.0552035	0.0566944	0.0581283	0.0595038	0.0608194	0.0620739	0.063266	0.0643945	0.0654583	0.0664562	0.0673873	0.0682507	0.0690454	0.0697706	0.0704256	0.0710098	0.0715226	0.0719633	0.0723317	0.0726273	0.0728497	0.0729988	0.0730745	0.0730765	0.073005	0.07286	0.0726415	0.07235	0.0719855	0.0715485	0.0710394	0.0704588	0.0698071	0.0690851	0.0682935	0.067433	0.0665045	0.065509	0.0644475	0.0633209	0.0621305	0.0608775	0.059563	0.0581885	0.0567553	0.0552649	0.0537187	0.0521183	0.0504653	0.0487614	0.0470083	0.0452078	0.0433617	0.0414718	0.0395401	0.0375685	0.0355589	0.0335136	0.0314344	0.0293235	0.027183	0.0250151	0.022822	0.0206058	0.0183689	0.0161135	0.0138418	0.0115562	0.00925894	0.00695236	0.00463879	0.00232055	0	
0	0.00239829	0.00479413	0.00718513	0.00956888	0.011943	0.014305	0.0166527	0.0189836	0.0212954	0.0235858	0.0258525	0.0280931	0.0303055	0.0324875	0.0346367	0.0367512	0.0388287	0.0408672	0.0428647	0.044819	0.0467283	0.0485907	0.0504042	0.052167	0.0538775	0.0555337	0.0571342	0.0586772	0.0601613	0.0615849	0.0629465	0.0642449	0.0654787	0.0666467	0.0677477	0.0687805	0.0697442	0.0706377	0.0714602	0.0722108	0.0728887	0.0734934	0.074024	0.0744802	0.0748615	0.0751674	0.0753976	0.075552	0.0756302	0.0756324	0.0755583	0.0754082	0.0751822	0.0748804	0.0745032	0.0740509	0.073524	0.0729231	0.0722486	0.0715014	0.070682	0.0697914	0.0688305	0.0678002	0.0667015	0.0655356	0.0643036	0.0630067	0.0616463	0.0602237	0.0587404	0.0571978	0.0555975	0.0539411	0.0522303	0.0504668	0.0486524	0.0467889	0.0448782	0.0429223	0.040923	0.0388824	0.0368026	0.0346857	0.0325338	0.0303491	0.0281337	0.02589	0.0236202	0.0213265	0.0190114	0.0166771	0.0143259	0.0119604	0.00958278	0.00719552	0.00480103	0.00240172	0	
0	0.00247692	0.00495132	0.00742071	0.00988261	0.0123346	0.0147741	0.0171987	0.019606	0.0219936	0.0243591	0.0267001	0.0290142	0.0312992	0.0335526	0.0357724	0.0379562	0.0401018	0.0422072	0.0442701	0.0462885	0.0482604	0.0501838	0.0520568	0.0538775	0.055644	0.0573545	0.0590075	0.0606011	0.0621338	0.0636041	0.0650104	0.0663514	0.0676256	0.0688319	0.069969	0.0710357	0.0720309	0.0729538	0.0738032	0.0745784	0.0752786	0.0759031	0.0764511	0.0769223	0.077316	0.077632	0.0778697	0.0780291	0.07811	0.0781122	0.0780357	0.0778807	0.0776472	0.0773356	0.076946	0.0764789	0.0759347	0.0753141	0.0746175	0.0738457	0.0729996	0.0720798	0.0710873	0.0700232	0.0688885	0.0676844	0.066412	0.0650726	0.0636676	0.0621983	0.0606663	0.0590732	0.0574204	0.0557097	0.0539429	0.0521216	0.0502477	0.0483231	0.0463497	0.0443296	0.0422648	0.0401573	0.0380094	0.035823	0.0336005	0.0313442	0.0290562	0.0267389	0.0243947	0.0220258	0.0196347	0.0172239	0.0147957	0.0123526	0.00989699	0.00743146	0.00495845	0.00248047	0	
0	0.00255306	0.00510353	0.00764883	0.0101864	0.0127137	0.0152282	0.0177274	0.0202087	0.0226697	0.0251079	0.0275209	0.0299061	0.0322613	0.0345841	0.0368721	0.039123	0.0413346	0.0435047	0.045631	0.0477115	0.049744	0.0517266	0.0536571	0.0555337	0.0573545	0.0591177	0.0608215	0.0624641	0.0640439	0.0655594	0.0670089	0.0683911	0.0697046	0.0709479	0.0721199	0.0732194	0.0742453	0.0751965	0.0760721	0.0768711	0.0775928	0.0782365	0.0788014	0.079287	0.0796929	0.0800185	0.0802636	0.0804279	0.0805113	0.0805135	0.0804347	0.0802749	0.0800343	0.079713	0.0793115	0.07883	0.0782691	0.0776294	0.0769114	0.0761159	0.0752437	0.0742957	0.0732727	0.0721759	0.0710063	0.0697652	0.0684536	0.0670731	0.0656248	0.0641104	0.0625314	0.0608892	0.0591857	0.0574224	0.0556012	0.0537239	0.0517924	0.0498087	0.0477747	0.0456924	0.0435641	0.0413919	0.0391779	0.0369243	0.0346335	0.0323078	0.0299495	0.0275609	0.0251446	0.0227029	0.0202384	0.0177534	0.0152505	0.0127323	0.0102012	0.00765992	0.00511089	0.00255672	0	
0	0.00262664	0.0052506	0.00786926	0.01048	0.0130801	0.0156671	0.0182383	0.0207911	0.0233231	0.0258315	0.028314	0.030768	0.0331911	0.0355808	0.0379347	0.0402505	0.0425259	0.0447585	0.0469461	0.0490865	0.0511776	0.0532173	0.0552035	0.0571342	0.0590075	0.0608215	0.0625743	0.0642643	0.0658897	0.0674488	0.0689401	0.0703622	0.0717134	0.0729926	0.0741984	0.0753296	0.076385	0.0773637	0.0782644	0.0790865	0.079829	0.0804912	0.0810724	0.0815721	0.0819896	0.0823247	0.0825768	0.0827459	0.0828316	0.0828339	0.0827529	0.0825885	0.0823409	0.0820104	0.0815972	0.0811019	0.0805249	0.0798667	0.079128	0.0783096	0.0774123	0.0764369	0.0753845	0.0742561	0.0730528	0.0717758	0.0704265	0.0690061	0.0675162	0.0659581	0.0643336	0.0626441	0.0608914	0.0590773	0.0572037	0.0552723	0.0532851	0.0512442	0.0491515	0.0470093	0.0448197	0.0425848	0.040307	0.0379885	0.0356317	0.0332389	0.0308126	0.0283553	0.0258693	0.0233573	0.0208217	0.0182651	0.0156901	0.0130993	0.0104953	0.00788069	0.00525819	0.00263041	0	
0	0.00269757	0.00539241	0.00808178	0.010763	0.0134334	0.0160902	0.0187309	0.0213526	0.023953	0.0265292	0.0290787	0.031599	0.0340875	0.0365417	0.0389592	0.0413376	0.0436744	0.0459673	0.048214	0.0504122	0.0525598	0.0546545	0.0566944	0.0586772	0.0606011	0.0624641	0.0642643	0.0659999	0.0676692	0.0692704	0.070802	0.0722625	0.0736502	0.074964	0.0762023	0.0773641	0.078448	0.0794531	0.0803782	0.0812225	0.081985	0.0826651	0.083262	0.0837751	0.084204	0.084548	0.084807	0.0849806	0.0850687	0.0850711	0.0849878	0.084819	0.0845647	0.0842253	0.083801	0.0832923	0.0826997	0.0820237	0.0812651	0.0804246	0.079503	0.0785013	0.0774205	0.0762616	0.0750258	0.0737143	0.0723286	0.0708698	0.0693397	0.0677395	0.0660711	0.064336	0.062536	0.0606729	0.0587486	0.0567651	0.0547242	0.0526282	0.050479	0.048279	0.0460302	0.043735	0.0413956	0.0390145	0.036594	0.0341367	0.0316448	0.0291211	0.026568	0.0239881	0.021384	0.0187584	0.0161138	0.0134531	0.0107787	0.00809354	0.00540021	0.00270146	0	
0	0.0027658	0.00552879	0.00828618	0.0110352	0.0137731	0.0164972	0.0192046	0.0218927	0.0245588	0.0272001	0.0298141	0.0323982	0.0349496	0.0374659	0.0399446	0.0423831	0.044779	0.0471298	0.0494334	0.0516872	0.0538891	0.0560369	0.0581283	0.0601613	0.0621338	0.0640439	0.0658897	0.0676692	0.0693806	0.0710224	0.0725927	0.0740901	0.075513	0.07686	0.0781297	0.0793208	0.0804321	0.0814626	0.0824111	0.0832767	0.0840586	0.0847559	0.0853679	0.085894	0.0863337	0.0866865	0.086952	0.08713	0.0872203	0.0872227	0.0871374	0.0869643	0.0867036	0.0863555	0.0859205	0.085399	0.0847913	0.0840983	0.0833205	0.0824587	0.0815138	0.0804868	0.0793786	0.0781904	0.0769234	0.0755788	0.0741579	0.0726623	0.0710934	0.0694529	0.0677422	0.0659632	0.0641177	0.0622075	0.0602345	0.0582008	0.0561084	0.0539593	0.0517558	0.0495001	0.0471944	0.0448412	0.0424426	0.0400013	0.0375196	0.0350001	0.0324452	0.0298577	0.02724	0.0245948	0.0219249	0.0192328	0.0165214	0.0137933	0.0110513	0.00829825	0.0055368	0.00276978	0	
0	0.00283125	0.00565961	0.00848225	0.0112963	0.014099	0.0168875	0.019659	0.0224107	0.0251399	0.0278437	0.0305196	0.0331648	0.0357766	0.0383525	0.0408898	0.043386	0.0458385	0.0482451	0.0506031	0.0529103	0.0551643	0.0573628	0.0595038	0.0615849	0.0636041	0.0655594	0.0674488	0.0692704	0.0710224	0.072703	0.0743105	0.0758433	0.0772999	0.0786787	0.0799784	0.0811977	0.0823354	0.0833902	0.0843612	0.0852473	0.0860477	0.0867615	0.087388	0.0879265	0.0883766	0.0887377	0.0890095	0.0891918	0.0892842	0.0892867	0.0891993	0.0890221	0.0887553	0.088399	0.0879537	0.0874198	0.0867978	0.0860883	0.0852921	0.08441	0.0834427	0.0823914	0.081257	0.0800407	0.0787436	0.0773672	0.0759128	0.0743818	0.0727758	0.0710964	0.0693452	0.0675242	0.065635	0.0636796	0.0616599	0.0595781	0.0574361	0.0552362	0.0529805	0.0506714	0.0483112	0.0459023	0.043447	0.0409479	0.0384075	0.0358283	0.033213	0.0305642	0.0278846	0.0251768	0.0224437	0.019688	0.0169124	0.0141197	0.0113129	0.00849462	0.00566782	0.00283533	0	
0	0.00289384	0.00578475	0.0086698	0.0115461	0.0144108	0.0172609	0.0200937	0.0229062	0.0256957	0.0284594	0.0311944	0.0338981	0.0365676	0.0392004	0.0417938	0.0443452	0.0468521	0.0493118	0.051722	0.0540801	0.056384	0.0586312	0.0608194	0.0629465	0.0650104	0.0670089	0.0689401	0.070802	0.0725927	0.0743105	0.0759536	0.0775203	0.079009	0.0804184	0.0817468	0.0829931	0.0841559	0.0852341	0.0862265	0.0871322	0.0879503	0.0886798	0.0893202	0.0898707	0.0903307	0.0906998	0.0909776	0.0911639	0.0912583	0.0912609	0.0911716	0.0909905	0.0907177	0.0903536	0.0898985	0.0893527	0.088717	0.0879919	0.0871781	0.0862764	0.0852878	0.0842132	0.0830537	0.0818105	0.0804848	0.0790779	0.0775913	0.0760265	0.0743849	0.0726684	0.0708786	0.0690172	0.0670862	0.0650876	0.0630233	0.0608954	0.0587061	0.0564575	0.054152	0.0517919	0.0493795	0.0469172	0.0444077	0.0418533	0.0392567	0.0366205	0.0339474	0.03124	0.0285012	0.0257336	0.02294	0.0201233	0.0172863	0.0144319	0.011563	0.00868245	0.00579315	0.00289802	0	
0	0.00295353	0.00590407	0.00884863	0.0117843	0.014708	0.017617	0.0205082	0.0233787	0.0262257	0.0290464	0.0318378	0.0345973	0.0373219	0.040009	0.0426559	0.0452599	0.0478185	0.0503289	0.0527888	0.0551957	0.057547	0.0598405	0.0620739	0.0642449	0.0663514	0.0683911	0.0703622	0.0722625	0.0740901	0.0758433	0.0775203	0.0791193	0.0806388	0.0820772	0.083433	0.084705	0.0858918	0.0869922	0.0880051	0.0889295	0.0897645	0.0905091	0.0911626	0.0917245	0.092194	0.0925707	0.0928543	0.0930444	0.0931408	0.0931434	0.0930523	0.0928674	0.092589	0.0922174	0.0917528	0.0911959	0.090547	0.0898069	0.0889763	0.0880561	0.087047	0.0859503	0.0847669	0.083498	0.082145	0.0807091	0.0791918	0.0775947	0.0759193	0.0741674	0.0723406	0.0704409	0.0684701	0.0664302	0.0643233	0.0621516	0.0599171	0.0576221	0.0552691	0.0528602	0.0503981	0.047885	0.0453237	0.0427167	0.0400665	0.037376	0.0346477	0.0318845	0.0290891	0.0262644	0.0234132	0.0205384	0.0176429	0.0147297	0.0118015	0.00886155	0.00591265	0.00295781	0	
0	0.00301025	0.00601745	0.00901856	0.0120106	0.0149905	0.0179553	0.020902	0.0238277	0.0267294	0.0296042	0.0324493	0.0352617	0.0380387	0.0407774	0.0434751	0.0461291	0.0487368	0.0512955	0.0538026	0.0562557	0.0586522	0.0609898	0.063266	0.0654787	0.0676256	0.0697046	0.0717134	0.0736502	0.075513	0.0772999	0.079009	0.0806388	0.0821874	0.0836534	0.0850354	0.0863318	0.0875414	0.0886629	0.0896953	0.0906374	0.0914884	0.0922473	0.0929134	0.093486	0.0939646	0.0943485	0.0946375	0.0948313	0.0949296	0.0949322	0.0948393	0.0946509	0.0943672	0.0939884	0.093515	0.0929473	0.092286	0.0915317	0.0906851	0.0897472	0.0887188	0.087601	0.0863949	0.0851016	0.0837226	0.0822592	0.0807128	0.079085	0.0773774	0.0755918	0.07373	0.0717937	0.0697851	0.0677061	0.0655587	0.0633452	0.0610678	0.0587288	0.0563306	0.0538755	0.051366	0.0488047	0.0461942	0.0435371	0.040836	0.0380938	0.0353131	0.0324968	0.0296478	0.0267688	0.0238629	0.0209329	0.0179818	0.0150125	0.0120282	0.00903175	0.00602621	0.00301461	0	
0	0.00306395	0.00612478	0.00917942	0.0122248	0.0152579	0.0182755	0.0212748	0.0242527	0.0272062	0.0301323	0.0330281	0.0358907	0.0387172	0.0415047	0.0442506	0.046952	0.0496061	0.0522105	0.0547623	0.0572591	0.0596984	0.0620777	0.0643945	0.0666467	0.0688319	0.0709479	0.0729926	0.074964	0.07686	0.0786787	0.0804184	0.0820772	0.0836534	0.0851456	0.0865522	0.0878717	0.0891029	0.0902444	0.0912952	0.0922542	0.0931203	0.0938928	0.0945708	0.0951536	0.0956407	0.0960315	0.0963257	0.0965229	0.0966229	0.0966256	0.0965311	0.0963393	0.0960505	0.095665	0.0951831	0.0946053	0.0939322	0.0931644	0.0923028	0.0913481	0.0903014	0.0891636	0.087936	0.0866197	0.0852161	0.0837265	0.0821525	0.0804957	0.0787577	0.0769402	0.0750452	0.0730744	0.0710299	0.0689138	0.0667282	0.0644752	0.0621572	0.0597764	0.0573354	0.0548365	0.0522823	0.0496753	0.0470182	0.0443137	0.0415645	0.0387733	0.0359431	0.0330765	0.0301767	0.0272463	0.0242886	0.0213063	0.0183025	0.0152804	0.0122428	0.00919286	0.00613371	0.00306839	0	
0	0.00311456	0.00622596	0.00933106	0.0124267	0.0155099	0.0185774	0.0216263	0.0246533	0.0276556	0.03063	0.0335737	0.0364835	0.0393567	0.0421904	0.0449816	0.0477276	0.0504256	0.0530729	0.0556669	0.058205	0.0606846	0.0631031	0.0654583	0.0677477	0.069969	0.0721199	0.0741984	0.0762023	0.0781297	0.0799784	0.0817468	0.083433	0.0850354	0.0865522	0.087982	0.0893233	0.0905748	0.0917352	0.0928034	0.0937782	0.0946586	0.0954439	0.0961331	0.0967255	0.0972207	0.0976179	0.0979169	0.0981174	0.0982191	0.0982219	0.0981258	0.0979308	0.0976373	0.0972454	0.0967555	0.0961682	0.0954839	0.0947035	0.0938276	0.0928572	0.0917932	0.0906366	0.0893887	0.0880507	0.0866238	0.0851097	0.0835097	0.0818255	0.0800588	0.0782113	0.0762849	0.0742816	0.0722034	0.0700523	0.0678305	0.0655403	0.063184	0.060764	0.0582826	0.0557424	0.053146	0.050496	0.047795	0.0450458	0.0422511	0.0394139	0.0365369	0.033623	0.0306752	0.0276965	0.0246898	0.0216583	0.0186049	0.0155328	0.012445	0.00934474	0.00623504	0.00311908	0	
0	0.00316204	0.00632087	0.00947331	0.0126162	0.0157463	0.0188607	0.021956	0.0250292	0.0280772	0.031097	0.0340855	0.0370397	0.0399567	0.0428336	0.0456673	0.0484552	0.0511943	0.053882	0.0565156	0.0590923	0.0616097	0.0640652	0.0664562	0.0687805	0.0710357	0.0732194	0.0753296	0.0773641	0.0793208	0.0811977	0.0829931	0.084705	0.0863318	0.0878717	0.0893233	0.0906851	0.0919557	0.0931338	0.0942182	0.0952079	0.0961018	0.096899	0.0975987	0.0982002	0.0987028	0.0991062	0.0994098	0.0996133	0.0997165	0.0997193	0.0996218	0.0994239	0.0991258	0.0987279	0.0982306	0.0976343	0.0969397	0.0961473	0.0952581	0.0942729	0.0931926	0.0920185	0.0907515	0.0893931	0.0879445	0.0864073	0.0847829	0.083073	0.0812793	0.0794037	0.077448	0.0754141	0.0733042	0.0711203	0.0688647	0.0665396	0.0641473	0.0616904	0.0591712	0.0565923	0.0539563	0.0512658	0.0485237	0.0457326	0.0428953	0.0400148	0.0370939	0.0341356	0.0311429	0.0281187	0.0250662	0.0219885	0.0188886	0.0157696	0.0126348	0.00948721	0.0063301	0.00316664	0	
0	0.00320634	0.00640943	0.00960603	0.0127929	0.015967	0.0191249	0.0222636	0.0253798	0.0284706	0.0315327	0.0345631	0.0375587	0.0405165	0.0434337	0.0463071	0.0491341	0.0519116	0.054637	0.0573074	0.0599203	0.0624729	0.0649628	0.0673873	0.0697442	0.0720309	0.0742453	0.076385	0.078448	0.0804321	0.0823354	0.0841559	0.0858918	0.0875414	0.0891029	0.0905748	0.0919557	0.0932441	0.0944387	0.0955383	0.0965419	0.0974483	0.0982566	0.0989661	0.0995761	0.100086	0.100495	0.100803	0.101009	0.101114	0.101117	0.101018	0.100817	0.100515	0.100111	0.099607	0.0990023	0.0982979	0.0974945	0.0965928	0.0955938	0.0944984	0.0933078	0.0920231	0.0906456	0.0891767	0.087618	0.0859708	0.084237	0.0824182	0.0805163	0.0785331	0.0764708	0.0743313	0.0721168	0.0698296	0.0674719	0.0650462	0.0625548	0.0600003	0.0573852	0.0547123	0.0519842	0.0492036	0.0463734	0.0434964	0.0405755	0.0376137	0.0346139	0.0315792	0.0285127	0.0254175	0.0222966	0.0191532	0.0159906	0.0128118	0.00962015	0.0064188	0.00321101	0	
0	0.00324742	0.00649154	0.0097291	0.0129568	0.0161715	0.0193699	0.0225488	0.025705	0.0288353	0.0319366	0.0350059	0.0380399	0.0410356	0.0439901	0.0469004	0.0497635	0.0525767	0.0553369	0.0580416	0.0606879	0.0632733	0.065795	0.0682507	0.0706377	0.0729538	0.0751965	0.0773637	0.0794531	0.0814626	0.0833902	0.0852341	0.0869922	0.0886629	0.0902444	0.0917352	0.0931338	0.0944387	0.0956486	0.0967623	0.0977787	0.0986967	0.0995155	0.100234	0.100852	0.101368	0.101782	0.102094	0.102303	0.102409	0.102412	0.102312	0.102109	0.101802	0.101394	0.100883	0.100271	0.0995573	0.0987436	0.0978304	0.0968185	0.0957091	0.0945032	0.0932021	0.091807	0.0903193	0.0887405	0.0870723	0.0853162	0.0834741	0.0815479	0.0795393	0.0774506	0.0752837	0.0730408	0.0707243	0.0683364	0.0658795	0.0633562	0.060769	0.0581205	0.0554133	0.0526502	0.049834	0.0469675	0.0440537	0.0410953	0.0380956	0.0350574	0.0319839	0.0288781	0.0257431	0.0225823	0.0193986	0.0161955	0.012976	0.00974341	0.00650104	0.00325215	0	
0	0.00328523	0.00656712	0.00984238	0.0131077	0.0163598	0.0195954	0.0228113	0.0260043	0.0291711	0.0323085	0.0354134	0.0384828	0.0415134	0.0445023	0.0474465	0.050343	0.0531888	0.0559813	0.0587174	0.0613946	0.06401	0.0665611	0.0690454	0.0714602	0.0738032	0.0760721	0.0782644	0.0803782	0.0824111	0.0843612	0.0862265	0.0880051	0.0896953	0.0912952	0.0928034	0.0942182	0.0955383	0.0967623	0.097889	0.0989172	0.099846	0.100674	0.101401	0.102026	0.102548	0.102967	0.103283	0.103494	0.103602	0.103605	0.103503	0.103298	0.102988	0.102575	0.102058	0.101438	0.100717	0.0998934	0.0989695	0.0979459	0.0968236	0.0956036	0.0942873	0.092876	0.091371	0.0897738	0.0880862	0.0863097	0.0844461	0.0824974	0.0804655	0.0783524	0.0761603	0.0738913	0.0715478	0.0691321	0.0666467	0.064094	0.0614766	0.0587973	0.0560586	0.0532633	0.0504143	0.0475144	0.0445666	0.0415739	0.0385392	0.0354656	0.0323563	0.0292143	0.0260429	0.0228452	0.0196245	0.016384	0.0131271	0.00985686	0.00657675	0.00329002	0	
0	0.00331974	0.0066361	0.00994575	0.0132454	0.0165316	0.0198013	0.0230509	0.0262774	0.0294775	0.0326478	0.0357854	0.038887	0.0419494	0.0449697	0.0479448	0.0508717	0.0537475	0.0565693	0.0593342	0.0620394	0.0646823	0.0672603	0.0697706	0.0722108	0.0745784	0.0768711	0.0790865	0.0812225	0.0832767	0.0852473	0.0871322	0.0889295	0.0906374	0.0922542	0.0937782	0.0952079	0.0965419	0.0977787	0.0989172	0.0999563	0.100895	0.101732	0.102466	0.103098	0.103626	0.104049	0.104368	0.104581	0.10469	0.104693	0.10459	0.104383	0.10407	0.103652	0.10313	0.102504	0.101775	0.100943	0.100009	0.0989747	0.0978406	0.0966079	0.0952778	0.0938516	0.0923308	0.0907169	0.0890115	0.0872163	0.0853332	0.083364	0.0813108	0.0791755	0.0769603	0.0746675	0.0722994	0.0698583	0.0673468	0.0647673	0.0621224	0.0594149	0.0566474	0.0538228	0.0509439	0.0480136	0.0450348	0.0420106	0.038944	0.0358382	0.0326962	0.0295212	0.0263165	0.0230852	0.0198307	0.0165562	0.013265	0.00996041	0.00664583	0.00332458	0	
