0	0	0	0	0	0	0	0	0	0	0	0	0	0	0	0	0	0	0	0	0	0	0	0	0	0	0	0	0	0	0	0	0	0	0	0	0	0	0	0	0	0	0	0	0	0	0	0	0	0	0	0	0	0	0	0	0	0	0	0	0	0	0	0	0	0	0	0	0	0	0	0	0	0	0	0	0	0	0	0	0	0	0	0	0	0	0	0	0	0	0	0	0	0	0	0	0	0	0	0	
0	6.94545e-05	0.000138838	0.000208079	0.00027711	0.000345859	0.000414259	0.00048224	0.000549734	0.000616673	0.000682989	0.000748616	0.000813488	0.00087754	0.000940708	0.00100293	0.00106414	0.00112427	0.00118328	0.00124109	0.00129765	0.0013529	0.0014068	0.00145927	0.00151028	0.00155977	0.00160768	0.00165398	0.00169862	0.00174154	0.00178271	0.00182208	0.00185963	0.0018953	0.00192906	0.00196088	0.00199073	0.00201857	0.00204438	0.00206813	0.0020898	0.00210937	0.00212682	0.00214212	0.00215527	0.00216624	0.00217504	0.00218165	0.00218605	0.00218826	0.00218827	0.00218607	0.00218167	0.00217507	0.00216629	0.00215532	0.00214218	0.00212688	0.00210945	0.00208988	0.00206822	0.00204447	0.00201866	0.00199081	0.00196096	0.00192914	0.00189537	0.0018597	0.00182215	0.00178277	0.00174159	0.00169865	0.00165401	0.0016077	0.00155977	0.00151026	0.00145924	0.00140675	0.00135284	0.00129757	0.001241	0.00118317	0.00112415	0.00106401	0.00100279	0.000940559	0.000877385	0.000813328	0.000748453	0.000682826	0.000616512	0.000549579	0.000482094	0.000414125	0.00034574	0.000277008	0.000207998	0.000138781	6.94249e-05	0	
0	0.000138838	0.000277532	0.000415944	0.000553934	0.000691363	0.000828092	0.000963985	0.0010989	0.00123271	0.00136528	0.00149646	0.00162614	0.00175418	0.00188045	0.00200482	0.00212718	0.00224739	0.00236534	0.0024809	0.00259397	0.00270442	0.00281215	0.00291705	0.00301901	0.00311793	0.00321372	0.00330627	0.00339549	0.00348129	0.00356359	0.0036423	0.00371734	0.00378865	0.00385614	0.00391975	0.00397941	0.00403507	0.00408666	0.00413414	0.00417747	0.00421658	0.00425145	0.00428204	0.00430832	0.00433026	0.00434785	0.00436105	0.00436987	0.00437428	0.00437429	0.0043699	0.0043611	0.00434792	0.00433035	0.00430843	0.00428216	0.00425159	0.00421673	0.00417762	0.00413431	0.00408683	0.00403524	0.00397958	0.00391992	0.0038563	0.00378881	0.00371749	0.00364243	0.0035637	0.00348139	0.00339556	0.00330632	0.00321374	0.00311793	0.00301898	0.00291699	0.00281206	0.0027043	0.00259382	0.00248072	0.00236513	0.00224716	0.00212692	0.00200455	0.00188016	0.00175387	0.00162582	0.00149614	0.00136495	0.00123239	0.0010986	0.000963695	0.000827825	0.000691125	0.000553732	0.000415784	0.00027742	0.000138779	0	
0	0.000208079	0.000415944	0.000623386	0.000830195	0.00103616	0.00124108	0.00144475	0.00164695	0.0018475	0.00204617	0.00224279	0.00243714	0.00262903	0.00281828	0.00300468	0.00318806	0.00336822	0.00354499	0.00371819	0.00388764	0.00405318	0.00421464	0.00437186	0.00452467	0.00467293	0.00481648	0.00495519	0.00508891	0.0052175	0.00534084	0.00545881	0.00557128	0.00567815	0.0057793	0.00587463	0.00596405	0.00604746	0.00612479	0.00619595	0.00626088	0.0063195	0.00637176	0.00641761	0.006457	0.00648988	0.00651623	0.00653603	0.00654924	0.00655585	0.00655587	0.00654928	0.0065361	0.00651634	0.00649002	0.00645716	0.00641779	0.00637197	0.00631973	0.00626112	0.0061962	0.00612505	0.00604773	0.00596431	0.00587489	0.00577955	0.00567839	0.0055715	0.00545901	0.00534102	0.00521765	0.00508902	0.00495527	0.00481653	0.00467293	0.00452463	0.00437177	0.00421451	0.00405301	0.00388743	0.00371793	0.00354469	0.00336788	0.00318768	0.00300427	0.00281784	0.00262858	0.00243667	0.00224231	0.00204569	0.00184702	0.0016465	0.00144432	0.00124069	0.00103581	0.000829894	0.000623148	0.000415777	0.000207992	0	
0	0.00027711	0.000553934	0.000830195	0.00110561	0.00137991	0.00165281	0.00192404	0.00219333	0.00246041	0.00272499	0.00298684	0.00324566	0.00350122	0.00375324	0.00400149	0.0042457	0.00448563	0.00472105	0.00495171	0.00517738	0.00539784	0.00561286	0.00582223	0.00602574	0.00622318	0.00641436	0.00659908	0.00677716	0.00694842	0.00711268	0.00726978	0.00741957	0.00756189	0.00769659	0.00782355	0.00794263	0.00805372	0.0081567	0.00825148	0.00833794	0.00841601	0.00848561	0.00854667	0.00859912	0.00864292	0.00867801	0.00870437	0.00872197	0.00873078	0.0087308	0.00872203	0.00870448	0.00867816	0.0086431	0.00859934	0.00854692	0.00848589	0.00841632	0.00833826	0.00825182	0.00815706	0.00805408	0.00794299	0.0078239	0.00769693	0.00756221	0.00741987	0.00727006	0.00711292	0.00694862	0.00677732	0.0065992	0.00641443	0.00622319	0.00602569	0.00582213	0.0056127	0.00539761	0.0051771	0.00495137	0.00472065	0.00448518	0.0042452	0.00400095	0.00375267	0.00350062	0.00324504	0.0029862	0.00272436	0.00245978	0.00219273	0.00192348	0.00165229	0.00137944	0.00110522	0.00082988	0.000553713	0.000276994	0	
0	0.000345859	0.000691363	0.00103616	0.00137991	0.00172226	0.00206287	0.00240139	0.00273749	0.00307082	0.00340106	0.00372786	0.0040509	0.00436986	0.00468441	0.00499424	0.00529904	0.0055985	0.00589232	0.00618021	0.00646187	0.00673702	0.00700539	0.00726671	0.00752071	0.00776714	0.00800575	0.0082363	0.00845856	0.0086723	0.00887732	0.0090734	0.00926035	0.00943797	0.0096061	0.00976455	0.00991318	0.0100518	0.0101804	0.0102986	0.0104066	0.010504	0.0105909	0.0106671	0.0107325	0.0107872	0.010831	0.0108639	0.0108859	0.0108969	0.0108969	0.0108859	0.010864	0.0108312	0.0107874	0.0107328	0.0106674	0.0105912	0.0105044	0.010407	0.0102991	0.0101808	0.0100523	0.00991363	0.009765	0.00960653	0.00943838	0.00926073	0.00907375	0.00887763	0.00867256	0.00845877	0.00823645	0.00800584	0.00776716	0.00752066	0.00726659	0.0070052	0.00673675	0.00646153	0.00617979	0.00589184	0.00559795	0.00529844	0.00499358	0.00468371	0.00436912	0.00405014	0.00372708	0.00340028	0.00307005	0.00273675	0.00240069	0.00206222	0.00172168	0.00137942	0.00103577	0.00069109	0.000345716	0	
0	0.000414259	0.000828092	0.00124108	0.00165281	0.00206287	0.00247084	0.00287631	0.00327888	0.00367813	0.00407368	0.00446511	0.00485204	0.00523408	0.00561084	0.00598195	0.00634703	0.00670571	0.00705764	0.00740246	0.00773983	0.0080694	0.00839084	0.00870384	0.00900807	0.00930324	0.00958904	0.00986519	0.0101314	0.0103874	0.010633	0.0108678	0.0110918	0.0113045	0.0115059	0.0116957	0.0118737	0.0120398	0.0121937	0.0123354	0.0124647	0.0125814	0.0126854	0.0127767	0.0128551	0.0129206	0.0129731	0.0130125	0.0130388	0.0130519	0.013052	0.0130389	0.0130126	0.0129733	0.0129209	0.0128554	0.0127771	0.0126858	0.0125818	0.0124652	0.0123359	0.0121943	0.0120403	0.0118743	0.0116962	0.0115064	0.011305	0.0110922	0.0108683	0.0106334	0.0103877	0.0101317	0.00986537	0.00958915	0.00930327	0.00900802	0.0087037	0.00839062	0.00806909	0.00773943	0.00740198	0.00705707	0.00670507	0.00634631	0.00598117	0.00561001	0.0052332	0.00485114	0.00446419	0.00407275	0.00367722	0.003278	0.00287548	0.00247007	0.00206218	0.00165223	0.00124062	0.000827768	0.000414089	0	
0	0.00048224	0.000963985	0.00144475	0.00192404	0.00240139	0.00287631	0.00334832	0.00381695	0.00428173	0.00474218	0.00519785	0.00564828	0.00609301	0.0065316	0.00696361	0.0073886	0.00780614	0.00821583	0.00861723	0.00900996	0.00939362	0.00976781	0.0101322	0.0104863	0.0108299	0.0111626	0.0114841	0.011794	0.012092	0.0123779	0.0126513	0.012912	0.0131596	0.0133941	0.013615	0.0138222	0.0140156	0.0141948	0.0143597	0.0145102	0.014646	0.0147672	0.0148734	0.0149647	0.0150409	0.015102	0.0151479	0.0151785	0.0151938	0.0151939	0.0151786	0.015148	0.0151022	0.0150412	0.0149651	0.0148739	0.0147677	0.0146466	0.0145108	0.0143603	0.0141954	0.0140162	0.0138229	0.0136156	0.0133947	0.0131602	0.0129125	0.0126518	0.0123783	0.0120924	0.0117943	0.0114843	0.0111628	0.01083	0.0104863	0.010132	0.00976757	0.00939327	0.00900951	0.00861668	0.00821518	0.00780541	0.00738778	0.00696271	0.00653064	0.006092	0.00564724	0.00519679	0.00474111	0.00428068	0.00381593	0.00334736	0.00287542	0.0024006	0.00192337	0.00144421	0.00096361	0.000482044	0	
0	0.000549734	0.0010989	0.00164695	0.00219333	0.00273749	0.00327888	0.00381695	0.00435117	0.004881	0.00540589	0.00592534	0.00643881	0.00694579	0.00744576	0.00793823	0.0084227	0.00889869	0.00936571	0.0098233	0.010271	0.0107083	0.0111349	0.0115503	0.011954	0.0123457	0.012725	0.0130914	0.0134447	0.0137844	0.0141103	0.014422	0.0147191	0.0150015	0.0152687	0.0155206	0.0157568	0.0159772	0.0161815	0.0163695	0.016541	0.0166959	0.016834	0.0169551	0.0170592	0.0171461	0.0172157	0.017268	0.0173029	0.0173204	0.0173204	0.017303	0.0172682	0.017216	0.0171464	0.0170596	0.0169556	0.0168346	0.0166965	0.0165417	0.0163702	0.0161822	0.0159779	0.0157575	0.0155213	0.0152694	0.0150021	0.0147198	0.0144226	0.0141108	0.0137849	0.0134451	0.0130917	0.0127251	0.0123458	0.011954	0.0115501	0.0111347	0.010708	0.0102705	0.00982269	0.00936499	0.00889787	0.00842178	0.00793723	0.00744469	0.00694465	0.00643763	0.00592414	0.00540469	0.00487981	0.00435002	0.00381586	0.00327788	0.0027366	0.00219257	0.00164635	0.00109848	0.000549512	0	
0	0.000616673	0.00123271	0.0018475	0.00246041	0.00307082	0.00367813	0.00428173	0.004881	0.00547534	0.00606415	0.00664685	0.00722284	0.00779155	0.00835241	0.00890484	0.00944831	0.00998225	0.0105061	0.0110195	0.0115217	0.0120123	0.0124908	0.0129567	0.0134096	0.013849	0.0142744	0.0146855	0.0150818	0.0154629	0.0158285	0.0161781	0.0165114	0.0168281	0.0171279	0.0174105	0.0176755	0.0179227	0.0181519	0.0183628	0.0185552	0.0187289	0.0188838	0.0190197	0.0191364	0.0192339	0.019312	0.0193706	0.0194098	0.0194294	0.0194295	0.01941	0.0193709	0.0193123	0.0192343	0.0191369	0.0190203	0.0188845	0.0187296	0.0185559	0.0183636	0.0181527	0.0179235	0.0176763	0.0174113	0.0171287	0.0168289	0.0165122	0.0161788	0.0158291	0.0154635	0.0150822	0.0146859	0.0142747	0.0138491	0.0134096	0.0129566	0.0124905	0.0120119	0.0115211	0.0110188	0.0105054	0.00998135	0.00944729	0.00890374	0.00835122	0.0077903	0.00722154	0.00664552	0.00606282	0.00547402	0.00487972	0.00428052	0.00367702	0.00306983	0.00245956	0.00184682	0.00123224	0.000616426	0	
0	0.000682989	0.00136528	0.00204617	0.00272499	0.00340106	0.00407368	0.00474218	0.00540589	0.00606415	0.00671629	0.00736165	0.00799958	0.00862945	0.00925062	0.00986247	0.0104644	0.0110557	0.011636	0.0122045	0.0127607	0.0133041	0.013834	0.0143501	0.0148517	0.0153383	0.0158095	0.0162648	0.0167037	0.0171258	0.0175307	0.0179179	0.0182871	0.0186379	0.0189699	0.0192828	0.0195763	0.0198501	0.0201039	0.0203375	0.0205506	0.020743	0.0209146	0.0210651	0.0211944	0.0213023	0.0213888	0.0214538	0.0214972	0.0215189	0.0215189	0.0214973	0.0214541	0.0213892	0.0213028	0.0211949	0.0210657	0.0209153	0.0207438	0.0205515	0.0203384	0.0201048	0.019851	0.0195772	0.0192837	0.0189708	0.0186387	0.0182879	0.0179187	0.0175314	0.0171264	0.0167042	0.0162652	0.0158098	0.0153384	0.0148517	0.0143499	0.0138337	0.0133036	0.0127601	0.0122038	0.0116351	0.0110548	0.0104633	0.00986126	0.00924932	0.00862808	0.00799816	0.00736019	0.00671482	0.00606271	0.0054045	0.00474086	0.00407246	0.00339997	0.00272407	0.00204544	0.00136476	0.000682718	0	
0	0.000748616	0.00149646	0.00224279	0.00298684	0.00372786	0.00446511	0.00519785	0.00592534	0.00664685	0.00736165	0.00806902	0.00876825	0.00945864	0.0101395	0.0108101	0.0114699	0.0121181	0.0127541	0.0133772	0.0139869	0.0145824	0.0151633	0.015729	0.0162788	0.0168122	0.0173287	0.0178277	0.0183088	0.0187714	0.0192152	0.0196396	0.0200443	0.0204288	0.0207927	0.0211357	0.0214574	0.0217575	0.0220357	0.0222917	0.0225253	0.0227362	0.0229243	0.0230892	0.0232309	0.0233493	0.0234441	0.0235153	0.0235628	0.0235866	0.0235867	0.023563	0.0235156	0.0234445	0.0233498	0.0232316	0.0230899	0.0229251	0.0227371	0.0225263	0.0222927	0.0220367	0.0217585	0.0214584	0.0211367	0.0207937	0.0204297	0.0200452	0.0196405	0.019216	0.0187721	0.0183093	0.0178281	0.017329	0.0168123	0.0162788	0.0157288	0.015163	0.014582	0.0139863	0.0133764	0.0127531	0.012117	0.0114687	0.0108088	0.0101381	0.00945716	0.00876671	0.00806744	0.00736006	0.00664528	0.00592382	0.00519641	0.00446378	0.00372668	0.00298583	0.00224199	0.0014959	0.000748322	0	
0	0.000813488	0.00162614	0.00243714	0.00324566	0.0040509	0.00485204	0.00564828	0.00643881	0.00722284	0.00799958	0.00876825	0.00952808	0.0102783	0.0110182	0.0117469	0.0124638	0.0131682	0.0138593	0.0145364	0.0151989	0.0158461	0.0164774	0.017092	0.0176894	0.0182691	0.0188303	0.0193726	0.0198954	0.0203981	0.0208803	0.0213415	0.0217813	0.0221991	0.0225945	0.0229672	0.0233168	0.0236429	0.0239453	0.0242235	0.0244773	0.0247065	0.0249108	0.0250901	0.0252441	0.0253727	0.0254757	0.0255531	0.0256047	0.0256306	0.0256307	0.0256049	0.0255534	0.0254761	0.0253732	0.0252448	0.0250909	0.0249117	0.0247075	0.0244784	0.0242246	0.0239464	0.0236441	0.023318	0.0229684	0.0225956	0.0222001	0.0217823	0.0213425	0.0208812	0.0203989	0.019896	0.0193731	0.0188307	0.0182693	0.0176895	0.0170919	0.0164771	0.0158456	0.0151983	0.0145356	0.0138583	0.0131671	0.0124626	0.0117455	0.0110167	0.0102767	0.00952643	0.00876656	0.00799788	0.00722116	0.00643718	0.00564673	0.00485061	0.00404963	0.00324458	0.00243628	0.00162554	0.000813171	0	
0	0.00087754	0.00175418	0.00262903	0.00350122	0.00436986	0.00523408	0.00609301	0.00694579	0.00779155	0.00862945	0.00945864	0.0102783	0.0110876	0.0118857	0.0126718	0.0134452	0.014205	0.0149506	0.015681	0.0163957	0.0170938	0.0177748	0.0184378	0.0190823	0.0197075	0.020313	0.020898	0.0214619	0.0220042	0.0225244	0.0230219	0.0234963	0.023947	0.0243736	0.0247756	0.0251528	0.0255046	0.0258307	0.0261308	0.0264046	0.0266519	0.0268723	0.0270657	0.0272318	0.0273705	0.0274816	0.0275651	0.0276208	0.0276487	0.0276488	0.027621	0.0275654	0.0274821	0.0273711	0.0272325	0.0270665	0.0268733	0.0266529	0.0264058	0.026132	0.0258319	0.0255058	0.025154	0.0247769	0.0243748	0.0239482	0.0234974	0.023023	0.0225254	0.0220051	0.0214626	0.0208985	0.0203134	0.0197078	0.0190823	0.0184377	0.0177745	0.0170933	0.016395	0.0156802	0.0149495	0.0142038	0.0134439	0.0126704	0.0118841	0.0110859	0.0102765	0.00945684	0.00862764	0.00778976	0.00694405	0.00609136	0.00523255	0.0043685	0.00350006	0.00262811	0.00175353	0.000877201	0	
0	0.000940708	0.00188045	0.00281828	0.00375324	0.00468441	0.00561084	0.0065316	0.00744576	0.00835241	0.00925062	0.0101395	0.0110182	0.0118857	0.0127413	0.013584	0.014413	0.0152276	0.0160267	0.0168098	0.0175759	0.0183243	0.0190542	0.019765	0.0204559	0.0211262	0.0217752	0.0224023	0.0230068	0.0235882	0.0241458	0.0246791	0.0251876	0.0256708	0.0261281	0.0265591	0.0269633	0.0273405	0.0276901	0.0280118	0.0283053	0.0285704	0.0288067	0.0290139	0.029192	0.0293407	0.0294598	0.0295493	0.0296091	0.029639	0.0296391	0.0296093	0.0295497	0.0294604	0.0293414	0.0291928	0.0290149	0.0288077	0.0285715	0.0283066	0.0280131	0.0276914	0.0273418	0.0269647	0.0265604	0.0261294	0.0256721	0.0251889	0.0246803	0.0241469	0.0235891	0.0230076	0.0224029	0.0217756	0.0211264	0.020456	0.0197649	0.0190539	0.0183238	0.0175752	0.0168089	0.0160257	0.0152263	0.0144116	0.0135824	0.0127396	0.0118839	0.0110163	0.0101376	0.0092487	0.0083505	0.00744392	0.00652985	0.00560922	0.00468297	0.00375201	0.0028173	0.00187976	0.000940347	0	
0	0.00100293	0.00200482	0.00300468	0.00400149	0.00499424	0.00598195	0.00696361	0.00793823	0.00890484	0.00986247	0.0108101	0.0117469	0.0126718	0.013584	0.0144825	0.0153663	0.0162347	0.0170868	0.0179216	0.0187384	0.0195363	0.0203145	0.0210723	0.0218089	0.0225235	0.0232154	0.023884	0.0245285	0.0251483	0.0257429	0.0263115	0.0268536	0.0273687	0.0278562	0.0283158	0.0287468	0.0291488	0.0295216	0.0298646	0.0301775	0.0304601	0.030712	0.030933	0.0311229	0.0312814	0.0314084	0.0315038	0.0315675	0.0315994	0.0315995	0.0315677	0.0315042	0.031409	0.0312821	0.0311237	0.030934	0.0307131	0.0304613	0.0301788	0.029866	0.029523	0.0291503	0.0287482	0.0283172	0.0278577	0.0273701	0.0268549	0.0263127	0.025744	0.0251493	0.0245294	0.0238847	0.0232159	0.0225238	0.021809	0.0210722	0.0203142	0.0195358	0.0187377	0.0179207	0.0170857	0.0162334	0.0153649	0.0144808	0.0135822	0.01267	0.011745	0.0108081	0.00986044	0.00890284	0.00793628	0.00696176	0.00598024	0.00499272	0.00400019	0.00300364	0.0020041	0.00100255	0	
0	0.00106414	0.00212718	0.00318806	0.0042457	0.00529904	0.00634703	0.0073886	0.0084227	0.00944831	0.0104644	0.0114699	0.0124638	0.0134452	0.014413	0.0153663	0.0163042	0.0172255	0.0181296	0.0190154	0.019882	0.0207286	0.0215543	0.0223584	0.0231399	0.0238981	0.0246323	0.0253417	0.0260255	0.0266832	0.027314	0.0279173	0.0284925	0.029039	0.0295563	0.0300439	0.0305012	0.0309278	0.0313233	0.0316872	0.0320193	0.0323191	0.0325864	0.0328209	0.0330223	0.0331905	0.0333253	0.0334265	0.0334941	0.0335279	0.033528	0.0334944	0.033427	0.0333259	0.0331913	0.0330233	0.032822	0.0325876	0.0323204	0.0320207	0.0316887	0.0313248	0.0309294	0.0305028	0.0300455	0.0295579	0.0290405	0.0284939	0.0279186	0.0273152	0.0266843	0.0260264	0.0253424	0.0246329	0.0238985	0.0231401	0.0223583	0.0215541	0.0207281	0.0198813	0.0190144	0.0181284	0.0172242	0.0163026	0.0153646	0.0144112	0.0134433	0.0124618	0.0114678	0.0104623	0.0094462	0.00842066	0.00738665	0.00634523	0.00529744	0.00424433	0.00318697	0.00212641	0.00106373	0	
0	0.00112427	0.00224739	0.00336822	0.00448563	0.0055985	0.00670571	0.00780614	0.00889869	0.00998225	0.0110557	0.0121181	0.0131682	0.014205	0.0152276	0.0162347	0.0172255	0.018199	0.0191541	0.02009	0.0210056	0.0219	0.0227724	0.0236219	0.0244476	0.0252487	0.0260243	0.0267738	0.0274963	0.0281911	0.0288576	0.029495	0.0301027	0.0306801	0.0312267	0.0317418	0.0322249	0.0326757	0.0330935	0.033478	0.0338288	0.0341456	0.034428	0.0346757	0.0348885	0.0350662	0.0352086	0.0353156	0.035387	0.0354227	0.0354228	0.0353873	0.035316	0.0352093	0.0350671	0.0348895	0.0346768	0.0344292	0.034147	0.0338303	0.0334796	0.0330951	0.0326773	0.0322266	0.0317435	0.0312283	0.0306817	0.0301042	0.0294964	0.0288589	0.0281923	0.0274973	0.0267746	0.026025	0.0252491	0.0244478	0.0236219	0.0227722	0.0218995	0.0210049	0.020089	0.019153	0.0181976	0.017224	0.016233	0.0152256	0.014203	0.0131661	0.0121159	0.0110535	0.00998006	0.00889655	0.00780411	0.00670383	0.00559682	0.0044842	0.00336708	0.00224659	0.00112385	0	
0	0.00118328	0.00236534	0.00354499	0.00472105	0.00589232	0.00705764	0.00821583	0.00936571	0.0105061	0.011636	0.0127541	0.0138593	0.0149506	0.0160267	0.0170868	0.0181296	0.0191541	0.0201594	0.0211444	0.022108	0.0230494	0.0239676	0.0248616	0.0257307	0.0265738	0.0273902	0.028179	0.0289394	0.0296707	0.0303721	0.031043	0.0316826	0.0322903	0.0328655	0.0334077	0.0339162	0.0343906	0.0348303	0.035235	0.0356043	0.0359377	0.0362349	0.0364956	0.0367196	0.0369066	0.0370565	0.0371691	0.0372442	0.0372818	0.0372819	0.0372445	0.0371696	0.0370572	0.0369075	0.0367206	0.0364968	0.0362362	0.0359391	0.0356059	0.0352367	0.0348321	0.0343924	0.033918	0.0334095	0.0328673	0.032292	0.0316842	0.0310445	0.0303735	0.0296719	0.0289405	0.0281799	0.0273909	0.0265743	0.0257309	0.0248617	0.0239674	0.0230489	0.0221073	0.0211434	0.0201582	0.0191527	0.018128	0.0170849	0.0160248	0.0149484	0.0138571	0.0127518	0.0116337	0.0105039	0.00936349	0.00821371	0.00705568	0.00589057	0.00471955	0.0035438	0.0023645	0.00118284	0	
0	0.00124109	0.0024809	0.00371819	0.00495171	0.00618021	0.00740246	0.00861723	0.0098233	0.0110195	0.0122045	0.0133772	0.0145364	0.015681	0.0168098	0.0179216	0.0190154	0.02009	0.0211444	0.0221774	0.0231882	0.0241756	0.0251386	0.0260763	0.0269878	0.0278721	0.0287284	0.0295557	0.0303533	0.0311203	0.0318561	0.0325597	0.0332306	0.033868	0.0344713	0.0350399	0.0355733	0.0360709	0.0365321	0.0369566	0.0373438	0.0376935	0.0380053	0.0382787	0.0385137	0.0387098	0.038867	0.0389851	0.0390639	0.0391034	0.0391035	0.0390642	0.0389856	0.0388678	0.0387108	0.0385148	0.03828	0.0380067	0.0376951	0.0373455	0.0369584	0.036534	0.0360728	0.0355752	0.0350419	0.0344732	0.0338698	0.0332323	0.0325613	0.0318576	0.0311217	0.0303545	0.0295567	0.0287292	0.0278727	0.0269881	0.0260764	0.0251384	0.0241751	0.0231874	0.0221764	0.0211431	0.0200885	0.0190137	0.0179197	0.0168077	0.0156788	0.0145341	0.0133748	0.0122021	0.0110171	0.00982099	0.00861503	0.00740043	0.00617839	0.00495015	0.00371695	0.00248003	0.00124063	0	
0	0.00129765	0.00259397	0.00388764	0.00517738	0.00646187	0.00773983	0.00900996	0.010271	0.0115217	0.0127607	0.0139869	0.0151989	0.0163957	0.0175759	0.0187384	0.019882	0.0210056	0.022108	0.0231882	0.024245	0.0252774	0.0262843	0.0272648	0.0282178	0.0291424	0.0300377	0.0309028	0.0317367	0.0325387	0.0333079	0.0340436	0.0347451	0.0354115	0.0360424	0.0366369	0.0371946	0.0377148	0.0381971	0.0386409	0.0390458	0.0394114	0.0397374	0.0400233	0.040269	0.0404741	0.0406384	0.0407619	0.0408443	0.0408856	0.0408857	0.0408446	0.0407624	0.0406392	0.0404751	0.0402701	0.0400247	0.0397389	0.0394131	0.0390476	0.0386428	0.038199	0.0377168	0.0371966	0.0366389	0.0360444	0.0354135	0.0347469	0.0340454	0.0333095	0.0325401	0.031738	0.0309038	0.0300386	0.029143	0.0282182	0.0272649	0.0262841	0.0252769	0.0242443	0.0231872	0.0221068	0.0210041	0.0198803	0.0187365	0.0175738	0.0163934	0.0151966	0.0139844	0.0127582	0.0115192	0.0102686	0.00900768	0.00773772	0.00645998	0.00517577	0.00388636	0.00259306	0.00129718	0	
0	0.0013529	0.00270442	0.00405318	0.00539784	0.00673702	0.0080694	0.00939362	0.0107083	0.0120123	0.0133041	0.0145824	0.0158461	0.0170938	0.0183243	0.0195363	0.0207286	0.0219	0.0230494	0.0241756	0.0252774	0.0263537	0.0274035	0.0284258	0.0294194	0.0303834	0.0313168	0.0322187	0.0330881	0.0339242	0.0347262	0.0354933	0.0362246	0.0369194	0.0375771	0.038197	0.0387784	0.0393208	0.0398236	0.0402863	0.0407085	0.0410897	0.0414295	0.0417276	0.0419837	0.0421976	0.0423689	0.0424976	0.0425835	0.0426266	0.0426267	0.0425839	0.0424982	0.0423697	0.0421986	0.041985	0.041729	0.0414311	0.0410914	0.0407104	0.0402883	0.0398257	0.0393229	0.0387806	0.0381991	0.0375792	0.0369215	0.0362266	0.0354951	0.0347279	0.0339258	0.0330895	0.0322198	0.0313177	0.030384	0.0294198	0.0284259	0.0274034	0.0263533	0.0252767	0.0241746	0.0230481	0.0218985	0.0207268	0.0195343	0.0183221	0.0170915	0.0158437	0.0145799	0.0133015	0.0120097	0.0107059	0.00939127	0.00806722	0.00673507	0.00539617	0.00405186	0.00270349	0.00135241	0	
0	0.0014068	0.00281215	0.00421464	0.00561286	0.00700539	0.00839084	0.00976781	0.0111349	0.0124908	0.013834	0.0151633	0.0164774	0.0177748	0.0190542	0.0203145	0.0215543	0.0227724	0.0239676	0.0251386	0.0262843	0.0274035	0.0284952	0.0295581	0.0305913	0.0315937	0.0325643	0.0335021	0.0344062	0.0352756	0.0361096	0.0369072	0.0376676	0.0383902	0.039074	0.0397186	0.0403232	0.0408872	0.04141	0.0418912	0.0423302	0.0427265	0.0430799	0.0433899	0.0436562	0.0438786	0.0440568	0.0441906	0.0442799	0.0443247	0.0443248	0.0442803	0.0441912	0.0440576	0.0438796	0.0436575	0.0433914	0.0430816	0.0427284	0.0423321	0.0418932	0.0414122	0.0408894	0.0403254	0.0397209	0.0390763	0.0383923	0.0376697	0.0369091	0.0361114	0.0352773	0.0344076	0.0335033	0.0325653	0.0315944	0.0305918	0.0295583	0.0284951	0.0274031	0.0262836	0.0251376	0.0239663	0.0227709	0.0215525	0.0203125	0.019052	0.0177724	0.0164749	0.0151608	0.0138314	0.0124882	0.0111324	0.00976539	0.0083886	0.00700338	0.00561114	0.00421327	0.00281119	0.00140629	0	
0	0.00145927	0.00291705	0.00437186	0.00582223	0.00726671	0.00870384	0.0101322	0.0115503	0.0129567	0.0143501	0.015729	0.017092	0.0184378	0.019765	0.0210723	0.0223584	0.0236219	0.0248616	0.0260763	0.0272648	0.0284258	0.0295581	0.0306607	0.0317325	0.0327722	0.033779	0.0347518	0.0356896	0.0365915	0.0374566	0.0382839	0.0390727	0.0398222	0.0405316	0.0412002	0.0418274	0.0424124	0.0429547	0.0434539	0.0439092	0.0443204	0.0446869	0.0450085	0.0452847	0.0455154	0.0457002	0.045839	0.0459317	0.0459781	0.0459783	0.0459321	0.0458397	0.0457011	0.0455165	0.0452861	0.04501	0.0446887	0.0443223	0.0439113	0.043456	0.042957	0.0424147	0.0418297	0.0412026	0.040534	0.0398245	0.0390749	0.038286	0.0374585	0.0365933	0.0356912	0.0347531	0.0337801	0.032773	0.031733	0.030661	0.0295581	0.0284254	0.0272641	0.0260754	0.0248604	0.0236203	0.0223565	0.0210703	0.0197628	0.0184354	0.0170894	0.0157263	0.0143474	0.012954	0.0115477	0.0101297	0.00870153	0.00726464	0.00582046	0.00437045	0.00291606	0.00145875	0	
0	0.00151028	0.00301901	0.00452467	0.00602574	0.00752071	0.00900807	0.0104863	0.011954	0.0134096	0.0148517	0.0162788	0.0176894	0.0190823	0.0204559	0.0218089	0.0231399	0.0244476	0.0257307	0.0269878	0.0282178	0.0294194	0.0305913	0.0317325	0.0328417	0.0339178	0.0349598	0.0359666	0.0369372	0.0378706	0.0387659	0.0396221	0.0404385	0.0412142	0.0419484	0.0426404	0.0432894	0.0438949	0.0444562	0.0449728	0.0454441	0.0458696	0.0462489	0.0465817	0.0468677	0.0471064	0.0472977	0.0474414	0.0475373	0.0475853	0.0475854	0.0475377	0.047442	0.0472986	0.0471076	0.0468691	0.0465834	0.0462508	0.0458716	0.0454462	0.044975	0.0444586	0.0438974	0.0432919	0.0426429	0.0419509	0.0412166	0.0404408	0.0396243	0.0387679	0.0378724	0.0369388	0.035968	0.0349609	0.0339187	0.0328422	0.0317327	0.0305913	0.029419	0.0282171	0.0269868	0.0257294	0.024446	0.023138	0.0218068	0.0204536	0.0190798	0.0176868	0.0162761	0.0148489	0.0134069	0.0119513	0.0104838	0.00900571	0.00751859	0.00602393	0.00452322	0.00301799	0.00150975	0	
0	0.00155977	0.00311793	0.00467293	0.00622318	0.00776714	0.00930324	0.0108299	0.0123457	0.013849	0.0153383	0.0168122	0.0182691	0.0197075	0.0211262	0.0225235	0.0238981	0.0252487	0.0265738	0.0278721	0.0291424	0.0303834	0.0315937	0.0327722	0.0339178	0.0350292	0.0361053	0.0371451	0.0381475	0.0391115	0.0400361	0.0409205	0.0417636	0.0425647	0.043323	0.0440376	0.0447079	0.0453333	0.045913	0.0464464	0.0469332	0.0473726	0.0477644	0.0481081	0.0484034	0.04865	0.0488475	0.0489959	0.049095	0.0491446	0.0491447	0.0490954	0.0489966	0.0488485	0.0486512	0.0484049	0.0481098	0.0477663	0.0473747	0.0469354	0.0464488	0.0459154	0.0453358	0.0447105	0.0440402	0.0433255	0.0425672	0.041766	0.0409227	0.0400382	0.0391134	0.0381492	0.0371466	0.0361065	0.0350301	0.0339184	0.0327726	0.0315937	0.030383	0.0291418	0.0278712	0.0265725	0.0252471	0.0238963	0.0225214	0.0211238	0.019705	0.0182664	0.0168094	0.0153355	0.0138462	0.012343	0.0108273	0.00930082	0.00776497	0.00622133	0.00467145	0.00311689	0.00155922	0	
0	0.00160768	0.00321372	0.00481648	0.00641436	0.00800575	0.00958904	0.0111626	0.012725	0.0142744	0.0158095	0.0173287	0.0188303	0.020313	0.0217752	0.0232154	0.0246323	0.0260243	0.0273902	0.0287284	0.0300377	0.0313168	0.0325643	0.033779	0.0349598	0.0361053	0.0372145	0.0382862	0.0393194	0.040313	0.0412661	0.0421776	0.0430466	0.0438723	0.0446539	0.0453905	0.0460814	0.046726	0.0473235	0.0478733	0.048375	0.048828	0.0492318	0.0495861	0.0498904	0.0501445	0.0503482	0.0505011	0.0506032	0.0506544	0.0506545	0.0506037	0.0505019	0.0503492	0.0501458	0.0498919	0.0495878	0.0492338	0.0488301	0.0483773	0.0478758	0.047326	0.0467286	0.0460841	0.0453932	0.0446566	0.0438749	0.0430491	0.04218	0.0412683	0.0403151	0.0393212	0.0382878	0.0372158	0.0361063	0.0349605	0.0337794	0.0325643	0.0313165	0.0300371	0.0287274	0.0273889	0.0260227	0.0246304	0.0232133	0.0217728	0.0203104	0.0188276	0.0173258	0.0158067	0.0142716	0.0127222	0.01116	0.00958656	0.00800353	0.00641246	0.00481497	0.00321265	0.00160712	0	
0	0.00165398	0.00330627	0.00495519	0.00659908	0.0082363	0.00986519	0.0114841	0.0130914	0.0146855	0.0162648	0.0178277	0.0193726	0.020898	0.0224023	0.023884	0.0253417	0.0267738	0.028179	0.0295557	0.0309028	0.0322187	0.0335021	0.0347518	0.0359666	0.0371451	0.0382862	0.0393888	0.0404518	0.041474	0.0424545	0.0433922	0.0442863	0.0451358	0.0459399	0.0466977	0.0474085	0.0480716	0.0486863	0.049252	0.0497682	0.0502342	0.0506496	0.0510141	0.0513272	0.0515887	0.0517982	0.0519555	0.0520606	0.0521132	0.0521133	0.052061	0.0519563	0.0517992	0.05159	0.0513288	0.0510159	0.0506517	0.0502364	0.0497706	0.0492546	0.048689	0.0480744	0.0474113	0.0467005	0.0459426	0.0451385	0.0442889	0.0433947	0.0424568	0.0414761	0.0404537	0.0393905	0.0382876	0.0371462	0.0359673	0.0347523	0.0335022	0.0322184	0.0309021	0.0295548	0.0281777	0.0267722	0.0253398	0.0238818	0.0223999	0.0208954	0.0193698	0.0178248	0.0162619	0.0146826	0.0130886	0.0114814	0.00986266	0.00823403	0.00659714	0.00495364	0.00330518	0.00165341	0	
0	0.00169862	0.00339549	0.00508891	0.00677716	0.00845856	0.0101314	0.011794	0.0134447	0.0150818	0.0167037	0.0183088	0.0198954	0.0214619	0.0230068	0.0245285	0.0260255	0.0274963	0.0289394	0.0303533	0.0317367	0.0330881	0.0344062	0.0356896	0.0369372	0.0381475	0.0393194	0.0404518	0.0415434	0.0425932	0.0436002	0.0445632	0.0454814	0.0463539	0.0471796	0.0479579	0.0486879	0.0493689	0.0500002	0.0505812	0.0511112	0.0515898	0.0520165	0.0523908	0.0527124	0.0529809	0.053196	0.0533576	0.0534655	0.0535195	0.0535197	0.053466	0.0533584	0.0531971	0.0529822	0.052714	0.0523927	0.0520186	0.0515921	0.0511137	0.0505838	0.050003	0.0493717	0.0486908	0.0479608	0.0471825	0.0463567	0.0454842	0.0445658	0.0436026	0.0425955	0.0415454	0.0404535	0.0393209	0.0381486	0.036938	0.0356901	0.0344063	0.0330879	0.0317361	0.0303524	0.0289381	0.0274947	0.0260236	0.0245263	0.0230044	0.0214593	0.0198926	0.0183059	0.0167008	0.0150789	0.0134418	0.0117912	0.0101288	0.00845625	0.00677519	0.00508733	0.00339438	0.00169803	0	
0	0.00174154	0.00348129	0.0052175	0.00694842	0.0086723	0.0103874	0.012092	0.0137844	0.0154629	0.0171258	0.0187714	0.0203981	0.0220042	0.0235882	0.0251483	0.0266832	0.0281911	0.0296707	0.0311203	0.0325387	0.0339242	0.0352756	0.0365915	0.0378706	0.0391115	0.040313	0.041474	0.0425932	0.0436696	0.044702	0.0456894	0.0466308	0.0475252	0.0483719	0.0491698	0.0499183	0.0506165	0.0512637	0.0518594	0.0524028	0.0528935	0.053331	0.0537148	0.0540444	0.0543197	0.0545403	0.054706	0.0548166	0.054872	0.0548722	0.0548171	0.0547068	0.0545414	0.0543211	0.0540461	0.0537167	0.0533332	0.0528959	0.0524054	0.0518621	0.0512666	0.0506194	0.0499213	0.0491728	0.0483749	0.0475282	0.0466336	0.0456921	0.0447045	0.0436719	0.0425953	0.0414758	0.0403146	0.0391127	0.0378715	0.0365921	0.0352758	0.0339241	0.0325381	0.0311194	0.0296694	0.0281895	0.0266813	0.0251462	0.0235857	0.0220016	0.0203953	0.0187685	0.0171228	0.0154599	0.0137815	0.0120892	0.0103848	0.00866996	0.00694641	0.00521589	0.00348016	0.00174094	0	
0	0.00178271	0.00356359	0.00534084	0.00711268	0.00887732	0.010633	0.0123779	0.0141103	0.0158285	0.0175307	0.0192152	0.0208803	0.0225244	0.0241458	0.0257429	0.027314	0.0288576	0.0303721	0.0318561	0.0333079	0.0347262	0.0361096	0.0374566	0.0387659	0.0400361	0.0412661	0.0424545	0.0436002	0.044702	0.0457588	0.0467695	0.0477332	0.0486488	0.0495154	0.0503322	0.0510984	0.0518131	0.0524757	0.0530854	0.0536417	0.054144	0.0545918	0.0549846	0.0553221	0.0556039	0.0558297	0.0559993	0.0561126	0.0561693	0.0561694	0.0561131	0.0560002	0.0558309	0.0556054	0.0553239	0.0549866	0.054594	0.0541465	0.0536444	0.0530882	0.0524786	0.0518161	0.0511015	0.0503353	0.0495185	0.0486518	0.0477361	0.0467723	0.0457614	0.0447044	0.0436024	0.0424564	0.0412677	0.0400374	0.0387668	0.0374572	0.0361098	0.0347261	0.0333074	0.0318552	0.0303709	0.028856	0.0273121	0.0257407	0.0241434	0.0225218	0.0208775	0.0192122	0.0175276	0.0158254	0.0141073	0.012375	0.0106303	0.00887494	0.00711064	0.00533921	0.00356244	0.0017821	0	
0	0.00182208	0.0036423	0.00545881	0.00726978	0.0090734	0.0108678	0.0126513	0.014422	0.0161781	0.0179179	0.0196396	0.0213415	0.0230219	0.0246791	0.0263115	0.0279173	0.029495	0.031043	0.0325597	0.0340436	0.0354933	0.0369072	0.0382839	0.0396221	0.0409205	0.0421776	0.0433922	0.0445632	0.0456894	0.0467695	0.0478026	0.0487875	0.0497234	0.0506092	0.051444	0.0522271	0.0529576	0.0536348	0.054258	0.0548266	0.05534	0.0557977	0.0561992	0.0565441	0.0568321	0.0570629	0.0572363	0.057352	0.05741	0.0574102	0.0573525	0.0572371	0.0570641	0.0568336	0.0565459	0.0562012	0.0558	0.0553425	0.0548293	0.0542609	0.0536378	0.0529607	0.0522303	0.0514472	0.0506123	0.0497265	0.0487905	0.0478055	0.0467722	0.0456919	0.0445655	0.0433942	0.0421793	0.0409218	0.0396232	0.0382846	0.0369075	0.0354932	0.0340431	0.0325588	0.0310418	0.0294934	0.0279154	0.0263093	0.0246767	0.0230193	0.0213387	0.0196366	0.0179148	0.016175	0.014419	0.0126484	0.0108652	0.00907098	0.00726771	0.00545715	0.00364113	0.00182147	0	
0	0.00185963	0.00371734	0.00557128	0.00741957	0.00926035	0.0110918	0.012912	0.0147191	0.0165114	0.0182871	0.0200443	0.0217813	0.0234963	0.0251876	0.0268536	0.0284925	0.0301027	0.0316826	0.0332306	0.0347451	0.0362246	0.0376676	0.0390727	0.0404385	0.0417636	0.0430466	0.0442863	0.0454814	0.0466308	0.0477332	0.0487875	0.0497928	0.0507479	0.0516519	0.052504	0.0533032	0.0540488	0.0547399	0.055376	0.0559563	0.0564802	0.0569474	0.0573571	0.0577092	0.0580032	0.0582387	0.0584156	0.0585337	0.0585929	0.0585931	0.0585343	0.0584165	0.0582399	0.0580047	0.057711	0.0573593	0.0569497	0.0564828	0.0559591	0.0553789	0.054743	0.054052	0.0533065	0.0525073	0.0516552	0.0507511	0.0497959	0.0487905	0.047736	0.0466334	0.0454838	0.0442884	0.0430484	0.041765	0.0404396	0.0390735	0.037668	0.0362245	0.0347446	0.0332297	0.0316814	0.0301011	0.0284906	0.0268514	0.0251852	0.0234936	0.0217784	0.0200413	0.018284	0.0165083	0.0147161	0.012909	0.011089	0.0092579	0.00741747	0.00556961	0.00371616	0.001859	0	
0	0.0018953	0.00378865	0.00567815	0.00756189	0.00943797	0.0113045	0.0131596	0.0150015	0.0168281	0.0186379	0.0204288	0.0221991	0.023947	0.0256708	0.0273687	0.029039	0.0306801	0.0322903	0.033868	0.0354115	0.0369194	0.0383902	0.0398222	0.0412142	0.0425647	0.0438723	0.0451358	0.0463539	0.0475252	0.0486488	0.0497234	0.0507479	0.0517213	0.0526427	0.0535111	0.0543257	0.0550855	0.0557899	0.0564382	0.0570296	0.0575637	0.0580397	0.0584574	0.0588162	0.0591158	0.0593559	0.0595362	0.0596566	0.0597169	0.0597171	0.0596571	0.0595371	0.0593571	0.0591174	0.0588181	0.0584596	0.0580422	0.0575663	0.0570325	0.0564413	0.0557931	0.0550888	0.054329	0.0535145	0.0526461	0.0517247	0.0507511	0.0497264	0.0486517	0.0475279	0.0463563	0.045138	0.0438742	0.0425662	0.0412154	0.039823	0.0383905	0.0369194	0.0354111	0.0338672	0.0322891	0.0306786	0.0290371	0.0273665	0.0256683	0.0239443	0.0221962	0.0204257	0.0186347	0.016825	0.0149984	0.0131567	0.0113018	0.0094355	0.00755976	0.00567645	0.00378745	0.00189467	0	
0	0.00192906	0.00385614	0.0057793	0.00769659	0.0096061	0.0115059	0.0133941	0.0152687	0.0171279	0.0189699	0.0207927	0.0225945	0.0243736	0.0261281	0.0278562	0.0295563	0.0312267	0.0328655	0.0344713	0.0360424	0.0375771	0.039074	0.0405316	0.0419484	0.043323	0.0446539	0.0459399	0.0471796	0.0483719	0.0495154	0.0506092	0.0516519	0.0526427	0.0535805	0.0544644	0.0552935	0.0560668	0.0567838	0.0574436	0.0580456	0.0585891	0.0590737	0.0594988	0.059864	0.0601689	0.0604133	0.0605968	0.0607193	0.0607807	0.0607809	0.0607199	0.0605977	0.0604145	0.0601705	0.0598659	0.059501	0.0590762	0.0585919	0.0580485	0.0574468	0.0567871	0.0560702	0.0552969	0.0544679	0.053584	0.0526461	0.0516553	0.0506123	0.0495184	0.0483747	0.0471821	0.0459421	0.0446558	0.0433245	0.0419496	0.0405325	0.0390745	0.0375772	0.036042	0.0344705	0.0328644	0.0312251	0.0295545	0.027854	0.0261256	0.0243709	0.0225916	0.0207896	0.0189667	0.0171248	0.0152656	0.0133911	0.0115031	0.0096036	0.00769445	0.00577758	0.00385493	0.00192842	0	
0	0.00196088	0.00391975	0.00587463	0.00782355	0.00976455	0.0116957	0.013615	0.0155206	0.0174105	0.0192828	0.0211357	0.0229672	0.0247756	0.0265591	0.0283158	0.0300439	0.0317418	0.0334077	0.0350399	0.0366369	0.038197	0.0397186	0.0412002	0.0426404	0.0440376	0.0453905	0.0466977	0.0479579	0.0491698	0.0503322	0.051444	0.052504	0.0535111	0.0544644	0.0553629	0.0562056	0.0569917	0.0577205	0.0583912	0.0590031	0.0595556	0.0600482	0.0604803	0.0608515	0.0611615	0.0614099	0.0615964	0.061721	0.0617834	0.0617836	0.0617215	0.0615974	0.0614112	0.0611631	0.0608535	0.0604826	0.0600508	0.0595584	0.0590062	0.0583944	0.0577239	0.0569952	0.0562091	0.0553664	0.054468	0.0535146	0.0525074	0.0514473	0.0503353	0.0491727	0.0479605	0.0467	0.0453925	0.0440393	0.0426417	0.0412011	0.0397191	0.0381971	0.0366366	0.0350392	0.0334066	0.0317403	0.030042	0.0283136	0.0265566	0.0247729	0.0229643	0.0211326	0.0192796	0.0174073	0.0155174	0.013612	0.0116929	0.00976203	0.00782139	0.0058729	0.00391852	0.00196024	0	
0	0.00199073	0.00397941	0.00596405	0.00794263	0.00991318	0.0118737	0.0138222	0.0157568	0.0176755	0.0195763	0.0214574	0.0233168	0.0251528	0.0269633	0.0287468	0.0305012	0.0322249	0.0339162	0.0355733	0.0371946	0.0387784	0.0403232	0.0418274	0.0432894	0.0447079	0.0460814	0.0474085	0.0486879	0.0499183	0.0510984	0.0522271	0.0533032	0.0543257	0.0552935	0.0562056	0.0570611	0.0578593	0.0585991	0.05928	0.0599013	0.0604622	0.0609622	0.0614009	0.0617778	0.0620925	0.0623447	0.0625341	0.0626605	0.0627239	0.0627241	0.0626611	0.062535	0.062346	0.0620942	0.0617798	0.0614033	0.0609649	0.0604651	0.0599044	0.0592833	0.0586026	0.0578628	0.0570648	0.0562093	0.0552971	0.0543293	0.0533067	0.0522304	0.0511016	0.0499212	0.0486906	0.0474109	0.0460835	0.0447097	0.0432908	0.0418283	0.0403237	0.0387785	0.0371943	0.0355726	0.0339151	0.0322234	0.0304994	0.0287446	0.0269609	0.02515	0.0233139	0.0214543	0.0195731	0.0176723	0.0157537	0.0138192	0.0118709	0.00991064	0.00794045	0.0059623	0.00397818	0.00199008	0	
0	0.00201857	0.00403507	0.00604746	0.00805372	0.0100518	0.0120398	0.0140156	0.0159772	0.0179227	0.0198501	0.0217575	0.0236429	0.0255046	0.0273405	0.0291488	0.0309278	0.0326757	0.0343906	0.0360709	0.0377148	0.0393208	0.0408872	0.0424124	0.0438949	0.0453333	0.046726	0.0480716	0.0493689	0.0506165	0.0518131	0.0529576	0.0540488	0.0550855	0.0560668	0.0569917	0.0578593	0.0586685	0.0594188	0.0601092	0.0607391	0.0613079	0.0618149	0.0622598	0.0626419	0.062961	0.0632167	0.0634088	0.063537	0.0636012	0.0636014	0.0635376	0.0634097	0.0632181	0.0629627	0.062644	0.0622622	0.0618176	0.0613108	0.0607423	0.0601126	0.0594223	0.0586722	0.057863	0.0569955	0.0560706	0.0550892	0.0540523	0.052961	0.0518164	0.0506195	0.0493717	0.0480741	0.0467281	0.0453351	0.0438963	0.0424134	0.0408878	0.039321	0.0377146	0.0360702	0.0343895	0.0326742	0.030926	0.0291467	0.027338	0.0255018	0.02364	0.0217544	0.0198469	0.0179195	0.015974	0.0140125	0.0120369	0.0100493	0.00805153	0.0060457	0.00403383	0.00201791	0	
0	0.00204438	0.00408666	0.00612479	0.0081567	0.0101804	0.0121937	0.0141948	0.0161815	0.0181519	0.0201039	0.0220357	0.0239453	0.0258307	0.0276901	0.0295216	0.0313233	0.0330935	0.0348303	0.0365321	0.0381971	0.0398236	0.04141	0.0429547	0.0444562	0.045913	0.0473235	0.0486863	0.0500002	0.0512637	0.0524757	0.0536348	0.0547399	0.0557899	0.0567838	0.0577205	0.0585991	0.0594188	0.0601786	0.0608779	0.0615158	0.0620919	0.0626054	0.0630559	0.063443	0.0637661	0.0640251	0.0642196	0.0643495	0.0644145	0.0644147	0.0643501	0.0642206	0.0640265	0.0637679	0.0634451	0.0630584	0.0626081	0.0620949	0.0615191	0.0608813	0.0601822	0.0594225	0.0586029	0.0577244	0.0567876	0.0557937	0.0547436	0.0536383	0.052479	0.0512668	0.0500031	0.0486889	0.0473257	0.0459148	0.0444577	0.0429558	0.0414107	0.0398238	0.0381969	0.0365315	0.0348293	0.033092	0.0313215	0.0295194	0.0276876	0.025828	0.0239423	0.0220326	0.0201007	0.0181486	0.0161783	0.0141917	0.0121909	0.0101778	0.0081545	0.00612302	0.00408541	0.00204372	0	
0	0.00206813	0.00413414	0.00619595	0.00825148	0.0102986	0.0123354	0.0143597	0.0163695	0.0183628	0.0203375	0.0222917	0.0242235	0.0261308	0.0280118	0.0298646	0.0316872	0.033478	0.035235	0.0369566	0.0386409	0.0402863	0.0418912	0.0434539	0.0449728	0.0464464	0.0478733	0.049252	0.0505812	0.0518594	0.0530854	0.054258	0.055376	0.0564382	0.0574436	0.0583912	0.05928	0.0601092	0.0608779	0.0615852	0.0622306	0.0628134	0.0633329	0.0637886	0.0641802	0.0645071	0.0647691	0.0649658	0.0650972	0.065163	0.0651632	0.0650978	0.0649668	0.0647705	0.0645089	0.0641823	0.0637911	0.0633356	0.0628164	0.0622339	0.0615887	0.0608815	0.060113	0.0592839	0.0583951	0.0574475	0.056442	0.0553797	0.0542616	0.0530888	0.0518626	0.0505841	0.0492547	0.0478756	0.0464484	0.0449743	0.043455	0.0418919	0.0402866	0.0386408	0.036956	0.035234	0.0334766	0.0316855	0.0298624	0.0280094	0.0261281	0.0242206	0.0222886	0.0203343	0.0183595	0.0163663	0.0143566	0.0123325	0.0102961	0.00824926	0.00619418	0.00413289	0.00206747	0	
