0	0	0	0	0	0	0	0	0	0	0	0	0	0	0	0	0	0	0	0	0	0	0	0	0	0	0	0	0	0	0	0	0	0	0	0	0	0	0	0	0	0	0	0	0	0	0	0	0	0	0	0	0	0	0	0	0	0	0	0	0	0	0	0	0	0	0	0	0	0	0	0	0	0	0	0	0	0	0	0	0	0	0	0	0	0	0	0	0	0	0	0	0	0	0	0	0	0	0	0	
0	6.55656e-05	0.000131064	0.000196428	0.000261593	0.000326493	0.000391062	0.000455236	0.00051895	0.00058214	0.000644741	0.000706692	0.00076793	0.000828394	0.000888022	0.000946755	0.00100453	0.0010613	0.001117	0.00117157	0.00122496	0.00127712	0.00132799	0.00137752	0.00142567	0.00147238	0.00151761	0.00156131	0.00160344	0.00164395	0.00168281	0.00171998	0.00175541	0.00178908	0.00182094	0.00185098	0.00187915	0.00190542	0.00192978	0.0019522	0.00197265	0.00199112	0.00200758	0.00202202	0.00203442	0.00204478	0.00205308	0.00205931	0.00206347	0.00206554	0.00206554	0.00206346	0.00205931	0.00205307	0.00204478	0.00203442	0.00202201	0.00200757	0.0019911	0.00197263	0.00195218	0.00192975	0.00190539	0.0018791	0.00185092	0.00182088	0.00178901	0.00175533	0.00171988	0.0016827	0.00164383	0.0016033	0.00156116	0.00151745	0.0014722	0.00142548	0.00137732	0.00132777	0.00127689	0.00122472	0.00117132	0.00111674	0.00106103	0.00100426	0.000946475	0.00088774	0.000828112	0.000767652	0.000706419	0.000644477	0.000581887	0.000518712	0.000455017	0.000390864	0.00032632	0.000261449	0.000196315	0.000130986	6.55252e-05	0	
0	0.000131064	0.000261992	0.000392654	0.000522917	0.00065265	0.000781722	0.000910004	0.00103737	0.00116368	0.00128882	0.00141266	0.00153507	0.00165594	0.00177513	0.00189254	0.00200803	0.00212151	0.00223285	0.00234193	0.00244866	0.00255292	0.00265461	0.00275363	0.00284987	0.00294325	0.00303366	0.00312101	0.00320523	0.00328622	0.0033639	0.00343819	0.00350902	0.00357632	0.00364002	0.00370005	0.00375636	0.00380889	0.00385759	0.0039024	0.00394328	0.00398019	0.0040131	0.00404196	0.00406676	0.00408746	0.00410405	0.0041165	0.00412481	0.00412897	0.00412897	0.00412481	0.0041165	0.00410404	0.00408745	0.00406675	0.00404195	0.00401307	0.00398016	0.00394324	0.00390235	0.00385753	0.00380882	0.00375627	0.00369995	0.00363989	0.00357617	0.00350885	0.003438	0.00336368	0.00328598	0.00320496	0.00312072	0.00303334	0.0029429	0.0028495	0.00275323	0.00265418	0.00255247	0.00244818	0.00234143	0.00223233	0.00212097	0.00200749	0.00189198	0.00177457	0.00165538	0.00153452	0.00141211	0.00128829	0.00116318	0.00103689	0.000909567	0.000781328	0.000652306	0.000522629	0.000392429	0.000261837	0.000130983	0	
0	0.000196428	0.000392654	0.00058848	0.000783708	0.000978142	0.00117159	0.00136384	0.00155472	0.00174403	0.00193158	0.00211718	0.00230065	0.00248179	0.00266043	0.00283639	0.00300949	0.00317956	0.00334642	0.00350991	0.00366987	0.00382613	0.00397853	0.00412693	0.00427118	0.00441112	0.00454662	0.00467754	0.00480376	0.00492514	0.00504155	0.0051529	0.00525906	0.00535992	0.00545539	0.00554536	0.00562976	0.00570848	0.00578146	0.00584862	0.00590989	0.00596521	0.00601453	0.00605779	0.00609496	0.00612598	0.00615084	0.00616951	0.00618196	0.00618819	0.00618819	0.00618196	0.0061695	0.00615083	0.00612597	0.00609494	0.00605777	0.0060145	0.00596517	0.00590984	0.00584855	0.00578137	0.00570837	0.00562962	0.00554521	0.0054552	0.00535971	0.00525881	0.00515262	0.00504124	0.00492478	0.00480336	0.00467711	0.00454614	0.0044106	0.00427062	0.00412633	0.00397789	0.00382545	0.00366915	0.00350917	0.00334565	0.00317876	0.00300867	0.00283556	0.0026596	0.00248096	0.00229982	0.00211637	0.0019308	0.00174329	0.00155402	0.00136319	0.001171	0.000977629	0.000783279	0.000588145	0.000392422	0.000196308	0	
0	0.000261593	0.000522917	0.000783708	0.0010437	0.00130264	0.00156026	0.0018163	0.00207051	0.00232262	0.00257239	0.00281956	0.00306389	0.00330513	0.00354303	0.00377736	0.00400789	0.00423438	0.0044566	0.00467433	0.00488735	0.00509545	0.00529842	0.00549605	0.00568814	0.00587451	0.00605497	0.00622932	0.00639741	0.00655906	0.0067141	0.00686238	0.00700376	0.00713808	0.00726522	0.00738505	0.00749744	0.00760228	0.00769947	0.00778891	0.00787051	0.00794418	0.00800986	0.00806748	0.00811697	0.00815829	0.00819139	0.00821625	0.00823284	0.00824114	0.00824114	0.00823284	0.00821625	0.00819138	0.00815827	0.00811695	0.00806745	0.00800982	0.00794413	0.00787044	0.00778882	0.00769936	0.00760214	0.00749727	0.00738484	0.00726498	0.0071378	0.00700343	0.00686201	0.00671368	0.00655859	0.00639689	0.00622875	0.00605434	0.00587383	0.0056874	0.00549525	0.00529757	0.00509455	0.00488641	0.00467334	0.00445558	0.00423332	0.00400681	0.00377627	0.00354193	0.00330402	0.0030628	0.00281849	0.00257135	0.00232163	0.00206957	0.00181544	0.00155948	0.00130196	0.00104314	0.000783264	0.00052261	0.000261435	0	
0	0.000326493	0.00065265	0.000978142	0.00130264	0.00162582	0.00194735	0.00226692	0.00258419	0.00289885	0.00321059	0.00351908	0.00382403	0.00412511	0.00442204	0.00471451	0.00500223	0.00528491	0.00556226	0.00583401	0.00609988	0.00635961	0.00661293	0.00685959	0.00709935	0.00733196	0.00755718	0.0077748	0.00798458	0.00818633	0.00837984	0.00856491	0.00874136	0.00890901	0.0090677	0.00921725	0.00935752	0.00948838	0.00960968	0.00972131	0.00982316	0.00991511	0.00999708	0.010069	0.0101308	0.0101823	0.0102237	0.0102547	0.0102754	0.0102857	0.0102857	0.0102754	0.0102547	0.0102236	0.0101823	0.0101307	0.010069	0.00999703	0.00991504	0.00982307	0.0097212	0.00960954	0.00948821	0.00935732	0.009217	0.0090674	0.00890867	0.00874097	0.00856446	0.00837933	0.00818576	0.00798394	0.00777409	0.0075564	0.00733111	0.00709844	0.00685861	0.00661188	0.0063585	0.00609871	0.00583279	0.00556099	0.0052836	0.00500089	0.00471315	0.00442067	0.00412374	0.00382267	0.00351775	0.0032093	0.00289762	0.00258303	0.00226585	0.00194639	0.00162498	0.00130194	0.000977591	0.000652269	0.000326296	0	
0	0.000391062	0.000781722	0.00117159	0.00156026	0.00194735	0.00233247	0.00271524	0.00309525	0.00347215	0.00384553	0.00421504	0.00458029	0.00494093	0.00529658	0.00564689	0.00599151	0.00633009	0.00666229	0.00698779	0.00730624	0.00761733	0.00792075	0.0082162	0.00850337	0.00878198	0.00905175	0.0093124	0.00956368	0.00980533	0.0100371	0.0102588	0.0104701	0.0106709	0.010861	0.0110401	0.0112081	0.0113649	0.0115102	0.0116439	0.0117659	0.011876	0.0119742	0.0120603	0.0121343	0.0121961	0.0122456	0.0122827	0.0123075	0.0123199	0.0123199	0.0123075	0.0122827	0.0122456	0.0121961	0.0121343	0.0120603	0.0119741	0.0118759	0.0117658	0.0116438	0.01151	0.0113647	0.0112079	0.0110398	0.0108607	0.0106705	0.0104697	0.0102582	0.0100365	0.00980465	0.00956292	0.00931156	0.00905083	0.00878098	0.00850229	0.00821504	0.00791951	0.00761602	0.00730485	0.00698634	0.00666079	0.00632854	0.00598992	0.00564527	0.00529495	0.0049393	0.00457868	0.00421346	0.003844	0.00347068	0.00309387	0.00271396	0.00233132	0.00194635	0.00155942	0.00117093	0.000781269	0.000390828	0	
0	0.000455236	0.000910004	0.00136384	0.0018163	0.00226692	0.00271524	0.00316081	0.00360319	0.00404193	0.00447659	0.00490673	0.00533193	0.00575174	0.00616576	0.00657356	0.00697473	0.00736887	0.00775559	0.0081345	0.00850521	0.00886736	0.00922057	0.0095645	0.0098988	0.0102231	0.0105372	0.0108406	0.0111331	0.0114144	0.0116842	0.0119423	0.0121883	0.0124221	0.0126433	0.0128518	0.0130474	0.0132299	0.013399	0.0135547	0.0136967	0.0138249	0.0139392	0.0140395	0.0141256	0.0141975	0.0142551	0.0142984	0.0143272	0.0143417	0.0143417	0.0143272	0.0142984	0.0142551	0.0141975	0.0141256	0.0140394	0.0139391	0.0138248	0.0136966	0.0135545	0.0133988	0.0132297	0.0130472	0.0128515	0.0126429	0.0124216	0.0121878	0.0119417	0.0116835	0.0114136	0.0111322	0.0108396	0.0105361	0.010222	0.00989755	0.00956316	0.00921914	0.00886584	0.00850361	0.00813282	0.00775385	0.00736708	0.00697289	0.00657169	0.00616387	0.00574986	0.00533006	0.00490491	0.00447482	0.00404024	0.00360159	0.00315934	0.00271391	0.00226575	0.00181533	0.00136309	0.000909479	0.000454965	0	
0	0.00051895	0.00103737	0.00155472	0.00207051	0.00258419	0.00309525	0.00360319	0.00410749	0.00460763	0.00510313	0.00559347	0.00607817	0.00655675	0.00702871	0.00749358	0.0079509	0.00840021	0.00884105	0.00927299	0.00969559	0.0101084	0.0105111	0.0109031	0.0112842	0.0116539	0.0120119	0.0123578	0.0126913	0.013012	0.0133195	0.0136137	0.0138942	0.0141606	0.0144129	0.0146506	0.0148735	0.0150815	0.0152743	0.0154518	0.0156137	0.0157598	0.0158901	0.0160044	0.0161026	0.0161846	0.0162502	0.0162996	0.0163325	0.0163489	0.0163489	0.0163325	0.0162996	0.0162502	0.0161845	0.0161026	0.0160044	0.01589	0.0157597	0.0156135	0.0154516	0.0152741	0.0150813	0.0148732	0.0146502	0.0144124	0.0141601	0.0138936	0.013613	0.0133188	0.0130111	0.0126903	0.0123567	0.0120107	0.0116526	0.0112828	0.0109016	0.0105095	0.0101067	0.00969378	0.0092711	0.00883909	0.00839818	0.00794882	0.00749146	0.00702657	0.00655461	0.00607606	0.0055914	0.00510112	0.00460571	0.00410568	0.00360152	0.00309375	0.00258287	0.0020694	0.00155387	0.00103677	0.000518642	0	
0	0.00058214	0.00116368	0.00174403	0.00232262	0.00289885	0.00347215	0.00404193	0.00460763	0.00516868	0.00572451	0.00627456	0.00681828	0.00735513	0.00788456	0.00840604	0.00891904	0.00942306	0.00991759	0.0104021	0.0108762	0.0113393	0.011791	0.0122308	0.0126582	0.013073	0.0134746	0.0138626	0.0142366	0.0145964	0.0149414	0.0152714	0.015586	0.0158849	0.0161679	0.0164345	0.0166846	0.016918	0.0171342	0.0173333	0.0175149	0.0176788	0.017825	0.0179532	0.0180633	0.0181553	0.018229	0.0182843	0.0183212	0.0183397	0.0183397	0.0183212	0.0182843	0.018229	0.0181553	0.0180633	0.0179532	0.0178249	0.0176787	0.0175147	0.0173331	0.017134	0.0169177	0.0166843	0.0164341	0.0161674	0.0158844	0.0155853	0.0152706	0.0149405	0.0145954	0.0142356	0.0138614	0.0134733	0.0130715	0.0126567	0.0122291	0.0117892	0.0113374	0.0108742	0.0104	0.0099154	0.0094208	0.00891673	0.00840368	0.00788218	0.00735275	0.00681593	0.00627225	0.00572227	0.00516654	0.00460562	0.00404007	0.00347047	0.00289738	0.00232139	0.00174308	0.00116302	0.000581797	0	
0	0.000644741	0.00128882	0.00193158	0.00257239	0.00321059	0.00384553	0.00447659	0.00510313	0.00572451	0.00634011	0.00694932	0.00755151	0.00814608	0.00873245	0.00931001	0.00987818	0.0104364	0.0109841	0.0115207	0.0120458	0.0125587	0.0130589	0.013546	0.0140195	0.0144788	0.0149236	0.0153534	0.0157676	0.016166	0.0165482	0.0169137	0.0172621	0.0175932	0.0179065	0.0182019	0.0184789	0.0187373	0.0189768	0.0191973	0.0193984	0.01958	0.0197419	0.0198839	0.0200059	0.0201077	0.0201893	0.0202506	0.0202915	0.0203119	0.0203119	0.0202915	0.0202506	0.0201893	0.0201077	0.0200058	0.0198838	0.0197418	0.0195799	0.0193983	0.0191971	0.0189766	0.018737	0.0184785	0.0182014	0.017906	0.0175926	0.0172614	0.0169128	0.0165472	0.016165	0.0157665	0.015352	0.0149222	0.0144773	0.0140178	0.0135442	0.013057	0.0125566	0.0120436	0.0115184	0.0109817	0.0104339	0.00987564	0.00930742	0.00872983	0.00814347	0.00754892	0.00694677	0.00633765	0.00572215	0.00510091	0.00447454	0.00384369	0.00320897	0.00257104	0.00193053	0.00128809	0.000644364	0	
0	0.000706692	0.00141266	0.00211718	0.00281956	0.00351908	0.00421504	0.00490673	0.00559347	0.00627456	0.00694932	0.00761706	0.00827711	0.00892882	0.00957153	0.0102046	0.0108274	0.0114392	0.0120395	0.0126278	0.0132032	0.0137654	0.0143137	0.0148476	0.0153666	0.0158701	0.0163576	0.0168286	0.0172827	0.0177194	0.0181383	0.0185389	0.0189208	0.0192837	0.0196271	0.0199509	0.0202545	0.0205377	0.0208003	0.0210419	0.0212624	0.0214614	0.0216388	0.0217945	0.0219282	0.0220398	0.0221293	0.0221964	0.0222412	0.0222637	0.0222637	0.0222412	0.0221964	0.0221293	0.0220398	0.0219282	0.0217944	0.0216388	0.0214613	0.0212622	0.0210417	0.0208001	0.0205374	0.0202541	0.0199504	0.0196266	0.019283	0.01892	0.018538	0.0181373	0.0177183	0.0172814	0.0168272	0.016356	0.0158684	0.0153647	0.0148456	0.0143116	0.0137631	0.0132008	0.0126252	0.0120369	0.0114365	0.0108246	0.0102018	0.00956868	0.00892598	0.00827429	0.00761429	0.00694663	0.006272	0.00559106	0.0049045	0.00421303	0.00351732	0.00281809	0.00211603	0.00141186	0.000706281	0	
0	0.00076793	0.00153507	0.00230065	0.00306389	0.00382403	0.00458029	0.00533193	0.00607817	0.00681828	0.00755151	0.00827711	0.00899437	0.00970255	0.0104009	0.0110889	0.0117656	0.0124305	0.0130828	0.013722	0.0143474	0.0149583	0.0155541	0.0161343	0.0166982	0.0172453	0.0177751	0.0182869	0.0187804	0.0192549	0.0197101	0.0201454	0.0205604	0.0209547	0.021328	0.0216797	0.0220097	0.0223174	0.0226028	0.0228653	0.0231049	0.0233212	0.023514	0.0236831	0.0238284	0.0239497	0.0240469	0.0241199	0.0241686	0.0241929	0.0241929	0.0241686	0.0241199	0.0240469	0.0239497	0.0238284	0.0236831	0.0235139	0.0233211	0.0231047	0.0228652	0.0226025	0.0223171	0.0220093	0.0216792	0.0213274	0.020954	0.0205596	0.0201444	0.019709	0.0192537	0.018779	0.0182854	0.0177734	0.0172435	0.0166962	0.0161321	0.0155518	0.0149558	0.0143448	0.0137193	0.01308	0.0124276	0.0117626	0.0110858	0.0103979	0.00969948	0.00899132	0.00827413	0.00754861	0.00681551	0.00607557	0.00532952	0.00457812	0.00382213	0.0030623	0.00229941	0.00153421	0.000767486	0	
0	0.000828394	0.00165594	0.00248179	0.00330513	0.00412511	0.00494093	0.00575174	0.00655675	0.00735513	0.00814608	0.00892882	0.00970255	0.0104665	0.0112199	0.011962	0.012692	0.0134092	0.0141129	0.0148024	0.015477	0.016136	0.0167788	0.0174046	0.018013	0.0186032	0.0191746	0.0197268	0.0202591	0.020771	0.021262	0.0217315	0.0221793	0.0226046	0.0230073	0.0233867	0.0237426	0.0240747	0.0243824	0.0246657	0.0249241	0.0251574	0.0253654	0.0255479	0.0257046	0.0258355	0.0259403	0.026019	0.0260716	0.0260978	0.0260978	0.0260716	0.026019	0.0259403	0.0258355	0.0257046	0.0255478	0.0253654	0.0251573	0.024924	0.0246655	0.0243822	0.0240743	0.0237422	0.0233862	0.0230066	0.0226039	0.0221784	0.0217306	0.0212608	0.0207697	0.0202576	0.0197252	0.0191728	0.0186012	0.0180108	0.0174023	0.0167763	0.0161334	0.0154743	0.0147995	0.0141099	0.0134061	0.0126888	0.0119587	0.0112166	0.0104632	0.00969929	0.00892562	0.00814298	0.00735216	0.00655395	0.00574916	0.0049386	0.00412308	0.00330342	0.00248046	0.00165501	0.000827917	0	
0	0.000888022	0.00177513	0.00266043	0.00354303	0.00442204	0.00529658	0.00616576	0.00702871	0.00788456	0.00873245	0.00957153	0.0104009	0.0112199	0.0120275	0.012823	0.0136056	0.0143744	0.0151288	0.0158679	0.0165911	0.0172975	0.0179866	0.0186575	0.0193096	0.0199422	0.0205548	0.0211467	0.0217174	0.0222661	0.0227924	0.0232958	0.0237758	0.0242318	0.0246634	0.0250701	0.0254517	0.0258076	0.0261375	0.0264412	0.0267182	0.0269683	0.0271913	0.0273869	0.0275549	0.0276951	0.0278075	0.0278919	0.0279482	0.0279764	0.0279764	0.0279483	0.0278919	0.0278075	0.0276951	0.0275549	0.0273868	0.0271912	0.0269682	0.0267181	0.026441	0.0261373	0.0258073	0.0254513	0.0250696	0.0246627	0.024231	0.0237749	0.0232948	0.0227912	0.0222647	0.0217158	0.021145	0.020553	0.0199402	0.0193073	0.018655	0.0179839	0.0172948	0.0165882	0.0158649	0.0151256	0.0143711	0.0136022	0.0128195	0.012024	0.0112164	0.0103975	0.00956812	0.00872914	0.0078814	0.00702573	0.00616301	0.00529409	0.00441987	0.00354122	0.00265901	0.00177415	0.000887514	0	
0	0.000946755	0.00189254	0.00283639	0.00377736	0.00471451	0.00564689	0.00657356	0.00749358	0.00840604	0.00931001	0.0102046	0.0110889	0.011962	0.012823	0.0136711	0.0145054	0.0153252	0.0161294	0.0169174	0.0176884	0.0184416	0.0191762	0.0198915	0.0205867	0.0212612	0.0219143	0.0225454	0.0231537	0.0237388	0.0242999	0.0248366	0.0253483	0.0258345	0.0262946	0.0267283	0.0271351	0.0275145	0.0278663	0.02819	0.0284853	0.028752	0.0289897	0.0291982	0.0293774	0.0295269	0.0296467	0.0297367	0.0297968	0.0298268	0.0298268	0.0297968	0.0297367	0.0296468	0.0295269	0.0293774	0.0291982	0.0289897	0.0287519	0.0284852	0.0281898	0.027866	0.0275142	0.0271346	0.0267278	0.0262939	0.0258337	0.0253474	0.0248355	0.0242987	0.0237374	0.0231521	0.0225436	0.0219124	0.0212591	0.0205843	0.0198889	0.0191734	0.0184387	0.0176853	0.0169142	0.016126	0.0153216	0.0145018	0.0136674	0.0128193	0.0119583	0.0110852	0.010201	0.00930651	0.00840269	0.00749043	0.00657064	0.00564426	0.00471221	0.00377544	0.00283489	0.0018915	0.000946217	0	
0	0.00100453	0.00200803	0.00300949	0.00400789	0.00500223	0.00599151	0.00697473	0.0079509	0.00891904	0.00987818	0.0108274	0.0117656	0.012692	0.0136056	0.0145054	0.0153907	0.0162604	0.0171138	0.0179499	0.0187679	0.0195671	0.0203465	0.0211054	0.0218431	0.0225588	0.0232518	0.0239213	0.0245668	0.0251876	0.0257829	0.0263524	0.0268953	0.0274111	0.0278994	0.0283595	0.0287911	0.0291937	0.029567	0.0299104	0.0302238	0.0305067	0.0307589	0.0309802	0.0311703	0.0313289	0.0314561	0.0315516	0.0316153	0.0316471	0.0316471	0.0316153	0.0315516	0.0314561	0.031329	0.0311703	0.0309802	0.0307589	0.0305066	0.0302237	0.0299103	0.0295667	0.0291934	0.0287907	0.028359	0.0278987	0.0274103	0.0268943	0.0263512	0.0257816	0.0251861	0.0245651	0.0239194	0.0232497	0.0225565	0.0218406	0.0211027	0.0203436	0.019564	0.0187647	0.0179465	0.0171102	0.0162567	0.0153869	0.0145016	0.0136017	0.0126881	0.0117617	0.0108236	0.0098745	0.00891551	0.00794758	0.00697165	0.00598873	0.0049998	0.00400586	0.0030079	0.00200694	0.00100397	0	
0	0.0010613	0.00212151	0.00317956	0.00423438	0.00528491	0.00633009	0.00736887	0.00840021	0.00942306	0.0104364	0.0114392	0.0124305	0.0134092	0.0143744	0.0153252	0.0162604	0.0171793	0.0180809	0.0189643	0.0198285	0.0206728	0.0214963	0.0222981	0.0230775	0.0238336	0.0245657	0.0252731	0.0259551	0.0266109	0.02724	0.0278416	0.0284152	0.0289602	0.029476	0.0299621	0.0304181	0.0308435	0.0312378	0.0316007	0.0319318	0.0322307	0.0324972	0.0327309	0.0329317	0.0330994	0.0332337	0.0333346	0.0334019	0.0334356	0.0334356	0.0334019	0.0333346	0.0332337	0.0330994	0.0329318	0.0327309	0.0324972	0.0322306	0.0319317	0.0316005	0.0312376	0.0308432	0.0304177	0.0299616	0.0294753	0.0289593	0.0284142	0.0278404	0.0272386	0.0266094	0.0259534	0.0252712	0.0245636	0.0238312	0.0230749	0.0222953	0.0214933	0.0206696	0.0198251	0.0189607	0.0180772	0.0171755	0.0162565	0.0153211	0.0143703	0.0134051	0.0124264	0.0114352	0.0104325	0.00941936	0.00839672	0.00736565	0.00632718	0.00528236	0.00423225	0.00317789	0.00212036	0.0010607	0	
0	0.001117	0.00223285	0.00334642	0.0044566	0.00556226	0.00666229	0.00775559	0.00884105	0.00991759	0.0109841	0.0120395	0.0130828	0.0141129	0.0151288	0.0161294	0.0171138	0.0180809	0.0190298	0.0199595	0.0208691	0.0217577	0.0226244	0.0234683	0.0242886	0.0250844	0.025855	0.0265995	0.0273173	0.0280075	0.0286696	0.0293027	0.0299064	0.03048	0.0310229	0.0315346	0.0320145	0.0324622	0.0328772	0.0332592	0.0336076	0.0339222	0.0342027	0.0344487	0.03466	0.0348365	0.0349779	0.035084	0.0351549	0.0351903	0.0351903	0.0351549	0.0350841	0.0349779	0.0348365	0.0346601	0.0344487	0.0342027	0.0339222	0.0336075	0.033259	0.032877	0.0324619	0.0320141	0.031534	0.0310222	0.0304792	0.0299054	0.0293015	0.0286682	0.0280059	0.0273154	0.0265975	0.0258527	0.0250819	0.0242859	0.0234654	0.0226213	0.0217544	0.0208656	0.0199558	0.0190259	0.0180769	0.0171096	0.0161252	0.0151245	0.0141087	0.0130786	0.0120354	0.0109801	0.00991371	0.0088374	0.00775222	0.00665925	0.00555959	0.00445437	0.00334468	0.00223164	0.00111637	0	
0	0.00117157	0.00234193	0.00350991	0.00467433	0.00583401	0.00698779	0.0081345	0.00927299	0.0104021	0.0115207	0.0126278	0.013722	0.0148024	0.0158679	0.0169174	0.0179499	0.0189643	0.0199595	0.0209347	0.0218887	0.0228207	0.0237298	0.0246149	0.0254753	0.02631	0.0271182	0.0278991	0.0286519	0.0293759	0.0300703	0.0307344	0.0313676	0.0319692	0.0325386	0.0330753	0.0335786	0.0340482	0.0344835	0.0348841	0.0352496	0.0355796	0.0358737	0.0361318	0.0363534	0.0365385	0.0366868	0.0367981	0.0368724	0.0369096	0.0369096	0.0368725	0.0367982	0.0366868	0.0365386	0.0363535	0.0361318	0.0358737	0.0355795	0.0352495	0.0348839	0.0344833	0.0340479	0.0335782	0.0330747	0.0325379	0.0319683	0.0313665	0.0307331	0.0300688	0.0293742	0.02865	0.027897	0.0271158	0.0263074	0.0254725	0.0246119	0.0237265	0.0228173	0.021885	0.0209308	0.0199555	0.0189601	0.0179456	0.016913	0.0158635	0.014798	0.0137176	0.0126234	0.0115165	0.0103981	0.00926919	0.00813098	0.00698461	0.00583123	0.004672	0.00350809	0.00234067	0.00117092	0	
0	0.00122496	0.00244866	0.00366987	0.00488735	0.00609988	0.00730624	0.00850521	0.00969559	0.0108762	0.0120458	0.0132032	0.0143474	0.015477	0.0165911	0.0176884	0.0187679	0.0198285	0.0208691	0.0218887	0.0228863	0.0238608	0.0248112	0.0257367	0.0266363	0.027509	0.028354	0.0291705	0.0299577	0.0307146	0.0314407	0.0321351	0.0327971	0.0334261	0.0340215	0.0345826	0.035109	0.0355999	0.0360551	0.0364739	0.036856	0.0372011	0.0375086	0.0377784	0.0380102	0.0382037	0.0383588	0.0384752	0.0385529	0.0385917	0.0385917	0.0385529	0.0384752	0.0383588	0.0382038	0.0380103	0.0377785	0.0375086	0.037201	0.036856	0.0364738	0.0360548	0.0355996	0.0351085	0.0345821	0.0340208	0.0334252	0.032796	0.0321338	0.0314392	0.0307129	0.0299557	0.0291684	0.0283516	0.0275063	0.0266334	0.0257336	0.0248078	0.0238572	0.0228825	0.0218847	0.0208649	0.0198242	0.0187635	0.0176839	0.0165865	0.0154724	0.0143428	0.0131987	0.0120414	0.010872	0.00969163	0.00850155	0.00730294	0.00609699	0.00488493	0.00366798	0.00244735	0.00122428	0	
0	0.00127712	0.00255292	0.00382613	0.00509545	0.00635961	0.00761733	0.00886736	0.0101084	0.0113393	0.0125587	0.0137654	0.0149583	0.016136	0.0172975	0.0184416	0.0195671	0.0206728	0.0217577	0.0228207	0.0238608	0.0248767	0.0258677	0.0268326	0.0277704	0.0286803	0.0295613	0.0304126	0.0312332	0.0320224	0.0327794	0.0335034	0.0341936	0.0348494	0.0354701	0.0360552	0.0366039	0.0371158	0.0375903	0.038027	0.0384254	0.0387851	0.0391058	0.0393871	0.0396287	0.0398304	0.0399921	0.0401135	0.0401945	0.040235	0.040235	0.0401945	0.0401135	0.0399921	0.0398305	0.0396288	0.0393871	0.0391058	0.0387851	0.0384253	0.0380268	0.0375901	0.0371155	0.0366035	0.0360546	0.0354694	0.0348485	0.0341925	0.0335021	0.0327779	0.0320207	0.0312313	0.0304104	0.0295589	0.0286776	0.0277674	0.0268293	0.0258642	0.024873	0.0238568	0.0228166	0.0217534	0.0206683	0.0195624	0.0184369	0.0172928	0.0161312	0.0149535	0.0137607	0.0125541	0.0113349	0.0101043	0.00886356	0.00761391	0.00635661	0.00509294	0.00382417	0.00255156	0.00127641	0	
0	0.00132799	0.00265461	0.00397853	0.00529842	0.00661293	0.00792075	0.00922057	0.0105111	0.011791	0.0130589	0.0143137	0.0155541	0.0167788	0.0179866	0.0191762	0.0203465	0.0214963	0.0226244	0.0237298	0.0248112	0.0258677	0.0268981	0.0279014	0.0288766	0.0298228	0.0307389	0.0316241	0.0324774	0.033298	0.0340851	0.0348379	0.0355557	0.0362376	0.0368831	0.0374914	0.038062	0.0385943	0.0390877	0.0395418	0.039956	0.0403301	0.0406635	0.040956	0.0412073	0.0414171	0.0415851	0.0417114	0.0417956	0.0418377	0.0418377	0.0417956	0.0417114	0.0415852	0.0414171	0.0412074	0.0409561	0.0406635	0.0403301	0.039956	0.0395416	0.0390875	0.0385939	0.0380615	0.0374908	0.0368823	0.0362367	0.0355546	0.0348366	0.0340836	0.0332963	0.0324754	0.0316218	0.0307364	0.02982	0.0288736	0.0278981	0.0268945	0.0258638	0.0248072	0.0237255	0.02262	0.0214916	0.0203417	0.0191713	0.0179816	0.0167738	0.0155492	0.0143089	0.0130542	0.0117865	0.0105068	0.00921665	0.00791721	0.00660983	0.00529582	0.0039765	0.00265321	0.00132726	0	
0	0.00137752	0.00275363	0.00412693	0.00549605	0.00685959	0.0082162	0.0095645	0.0109031	0.0122308	0.013546	0.0148476	0.0161343	0.0174046	0.0186575	0.0198915	0.0211054	0.0222981	0.0234683	0.0246149	0.0257367	0.0268326	0.0279014	0.0289421	0.0299537	0.0309352	0.0318855	0.0328037	0.0336888	0.0345401	0.0353565	0.0361374	0.0368819	0.0375893	0.0382588	0.0388899	0.0394817	0.0400339	0.0405457	0.0410167	0.0414464	0.0418344	0.0421803	0.0424837	0.0427444	0.042962	0.0431363	0.0432673	0.0433546	0.0433983	0.0433983	0.0433547	0.0432673	0.0431364	0.0429621	0.0427444	0.0424838	0.0421804	0.0418344	0.0414464	0.0410166	0.0405455	0.0400336	0.0394813	0.0388893	0.0382581	0.0375884	0.0368808	0.0361361	0.035355	0.0345383	0.0336868	0.0328013	0.0318829	0.0309323	0.0299506	0.0289387	0.0278977	0.0268286	0.0257325	0.0246105	0.0234637	0.0222933	0.0211005	0.0198864	0.0186524	0.0173995	0.0161292	0.0148427	0.0135412	0.0122261	0.0108988	0.00956046	0.00821255	0.0068564	0.00549337	0.00412484	0.00275218	0.00137677	0	
0	0.00142567	0.00284987	0.00427118	0.00568814	0.00709935	0.00850337	0.0098988	0.0112842	0.0126582	0.0140195	0.0153666	0.0166982	0.018013	0.0193096	0.0205867	0.0218431	0.0230775	0.0242886	0.0254753	0.0266363	0.0277704	0.0288766	0.0299537	0.0310007	0.0320164	0.0329999	0.0339502	0.0348663	0.0357473	0.0365924	0.0374005	0.0381711	0.0389032	0.0395961	0.0402492	0.0408617	0.0414332	0.0419629	0.0424504	0.0428951	0.0432967	0.0436546	0.0439686	0.0442384	0.0444636	0.0446441	0.0447796	0.04487	0.0449152	0.0449153	0.04487	0.0447796	0.0446442	0.0444637	0.0442385	0.0439687	0.0436547	0.0432967	0.0428951	0.0424503	0.0419627	0.0414329	0.0408613	0.0402486	0.0395954	0.0389022	0.0381699	0.0373992	0.0365908	0.0357455	0.0348642	0.0339479	0.0329973	0.0320135	0.0309975	0.0299503	0.0288729	0.0277664	0.026632	0.0254707	0.0242839	0.0230726	0.0218381	0.0205816	0.0193044	0.0180077	0.016693	0.0153615	0.0140145	0.0126535	0.0112797	0.00989463	0.00849961	0.00709606	0.00568539	0.00426902	0.00284838	0.0014249	0	
0	0.00147238	0.00294325	0.00441112	0.00587451	0.00733196	0.00878198	0.0102231	0.0116539	0.013073	0.0144788	0.0158701	0.0172453	0.0186032	0.0199422	0.0212612	0.0225588	0.0238336	0.0250844	0.02631	0.027509	0.0286803	0.0298228	0.0309352	0.0320164	0.0330655	0.0340812	0.0350626	0.0360087	0.0369186	0.0377913	0.038626	0.0394217	0.0401778	0.0408935	0.041568	0.0422006	0.0427907	0.0433378	0.0438413	0.0443006	0.0447153	0.045085	0.0454093	0.0456879	0.0459205	0.0461069	0.0462468	0.0463402	0.0463869	0.0463869	0.0463402	0.0462469	0.046107	0.0459206	0.045688	0.0454094	0.0450851	0.0447153	0.0443006	0.0438412	0.0433377	0.0427905	0.0422002	0.0415674	0.0408928	0.0401769	0.0394206	0.0386246	0.0377897	0.0369168	0.0360066	0.0350602	0.0340785	0.0330625	0.0320132	0.0309316	0.0298189	0.0286762	0.0275046	0.0263053	0.0250796	0.0238286	0.0225536	0.0212559	0.0199369	0.0185978	0.01724	0.0158648	0.0144737	0.0130681	0.0116493	0.0102189	0.00877812	0.00732858	0.00587168	0.0044089	0.00294171	0.00147159	0	
0	0.00151761	0.00303366	0.00454662	0.00605497	0.00755718	0.00905175	0.0105372	0.0120119	0.0134746	0.0149236	0.0163576	0.0177751	0.0191746	0.0205548	0.0219143	0.0232518	0.0245657	0.025855	0.0271182	0.028354	0.0295613	0.0307389	0.0318855	0.0329999	0.0340812	0.0351281	0.0361397	0.0371149	0.0380527	0.0389522	0.0398125	0.0406327	0.0414121	0.0421497	0.0428449	0.043497	0.0441052	0.0446691	0.045188	0.0456615	0.0460889	0.04647	0.0468043	0.0470914	0.0473312	0.0475232	0.0476675	0.0477637	0.0478119	0.0478119	0.0477638	0.0476676	0.0475234	0.0473313	0.0470915	0.0468044	0.0464701	0.046089	0.0456615	0.045188	0.044669	0.044105	0.0434966	0.0428443	0.042149	0.0414111	0.0406316	0.0398112	0.0389506	0.0380508	0.0371127	0.0361373	0.0351254	0.0340782	0.0329966	0.0318818	0.030735	0.0295571	0.0283496	0.0271134	0.02585	0.0245606	0.0232465	0.0219089	0.0205494	0.0191691	0.0177696	0.0163522	0.0149184	0.0134696	0.0120072	0.0105328	0.00904779	0.00755371	0.00605206	0.00454435	0.00303209	0.0015168	0	
0	0.00156131	0.00312101	0.00467754	0.00622932	0.0077748	0.0093124	0.0108406	0.0123578	0.0138626	0.0153534	0.0168286	0.0182869	0.0197268	0.0211467	0.0225454	0.0239213	0.0252731	0.0265995	0.0278991	0.0291705	0.0304126	0.0316241	0.0328037	0.0339502	0.0350626	0.0361397	0.0371804	0.0381837	0.0391485	0.0400739	0.040959	0.0418028	0.0426046	0.0433635	0.0440787	0.0447495	0.0453753	0.0459554	0.0464893	0.0469764	0.0474161	0.0478082	0.0481521	0.0484475	0.0486941	0.0488918	0.0490402	0.0491392	0.0491887	0.0491888	0.0491393	0.0490403	0.0488919	0.0486943	0.0484476	0.0481522	0.0478083	0.0474162	0.0469764	0.0464893	0.0459553	0.0453751	0.0447492	0.0440782	0.0433628	0.0426037	0.0418017	0.0409576	0.0400723	0.0391466	0.0381815	0.0371779	0.0361369	0.0350595	0.0339468	0.0328	0.0316201	0.0304083	0.029166	0.0278943	0.0265945	0.0252679	0.0239159	0.0225399	0.0211411	0.0197212	0.0182813	0.0168231	0.015348	0.0138575	0.012353	0.0108361	0.00930835	0.00777125	0.00622635	0.00467522	0.00311941	0.00156048	0	
0	0.00160344	0.00320523	0.00480376	0.00639741	0.00798458	0.00956368	0.0111331	0.0126913	0.0142366	0.0157676	0.0172827	0.0187804	0.0202591	0.0217174	0.0231537	0.0245668	0.0259551	0.0273173	0.0286519	0.0299577	0.0312332	0.0324774	0.0336888	0.0348663	0.0360087	0.0371149	0.0381837	0.039214	0.0402049	0.0411553	0.0420642	0.0429308	0.0437542	0.0445336	0.0452681	0.045957	0.0465997	0.0471955	0.0477438	0.048244	0.0486956	0.0490982	0.0494514	0.0497548	0.0500081	0.0502111	0.0503635	0.0504652	0.0505161	0.0505161	0.0504652	0.0503636	0.0502112	0.0500083	0.049755	0.0494516	0.0490984	0.0486957	0.048244	0.0477438	0.0471954	0.0465995	0.0459567	0.0452676	0.0445329	0.0437533	0.0429297	0.0420629	0.0411536	0.040203	0.0392118	0.0381812	0.0371121	0.0360056	0.0348629	0.0336851	0.0324733	0.0312289	0.029953	0.028647	0.0273121	0.0259498	0.0245613	0.0231481	0.0217116	0.0202533	0.0187747	0.0172771	0.0157622	0.0142314	0.0126863	0.0111285	0.00955954	0.00798096	0.00639438	0.00480138	0.00320358	0.00160259	0	
0	0.00164395	0.00328622	0.00492514	0.00655906	0.00818633	0.00980533	0.0114144	0.013012	0.0145964	0.016166	0.0177194	0.0192549	0.020771	0.0222661	0.0237388	0.0251876	0.0266109	0.0280075	0.0293759	0.0307146	0.0320224	0.033298	0.0345401	0.0357473	0.0369186	0.0380527	0.0391485	0.0402049	0.0412208	0.0421952	0.0431271	0.0440156	0.0448598	0.0456589	0.0464119	0.0471183	0.0477772	0.0483881	0.0489502	0.049463	0.0499261	0.0503389	0.050701	0.051012	0.0512718	0.0514798	0.0516361	0.0517404	0.0517925	0.0517926	0.0517404	0.0516362	0.05148	0.0512719	0.0510122	0.0507012	0.050339	0.0499262	0.0494631	0.0489502	0.048388	0.047777	0.047118	0.0464114	0.0456582	0.0448589	0.0440145	0.0431257	0.0421936	0.0412189	0.0402027	0.039146	0.0380499	0.0369154	0.0357439	0.0345363	0.0332939	0.032018	0.0307099	0.0293709	0.0280023	0.0266055	0.0251819	0.0237331	0.0222603	0.0207651	0.0192491	0.0177137	0.0161605	0.014591	0.0130069	0.0114097	0.00980111	0.00818264	0.00655596	0.00492271	0.00328454	0.00164308	0	
0	0.00168281	0.0033639	0.00504155	0.0067141	0.00837984	0.0100371	0.0116842	0.0133195	0.0149414	0.0165482	0.0181383	0.0197101	0.021262	0.0227924	0.0242999	0.0257829	0.02724	0.0286696	0.0300703	0.0314407	0.0327794	0.0340851	0.0353565	0.0365924	0.0377913	0.0389522	0.0400739	0.0411553	0.0421952	0.0431926	0.0441466	0.0450561	0.0459202	0.0467382	0.0475091	0.0482321	0.0489066	0.0495319	0.0501073	0.0506323	0.0511063	0.0515288	0.0518995	0.0522179	0.0524838	0.0526968	0.0528567	0.0529635	0.0530169	0.0530169	0.0529635	0.0528568	0.0526969	0.0524839	0.0522181	0.0518997	0.051529	0.0511064	0.0506324	0.0501073	0.0495318	0.0489065	0.0482318	0.0475086	0.0467375	0.0459194	0.045055	0.0441452	0.043191	0.0421933	0.041153	0.0400714	0.0389494	0.0377881	0.0365888	0.0353527	0.034081	0.0327749	0.0314359	0.0300652	0.0286642	0.0272344	0.0257772	0.0242941	0.0227865	0.021256	0.0197041	0.0181324	0.0165425	0.014936	0.0133144	0.0116795	0.0100328	0.00837608	0.00671094	0.00503909	0.00336219	0.00168193	0	
0	0.00171998	0.00343819	0.0051529	0.00686238	0.00856491	0.0102588	0.0119423	0.0136137	0.0152714	0.0169137	0.0185389	0.0201454	0.0217315	0.0232958	0.0248366	0.0263524	0.0278416	0.0293027	0.0307344	0.0321351	0.0335034	0.0348379	0.0361374	0.0374005	0.038626	0.0398125	0.040959	0.0420642	0.0431271	0.0441466	0.0451216	0.0460512	0.0469345	0.0477704	0.0485584	0.0492974	0.0499868	0.0506259	0.051214	0.0517506	0.052235	0.0526669	0.0530458	0.0533712	0.0536429	0.0538607	0.0540241	0.0541332	0.0541878	0.0541878	0.0541333	0.0540243	0.0538608	0.0536431	0.0533714	0.053046	0.0526671	0.0522352	0.0517507	0.0512141	0.0506258	0.0499866	0.0492971	0.0485579	0.0477698	0.0469336	0.0460501	0.0451203	0.0441449	0.0431252	0.042062	0.0409564	0.0398096	0.0386227	0.037397	0.0361335	0.0348337	0.0334988	0.0321302	0.0307293	0.0292974	0.027836	0.0263466	0.0248307	0.0232898	0.0217255	0.0201393	0.0185329	0.0169079	0.0152659	0.0136085	0.0119374	0.0102544	0.00856108	0.00685917	0.00515039	0.00343645	0.00171908	0	
0	0.00175541	0.00350902	0.00525906	0.00700376	0.00874136	0.0104701	0.0121883	0.0138942	0.015586	0.0172621	0.0189208	0.0205604	0.0221793	0.0237758	0.0253483	0.0268953	0.0284152	0.0299064	0.0313676	0.0327971	0.0341936	0.0355557	0.0368819	0.0381711	0.0394217	0.0406327	0.0418028	0.0429308	0.0440156	0.0450561	0.0460512	0.047	0.0479014	0.0487546	0.0495588	0.050313	0.0510166	0.0516689	0.0522691	0.0528167	0.0533112	0.053752	0.0541386	0.0544708	0.0547481	0.0549703	0.0551372	0.0552485	0.0553042	0.0553043	0.0552486	0.0551373	0.0549705	0.0547483	0.054471	0.0541389	0.0537522	0.0533114	0.0528169	0.0522692	0.0516689	0.0510165	0.0503128	0.0495583	0.048754	0.0479006	0.0469989	0.0460499	0.0450545	0.0440137	0.0429286	0.0418003	0.0406298	0.0394185	0.0381675	0.036878	0.0355514	0.034189	0.0327922	0.0313624	0.029901	0.0284095	0.0268894	0.0253423	0.0237697	0.0221731	0.0205543	0.0189148	0.0172563	0.0155804	0.0138889	0.0121834	0.0104657	0.00873747	0.0070005	0.00525651	0.00350725	0.0017545	0	
0	0.00178908	0.00357632	0.00535992	0.00713808	0.00890901	0.0106709	0.0124221	0.0141606	0.0158849	0.0175932	0.0192837	0.0209547	0.0226046	0.0242318	0.0258345	0.0274111	0.0289602	0.03048	0.0319692	0.0334261	0.0348494	0.0362376	0.0375893	0.0389032	0.0401778	0.0414121	0.0426046	0.0437542	0.0448598	0.0459202	0.0469345	0.0479014	0.0488201	0.0496897	0.0505093	0.051278	0.0519951	0.0526599	0.0532716	0.0538298	0.0543337	0.0547829	0.055177	0.0555155	0.0557982	0.0560247	0.0561947	0.0563082	0.056365	0.056365	0.0563083	0.0561948	0.0560248	0.0557984	0.0555158	0.0551773	0.0547832	0.0543339	0.0538299	0.0532717	0.0526599	0.051995	0.0512778	0.0505089	0.0496891	0.0488193	0.0479003	0.0469331	0.0459186	0.0448579	0.043752	0.042602	0.0414091	0.0401746	0.0388995	0.0375853	0.0362333	0.0348448	0.0334212	0.0319639	0.0304745	0.0289544	0.0274052	0.0258284	0.0242256	0.0225984	0.0209485	0.0192776	0.0175873	0.0158792	0.0141553	0.0124171	0.0106664	0.00890507	0.00713478	0.00535733	0.00357453	0.00178815	0	
0	0.00182094	0.00364002	0.00545539	0.00726522	0.0090677	0.010861	0.0126433	0.0144129	0.0161679	0.0179065	0.0196271	0.021328	0.0230073	0.0246634	0.0262946	0.0278994	0.029476	0.0310229	0.0325386	0.0340215	0.0354701	0.0368831	0.0382588	0.0395961	0.0408935	0.0421497	0.0433635	0.0445336	0.0456589	0.0467382	0.0477704	0.0487546	0.0496897	0.0505748	0.051409	0.0521914	0.0529213	0.0535979	0.0542205	0.0547886	0.0553015	0.0557587	0.0561598	0.0565044	0.0567921	0.0570226	0.0571957	0.0573112	0.057369	0.057369	0.0573113	0.0571958	0.0570228	0.0567923	0.0565047	0.0561601	0.055759	0.0553017	0.0547888	0.0542207	0.0535979	0.0529212	0.0521912	0.0514086	0.0505742	0.0496889	0.0487536	0.0477691	0.0467366	0.045657	0.0445313	0.0433609	0.0421468	0.0408902	0.0395925	0.0382549	0.0368787	0.0354655	0.0340165	0.0325333	0.0310174	0.0294702	0.0278934	0.0262885	0.0246571	0.023001	0.0213217	0.019621	0.0179005	0.0161621	0.0144074	0.0126383	0.0108564	0.0090637	0.00726187	0.00545277	0.0036382	0.00182	0	
0	0.00185098	0.00370005	0.00554536	0.00738505	0.00921725	0.0110401	0.0128518	0.0146506	0.0164345	0.0182019	0.0199509	0.0216797	0.0233867	0.0250701	0.0267283	0.0283595	0.0299621	0.0315346	0.0330753	0.0345826	0.0360552	0.0374914	0.0388899	0.0402492	0.041568	0.0428449	0.0440787	0.0452681	0.0464119	0.0475091	0.0485584	0.0495588	0.0505093	0.051409	0.0522569	0.0530522	0.0537941	0.0544819	0.0551148	0.0556923	0.0562136	0.0566784	0.0570861	0.0574364	0.0577288	0.0579631	0.0581391	0.0582565	0.0583152	0.0583152	0.0582566	0.0581392	0.0579633	0.0577291	0.0574367	0.0570864	0.0566787	0.0562139	0.0556925	0.055115	0.054482	0.0537941	0.053052	0.0522565	0.0514084	0.0505085	0.0495577	0.0485571	0.0475075	0.04641	0.0452659	0.0440761	0.042842	0.0415647	0.0402455	0.0388859	0.037487	0.0360505	0.0345776	0.0330699	0.031529	0.0299563	0.0283535	0.0267221	0.0250638	0.0233804	0.0216734	0.0199446	0.0181958	0.0164287	0.0146451	0.0128467	0.0110355	0.00921321	0.00738166	0.00554271	0.00369821	0.00185002	0	
0	0.00187915	0.00375636	0.00562976	0.00749744	0.00935752	0.0112081	0.0130474	0.0148735	0.0166846	0.0184789	0.0202545	0.0220097	0.0237426	0.0254517	0.0271351	0.0287911	0.0304181	0.0320145	0.0335786	0.035109	0.0366039	0.038062	0.0394817	0.0408617	0.0422006	0.043497	0.0447495	0.045957	0.0471183	0.0482321	0.0492974	0.050313	0.051278	0.0521914	0.0530522	0.0538597	0.0546129	0.0553111	0.0559537	0.0565399	0.0570692	0.0575411	0.057955	0.0583106	0.0586074	0.0588453	0.0590239	0.0591431	0.0592028	0.0592028	0.0591432	0.0590241	0.0588455	0.0586077	0.0583109	0.0579553	0.0575414	0.0570695	0.0565401	0.0559538	0.0553112	0.0546128	0.0538595	0.0530519	0.0521909	0.0512773	0.050312	0.0492961	0.0482305	0.0471164	0.0459548	0.044747	0.043494	0.0421973	0.0408581	0.0394777	0.0380576	0.0365992	0.0351039	0.0335733	0.0320089	0.0304122	0.028785	0.0271288	0.0254453	0.0237362	0.0220033	0.0202482	0.0184728	0.0166788	0.014868	0.0130423	0.0112035	0.00935344	0.00749401	0.00562708	0.0037545	0.00187818	0	
0	0.00190542	0.00380889	0.00570848	0.00760228	0.00948838	0.0113649	0.0132299	0.0150815	0.016918	0.0187373	0.0205377	0.0223174	0.0240747	0.0258076	0.0275145	0.0291937	0.0308435	0.0324622	0.0340482	0.0355999	0.0371158	0.0385943	0.0400339	0.0414332	0.0427907	0.0441052	0.0453753	0.0465997	0.0477772	0.0489066	0.0499868	0.0510166	0.0519951	0.0529213	0.0537941	0.0546129	0.0553766	0.0560846	0.0567362	0.0573306	0.0578673	0.0583458	0.0587655	0.059126	0.0594271	0.0596682	0.0598494	0.0599702	0.0600307	0.0600307	0.0599703	0.0598495	0.0596685	0.0594273	0.0591263	0.0587658	0.0583461	0.0578676	0.0573309	0.0567364	0.0560847	0.0553766	0.0546127	0.0537938	0.0529208	0.0519944	0.0510157	0.0499855	0.0489051	0.0477754	0.0465975	0.0453728	0.0441023	0.0427874	0.0414295	0.0400298	0.0385899	0.037111	0.0355948	0.0340428	0.0324565	0.0308376	0.0291876	0.0275082	0.0258012	0.0240682	0.022311	0.0205314	0.0187311	0.016912	0.0150759	0.0132247	0.0113602	0.00948426	0.00759882	0.00570578	0.00380702	0.00190445	0	
0	0.00192978	0.00385759	0.00578146	0.00769947	0.00960968	0.0115102	0.013399	0.0152743	0.0171342	0.0189768	0.0208003	0.0226028	0.0243824	0.0261375	0.0278663	0.029567	0.0312378	0.0328772	0.0344835	0.0360551	0.0375903	0.0390877	0.0405457	0.0419629	0.0433378	0.0446691	0.0459554	0.0471955	0.0483881	0.0495319	0.0506259	0.0516689	0.0526599	0.0535979	0.0544819	0.0553111	0.0560846	0.0568017	0.0574615	0.0580636	0.0586071	0.0590917	0.0595168	0.059882	0.0601868	0.0604311	0.0606146	0.060737	0.0607982	0.0607983	0.0607371	0.0606147	0.0604314	0.0601871	0.0598823	0.0595172	0.0590921	0.0586075	0.0580639	0.0574618	0.0568018	0.0560846	0.055311	0.0544816	0.0535974	0.0526592	0.0516679	0.0506246	0.0495304	0.0483862	0.0471933	0.0459529	0.0446662	0.0433345	0.0419592	0.0405417	0.0390833	0.0375855	0.03605	0.0344781	0.0328715	0.0312319	0.0295608	0.02786	0.0261311	0.024376	0.0225963	0.0207939	0.0189706	0.0171283	0.0152687	0.0133938	0.0115054	0.00960553	0.00769599	0.00577873	0.00385569	0.0019288	0	
0	0.0019522	0.0039024	0.00584862	0.00778891	0.00972131	0.0116439	0.0135547	0.0154518	0.0173333	0.0191973	0.0210419	0.0228653	0.0246657	0.0264412	0.02819	0.0299104	0.0316007	0.0332592	0.0348841	0.0364739	0.038027	0.0395418	0.0410167	0.0424504	0.0438413	0.045188	0.0464893	0.0477438	0.0489502	0.0501073	0.051214	0.0522691	0.0532716	0.0542205	0.0551148	0.0559537	0.0567362	0.0574615	0.0581291	0.0587381	0.059288	0.0597782	0.0602082	0.0605776	0.0608861	0.0611332	0.0613187	0.0614426	0.0615045	0.0615046	0.0614427	0.0613189	0.0611334	0.0608864	0.060578	0.0602086	0.0597786	0.0592884	0.0587384	0.0581293	0.0574617	0.0567362	0.0559536	0.0551146	0.0542201	0.053271	0.0522682	0.0512128	0.0501058	0.0489483	0.0477416	0.0464868	0.0451851	0.043838	0.0424467	0.0410127	0.0395373	0.0380222	0.0364688	0.0348787	0.0332534	0.0315947	0.0299042	0.0281836	0.0264347	0.0246592	0.0228588	0.0210355	0.019191	0.0173273	0.0154461	0.0135494	0.0116391	0.00971713	0.0077854	0.00584587	0.00390049	0.00195121	0	
