0	0	0	0	0	0	0	0	0	0	0	0	0	0	0	0	0	0	0	0	0	0	0	0	0	0	0	0	0	0	0	0	0	0	0	0	0	0	0	0	0	0	0	0	0	0	0	0	0	0	0	0	0	0	0	0	0	0	0	0	0	0	0	0	0	0	0	0	0	0	0	0	0	0	0	0	0	0	0	0	0	0	0	0	0	0	0	0	0	0	0	0	0	0	0	0	0	0	0	0	
0	4.9195e-05	9.83388e-05	0.000147382	0.000196275	0.000244968	0.000293413	0.00034156	0.000389361	0.000436768	0.000483734	0.00053021	0.000576151	0.000621509	0.00066624	0.000710299	0.00075364	0.000796221	0.000837999	0.000878932	0.000918978	0.000958098	0.000996253	0.0010334	0.00106951	0.00110454	0.00113846	0.00117123	0.00120282	0.0012332	0.00126234	0.0012902	0.00131677	0.00134201	0.00136589	0.00138841	0.00140952	0.00142922	0.00144747	0.00146427	0.00147959	0.00149342	0.00150575	0.00151657	0.00152585	0.0015336	0.00153981	0.00154446	0.00154756	0.0015491	0.00154909	0.00154751	0.00154437	0.00153968	0.00153344	0.00152565	0.00151633	0.00150548	0.00149312	0.00147925	0.00146389	0.00144706	0.00142878	0.00140905	0.0013879	0.00136536	0.00134145	0.00131618	0.00128959	0.0012617	0.00123254	0.00120214	0.00117053	0.00113774	0.00110381	0.00106876	0.00103264	0.000995485	0.000957326	0.000918204	0.000878159	0.000837231	0.000795461	0.000752892	0.000709566	0.000665527	0.00062082	0.000575489	0.00052958	0.00048314	0.000436216	0.000388854	0.000341102	0.000293009	0.000244622	0.000195991	0.000147164	9.81906e-05	4.91194e-05	0	
0	9.83388e-05	0.000196576	0.000294611	0.000392346	0.000489682	0.000586521	0.000682766	0.000778319	0.000873084	0.000966966	0.00105987	0.0011517	0.00124237	0.00133179	0.00141986	0.0015065	0.00159162	0.00167513	0.00175695	0.001837	0.0019152	0.00199147	0.00206573	0.00213791	0.00220794	0.00227574	0.00234125	0.0024044	0.00246512	0.00252337	0.00257907	0.00263217	0.00268262	0.00273038	0.00277538	0.00281758	0.00285695	0.00289344	0.00292702	0.00295765	0.0029853	0.00300995	0.00303157	0.00305013	0.00306562	0.00307802	0.00308733	0.00309352	0.00309661	0.00309657	0.00309342	0.00308715	0.00307777	0.00306529	0.00304973	0.00303109	0.00300941	0.00298469	0.00295697	0.00292627	0.00289263	0.00285607	0.00281664	0.00277437	0.00272931	0.0026815	0.002631	0.00257784	0.00252209	0.0024638	0.00240303	0.00233984	0.0022743	0.00220647	0.00213642	0.00206422	0.00198994	0.00191366	0.00183546	0.00175541	0.0016736	0.0015901	0.00150501	0.0014184	0.00133037	0.001241	0.00115038	0.00105861	0.000965782	0.000871982	0.000777307	0.000681853	0.000585716	0.000488993	0.00039178	0.000294177	0.00019628	9.81883e-05	0	
0	0.000147382	0.000294611	0.000441538	0.000588015	0.000733895	0.000879029	0.00102327	0.00116648	0.00130851	0.00144921	0.00158845	0.00172608	0.00186197	0.00199598	0.00212797	0.00225782	0.00238538	0.00251055	0.00263318	0.00275315	0.00287035	0.00298466	0.00309595	0.00320413	0.00330908	0.00341069	0.00350887	0.00360351	0.00369452	0.00378182	0.0038653	0.00394488	0.0040205	0.00409206	0.00415951	0.00422276	0.00428177	0.00433646	0.00438678	0.00443269	0.00447413	0.00451107	0.00454346	0.00457128	0.0045945	0.00461309	0.00462704	0.00463632	0.00464094	0.00464089	0.00463616	0.00462676	0.00461271	0.00459401	0.00457069	0.00454276	0.00451026	0.00447322	0.00443167	0.00438566	0.00433524	0.00428045	0.00422136	0.00415801	0.00409047	0.00401882	0.00394313	0.00386346	0.00377991	0.00369255	0.00360147	0.00350677	0.00340854	0.00330688	0.00320189	0.00309369	0.00298237	0.00286805	0.00275084	0.00263087	0.00250825	0.00238312	0.00225558	0.00212578	0.00199385	0.00185991	0.0017241	0.00158657	0.00144744	0.00130686	0.00116497	0.00102191	0.000877825	0.000732864	0.00058717	0.000440889	0.000294169	0.000147157	0	
0	0.000196275	0.000392346	0.000588015	0.000783085	0.000977359	0.00117064	0.00136274	0.00155345	0.00174259	0.00192997	0.0021154	0.00229869	0.00247966	0.00265813	0.00283391	0.00300683	0.00317672	0.00334341	0.00350672	0.00366649	0.00382257	0.0039748	0.00412302	0.00426708	0.00440685	0.00454217	0.00467292	0.00479896	0.00492016	0.00503641	0.00514759	0.00525358	0.00535428	0.00544959	0.00553941	0.00562365	0.00570222	0.00577506	0.00584208	0.00590321	0.0059584	0.00600759	0.00605074	0.00608779	0.00611871	0.00614346	0.00616204	0.0061744	0.00618055	0.00618048	0.00617419	0.00616167	0.00614296	0.00611805	0.00608699	0.0060498	0.00600652	0.00595719	0.00590186	0.00584059	0.00577344	0.00570048	0.00562177	0.00553741	0.00544747	0.00535205	0.00525124	0.00514515	0.00503388	0.00491753	0.00479625	0.00467013	0.00453931	0.00440393	0.00426411	0.00412001	0.00397176	0.00381951	0.00366342	0.00350365	0.00334036	0.00317371	0.00300387	0.00283101	0.0026553	0.00247693	0.00229607	0.00211291	0.00192762	0.0017404	0.00155144	0.00136092	0.00116904	0.00097599	0.000781962	0.000587153	0.000391759	0.000195976	0	
0	0.000244968	0.000489682	0.000733895	0.000977359	0.00121983	0.00146106	0.00170081	0.00193884	0.00217491	0.00240878	0.00264021	0.00286897	0.00309484	0.00331758	0.00353697	0.0037528	0.00396483	0.00417287	0.0043767	0.00457611	0.00477091	0.00496091	0.0051459	0.0053257	0.00550014	0.00566904	0.00583222	0.00598953	0.00614081	0.0062859	0.00642465	0.00655694	0.00668262	0.00680157	0.00691368	0.00701882	0.00711689	0.00720779	0.00729144	0.00736774	0.00743662	0.00749802	0.00755186	0.00759811	0.0076367	0.0076676	0.00769078	0.00770621	0.00771389	0.0077138	0.00770594	0.00769032	0.00766696	0.00763588	0.00759712	0.0075507	0.00749668	0.00743511	0.00736606	0.00728958	0.00720577	0.00711471	0.00701648	0.00691119	0.00679894	0.00667985	0.00655403	0.00642161	0.00628273	0.00613753	0.00598615	0.00582874	0.00566547	0.0054965	0.005322	0.00514214	0.00495711	0.0047671	0.00457229	0.00437288	0.00416907	0.00396108	0.0037491	0.00353335	0.00331406	0.00309144	0.00286571	0.0026371	0.00240585	0.00217219	0.00193634	0.00169856	0.00145907	0.00121813	0.000975961	0.000732822	0.000488952	0.000244596	0	
0	0.000293413	0.000586521	0.000879029	0.00117064	0.00146106	0.00175	0.00203717	0.00232227	0.00260502	0.00288514	0.00316234	0.00343634	0.00370688	0.00397367	0.00423645	0.00449495	0.00474892	0.0049981	0.00524224	0.00548109	0.00571441	0.00594198	0.00616355	0.00637892	0.00658785	0.00679015	0.00698561	0.00717403	0.00735522	0.007529	0.0076952	0.00785365	0.00800419	0.00814666	0.00828093	0.00840687	0.00852433	0.00863321	0.0087334	0.00882479	0.0089073	0.00898084	0.00904533	0.00910072	0.00914694	0.00918395	0.00921172	0.00923021	0.0092394	0.00923929	0.00922988	0.00921118	0.0091832	0.00914597	0.00909954	0.00904394	0.00897924	0.00890549	0.00882278	0.00873119	0.0086308	0.00852173	0.00840408	0.00827796	0.00814351	0.00800087	0.00785017	0.00769157	0.00752522	0.0073513	0.00716999	0.00698145	0.00678589	0.0065835	0.00637449	0.00615907	0.00593745	0.00570985	0.00547652	0.00523767	0.00499356	0.00474443	0.00449053	0.00423212	0.00396946	0.00370281	0.00343244	0.00315862	0.00288164	0.00260176	0.00231928	0.00203447	0.00174762	0.00145903	0.00116897	0.000877748	0.000585649	0.000292969	0	
0	0.00034156	0.000682766	0.00102327	0.00136274	0.00170081	0.00203717	0.00237145	0.00270334	0.00303249	0.00335857	0.00368126	0.00400023	0.00431516	0.00462573	0.00493163	0.00523255	0.00552819	0.00581826	0.00610246	0.00638051	0.00665212	0.00691703	0.00717496	0.00742567	0.00766889	0.00790438	0.00813192	0.00835125	0.00856218	0.00876448	0.00895795	0.0091424	0.00931764	0.0094835	0.0096398	0.0097864	0.00992314	0.0100499	0.0101665	0.0102729	0.010369	0.0104546	0.0105296	0.0105941	0.0106479	0.010691	0.0107233	0.0107449	0.0107556	0.0107554	0.0107445	0.0107227	0.0106901	0.0106468	0.0105927	0.010528	0.0104527	0.0103669	0.0102706	0.0101639	0.0100471	0.00992012	0.00978316	0.00963635	0.00947984	0.00931379	0.00913836	0.00895373	0.00876009	0.00855763	0.00834656	0.00812709	0.00789944	0.00766384	0.00742053	0.00716975	0.00691177	0.00664682	0.0063752	0.00609716	0.00581299	0.00552298	0.00522742	0.0049266	0.00462084	0.00431043	0.0039957	0.00367695	0.00335451	0.00302871	0.00269987	0.00236832	0.00203441	0.00169845	0.0013608	0.00102178	0.000681753	0.000341044	0	
0	0.000389361	0.000778319	0.00116648	0.00155345	0.00193884	0.00232227	0.00270334	0.00308167	0.00345689	0.00382861	0.00419646	0.00456006	0.00491907	0.0052731	0.00562181	0.00596485	0.00630187	0.00663253	0.00695651	0.00727347	0.00758309	0.00788508	0.00817911	0.0084649	0.00874216	0.00901062	0.00926999	0.00952002	0.00976047	0.00999108	0.0102116	0.0104219	0.0106217	0.0108107	0.0109889	0.011156	0.0113119	0.0114564	0.0115893	0.0117106	0.0118201	0.0119177	0.0120033	0.0120768	0.0121381	0.0121872	0.0122241	0.0122486	0.0122608	0.0122607	0.0122482	0.0122234	0.0121862	0.0121368	0.0120752	0.0120014	0.0119156	0.0118177	0.011708	0.0115864	0.0114532	0.0113085	0.0111523	0.010985	0.0108066	0.0106173	0.0104173	0.0102068	0.00998609	0.0097553	0.00951469	0.0092645	0.00900499	0.00873642	0.00845906	0.00817318	0.00787909	0.00757707	0.00726743	0.00695048	0.00662654	0.00629594	0.00595902	0.0056161	0.00526754	0.00491369	0.00455491	0.00419155	0.00382399	0.00345259	0.00307773	0.00269978	0.00231913	0.00193616	0.00155125	0.00116479	0.000777168	0.000388775	0	
0	0.000436768	0.000873084	0.00130851	0.00174259	0.00217491	0.00260502	0.00303249	0.00345689	0.00387779	0.00429477	0.0047074	0.00511528	0.005518	0.00591514	0.00630631	0.00669111	0.00706917	0.00744009	0.00780352	0.00815907	0.00850639	0.00884515	0.00917498	0.00949557	0.00980659	0.0101077	0.0103987	0.0106792	0.0109489	0.0112076	0.011455	0.0116908	0.0119149	0.012127	0.0123269	0.0125144	0.0126892	0.0128513	0.0130004	0.0131365	0.0132593	0.0133688	0.0134648	0.0135472	0.013616	0.0136711	0.0137125	0.01374	0.0137537	0.0137535	0.0137395	0.0137117	0.01367	0.0136146	0.0135455	0.0134627	0.0133664	0.0132566	0.0131335	0.0129972	0.0128477	0.0126854	0.0125102	0.0123225	0.0121224	0.01191	0.0116857	0.0114496	0.011202	0.0109431	0.0106732	0.0103925	0.0101014	0.00980016	0.00948903	0.00916835	0.00883845	0.00849965	0.00815231	0.00779677	0.00743339	0.00706254	0.00668459	0.00629992	0.00590892	0.00551199	0.00510952	0.00470192	0.0042896	0.00387298	0.00345247	0.00302851	0.00260151	0.00217191	0.00174013	0.00130661	0.000871797	0.000436113	0	
0	0.000483734	0.000966966	0.00144921	0.00192997	0.00240878	0.00288514	0.00335857	0.00382861	0.00429477	0.00475658	0.00521359	0.00566533	0.00611135	0.00655119	0.00698443	0.00741061	0.00782932	0.00824013	0.00864263	0.00903642	0.00942109	0.00979627	0.0101616	0.0105166	0.0108611	0.0111946	0.0115169	0.0118275	0.0121262	0.0124127	0.0126867	0.012948	0.0131962	0.0134311	0.0136524	0.01386	0.0140537	0.0142332	0.0143984	0.0145491	0.0146851	0.0148063	0.0149127	0.015004	0.0150802	0.0151412	0.015187	0.0152175	0.0152326	0.0152325	0.0152169	0.0151861	0.01514	0.0150786	0.0150021	0.0149104	0.0148037	0.0146821	0.0145458	0.0143948	0.0142293	0.0140495	0.0138555	0.0136476	0.0134259	0.0131907	0.0129423	0.0126808	0.0124066	0.0121198	0.0118209	0.0115101	0.0111877	0.010854	0.0105094	0.0101542	0.00978887	0.00941364	0.00902895	0.00863518	0.00823272	0.00782199	0.0074034	0.00697737	0.00654432	0.00610471	0.00565896	0.00520753	0.00475088	0.00428945	0.00382373	0.00335417	0.00288126	0.00240546	0.00192725	0.00144712	0.000965544	0.00048301	0	
0	0.00053021	0.00105987	0.00158845	0.0021154	0.00264021	0.00316234	0.00368126	0.00419646	0.0047074	0.00521359	0.00571451	0.00620965	0.00669852	0.00718063	0.00765549	0.00812262	0.00858156	0.00903184	0.00947301	0.00990463	0.0103263	0.0107375	0.0111379	0.0115271	0.0119046	0.0122702	0.0126234	0.0129639	0.0132913	0.0136054	0.0139057	0.014192	0.014464	0.0147215	0.0149642	0.0151917	0.015404	0.0156008	0.0157818	0.015947	0.0160961	0.0162289	0.0163455	0.0164456	0.0165291	0.016596	0.0166462	0.0166796	0.0166962	0.016696	0.016679	0.0166452	0.0165946	0.0165274	0.0164435	0.016343	0.0162261	0.0160928	0.0159434	0.0157778	0.0155964	0.0153993	0.0151867	0.0149588	0.0147159	0.0144581	0.0141858	0.0138992	0.0135986	0.0132843	0.0129567	0.012616	0.0122626	0.0118969	0.0115192	0.0111299	0.0107294	0.0103181	0.00989647	0.00946486	0.00902374	0.00857355	0.00811473	0.00764777	0.00717312	0.00669126	0.00620268	0.00570788	0.00520735	0.0047016	0.00419112	0.00367645	0.0031581	0.00263658	0.00211243	0.00158616	0.00105832	0.000529419	0	
0	0.000576151	0.0011517	0.00172608	0.00229869	0.00286897	0.00343634	0.00400023	0.00456006	0.00511528	0.00566533	0.00620965	0.0067477	0.00727893	0.00780281	0.00831881	0.00882642	0.00932512	0.00981442	0.0102938	0.0107628	0.011221	0.0116679	0.012103	0.0125259	0.0129361	0.0133334	0.0137172	0.0140872	0.014443	0.0147842	0.0151106	0.0154217	0.0157173	0.0159971	0.0162608	0.0165081	0.0167387	0.0169525	0.0171493	0.0173287	0.0174907	0.0176351	0.0177618	0.0178706	0.0179613	0.018034	0.0180885	0.0181248	0.0181429	0.0181427	0.0181242	0.0180875	0.0180325	0.0179594	0.0178683	0.0177591	0.017632	0.0174872	0.0173248	0.017145	0.0169479	0.0167337	0.0165026	0.016255	0.015991	0.0157109	0.015415	0.0151035	0.0147769	0.0144354	0.0140794	0.0137091	0.0133251	0.0129277	0.0125173	0.0120943	0.0116591	0.0112122	0.010754	0.010285	0.00980564	0.00931644	0.00881787	0.00831044	0.00779466	0.00727106	0.00674015	0.00620247	0.00565857	0.00510899	0.00455429	0.00399502	0.00343175	0.00286504	0.00229547	0.0017236	0.00115002	0.000575293	0	
0	0.000621509	0.00124237	0.00186197	0.00247966	0.00309484	0.00370688	0.00431516	0.00491907	0.005518	0.00611135	0.00669852	0.00727893	0.00785198	0.0084171	0.00897373	0.00952131	0.0100593	0.0105871	0.0111042	0.0116102	0.0121044	0.0125865	0.0130558	0.013512	0.0139546	0.0143831	0.0147971	0.0151962	0.0155801	0.0159482	0.0163002	0.0166359	0.0169547	0.0172565	0.017541	0.0178077	0.0180565	0.0182872	0.0184994	0.018693	0.0188678	0.0190235	0.0191602	0.0192775	0.0193754	0.0194538	0.0195126	0.0195518	0.0195713	0.019571	0.0195511	0.0195115	0.0194522	0.0193734	0.019275	0.0191573	0.0190202	0.018864	0.0186888	0.0184948	0.0182822	0.0180511	0.0178019	0.0175348	0.01725	0.0169478	0.0166286	0.0162926	0.0159403	0.0155719	0.0151878	0.0147885	0.0143742	0.0139455	0.0135028	0.0130465	0.012577	0.0120949	0.0116007	0.0110947	0.0105776	0.0100499	0.00951211	0.00896473	0.00840834	0.00784351	0.0072708	0.00669079	0.00610407	0.00551122	0.00491285	0.00430955	0.00370193	0.00309061	0.00247619	0.00185931	0.00124056	0.000620587	0	
0	0.00066624	0.00133179	0.00199598	0.00265813	0.00331758	0.00397367	0.00462573	0.0052731	0.00591514	0.00655119	0.00718063	0.00780281	0.0084171	0.0090229	0.00961959	0.0102066	0.0107833	0.0113491	0.0119034	0.0124458	0.0129756	0.0134923	0.0139955	0.0144845	0.0149589	0.0154183	0.0158621	0.01629	0.0167014	0.017096	0.0174734	0.0178332	0.018175	0.0184985	0.0188034	0.0190894	0.0193561	0.0196034	0.0198309	0.0200384	0.0202257	0.0203927	0.0205392	0.020665	0.0207699	0.020854	0.020917	0.020959	0.0209799	0.0209796	0.0209583	0.0209158	0.0208523	0.0207678	0.0206623	0.0205361	0.0203892	0.0202217	0.0200339	0.0198259	0.019598	0.0193503	0.0190832	0.0187968	0.0184915	0.0181676	0.0178254	0.0174653	0.0170876	0.0166927	0.016281	0.0158529	0.0154088	0.0149492	0.0144746	0.0139855	0.0134822	0.0129654	0.0124356	0.0118933	0.011339	0.0107733	0.0101967	0.00960996	0.00901353	0.00840805	0.00779412	0.00717237	0.00654341	0.0059079	0.00526645	0.00461973	0.00396838	0.00331306	0.00265442	0.00199313	0.00132985	0.000665254	0	
0	0.000710299	0.00141986	0.00212797	0.00283391	0.00353697	0.00423645	0.00493163	0.00562181	0.00630631	0.00698443	0.00765549	0.00831881	0.00897373	0.00961959	0.0102557	0.0108815	0.0114964	0.0120996	0.0126906	0.0132688	0.0138337	0.0143846	0.014921	0.0154424	0.0159482	0.0164379	0.0169111	0.0173672	0.0178059	0.0182266	0.0186289	0.0190125	0.019377	0.0197219	0.0200469	0.0203518	0.0206362	0.0208998	0.0211423	0.0213636	0.0215633	0.0217413	0.0218975	0.0220316	0.0221435	0.0222331	0.0223003	0.0223451	0.0223673	0.0223671	0.0223443	0.022299	0.0222313	0.0221412	0.0220288	0.0218942	0.0217375	0.021559	0.0213588	0.0211371	0.0208941	0.02063	0.0203452	0.0200399	0.0197144	0.0193691	0.0190043	0.0186203	0.0182176	0.0177966	0.0173577	0.0169012	0.0164278	0.0159379	0.0154319	0.0149104	0.0143739	0.0138229	0.013258	0.0126798	0.0120888	0.0114857	0.0108711	0.0102455	0.00960963	0.0089641	0.00830957	0.0076467	0.00697615	0.00629861	0.00561474	0.00492525	0.00423083	0.00353216	0.00282997	0.00212494	0.0014178	0.00070925	0	
0	0.00075364	0.0015065	0.00225782	0.00300683	0.0037528	0.00449495	0.00523255	0.00596485	0.00669111	0.00741061	0.00812262	0.00882642	0.00952131	0.0102066	0.0108815	0.0115455	0.0121979	0.0128379	0.013465	0.0140785	0.0146778	0.0152623	0.0158315	0.0163847	0.0169213	0.017441	0.017943	0.018427	0.0188924	0.0193388	0.0197657	0.0201727	0.0205593	0.0209253	0.0212702	0.0215937	0.0218954	0.0221751	0.0224324	0.0226672	0.0228791	0.023068	0.0232337	0.023376	0.0234947	0.0235898	0.0236611	0.0237086	0.0237322	0.0237319	0.0237078	0.0236597	0.0235879	0.0234922	0.023373	0.0232302	0.023064	0.0228746	0.0226621	0.0224269	0.022169	0.0218889	0.0215867	0.0212627	0.0209174	0.020551	0.0201639	0.0197566	0.0193293	0.0188826	0.0184168	0.0179326	0.0174303	0.0169104	0.0163736	0.0158202	0.015251	0.0146664	0.014067	0.0134536	0.0128265	0.0121866	0.0115345	0.0108707	0.010196	0.00951111	0.00881664	0.00811332	0.00740185	0.00668296	0.00595737	0.0052258	0.004489	0.00374771	0.00300266	0.00225461	0.00150432	0.000752531	0	
0	0.000796221	0.00159162	0.00238538	0.00317672	0.00396483	0.00474892	0.00552819	0.00630187	0.00706917	0.00782932	0.00858156	0.00932512	0.0100593	0.0107833	0.0114964	0.0121979	0.0128871	0.0135633	0.0142258	0.014874	0.0155072	0.0161247	0.016726	0.0173104	0.0178774	0.0184264	0.0189568	0.0194682	0.0199599	0.0204315	0.0208825	0.0213125	0.021721	0.0221076	0.022472	0.0228138	0.0231325	0.023428	0.0236999	0.0239479	0.0241718	0.0243714	0.0245464	0.0246968	0.0248222	0.0249226	0.024998	0.0250482	0.0250731	0.0250728	0.0250473	0.0249966	0.0249206	0.0248196	0.0246936	0.0245428	0.0243672	0.0241671	0.0239426	0.0236941	0.0234217	0.0231257	0.0228064	0.0224642	0.0220993	0.0217122	0.0213033	0.0208729	0.0204215	0.0199495	0.0194575	0.0189458	0.0184151	0.0178659	0.0172987	0.0167141	0.0161127	0.0154951	0.0148619	0.0142137	0.0135513	0.0128752	0.0121862	0.0114849	0.0107721	0.0100485	0.00931482	0.00857176	0.00782009	0.00706058	0.00629399	0.00552108	0.00474265	0.00395947	0.00317232	0.00238201	0.00158932	0.000795052	0	
0	0.000837999	0.00167513	0.00251055	0.00334341	0.00417287	0.0049981	0.00581826	0.00663253	0.00744009	0.00824013	0.00903184	0.00981442	0.0105871	0.0113491	0.0120996	0.0128379	0.0135633	0.014275	0.0149722	0.0156544	0.0163208	0.0169708	0.0176036	0.0182187	0.0188155	0.0193933	0.0199515	0.0204897	0.0210072	0.0215035	0.0219782	0.0224308	0.0228607	0.0232677	0.0236512	0.0240109	0.0243464	0.0246573	0.0249435	0.0252045	0.0254402	0.0256502	0.0258344	0.0259926	0.0261247	0.0262304	0.0263097	0.0263625	0.0263888	0.0263885	0.0263616	0.0263082	0.0262283	0.026122	0.0259894	0.0258306	0.0256458	0.0254352	0.0251989	0.0249373	0.0246506	0.0243391	0.0240031	0.0236429	0.0232589	0.0228515	0.0224211	0.0219681	0.021493	0.0209963	0.0204785	0.01994	0.0193814	0.0188034	0.0182064	0.0175912	0.0169582	0.0163082	0.0156417	0.0149596	0.0142624	0.0135508	0.0128257	0.0120876	0.0113374	0.0105758	0.0098036	0.00902155	0.00823044	0.00743107	0.00662426	0.0058108	0.00499152	0.00416724	0.00333879	0.002507	0.00167272	0.000836772	0	
0	0.000878932	0.00175695	0.00263318	0.00350672	0.0043767	0.00524224	0.00610246	0.00695651	0.00780352	0.00864263	0.00947301	0.0102938	0.0111042	0.0119034	0.0126906	0.013465	0.0142258	0.0149722	0.0157036	0.0164191	0.0171181	0.0177998	0.0184635	0.0191087	0.0197346	0.0203406	0.0209261	0.0214905	0.0220333	0.0225539	0.0230518	0.0235265	0.0239774	0.0244042	0.0248065	0.0251837	0.0255356	0.0258618	0.0261619	0.0264357	0.0266829	0.0269032	0.0270964	0.0272623	0.0274008	0.0275117	0.0275949	0.0276503	0.0276778	0.0276775	0.0276493	0.0275933	0.0275095	0.027398	0.0272589	0.0270923	0.0268985	0.0266776	0.0264299	0.0261555	0.0258548	0.0255281	0.0251756	0.0247978	0.0243951	0.0239678	0.0235163	0.0230412	0.0225429	0.0220219	0.0214788	0.020914	0.0203282	0.0197219	0.0190958	0.0184505	0.0177866	0.0171048	0.0164058	0.0156903	0.0149591	0.0142128	0.0134522	0.0126781	0.0118912	0.0110924	0.0102825	0.00946224	0.00863249	0.00779408	0.00694785	0.00609465	0.00523535	0.0043708	0.00350189	0.00262947	0.00175443	0.000877648	0	
0	0.000918978	0.001837	0.00275315	0.00366649	0.00457611	0.00548109	0.00638051	0.00727347	0.00815907	0.00903642	0.00990463	0.0107628	0.0116102	0.0124458	0.0132688	0.0140785	0.014874	0.0156544	0.0164191	0.0171672	0.017898	0.0186108	0.0193048	0.0199793	0.0206338	0.0212674	0.0218796	0.0224697	0.0230373	0.0235816	0.0241021	0.0245984	0.0250699	0.0255162	0.0259368	0.0263312	0.0266991	0.0270402	0.027354	0.0276402	0.0278987	0.028129	0.028331	0.0285045	0.0286493	0.0287652	0.0288522	0.0289101	0.0289389	0.0289386	0.0289091	0.0288506	0.0287629	0.0286464	0.0285009	0.0283268	0.0281242	0.0278932	0.0276341	0.0273473	0.0270329	0.0266912	0.0263227	0.0259277	0.0255066	0.0250599	0.0245879	0.0240911	0.0235701	0.0230254	0.0224575	0.021867	0.0212545	0.0206206	0.0199659	0.0192912	0.018597	0.0178842	0.0171534	0.0164053	0.0156407	0.0148604	0.0140651	0.0132558	0.0124331	0.0115979	0.010751	0.0098934	0.00902584	0.00814922	0.00726443	0.00637236	0.0054739	0.00456997	0.00366146	0.00274929	0.00183437	0.000917639	0	
0	0.000958098	0.0019152	0.00287035	0.00382257	0.00477091	0.00571441	0.00665212	0.00758309	0.00850639	0.00942109	0.0103263	0.011221	0.0121044	0.0129756	0.0138337	0.0146778	0.0155072	0.0163208	0.0171181	0.017898	0.0186599	0.019403	0.0201266	0.0208299	0.0215121	0.0221727	0.022811	0.0234263	0.024018	0.0245854	0.0251282	0.0256456	0.0261372	0.0266024	0.0270409	0.0274521	0.0278357	0.0281913	0.0285184	0.0288169	0.0290863	0.0293265	0.0295371	0.029718	0.0298689	0.0299898	0.0300805	0.0301409	0.0301709	0.0301705	0.0301398	0.0300788	0.0299874	0.0298659	0.0297142	0.0295327	0.0293214	0.0290806	0.0288106	0.0285115	0.0281837	0.0278275	0.0274433	0.0270315	0.0265925	0.0261267	0.0256346	0.0251167	0.0245735	0.0240056	0.0234135	0.0227979	0.0221593	0.0214984	0.0208159	0.0201124	0.0193887	0.0186456	0.0178836	0.0171037	0.0163065	0.015493	0.0146639	0.0138201	0.0129624	0.0120916	0.0112087	0.0103146	0.00941009	0.00849615	0.0075737	0.00664365	0.00570694	0.00476452	0.00381733	0.00286633	0.00191247	0.000956706	0	
0	0.000996253	0.00199147	0.00298466	0.0039748	0.00496091	0.00594198	0.00691703	0.00788508	0.00884515	0.00979627	0.0107375	0.0116679	0.0125865	0.0134923	0.0143846	0.0152623	0.0161247	0.0169708	0.0177998	0.0186108	0.019403	0.0201757	0.0209281	0.0216594	0.0223688	0.0230557	0.0237194	0.0243592	0.0249744	0.0255645	0.0261289	0.0266669	0.0271781	0.0276618	0.0281178	0.0285454	0.0289443	0.029314	0.0296542	0.0299645	0.0302447	0.0304944	0.0307134	0.0309015	0.0310584	0.0311841	0.0312784	0.0313412	0.0313724	0.0313721	0.0313401	0.0312766	0.0311816	0.0310553	0.0308976	0.0307088	0.0304891	0.0302388	0.0299579	0.0296469	0.0293061	0.0289357	0.0285363	0.028108	0.0276515	0.0271672	0.0266555	0.026117	0.0255522	0.0249616	0.024346	0.0237058	0.0230418	0.0223546	0.0216449	0.0209134	0.0201609	0.0193881	0.0185958	0.0177848	0.016956	0.01611	0.0152479	0.0143705	0.0134786	0.0125732	0.0116551	0.0107254	0.00978485	0.00883452	0.00787533	0.00690824	0.00593423	0.00495427	0.00396936	0.00298049	0.00198864	0.000994808	0	
0	0.0010334	0.00206573	0.00309595	0.00412302	0.0051459	0.00616355	0.00717496	0.00817911	0.00917498	0.0101616	0.0111379	0.012103	0.0130558	0.0139955	0.014921	0.0158315	0.016726	0.0176036	0.0184635	0.0193048	0.0201266	0.0209281	0.0217085	0.0224671	0.023203	0.0239155	0.0246039	0.0252676	0.0259058	0.0265179	0.0271032	0.0276613	0.0281915	0.0286934	0.0291663	0.0296099	0.0300236	0.0304071	0.03076	0.0310819	0.0313725	0.0316316	0.0318587	0.0320538	0.0322166	0.032347	0.0324448	0.03251	0.0325424	0.032542	0.0325089	0.032443	0.0323445	0.0322134	0.0320498	0.031854	0.0316261	0.0313664	0.0310751	0.0307525	0.030399	0.0300148	0.0296004	0.0291562	0.0286827	0.0281803	0.0276495	0.0270909	0.0265051	0.0258925	0.0252539	0.0245899	0.0239011	0.0231882	0.0224521	0.0216933	0.0209128	0.0201111	0.0192893	0.0184481	0.0175883	0.0167108	0.0158165	0.0149064	0.0139812	0.0130421	0.0120898	0.0111253	0.0101498	0.00916399	0.00816902	0.00716587	0.00615553	0.00513903	0.00411739	0.00309164	0.0020628	0.00103191	0	
0	0.00106951	0.00213791	0.00320413	0.00426708	0.0053257	0.00637892	0.00742567	0.0084649	0.00949557	0.0105166	0.0115271	0.0125259	0.013512	0.0144845	0.0154424	0.0163847	0.0173104	0.0182187	0.0191087	0.0199793	0.0208299	0.0216594	0.0224671	0.0232521	0.0240137	0.0247512	0.0254637	0.0261505	0.026811	0.0274445	0.0280503	0.0286279	0.0291766	0.029696	0.0301855	0.0306445	0.0310727	0.0314696	0.0318349	0.032168	0.0324688	0.0327369	0.032972	0.0331739	0.0333424	0.0334773	0.0335785	0.033646	0.0336795	0.0336791	0.0336448	0.0335766	0.0334747	0.033339	0.0331697	0.0329671	0.0327313	0.0324625	0.032161	0.0318271	0.0314612	0.0310636	0.0306348	0.0301751	0.029685	0.029165	0.0286157	0.0280376	0.0274312	0.0267973	0.0261363	0.0254491	0.0247363	0.0239985	0.0232366	0.0224514	0.0216435	0.0208139	0.0199634	0.0190927	0.0182029	0.0172948	0.0163692	0.0154273	0.0144698	0.0134978	0.0125122	0.0115141	0.0105044	0.00948422	0.00845448	0.00741627	0.00637063	0.00531861	0.00426127	0.00319967	0.00213488	0.00106797	0	
0	0.00110454	0.00220794	0.00330908	0.00440685	0.00550014	0.00658785	0.00766889	0.00874216	0.00980659	0.0108611	0.0119046	0.0129361	0.0139546	0.0149589	0.0159482	0.0169213	0.0178774	0.0188155	0.0197346	0.0206338	0.0215121	0.0223688	0.023203	0.0240137	0.0248003	0.0255619	0.0262977	0.027007	0.0276892	0.0283434	0.0289691	0.0295656	0.0301323	0.0306687	0.0311742	0.0316483	0.0320905	0.0325004	0.0328776	0.0332217	0.0335323	0.0338092	0.034052	0.0342605	0.0344345	0.0345739	0.0346784	0.034748	0.0347827	0.0347823	0.0347469	0.0346765	0.0345712	0.034431	0.0342562	0.034047	0.0338034	0.0335258	0.0332144	0.0328696	0.0324917	0.0320811	0.0316382	0.0311635	0.0306574	0.0301204	0.029553	0.028956	0.0283298	0.0276751	0.0269925	0.0262827	0.0255465	0.0247846	0.0239978	0.0231868	0.0223525	0.0214957	0.0206173	0.0197181	0.0187992	0.0178613	0.0169054	0.0159326	0.0149438	0.0139399	0.0129221	0.0118913	0.0108485	0.00979489	0.00873143	0.00765921	0.00657932	0.00549284	0.00440086	0.00330449	0.00220481	0.00110295	0	
0	0.00113846	0.00227574	0.00341069	0.00454217	0.00566904	0.00679015	0.00790438	0.00901062	0.0101077	0.0111946	0.0122702	0.0133334	0.0143831	0.0154183	0.0164379	0.017441	0.0184264	0.0193933	0.0203406	0.0212674	0.0221727	0.0230557	0.0239155	0.0247512	0.0255619	0.0263469	0.0271053	0.0278364	0.0285395	0.0292138	0.0298587	0.0304735	0.0310576	0.0316105	0.0321315	0.0326202	0.033076	0.0334985	0.0338872	0.0342419	0.0345621	0.0348474	0.0350977	0.0353126	0.035492	0.0356356	0.0357434	0.0358151	0.0358508	0.0358504	0.0358139	0.0357414	0.0356328	0.0354884	0.0353082	0.0350925	0.0348415	0.0345553	0.0342344	0.033879	0.0334895	0.0330663	0.0326098	0.0321205	0.0315988	0.0310453	0.0304606	0.0298452	0.0291998	0.0285249	0.0278214	0.0270899	0.0263311	0.0255458	0.0247348	0.0238989	0.0230389	0.0221558	0.0212504	0.0203237	0.0193765	0.0184098	0.0174246	0.0164219	0.0154027	0.014368	0.0133189	0.0122565	0.0111817	0.0100957	0.00899957	0.00789443	0.00678137	0.00566152	0.00453601	0.00340597	0.00227253	0.00113682	0	
0	0.00117123	0.00234125	0.00350887	0.00467292	0.00583222	0.00698561	0.00813192	0.00926999	0.0103987	0.0115169	0.0126234	0.0137172	0.0147971	0.0158621	0.0169111	0.017943	0.0189568	0.0199515	0.0209261	0.0218796	0.022811	0.0237194	0.0246039	0.0254637	0.0262977	0.0271053	0.0278855	0.0286377	0.029361	0.0300547	0.0307182	0.0313507	0.0319517	0.0325204	0.0330565	0.0335592	0.0340281	0.0344628	0.0348627	0.0352276	0.035557	0.0358505	0.036108	0.0363291	0.0365137	0.0366614	0.0367723	0.0368461	0.0368828	0.0368824	0.0368449	0.0367702	0.0366586	0.03651	0.0363246	0.0361027	0.0358444	0.0355501	0.0352199	0.0348543	0.0344536	0.0340182	0.0335486	0.0330452	0.0325085	0.0319391	0.0313375	0.0307044	0.0300404	0.0293461	0.0286223	0.0278697	0.0270891	0.0262812	0.0254468	0.0245869	0.0237022	0.0227936	0.0218622	0.0209087	0.0199343	0.0189398	0.0179262	0.0168947	0.0158461	0.0147817	0.0137024	0.0126093	0.0115036	0.0103863	0.00925865	0.00812169	0.00697659	0.00582451	0.0046666	0.00350402	0.00233795	0.00116955	0	
0	0.00120282	0.0024044	0.00360351	0.00479896	0.00598953	0.00717403	0.00835125	0.00952002	0.0106792	0.0118275	0.0129639	0.0140872	0.0151962	0.01629	0.0173672	0.018427	0.0194682	0.0204897	0.0214905	0.0224697	0.0234263	0.0243592	0.0252676	0.0261505	0.027007	0.0278364	0.0286377	0.0294101	0.030153	0.0308654	0.0315468	0.0321964	0.0328135	0.0333976	0.0339481	0.0344644	0.034946	0.0353924	0.0358031	0.0361778	0.0365161	0.0368176	0.037082	0.0373091	0.0374986	0.0376503	0.0377642	0.03784	0.0378777	0.0378773	0.0378387	0.0377621	0.0376474	0.0374948	0.0373045	0.0370766	0.0368113	0.036509	0.03617	0.0357945	0.035383	0.0349358	0.0344535	0.0339365	0.0333854	0.0328006	0.0321828	0.0315326	0.0308507	0.0301377	0.0293944	0.0286215	0.0278198	0.0269901	0.0261332	0.0252501	0.0243415	0.0234085	0.0224519	0.0214728	0.020472	0.0194507	0.0184098	0.0173504	0.0162736	0.0151804	0.014072	0.0129494	0.0118139	0.0106665	0.00950841	0.00834078	0.00716479	0.00598163	0.00479248	0.00359854	0.00240101	0.0012011	0	
0	0.0012332	0.00246512	0.00369452	0.00492016	0.00614081	0.00735522	0.00856218	0.00976047	0.0109489	0.0121262	0.0132913	0.014443	0.0155801	0.0167014	0.0178059	0.0188924	0.0199599	0.0210072	0.0220333	0.0230373	0.024018	0.0249744	0.0259058	0.026811	0.0276892	0.0285395	0.029361	0.030153	0.0309146	0.031645	0.0323436	0.0330096	0.0336423	0.0342412	0.0348056	0.0353349	0.0358286	0.0362863	0.0367074	0.0370916	0.0374384	0.0377475	0.0380186	0.0382514	0.0384457	0.0386013	0.038718	0.0387958	0.0388344	0.038834	0.0387945	0.0387159	0.0385983	0.0384418	0.0382467	0.038013	0.0377411	0.0374312	0.0370835	0.0366986	0.0362767	0.0358182	0.0353238	0.0347937	0.0342286	0.0336291	0.0329957	0.0323291	0.0316299	0.0308989	0.0301368	0.0293444	0.0285225	0.0276718	0.0267933	0.0258879	0.0249564	0.0239998	0.023019	0.0220151	0.0209891	0.019942	0.0188748	0.0177886	0.0166846	0.0155638	0.0144274	0.0132765	0.0121123	0.0109359	0.00974858	0.00855146	0.00734577	0.00613272	0.00491353	0.00368944	0.00246166	0.00123144	0	
0	0.00126234	0.00252337	0.00378182	0.00503641	0.0062859	0.007529	0.00876448	0.00999108	0.0112076	0.0124127	0.0136054	0.0147842	0.0159482	0.017096	0.0182266	0.0193388	0.0204315	0.0215035	0.0225539	0.0235816	0.0245854	0.0255645	0.0265179	0.0274445	0.0283434	0.0292138	0.0300547	0.0308654	0.031645	0.0323927	0.0331078	0.0337895	0.0344372	0.0350502	0.0356279	0.0361698	0.0366752	0.0371437	0.0375747	0.037968	0.038323	0.0386394	0.0389169	0.0391552	0.0393541	0.0395134	0.0396329	0.0397124	0.039752	0.0397516	0.0397111	0.0396307	0.0395103	0.0393502	0.0391504	0.0389112	0.0386329	0.0383156	0.0379598	0.0375657	0.0371339	0.0366646	0.0361584	0.0356158	0.0350374	0.0344237	0.0337753	0.033093	0.0323773	0.031629	0.0308489	0.0300378	0.0291964	0.0283257	0.0274264	0.0264996	0.0255461	0.0245669	0.0235629	0.0225353	0.0214851	0.0204132	0.0193208	0.018209	0.0170789	0.0159316	0.0147683	0.0135903	0.0123985	0.0111943	0.00997894	0.00875353	0.00751934	0.00627763	0.00502964	0.00377662	0.00251983	0.00126054	0	
0	0.0012902	0.00257907	0.0038653	0.00514759	0.00642465	0.0076952	0.00895795	0.0102116	0.011455	0.0126867	0.0139057	0.0151106	0.0163002	0.0174734	0.0186289	0.0197657	0.0208825	0.0219782	0.0230518	0.0241021	0.0251282	0.0261289	0.0271032	0.0280503	0.0289691	0.0298587	0.0307182	0.0315468	0.0323436	0.0331078	0.0338386	0.0345354	0.0351974	0.035824	0.0364144	0.0369682	0.0374848	0.0379636	0.0384042	0.0388061	0.039169	0.0394924	0.039776	0.0400196	0.0402229	0.0403857	0.0405078	0.0405891	0.0406296	0.0406291	0.0405878	0.0405055	0.0403825	0.0402189	0.0400147	0.0397702	0.0394857	0.0391615	0.0387978	0.038395	0.0379536	0.037474	0.0369566	0.0364021	0.0358109	0.0351836	0.034521	0.0338235	0.0330921	0.0323273	0.03153	0.0307009	0.029841	0.028951	0.0280319	0.0270846	0.02611	0.0251092	0.0240831	0.0230328	0.0219594	0.0208638	0.0197473	0.018611	0.0174559	0.0162833	0.0150944	0.0138903	0.0126722	0.0114415	0.0101992	0.00894678	0.00768535	0.00641622	0.00514068	0.00386	0.00257546	0.00128837	0	
0	0.00131677	0.00263217	0.00394488	0.00525358	0.00655694	0.00785365	0.0091424	0.0104219	0.0116908	0.012948	0.014192	0.0154217	0.0166359	0.0178332	0.0190125	0.0201727	0.0213125	0.0224308	0.0235265	0.0245984	0.0256456	0.0266669	0.0276613	0.0286279	0.0295656	0.0304735	0.0313507	0.0321964	0.0330096	0.0337895	0.0345354	0.0352466	0.0359222	0.0365616	0.0371643	0.0377295	0.0382567	0.0387454	0.039195	0.0396052	0.0399755	0.0403056	0.0405951	0.0408437	0.0410511	0.0412173	0.0413419	0.0414249	0.0414662	0.0414658	0.0414235	0.0413396	0.0412141	0.041047	0.0408387	0.0405892	0.0402988	0.0399679	0.0395967	0.0391857	0.0387352	0.0382457	0.0377177	0.0371517	0.0365483	0.0359081	0.0352318	0.03452	0.0337735	0.032993	0.0321792	0.0313331	0.0304555	0.0295472	0.0286091	0.0276423	0.0266477	0.0256263	0.0245791	0.0235071	0.0224116	0.0212935	0.020154	0.0189942	0.0178154	0.0166187	0.0154052	0.0141763	0.0129332	0.0116771	0.0104093	0.00913102	0.00784361	0.00654835	0.00524654	0.00393949	0.0026285	0.0013149	0	
0	0.00134201	0.00268262	0.0040205	0.00535428	0.00668262	0.00800419	0.00931764	0.0106217	0.0119149	0.0131962	0.014464	0.0157173	0.0169547	0.018175	0.019377	0.0205593	0.021721	0.0228607	0.0239774	0.0250699	0.0261372	0.0271781	0.0281915	0.0291766	0.0301323	0.0310576	0.0319517	0.0328135	0.0336423	0.0344372	0.0351974	0.0359222	0.0366108	0.0372625	0.0378767	0.0384527	0.03899	0.0394881	0.0399464	0.0403644	0.0407418	0.0410782	0.0413732	0.0416266	0.0418381	0.0420074	0.0421344	0.042219	0.0422611	0.0422606	0.0422176	0.0421321	0.0420041	0.0418339	0.0416215	0.0413672	0.0410713	0.040734	0.0403557	0.0399368	0.0394777	0.0389788	0.0384407	0.0378639	0.0372489	0.0365965	0.0359072	0.0351818	0.0344209	0.0336254	0.0327961	0.0319338	0.0310393	0.0301136	0.0291576	0.0281722	0.0271585	0.0261175	0.0250502	0.0239578	0.0228412	0.0217017	0.0205403	0.0193583	0.0181569	0.0169372	0.0157005	0.0144481	0.0131811	0.0119009	0.0106088	0.00930606	0.00799398	0.00667389	0.00534712	0.00401501	0.00267889	0.0013401	0	
0	0.00136589	0.00273038	0.00409206	0.00544959	0.00680157	0.00814666	0.0094835	0.0108107	0.012127	0.0134311	0.0147215	0.0159971	0.0172565	0.0184985	0.0197219	0.0209253	0.0221076	0.0232677	0.0244042	0.0255162	0.0266024	0.0276618	0.0286934	0.029696	0.0306687	0.0316105	0.0325204	0.0333976	0.0342412	0.0350502	0.035824	0.0365616	0.0372625	0.0379258	0.0385509	0.0391372	0.0396841	0.040191	0.0406574	0.0410829	0.0414671	0.0418095	0.0421097	0.0423676	0.0425828	0.0427552	0.0428845	0.0429706	0.0430134	0.0430129	0.0429691	0.0428821	0.0427519	0.0425786	0.0423624	0.0421036	0.0418025	0.0414592	0.0410741	0.0406478	0.0401805	0.0396727	0.039125	0.0385379	0.037912	0.037248	0.0365464	0.0358081	0.0350337	0.034224	0.0333799	0.0325023	0.0315919	0.0306497	0.0296766	0.0286738	0.027642	0.0265825	0.0254962	0.0243843	0.0232478	0.022088	0.020906	0.019703	0.0184801	0.0172388	0.0159801	0.0147053	0.0134158	0.0121128	0.0107977	0.00947174	0.00813629	0.0067927	0.00544231	0.00408649	0.00272658	0.00136396	0	
0	0.00138841	0.00277538	0.00415951	0.00553941	0.00691368	0.00828093	0.0096398	0.0109889	0.0123269	0.0136524	0.0149642	0.0162608	0.017541	0.0188034	0.0200469	0.0212702	0.022472	0.0236512	0.0248065	0.0259368	0.0270409	0.0281178	0.0291663	0.0301855	0.0311742	0.0321315	0.0330565	0.0339481	0.0348056	0.0356279	0.0364144	0.0371643	0.0378767	0.0385509	0.0391863	0.0397823	0.0403382	0.0408535	0.0413276	0.0417601	0.0421506	0.0424986	0.0428038	0.043066	0.0432847	0.0434599	0.0435913	0.0436788	0.0437224	0.0437219	0.0436774	0.0435889	0.0434565	0.0432804	0.0430607	0.0427976	0.0424915	0.0421426	0.0417512	0.0413178	0.0408428	0.0403266	0.0397699	0.0391731	0.0385369	0.0378619	0.0371488	0.0363983	0.0356112	0.0347882	0.0339302	0.033038	0.0321126	0.0311549	0.0301658	0.0291464	0.0280977	0.0270207	0.0259165	0.0247862	0.023631	0.0224521	0.0212506	0.0200278	0.0187848	0.0175229	0.0162435	0.0149477	0.0136369	0.0123125	0.0109757	0.00962787	0.00827041	0.00690467	0.00553203	0.00415385	0.00277153	0.00138645	0	
0	0.00140952	0.00281758	0.00422276	0.00562365	0.00701882	0.00840687	0.0097864	0.011156	0.0125144	0.01386	0.0151917	0.0165081	0.0178077	0.0190894	0.0203518	0.0215937	0.0228138	0.0240109	0.0251837	0.0263312	0.0274521	0.0285454	0.0296099	0.0306445	0.0316483	0.0326202	0.0335592	0.0344644	0.0353349	0.0361698	0.0369682	0.0377295	0.0384527	0.0391372	0.0397823	0.0403873	0.0409517	0.0414748	0.0419561	0.0423952	0.0427916	0.0431449	0.0434548	0.0437209	0.043943	0.0441209	0.0442543	0.0443431	0.0443873	0.0443869	0.0443417	0.0442518	0.0441175	0.0439387	0.0437156	0.0434485	0.0431377	0.0427835	0.0423862	0.0419462	0.0414639	0.04094	0.0403748	0.0397689	0.0391231	0.0384378	0.0377138	0.0369519	0.0361528	0.0353173	0.0344462	0.0335405	0.032601	0.0316287	0.0306246	0.0295897	0.028525	0.0274316	0.0263106	0.0251632	0.0239905	0.0227936	0.0215738	0.0203324	0.0190705	0.0177894	0.0164905	0.0151751	0.0138443	0.0124998	0.0111426	0.00977431	0.00839621	0.00700969	0.00561617	0.00421703	0.00281368	0.00140753	0	
0	0.00142922	0.00285695	0.00428177	0.00570222	0.00711689	0.00852433	0.00992314	0.0113119	0.0126892	0.0140537	0.015404	0.0167387	0.0180565	0.0193561	0.0206362	0.0218954	0.0231325	0.0243464	0.0255356	0.0266991	0.0278357	0.0289443	0.0300236	0.0310727	0.0320905	0.033076	0.0340281	0.034946	0.0358286	0.0366752	0.0374848	0.0382567	0.03899	0.0396841	0.0403382	0.0409517	0.0415239	0.0420543	0.0425424	0.0429876	0.0433896	0.0437478	0.044062	0.0443319	0.0445571	0.0447374	0.0448727	0.0449628	0.0450076	0.0450071	0.0449613	0.0448702	0.044734	0.0445527	0.0443265	0.0440557	0.0437405	0.0433813	0.0429785	0.0425323	0.0420434	0.0415121	0.040939	0.0403247	0.0396698	0.0389749	0.0382408	0.0374683	0.036658	0.0358108	0.0349276	0.0340092	0.0330566	0.0320707	0.0310526	0.0300032	0.0289236	0.027815	0.0266783	0.0255148	0.0243257	0.0231121	0.0218753	0.0206165	0.019337	0.018038	0.016721	0.0153871	0.0140378	0.0126744	0.0112983	0.0099109	0.00851354	0.00710765	0.00569465	0.00427596	0.002853	0.0014272	0	
0	0.00144747	0.00289344	0.00433646	0.00577506	0.00720779	0.00863321	0.0100499	0.0114564	0.0128513	0.0142332	0.0156008	0.0169525	0.0182872	0.0196034	0.0208998	0.0221751	0.023428	0.0246573	0.0258618	0.0270402	0.0281913	0.029314	0.0304071	0.0314696	0.0325004	0.0334985	0.0344628	0.0353924	0.0362863	0.0371437	0.0379636	0.0387454	0.0394881	0.040191	0.0408535	0.0414748	0.0420543	0.0425915	0.0430858	0.0435368	0.0439438	0.0443067	0.0446249	0.0448982	0.0451262	0.0453089	0.0454459	0.0455371	0.0455825	0.045582	0.0455356	0.0454434	0.0453054	0.0451218	0.0448927	0.0446185	0.0442993	0.0439355	0.0435275	0.0430757	0.0425804	0.0420424	0.041462	0.0408398	0.0401765	0.0394728	0.0387294	0.0379469	0.0371263	0.0362683	0.0353738	0.0344437	0.0334789	0.0324804	0.0314493	0.0303865	0.0292931	0.0281703	0.0270191	0.0258408	0.0246365	0.0234074	0.0221548	0.0208799	0.019584	0.0182685	0.0169346	0.0155837	0.0142172	0.0128364	0.0114427	0.0100375	0.00862231	0.00719846	0.00576741	0.00433059	0.00288945	0.00144544	0	
0	0.00146427	0.00292702	0.00438678	0.00584208	0.00729144	0.0087334	0.0101665	0.0115893	0.0130004	0.0143984	0.0157818	0.0171493	0.0184994	0.0198309	0.0211423	0.0224324	0.0236999	0.0249435	0.0261619	0.027354	0.0285184	0.0296542	0.03076	0.0318349	0.0328776	0.0338872	0.0348627	0.0358031	0.0367074	0.0375747	0.0384042	0.039195	0.0399464	0.0406574	0.0413276	0.0419561	0.0425424	0.0430858	0.0435859	0.044042	0.0444538	0.0448209	0.0451428	0.0454193	0.04565	0.0458347	0.0459733	0.0460656	0.0461116	0.0461111	0.0460641	0.0459708	0.0458312	0.0456455	0.0454138	0.0451363	0.0448134	0.0444454	0.0440327	0.0435756	0.0430746	0.0425303	0.0419432	0.0413138	0.0406428	0.039931	0.0391789	0.0383874	0.0375572	0.0366892	0.0357843	0.0348434	0.0338675	0.0328574	0.0318143	0.0307392	0.0296331	0.0284973	0.0273327	0.0261407	0.0249224	0.0236791	0.0224119	0.0211222	0.0198113	0.0184805	0.0171312	0.0157646	0.0143822	0.0129853	0.0115755	0.010154	0.00872239	0.00728201	0.00583435	0.00438086	0.00292299	0.00146222	0	
