0	0	0	0	0	0	0	0	0	0	0	0	0	0	0	0	0	0	0	0	0	0	0	0	0	0	0	0	0	0	0	0	0	0	0	0	0	0	0	0	0	0	0	0	0	0	0	0	0	0	0	0	0	0	0	0	0	0	0	0	0	0	0	0	0	0	0	0	0	0	0	0	0	0	0	0	0	0	0	0	0	0	0	0	0	0	0	0	0	0	0	0	0	0	0	0	0	0	0	0	
0	4.64565e-05	9.28647e-05	0.000139178	0.000185349	0.000231331	0.000277078	0.000322545	0.000367684	0.000412452	0.000456802	0.000500689	0.000544071	0.000586903	0.000629143	0.000670747	0.000711673	0.000751882	0.000791332	0.000829984	0.000867799	0.000904738	0.000940766	0.000975845	0.00100994	0.00104302	0.00107504	0.00110599	0.00113582	0.0011645	0.00119201	0.00121832	0.0012434	0.00126724	0.00128979	0.00131104	0.00133098	0.00134957	0.00136681	0.00138267	0.00139713	0.00141019	0.00142183	0.00143204	0.0014408	0.00144812	0.00145398	0.00145837	0.00146129	0.00146274	0.00146272	0.00146123	0.00145827	0.00145383	0.00144794	0.00144058	0.00143178	0.00142153	0.00140985	0.00139675	0.00138225	0.00136636	0.00134909	0.00133046	0.00131049	0.0012892	0.00126662	0.00124276	0.00121764	0.00119131	0.00116377	0.00113507	0.00110522	0.00107426	0.00104221	0.00100912	0.000975019	0.000939933	0.000903902	0.000866962	0.00082915	0.000790504	0.000751064	0.00071087	0.000669961	0.000628379	0.000586166	0.000543365	0.000500018	0.00045617	0.000411864	0.000367146	0.00032206	0.000276651	0.000230965	0.000185049	0.000138948	9.27084e-05	4.6377e-05	0	
0	9.28647e-05	0.000185633	0.000278211	0.000370504	0.000462421	0.000553869	0.000644754	0.000734987	0.000824475	0.000913129	0.00100086	0.00108758	0.0011732	0.00125763	0.0013408	0.00142261	0.00150298	0.00158184	0.00165911	0.0017347	0.00180854	0.00188056	0.00195068	0.00201883	0.00208495	0.00214897	0.00221083	0.00227045	0.00232779	0.00238279	0.00243538	0.00248552	0.00253316	0.00257824	0.00262073	0.00266058	0.00269775	0.0027322	0.0027639	0.00279282	0.00281892	0.00284219	0.00286259	0.00288012	0.00289474	0.00290644	0.00291522	0.00292107	0.00292397	0.00292393	0.00292095	0.00291502	0.00290616	0.00289437	0.00287967	0.00286207	0.00284159	0.00281824	0.00279206	0.00276307	0.0027313	0.00269677	0.00265954	0.00261962	0.00257707	0.00253192	0.00248422	0.00243403	0.00238138	0.00232634	0.00226896	0.00220929	0.0021474	0.00208335	0.00201721	0.00194903	0.00187889	0.00180687	0.00173303	0.00165744	0.00158019	0.00150135	0.001421	0.00133923	0.00125611	0.00117173	0.00108617	0.00099952	0.000911869	0.000823303	0.000733912	0.000643786	0.000553016	0.000461692	0.000369907	0.000277752	0.000185321	9.27061e-05	0	
0	0.000139178	0.000278211	0.000416958	0.00055528	0.000693038	0.000830091	0.000966303	0.00110154	0.00123565	0.00136852	0.0015	0.00162997	0.00175829	0.00188483	0.00200947	0.00213209	0.00225255	0.00237073	0.00248653	0.00259982	0.00271049	0.00281842	0.00292351	0.00302566	0.00312475	0.0032207	0.0033134	0.00340277	0.0034887	0.00357112	0.00364994	0.00372509	0.00379648	0.00386405	0.00392773	0.00398745	0.00404316	0.0040948	0.00414231	0.00418565	0.00422477	0.00425964	0.00429022	0.00431648	0.00433839	0.00435594	0.0043691	0.00437786	0.00438221	0.00438215	0.00437767	0.00436879	0.00435551	0.00433785	0.00431581	0.00428943	0.00425874	0.00422375	0.00418451	0.00414106	0.00409344	0.0040417	0.00398589	0.00392607	0.0038623	0.00379463	0.00372315	0.00364792	0.00356902	0.00348653	0.00340053	0.00331111	0.00321835	0.00312236	0.00302322	0.00292105	0.00281593	0.00270799	0.00259732	0.00248404	0.00236826	0.0022501	0.00212969	0.00200713	0.00188255	0.00175609	0.00162786	0.001498	0.00136664	0.0012339	0.00109993	0.000964856	0.000828816	0.000691947	0.000554387	0.000416273	0.000277745	0.000138941	0	
0	0.000185349	0.000370504	0.00055528	0.00073949	0.000922947	0.00110547	0.00128687	0.00146696	0.00164557	0.00182252	0.00199762	0.0021707	0.00234159	0.00251011	0.0026761	0.00283939	0.00299981	0.00315721	0.00331142	0.00346229	0.00360967	0.00375341	0.00389337	0.0040294	0.00416137	0.00428915	0.0044126	0.00453161	0.00464606	0.00475582	0.00486079	0.00496087	0.00505594	0.00514593	0.00523073	0.00531027	0.00538446	0.00545322	0.00551649	0.00557421	0.00562631	0.00567275	0.00571348	0.00574845	0.00577763	0.005801	0.00581852	0.00583019	0.00583598	0.0058359	0.00582994	0.00581811	0.00580043	0.0057769	0.00574756	0.00571243	0.00567155	0.00562496	0.0055727	0.00551484	0.00545142	0.00538252	0.00530819	0.00522852	0.00514359	0.00505349	0.00495829	0.0048581	0.00475303	0.00464317	0.00452864	0.00440955	0.00428602	0.00415818	0.00402616	0.00389009	0.00375011	0.00360635	0.00345897	0.00330811	0.00315392	0.00299657	0.0028362	0.00267298	0.00250708	0.00233866	0.0021679	0.00199496	0.00182001	0.00164324	0.00146483	0.00128494	0.00110377	0.000921499	0.000738303	0.00055437	0.000369886	0.000185034	0	
0	0.000231331	0.000462421	0.000693038	0.000922947	0.00115192	0.00137972	0.00160612	0.0018309	0.00205382	0.00227466	0.0024932	0.00270922	0.00292251	0.00313284	0.00334001	0.00354381	0.00374403	0.00394047	0.00413294	0.00432124	0.00450519	0.00468459	0.00485926	0.00502904	0.00519376	0.00535323	0.00550732	0.00565585	0.00579869	0.00593568	0.0060667	0.0061916	0.00631027	0.00642258	0.00652842	0.00662768	0.00672028	0.0068061	0.00688507	0.00695711	0.00702214	0.00708009	0.00713092	0.00717457	0.007211	0.00724016	0.00726203	0.00727659	0.00728382	0.00728372	0.00727629	0.00726152	0.00723945	0.00721009	0.00717347	0.00712962	0.0070786	0.00702045	0.00695523	0.00688301	0.00680386	0.00671786	0.0066251	0.00652567	0.00641967	0.0063072	0.00618839	0.00606335	0.00593221	0.00579509	0.00565215	0.00550351	0.00534934	0.00518979	0.00502501	0.00485518	0.00468047	0.00450105	0.0043171	0.00412882	0.00393638	0.00373999	0.00353983	0.00333613	0.00312907	0.00291886	0.00270573	0.00248989	0.00227154	0.00205092	0.00182824	0.00160373	0.00137761	0.00115011	0.00092147	0.000691905	0.000461651	0.000230939	0	
0	0.000277078	0.000553869	0.000830091	0.00110547	0.00137972	0.00165257	0.00192374	0.00219297	0.00245997	0.00272449	0.00298625	0.00324499	0.00350046	0.00375239	0.00400053	0.00424463	0.00448444	0.00471974	0.00495027	0.00517581	0.00539613	0.00561101	0.00582023	0.00602359	0.00622087	0.00641189	0.00659644	0.00677435	0.00694543	0.00710952	0.00726644	0.00741605	0.00755818	0.0076927	0.00781948	0.00793838	0.00804928	0.00815207	0.00824666	0.00833294	0.00841083	0.00848026	0.00854114	0.00859342	0.00863704	0.00867197	0.00869817	0.00871561	0.00872427	0.00872415	0.00871525	0.00869757	0.00867113	0.00863596	0.0085921	0.00853958	0.00847847	0.00840882	0.0083307	0.0082442	0.0081494	0.00804639	0.00793528	0.00781619	0.00768922	0.00755452	0.00741221	0.00726244	0.00710536	0.00694113	0.00676992	0.00659189	0.00640723	0.00621613	0.00601877	0.00581535	0.00560609	0.00539118	0.00517086	0.00494534	0.00471485	0.00447961	0.00423988	0.00399588	0.00374788	0.00349611	0.00324082	0.00298229	0.00272076	0.00245651	0.00218979	0.00192088	0.00165005	0.00137756	0.0011037	0.000828738	0.000552949	0.00027661	0	
0	0.000322545	0.000644754	0.000966303	0.00128687	0.00160612	0.00192374	0.00223942	0.00255282	0.00286364	0.00317156	0.00347628	0.00377748	0.00407486	0.00436813	0.00465699	0.00494114	0.00522031	0.00549422	0.00576258	0.00602513	0.0062816	0.00653174	0.00677529	0.00701202	0.00724168	0.00746404	0.00767888	0.00788598	0.00808514	0.00827615	0.00845883	0.00863298	0.00879844	0.00895503	0.00910261	0.00924102	0.00937012	0.00948979	0.00959989	0.00970034	0.00979101	0.00987182	0.00994269	0.0100036	0.0100543	0.010095	0.0101255	0.0101458	0.0101559	0.0101557	0.0101454	0.0101248	0.010094	0.0100531	0.010002	0.00994088	0.00986974	0.00978866	0.00969773	0.00959703	0.00948667	0.00936677	0.00923743	0.00909879	0.00895099	0.00879418	0.00862852	0.00845418	0.00827132	0.00808014	0.00788083	0.00767359	0.00745863	0.00723617	0.00700642	0.00676963	0.00652602	0.00627586	0.00601938	0.00575685	0.00548853	0.0052147	0.00493563	0.00465159	0.00436289	0.0040698	0.00377263	0.00347167	0.00316723	0.00285962	0.00254913	0.00223609	0.00192082	0.00160362	0.00128482	0.000964732	0.000643686	0.000322001	0	
0	0.000367684	0.000734987	0.00110154	0.00146696	0.0018309	0.00219297	0.00255282	0.00291008	0.0032644	0.00361542	0.00396278	0.00430613	0.00464513	0.00497944	0.00530873	0.00563265	0.00595089	0.00626313	0.00656905	0.00686834	0.00716071	0.00744585	0.0077235	0.00799335	0.00825515	0.00850863	0.00875354	0.00898963	0.00921666	0.0094344	0.00964264	0.00984117	0.0100298	0.0102083	0.0103765	0.0105343	0.0106815	0.0108179	0.0109434	0.0110579	0.0111613	0.0112534	0.0113342	0.0114036	0.0114614	0.0115078	0.0115426	0.0115657	0.0115772	0.011577	0.0115652	0.0115418	0.0115067	0.01146	0.0114018	0.0113321	0.011251	0.0111586	0.0110549	0.0109401	0.0108143	0.0106777	0.0105302	0.0103722	0.0102037	0.0100249	0.0098361	0.00963735	0.00942891	0.00921097	0.00898377	0.00874753	0.00850248	0.00824888	0.00798698	0.00771705	0.00743935	0.00715417	0.0068618	0.00656253	0.00625666	0.00594451	0.00562638	0.0053026	0.00497349	0.00463938	0.00430062	0.00395754	0.0036105	0.00325983	0.00290589	0.00254904	0.00218964	0.00182805	0.00146463	0.00109975	0.000733772	0.000367066	0	
0	0.000412452	0.000824475	0.00123565	0.00164557	0.00205382	0.00245997	0.00286364	0.0032644	0.00366186	0.00405561	0.00444527	0.00483043	0.0052107	0.00558572	0.0059551	0.00631846	0.00667545	0.0070257	0.00736887	0.0077046	0.00803257	0.00835243	0.00866388	0.00896659	0.00926027	0.00954461	0.00981934	0.0100842	0.0103388	0.0105831	0.0108167	0.0110394	0.011251	0.0114512	0.0116399	0.0118169	0.011982	0.012135	0.0122758	0.0124043	0.0125202	0.0126236	0.0127142	0.012792	0.012857	0.012909	0.012948	0.0129739	0.0129868	0.0129866	0.0129734	0.0129471	0.0129077	0.0128554	0.0127901	0.0127119	0.0126209	0.0125172	0.012401	0.0122722	0.0121311	0.0119777	0.0118123	0.0116351	0.0114461	0.0112456	0.0110337	0.0108108	0.010577	0.0103325	0.0100776	0.00981261	0.00953773	0.00925325	0.00895946	0.00865666	0.00834515	0.00802525	0.00769729	0.00736158	0.00701847	0.0066683	0.00631144	0.00594823	0.00557905	0.00520427	0.00482426	0.00443941	0.00405011	0.00365674	0.00325971	0.00285941	0.00245625	0.00205063	0.00164296	0.00123365	0.000823116	0.00041176	0	
0	0.000456802	0.000913129	0.00136852	0.00182252	0.00227466	0.00272449	0.00317156	0.00361542	0.00405561	0.00449171	0.00492326	0.00534983	0.005771	0.00618634	0.00659544	0.00699788	0.00739325	0.00778117	0.00816123	0.00853307	0.0088963	0.00925056	0.0095955	0.00993076	0.010256	0.0105709	0.0108752	0.0111685	0.0114506	0.0117211	0.0119798	0.0122265	0.0124608	0.0126826	0.0128916	0.0130876	0.0132704	0.0134399	0.0135959	0.0137381	0.0138665	0.013981	0.0140813	0.0141675	0.0142395	0.0142971	0.0143403	0.014369	0.0143833	0.0143831	0.0143684	0.0143393	0.0142957	0.0142377	0.0141654	0.0140788	0.0139781	0.0138632	0.0137344	0.0135918	0.0134355	0.0132657	0.0130825	0.0128862	0.0126769	0.0124548	0.0122202	0.0119733	0.0117143	0.0114435	0.0111613	0.0108678	0.0105633	0.0102483	0.00992288	0.00958752	0.00924252	0.00888822	0.00852498	0.00815318	0.00777317	0.00738535	0.00699012	0.00658785	0.00617898	0.00576389	0.00534302	0.00491679	0.00448562	0.00404996	0.00361023	0.00316689	0.00272038	0.00227114	0.00181963	0.00136631	0.000911628	0.000456038	0	
0	0.000500689	0.00100086	0.0015	0.00199762	0.0024932	0.00298625	0.00347628	0.00396278	0.00444527	0.00492326	0.00539627	0.00586383	0.00632547	0.00678071	0.00722911	0.00767022	0.00810358	0.00852877	0.00894535	0.00935291	0.00975104	0.0101393	0.0105174	0.0108849	0.0112414	0.0115866	0.0119201	0.0122416	0.0125507	0.0128472	0.0131308	0.0134012	0.013658	0.0139011	0.0141302	0.014345	0.0145454	0.0147312	0.0149021	0.015058	0.0151988	0.0153243	0.0154343	0.0155287	0.0156076	0.0156707	0.015718	0.0157496	0.0157652	0.015765	0.0157489	0.015717	0.0156692	0.0156056	0.0155264	0.0154315	0.0153211	0.0151952	0.015054	0.0148977	0.0147264	0.0145403	0.0143395	0.0141243	0.0138949	0.0136514	0.0133943	0.0131237	0.0128398	0.012543	0.0122336	0.0119119	0.0115782	0.0112329	0.0108763	0.0105087	0.0101305	0.0097422	0.00934407	0.00893653	0.00852002	0.00809494	0.00766173	0.00722082	0.00677266	0.00631769	0.00585638	0.0053892	0.0049166	0.00443908	0.00395711	0.00347117	0.00298175	0.00248936	0.00199447	0.00149759	0.000999218	0.000499855	0	
0	0.000544071	0.00108758	0.00162997	0.0021707	0.00270922	0.00324499	0.00377748	0.00430613	0.00483043	0.00534983	0.00586383	0.0063719	0.00687354	0.00736823	0.00785548	0.0083348	0.00880572	0.00926774	0.00972042	0.0101633	0.0105959	0.0110179	0.0114287	0.011828	0.0122154	0.0125905	0.0129529	0.0133022	0.0136382	0.0139604	0.0142685	0.0145623	0.0148414	0.0151056	0.0153545	0.015588	0.0158058	0.0160076	0.0161933	0.0163628	0.0165157	0.016652	0.0167716	0.0168743	0.0169599	0.0170285	0.01708	0.0171142	0.0171312	0.017131	0.0171135	0.0170788	0.0170269	0.0169578	0.0168717	0.0167686	0.0166486	0.0165118	0.0163584	0.0161886	0.0160024	0.0158001	0.015582	0.0153481	0.0150988	0.0148343	0.0145549	0.0142608	0.0139523	0.0136299	0.0132937	0.0129441	0.0125815	0.0122062	0.0118187	0.0114192	0.0110083	0.0105863	0.0101537	0.00971087	0.00925826	0.00879635	0.0083256	0.00784649	0.00735949	0.00686511	0.00636383	0.00585616	0.00534262	0.00482372	0.00429998	0.00377194	0.00324012	0.00270505	0.00216729	0.00162735	0.0010858	0.000543166	0	
0	0.000586903	0.0011732	0.00175829	0.00234159	0.00292251	0.00350046	0.00407486	0.00464513	0.0052107	0.005771	0.00632547	0.00687354	0.00741466	0.0079483	0.00847391	0.00899097	0.00949896	0.00999736	0.0104857	0.0109634	0.0114301	0.0118853	0.0123284	0.0127592	0.0131771	0.0135817	0.0139726	0.0143495	0.0147119	0.0150595	0.0153919	0.0157088	0.0160098	0.0162948	0.0165633	0.0168152	0.0170501	0.0172678	0.0174682	0.017651	0.017816	0.017963	0.018092	0.0182027	0.0182951	0.0183691	0.0184246	0.0184616	0.0184799	0.0184797	0.0184608	0.0184234	0.0183674	0.0182929	0.0182	0.0180887	0.0179593	0.0178117	0.0176463	0.0174631	0.0172622	0.0170441	0.0168087	0.0165564	0.0162875	0.0160022	0.0157007	0.0153835	0.0150508	0.0147029	0.0143402	0.0139631	0.013572	0.0131672	0.0127491	0.0123183	0.011875	0.0114198	0.0109531	0.0104754	0.00998715	0.00948888	0.00898107	0.00846423	0.0079389	0.00740559	0.00686485	0.00631721	0.00576324	0.00520349	0.00463852	0.0040689	0.00349521	0.00291802	0.00233792	0.00175547	0.00117128	0.00058593	0	
0	0.000629143	0.00125763	0.00188483	0.00251011	0.00313284	0.00375239	0.00436813	0.00497944	0.00558572	0.00618634	0.00678071	0.00736823	0.0079483	0.00852034	0.00908379	0.00963806	0.0101826	0.0107169	0.0112403	0.0117525	0.0122527	0.0127407	0.0132157	0.0136775	0.0141255	0.0145592	0.0149783	0.0153822	0.0157707	0.0161433	0.0164996	0.0168393	0.0171621	0.0174675	0.0177554	0.0180254	0.0182772	0.0185106	0.0187254	0.0189213	0.0190982	0.0192558	0.0193941	0.0195128	0.0196119	0.0196912	0.0197507	0.0197903	0.01981	0.0198097	0.0197895	0.0197493	0.0196893	0.0196094	0.0195098	0.0193906	0.0192518	0.0190937	0.0189163	0.0187199	0.0185047	0.0182708	0.0180185	0.0177481	0.0174598	0.0171539	0.0168308	0.0164907	0.016134	0.0157611	0.0153723	0.0149681	0.0145488	0.0141149	0.0136667	0.0132048	0.0127297	0.0122417	0.0117414	0.0112293	0.010706	0.0101718	0.00962746	0.00907343	0.00851029	0.00793859	0.00735893	0.00677188	0.00617804	0.005578	0.00497237	0.00436176	0.00374677	0.00312804	0.00250618	0.00188182	0.00125559	0.000628102	0	
0	0.000670747	0.0013408	0.00200947	0.0026761	0.00334001	0.00400053	0.00465699	0.00530873	0.0059551	0.00659544	0.00722911	0.00785548	0.00847391	0.00908379	0.00968449	0.0102754	0.010856	0.0114256	0.0119837	0.0125296	0.013063	0.0135832	0.0140897	0.014582	0.0150596	0.015522	0.0159688	0.0163995	0.0168136	0.0172109	0.0175907	0.0179529	0.018297	0.0186227	0.0189296	0.0192174	0.0194859	0.0197347	0.0199637	0.0201726	0.0203612	0.0205292	0.0206766	0.0208032	0.0209088	0.0209934	0.0210568	0.021099	0.02112	0.0211197	0.0210982	0.0210554	0.0209914	0.0209062	0.0208	0.0206729	0.020525	0.0203564	0.0201673	0.0199579	0.0197284	0.019479	0.01921	0.0189217	0.0186144	0.0182883	0.0179438	0.0175812	0.017201	0.0168034	0.0163889	0.015958	0.0155109	0.0150483	0.0145705	0.0140781	0.0135715	0.0130513	0.0125179	0.0119719	0.011414	0.0108445	0.0102641	0.00967347	0.00907309	0.00846359	0.00784559	0.00721972	0.00658661	0.00594689	0.0053012	0.00465021	0.00399456	0.00333491	0.00267192	0.00200627	0.00133862	0.00066964	0	
0	0.000711673	0.00142261	0.00213209	0.00283939	0.00354381	0.00424463	0.00494114	0.00563265	0.00631846	0.00699788	0.00767022	0.0083348	0.00899097	0.00963806	0.0102754	0.0109024	0.0115184	0.0121227	0.0127149	0.0132942	0.0138601	0.014412	0.0149494	0.0154717	0.0159785	0.0164691	0.0169432	0.0174001	0.0178396	0.018261	0.0186641	0.0190484	0.0194135	0.019759	0.0200846	0.02039	0.0206749	0.0209389	0.0211819	0.0214035	0.0216036	0.0217819	0.0219383	0.0220726	0.0221846	0.0222744	0.0223417	0.0223865	0.0224087	0.0224084	0.0223855	0.0223401	0.0222722	0.0221819	0.0220692	0.0219344	0.0217774	0.0215985	0.0213979	0.0211757	0.0209322	0.0206676	0.0203822	0.0200763	0.0197502	0.0194042	0.0190387	0.018654	0.0182506	0.0178288	0.017389	0.0169317	0.0164574	0.0159665	0.0154596	0.0149371	0.0143996	0.0138477	0.0132817	0.0127025	0.0121104	0.0115062	0.0108905	0.0102638	0.00962673	0.00898004	0.00832433	0.00766027	0.00698853	0.00630977	0.00562469	0.00493397	0.00423831	0.00353841	0.00283497	0.0021287	0.0014203	0.000710502	0	
0	0.000751882	0.00150298	0.00225255	0.00299981	0.00374403	0.00448444	0.00522031	0.00595089	0.00667545	0.00739325	0.00810358	0.00880572	0.00949896	0.0101826	0.010856	0.0115184	0.0121692	0.0128077	0.0134333	0.0140453	0.0146432	0.0152263	0.0157941	0.0163459	0.0168813	0.0173996	0.0179005	0.0183832	0.0188475	0.0192928	0.0197186	0.0201246	0.0205103	0.0208754	0.0212194	0.0215421	0.021843	0.022122	0.0223787	0.0226128	0.0228242	0.0230126	0.0231778	0.0233197	0.0234381	0.0235329	0.023604	0.0236513	0.0236748	0.0236745	0.0236503	0.0236024	0.0235306	0.0234352	0.0233162	0.0231737	0.0230078	0.0228188	0.0226069	0.0223721	0.0221149	0.0218354	0.0215339	0.0212107	0.0208661	0.0205006	0.0201144	0.019708	0.0192818	0.0188361	0.0183715	0.0178884	0.0173873	0.0168687	0.0163331	0.0157811	0.0152132	0.0146301	0.0140322	0.0134202	0.0127947	0.0121564	0.0115058	0.0108437	0.0101707	0.00948743	0.00879468	0.0080931	0.0073834	0.00666629	0.0059425	0.00521275	0.00447778	0.00373834	0.00299515	0.00224897	0.00150056	0.000750647	0	
0	0.000791332	0.00158184	0.00237073	0.00315721	0.00394047	0.00471974	0.00549422	0.00626313	0.0070257	0.00778117	0.00852877	0.00926774	0.00999736	0.0107169	0.0114256	0.0121227	0.0128077	0.0134797	0.0141381	0.0147822	0.0154115	0.0160252	0.0166228	0.0172036	0.017767	0.0183126	0.0188397	0.0193478	0.0198364	0.0203051	0.0207533	0.0211806	0.0215865	0.0219707	0.0223328	0.0226724	0.0229891	0.0232827	0.0235529	0.0237993	0.0240218	0.0242201	0.024394	0.0245433	0.0246679	0.0247677	0.0248425	0.0248923	0.0249171	0.0249167	0.0248913	0.0248408	0.0247653	0.0246649	0.0245396	0.0243896	0.0242151	0.0240162	0.0237931	0.023546	0.0232753	0.0229811	0.0226638	0.0223236	0.021961	0.0215763	0.0211699	0.0207421	0.0202935	0.0198245	0.0193355	0.018827	0.0182996	0.0177538	0.0171901	0.0166092	0.0160115	0.0153977	0.0147685	0.0141244	0.0134661	0.0127942	0.0121095	0.0114127	0.0107043	0.00998526	0.00925615	0.00851776	0.00777082	0.00701608	0.00625431	0.00548628	0.00471274	0.0039345	0.00315231	0.00236698	0.00157929	0.000790036	0	
0	0.000829984	0.00165911	0.00248653	0.00331142	0.00413294	0.00495027	0.00576258	0.00656905	0.00736887	0.00816123	0.00894535	0.00972042	0.0104857	0.0112403	0.0119837	0.0127149	0.0134333	0.0141381	0.0148287	0.0155043	0.0161643	0.016808	0.0174347	0.0180439	0.0186349	0.0192071	0.0197599	0.0202929	0.0208054	0.0212969	0.021767	0.0222151	0.0226409	0.0230439	0.0234237	0.0237798	0.0241121	0.02442	0.0247033	0.0249618	0.0251952	0.0254031	0.0255855	0.0257421	0.0258728	0.0259775	0.0260559	0.0261082	0.0261342	0.0261338	0.0261071	0.0260542	0.025975	0.0258696	0.0257383	0.025581	0.0253979	0.0251893	0.0249553	0.0246962	0.0244122	0.0241036	0.0237708	0.0234141	0.0230337	0.0226302	0.0222039	0.0217553	0.0212848	0.0207928	0.0202799	0.0197466	0.0191935	0.018621	0.0180298	0.0174205	0.0167936	0.0161499	0.0154899	0.0148143	0.0141238	0.0134192	0.012701	0.0119701	0.0112272	0.010473	0.00970829	0.00893383	0.0081504	0.0073588	0.00655982	0.00575427	0.00494295	0.00412669	0.0033063	0.00248261	0.00165644	0.000828627	0	
0	0.000867799	0.0017347	0.00259982	0.00346229	0.00432124	0.00517581	0.00602513	0.00686834	0.0077046	0.00853307	0.00935291	0.0101633	0.0109634	0.0117525	0.0125296	0.0132942	0.0140453	0.0147822	0.0155043	0.0162107	0.0169007	0.0175738	0.0182291	0.018866	0.0194839	0.0200822	0.0206602	0.0212174	0.0217533	0.0222672	0.0227587	0.0232273	0.0236725	0.0240938	0.0244909	0.0248633	0.0252107	0.0255326	0.0258289	0.0260991	0.0263431	0.0265605	0.0267512	0.026915	0.0270516	0.0271611	0.0272431	0.0272978	0.0273249	0.0273245	0.0272966	0.0272413	0.0271585	0.0270483	0.026911	0.0267465	0.0265551	0.026337	0.0260923	0.0258214	0.0255245	0.0252019	0.0248539	0.0244809	0.0240832	0.0236613	0.0232156	0.0227465	0.0222546	0.0217402	0.021204	0.0206464	0.020068	0.0194695	0.0188513	0.0182142	0.0175588	0.0168857	0.0161956	0.0154893	0.0147674	0.0140306	0.0132798	0.0125155	0.0117388	0.0109502	0.0101506	0.00934089	0.00852177	0.0076941	0.00685871	0.00601646	0.00516817	0.00431472	0.00345695	0.00259572	0.00173191	0.000866383	0	
0	0.000904738	0.00180854	0.00271049	0.00360967	0.00450519	0.00539613	0.0062816	0.00716071	0.00803257	0.0088963	0.00975104	0.0105959	0.0114301	0.0122527	0.013063	0.0138601	0.0146432	0.0154115	0.0161643	0.0169007	0.0176202	0.0183218	0.019005	0.0196691	0.0203133	0.020937	0.0215397	0.0221206	0.0226793	0.0232151	0.0237275	0.024216	0.0246802	0.0251195	0.0255334	0.0259217	0.0262838	0.0266195	0.0269284	0.0272101	0.0274645	0.0276912	0.02789	0.0280607	0.0282032	0.0283173	0.0284028	0.0284598	0.0284881	0.0284877	0.0284586	0.0284009	0.0283146	0.0281998	0.0280565	0.0278851	0.0276855	0.0274581	0.027203	0.0269206	0.026611	0.0262747	0.0259119	0.025523	0.0251084	0.0246686	0.0242039	0.0237148	0.0232019	0.0226657	0.0221066	0.0215253	0.0209223	0.0202983	0.0196538	0.0189896	0.0183063	0.0176045	0.0168851	0.0161487	0.015396	0.0146279	0.0138451	0.0130483	0.0122385	0.0114164	0.0105828	0.00973853	0.00888454	0.00802164	0.00715069	0.00627258	0.00538819	0.0044984	0.00360411	0.00270623	0.00180564	0.000903266	0	
0	0.000940766	0.00188056	0.00281842	0.00375341	0.00468459	0.00561101	0.00653174	0.00744585	0.00835243	0.00925056	0.0101393	0.0110179	0.0118853	0.0127407	0.0135832	0.014412	0.0152263	0.0160252	0.016808	0.0175738	0.0183218	0.0190514	0.0197618	0.0204523	0.0211222	0.0217708	0.0223974	0.0230015	0.0235824	0.0241396	0.0246724	0.0251804	0.025663	0.0261198	0.0265502	0.0269539	0.0273305	0.0276796	0.0280007	0.0282937	0.0285582	0.0287939	0.0290007	0.0291782	0.0293263	0.0294449	0.0295339	0.0295931	0.0296226	0.0296222	0.0295919	0.0295319	0.0294422	0.0293228	0.0291738	0.0289955	0.028788	0.0285516	0.0282863	0.0279926	0.0276708	0.027321	0.0269438	0.0265394	0.0261083	0.025651	0.0251678	0.0246592	0.0241259	0.0235683	0.022987	0.0223825	0.0217555	0.0211066	0.0204365	0.0197458	0.0190353	0.0183056	0.0175575	0.0167918	0.0160092	0.0152104	0.0143964	0.013568	0.0127259	0.011871	0.0110042	0.0101264	0.00923836	0.00834109	0.00743546	0.00652238	0.00560277	0.00467754	0.00374764	0.002814	0.00187755	0.000939238	0	
0	0.000975845	0.00195068	0.00292351	0.00389337	0.00485926	0.00582023	0.00677529	0.0077235	0.00866388	0.0095955	0.0105174	0.0114287	0.0123284	0.0132157	0.0140897	0.0149494	0.0157941	0.0166228	0.0174347	0.0182291	0.019005	0.0197618	0.0204987	0.021215	0.0219098	0.0225826	0.0232326	0.0238592	0.0244618	0.0250397	0.0255924	0.0261193	0.0266199	0.0270937	0.0275403	0.027959	0.0283496	0.0287117	0.0290449	0.0293488	0.0296231	0.0298676	0.0300821	0.0302662	0.0304199	0.0305429	0.0306352	0.0306966	0.0307272	0.0307268	0.0306954	0.0306331	0.03054	0.0304162	0.0302617	0.0300768	0.0298615	0.0296162	0.0293411	0.0290365	0.0287026	0.0283398	0.0279485	0.0275291	0.0270819	0.0266075	0.0261063	0.0255788	0.0250256	0.0244472	0.0238441	0.0232171	0.0225668	0.0218937	0.0211986	0.0204822	0.0197451	0.0189882	0.0182122	0.0174179	0.0166061	0.0157776	0.0149333	0.0140739	0.0132004	0.0123137	0.0114146	0.010504	0.00958287	0.00865214	0.00771274	0.00676561	0.0058117	0.00485197	0.0038874	0.00291894	0.00194757	0.000974263	0	
0	0.00100994	0.00201883	0.00302566	0.0040294	0.00502904	0.00602359	0.00701202	0.00799335	0.00896659	0.00993076	0.0108849	0.011828	0.0127592	0.0136775	0.014582	0.0154717	0.0163459	0.0172036	0.0180439	0.018866	0.0196691	0.0204523	0.021215	0.0219562	0.0226754	0.0233716	0.0240444	0.0246929	0.0253165	0.0259146	0.0264866	0.027032	0.0275501	0.0280404	0.0285025	0.0289359	0.0293402	0.0297149	0.0300597	0.0303742	0.0306582	0.0309112	0.0311332	0.0313237	0.0314828	0.0316101	0.0317056	0.0317692	0.0318008	0.0318004	0.0317679	0.0317035	0.0316072	0.031479	0.0313191	0.0311277	0.0309049	0.0306511	0.0303664	0.0300511	0.0297055	0.0293301	0.0289251	0.028491	0.0280282	0.0275372	0.0270185	0.0264726	0.0259	0.0253014	0.0246773	0.0240284	0.0233553	0.0226587	0.0219393	0.0211978	0.0204351	0.0196517	0.0188486	0.0180266	0.0171864	0.0163289	0.0154551	0.0145657	0.0136617	0.0127439	0.0118134	0.010871	0.00991772	0.00895447	0.00798224	0.00700201	0.00601477	0.00502151	0.00402323	0.00302093	0.00201562	0.00100831	0	
0	0.00104302	0.00208495	0.00312475	0.00416137	0.00519376	0.00622087	0.00724168	0.00825515	0.00926027	0.010256	0.0112414	0.0122154	0.0131771	0.0141255	0.0150596	0.0159785	0.0168813	0.017767	0.0186349	0.0194839	0.0203133	0.0211222	0.0219098	0.0226754	0.023418	0.0241371	0.0248319	0.0255016	0.0261457	0.0267634	0.0273541	0.0279173	0.0284524	0.0289588	0.0294361	0.0298837	0.0303012	0.0306882	0.0310443	0.0313691	0.0316623	0.0319237	0.0321529	0.0323497	0.032514	0.0326455	0.0327441	0.0328098	0.0328424	0.032842	0.0328085	0.0327419	0.0326424	0.03251	0.0323449	0.0321472	0.0319172	0.031655	0.031361	0.0310353	0.0306785	0.0302907	0.0298725	0.0294242	0.0289462	0.0284391	0.0279034	0.0273396	0.0267483	0.0261301	0.0254856	0.0248154	0.0241203	0.0234009	0.0226579	0.0218922	0.0211044	0.0202954	0.019466	0.018617	0.0177493	0.0168638	0.0159613	0.0150428	0.0141092	0.0131614	0.0122004	0.0112271	0.0102426	0.00924777	0.0082437	0.00723137	0.00621179	0.005186	0.00415502	0.00311988	0.00208164	0.00104133	0	
0	0.00107504	0.00214897	0.0032207	0.00428915	0.00535323	0.00641189	0.00746404	0.00850863	0.00954461	0.0105709	0.0115866	0.0125905	0.0135817	0.0145592	0.015522	0.0164691	0.0173996	0.0183126	0.0192071	0.0200822	0.020937	0.0217708	0.0225826	0.0233716	0.0241371	0.0248783	0.0255944	0.0262847	0.0269485	0.0275852	0.0281941	0.0287746	0.0293261	0.0298481	0.03034	0.0308013	0.0312316	0.0316305	0.0319975	0.0323323	0.0326346	0.032904	0.0331402	0.0333431	0.0335124	0.0336479	0.0337496	0.0338173	0.0338509	0.0338504	0.0338159	0.0337473	0.0336448	0.0335083	0.0333381	0.0331344	0.0328973	0.0326271	0.032324	0.0319884	0.0316205	0.0312209	0.0307898	0.0303277	0.0298351	0.0293124	0.0287603	0.0281792	0.0275697	0.0269325	0.0262682	0.0255774	0.024861	0.0241195	0.0233537	0.0225644	0.0217525	0.0209186	0.0200638	0.0191887	0.0182944	0.0173817	0.0164515	0.0155047	0.0145424	0.0135655	0.012575	0.0115719	0.0105571	0.00953176	0.00849685	0.00745343	0.00640254	0.00534525	0.00428261	0.00321569	0.00214557	0.00107331	0	
0	0.00110599	0.00221083	0.0033134	0.0044126	0.00550732	0.00659644	0.00767888	0.00875354	0.00981934	0.0108752	0.0119201	0.0129529	0.0139726	0.0149783	0.0159688	0.0169432	0.0179005	0.0188397	0.0197599	0.0206602	0.0215397	0.0223974	0.0232326	0.0240444	0.0248319	0.0255944	0.0263311	0.0270413	0.0277242	0.0283792	0.0290056	0.0296028	0.0301702	0.0307072	0.0312133	0.0316879	0.0321306	0.032541	0.0329186	0.033263	0.033574	0.0338511	0.0340941	0.0343028	0.034477	0.0346165	0.034721	0.0347907	0.0348253	0.0348248	0.0347893	0.0347187	0.0346132	0.0344729	0.0342978	0.0340882	0.0338442	0.0335662	0.0332544	0.0329091	0.0325307	0.0321196	0.0316761	0.0312007	0.0306939	0.0301562	0.0295882	0.0289903	0.0283633	0.0277078	0.0270243	0.0263137	0.0255766	0.0248137	0.0240259	0.023214	0.0223786	0.0215208	0.0206413	0.0197411	0.018821	0.017882	0.016925	0.0159511	0.0149611	0.013956	0.012937	0.011905	0.010861	0.00980614	0.00874144	0.00766799	0.00658685	0.00549912	0.00440589	0.00330826	0.00220733	0.00110421	0	
0	0.00113582	0.00227045	0.00340277	0.00453161	0.00565585	0.00677435	0.00788598	0.00898963	0.0100842	0.0111685	0.0122416	0.0133022	0.0143495	0.0153822	0.0163995	0.0174001	0.0183832	0.0193478	0.0202929	0.0212174	0.0221206	0.0230015	0.0238592	0.0246929	0.0255016	0.0262847	0.0270413	0.0277706	0.028472	0.0291446	0.029788	0.0304013	0.030984	0.0315354	0.0320552	0.0325426	0.0329972	0.0334187	0.0338064	0.0341602	0.0344795	0.0347641	0.0350137	0.035228	0.0354069	0.0355501	0.0356575	0.035729	0.0357646	0.0357641	0.0357276	0.0356552	0.0355468	0.0354026	0.0352229	0.0350076	0.0347571	0.0344716	0.0341514	0.0337968	0.0334082	0.0329859	0.0325304	0.0320422	0.0315218	0.0309696	0.0303862	0.0297723	0.0291283	0.0284551	0.0277532	0.0270234	0.0262664	0.025483	0.024674	0.0238401	0.0229822	0.0221013	0.0211981	0.0202735	0.0193286	0.0183643	0.0173815	0.0163813	0.0153646	0.0143325	0.0132859	0.0122261	0.011154	0.0100706	0.00897723	0.00787482	0.00676452	0.00564745	0.00452473	0.00339749	0.00226687	0.00113399	0	
0	0.0011645	0.00232779	0.0034887	0.00464606	0.00579869	0.00694543	0.00808514	0.00921666	0.0103388	0.0114506	0.0125507	0.0136382	0.0147119	0.0157707	0.0168136	0.0178396	0.0188475	0.0198364	0.0208054	0.0217533	0.0226793	0.0235824	0.0244618	0.0253165	0.0261457	0.0269485	0.0277242	0.028472	0.029191	0.0298807	0.0305403	0.0311691	0.0317665	0.0323319	0.0328647	0.0333645	0.0338306	0.0342627	0.0346602	0.0350229	0.0353503	0.0356421	0.035898	0.0361177	0.0363011	0.036448	0.0365581	0.0366314	0.0366679	0.0366674	0.03663	0.0365557	0.0364446	0.0362968	0.0361124	0.0358917	0.0356349	0.0353422	0.0350139	0.0346504	0.0342519	0.033819	0.033352	0.0328515	0.0323179	0.0317518	0.0311537	0.0305242	0.029864	0.0291738	0.0284542	0.027706	0.0269298	0.0261266	0.0252972	0.0244422	0.0235627	0.0226595	0.0217335	0.0207856	0.0198168	0.0188281	0.0178205	0.016795	0.0157527	0.0146945	0.0136215	0.0125349	0.0114357	0.010325	0.00920397	0.00807371	0.00693537	0.00579009	0.00463901	0.00348331	0.00232413	0.00116264	0	
0	0.00119201	0.00238279	0.00357112	0.00475582	0.00593568	0.00710952	0.00827615	0.0094344	0.0105831	0.0117211	0.0128472	0.0139604	0.0150595	0.0161433	0.0172109	0.018261	0.0192928	0.0203051	0.0212969	0.0222672	0.0232151	0.0241396	0.0250397	0.0259146	0.0267634	0.0275852	0.0283792	0.0291446	0.0298807	0.0305867	0.0312618	0.0319055	0.032517	0.0330958	0.0336412	0.0341527	0.0346299	0.0350722	0.0354791	0.0358504	0.0361855	0.0364842	0.0367461	0.0369711	0.0371588	0.0373091	0.0374218	0.0374969	0.0375342	0.0375337	0.0374954	0.0374193	0.0373056	0.0371543	0.0369657	0.0367397	0.0364768	0.0361772	0.0358412	0.035469	0.0350612	0.034618	0.03414	0.0336277	0.0330815	0.032502	0.0318897	0.0312454	0.0305696	0.0298631	0.0291265	0.0283606	0.0275661	0.0267439	0.0258948	0.0250197	0.0241194	0.0231948	0.022247	0.0212767	0.020285	0.019273	0.0182416	0.0171919	0.0161249	0.0150417	0.0139433	0.012831	0.0117059	0.010569	0.00942143	0.00826448	0.00709924	0.0059269	0.00474862	0.00356561	0.00237904	0.00119011	0	
0	0.00121832	0.00243538	0.00364994	0.00486079	0.0060667	0.00726644	0.00845883	0.00964264	0.0108167	0.0119798	0.0131308	0.0142685	0.0153919	0.0164996	0.0175907	0.0186641	0.0197186	0.0207533	0.021767	0.0227587	0.0237275	0.0246724	0.0255924	0.0264866	0.0273541	0.0281941	0.0290056	0.029788	0.0305403	0.0312618	0.0319519	0.0326097	0.0332347	0.0338263	0.0343838	0.0349066	0.0353943	0.0358463	0.0362623	0.0366417	0.0369842	0.0372895	0.0375572	0.0377872	0.037979	0.0381326	0.0382479	0.0383246	0.0383627	0.0383622	0.0383231	0.0382453	0.0381291	0.0379745	0.0377816	0.0375507	0.037282	0.0369758	0.0366323	0.036252	0.0358351	0.0353822	0.0348937	0.03437	0.0338117	0.0332194	0.0325937	0.0319351	0.0312444	0.0305223	0.0297694	0.0289866	0.0281746	0.0273343	0.0264665	0.025572	0.0246518	0.0237069	0.022738	0.0217464	0.0207328	0.0196985	0.0186443	0.0175714	0.0164808	0.0153737	0.0142511	0.0131143	0.0119643	0.0108023	0.00962941	0.00844691	0.00725595	0.00605773	0.00485345	0.00364432	0.00243156	0.00121638	0	
0	0.0012434	0.00248552	0.00372509	0.00496087	0.0061916	0.00741605	0.00863298	0.00984117	0.0110394	0.0122265	0.0134012	0.0145623	0.0157088	0.0168393	0.0179529	0.0190484	0.0201246	0.0211806	0.0222151	0.0232273	0.024216	0.0251804	0.0261193	0.027032	0.0279173	0.0287746	0.0296028	0.0304013	0.0311691	0.0319055	0.0326097	0.0332811	0.033919	0.0345227	0.0350917	0.0356253	0.036123	0.0365844	0.0370089	0.0373961	0.0377457	0.0380573	0.0383305	0.0385652	0.038761	0.0389178	0.0390354	0.0391137	0.0391526	0.0391521	0.0391121	0.0390328	0.0389142	0.0387564	0.0385595	0.0383239	0.0380497	0.0377371	0.0373866	0.0369984	0.036573	0.0361107	0.0356121	0.0350777	0.0345079	0.0339034	0.0332648	0.0325927	0.0318877	0.0311507	0.0303824	0.0295834	0.0287547	0.0278971	0.0270114	0.0260985	0.0251594	0.024195	0.0232062	0.0221941	0.0211597	0.0201041	0.0190282	0.0179332	0.0168202	0.0156903	0.0145446	0.0133843	0.0122106	0.0110247	0.00982769	0.00862084	0.00740536	0.00618247	0.00495339	0.00371936	0.00248163	0.00124142	0	
0	0.00126724	0.00253316	0.00379648	0.00505594	0.00631027	0.00755818	0.00879844	0.0100298	0.011251	0.0124608	0.013658	0.0148414	0.0160098	0.0171621	0.018297	0.0194135	0.0205103	0.0215865	0.0226409	0.0236725	0.0246802	0.025663	0.0266199	0.0275501	0.0284524	0.0293261	0.0301702	0.030984	0.0317665	0.032517	0.0332347	0.033919	0.0345691	0.0351844	0.0357643	0.0363081	0.0368154	0.0372856	0.0377182	0.0381129	0.0384692	0.0387867	0.0390652	0.0393044	0.0395039	0.0396637	0.0397836	0.0398634	0.039903	0.0399025	0.0398618	0.0397809	0.03966	0.0394992	0.0392986	0.0390585	0.038779	0.0384604	0.0381032	0.0377076	0.037274	0.0368029	0.0362947	0.03575	0.0351693	0.0345532	0.0339024	0.0332174	0.032499	0.0317478	0.0309647	0.0301505	0.0293059	0.0284318	0.0275292	0.0265988	0.0256417	0.0246588	0.023651	0.0226196	0.0215653	0.0204894	0.0193929	0.0182769	0.0171426	0.015991	0.0148234	0.0136409	0.0124447	0.011236	0.0100161	0.00878609	0.00754731	0.00630097	0.00504834	0.00379066	0.00252919	0.00126522	0	
0	0.00128979	0.00257824	0.00386405	0.00514593	0.00642258	0.0076927	0.00895503	0.0102083	0.0114512	0.0126826	0.0139011	0.0151056	0.0162948	0.0174675	0.0186227	0.019759	0.0208754	0.0219707	0.0230439	0.0240938	0.0251195	0.0261198	0.0270937	0.0280404	0.0289588	0.0298481	0.0307072	0.0315354	0.0323319	0.0330958	0.0338263	0.0345227	0.0351844	0.0358107	0.0364009	0.0369544	0.0374707	0.0379492	0.0383896	0.0387913	0.0391539	0.0394771	0.0397605	0.0400039	0.0402071	0.0403697	0.0404917	0.0405729	0.0406133	0.0406127	0.0405713	0.040489	0.040366	0.0402023	0.0399981	0.0397537	0.0394692	0.039145	0.0387814	0.0383787	0.0379374	0.0374579	0.0369407	0.0363864	0.0357953	0.0351683	0.0345058	0.0338086	0.0330774	0.0323129	0.0315159	0.0306872	0.0298276	0.0289379	0.0280192	0.0270723	0.0260981	0.0250977	0.024072	0.0230222	0.0219492	0.0208541	0.0197381	0.0186023	0.0174477	0.0162757	0.0150872	0.0138837	0.0126662	0.011436	0.0101944	0.00894249	0.00768166	0.00641314	0.0051382	0.00385813	0.00257422	0.00128774	0	
0	0.00131104	0.00262073	0.00392773	0.00523073	0.00652842	0.00781948	0.00910261	0.0103765	0.0116399	0.0128916	0.0141302	0.0153545	0.0165633	0.0177554	0.0189296	0.0200846	0.0212194	0.0223328	0.0234237	0.0244909	0.0255334	0.0265502	0.0275403	0.0285025	0.0294361	0.03034	0.0312133	0.0320552	0.0328647	0.0336412	0.0343838	0.0350917	0.0357643	0.0364009	0.0370008	0.0375634	0.0380882	0.0385747	0.0390223	0.0394306	0.0397992	0.0401277	0.0404158	0.0406632	0.0408697	0.041035	0.041159	0.0412416	0.0412826	0.0412821	0.04124	0.0411563	0.0410312	0.0408649	0.0406573	0.0404089	0.0401197	0.0397902	0.0394206	0.0390113	0.0385627	0.0380753	0.0375496	0.036986	0.0363853	0.0357479	0.0350745	0.0343659	0.0336226	0.0328455	0.0320353	0.0311929	0.0303192	0.0294149	0.028481	0.0275185	0.0265282	0.0255113	0.0244688	0.0234016	0.022311	0.0211978	0.0200634	0.0189089	0.0177353	0.0165439	0.0153359	0.0141125	0.012875	0.0116245	0.0103624	0.00908988	0.00780827	0.00651884	0.00522289	0.00392172	0.00261665	0.00130897	0	
0	0.00133098	0.00266058	0.00398745	0.00531027	0.00662768	0.00793838	0.00924102	0.0105343	0.0118169	0.0130876	0.014345	0.015588	0.0168152	0.0180254	0.0192174	0.02039	0.0215421	0.0226724	0.0237798	0.0248633	0.0259217	0.0269539	0.027959	0.0289359	0.0298837	0.0308013	0.0316879	0.0325426	0.0333645	0.0341527	0.0349066	0.0356253	0.0363081	0.0369544	0.0375634	0.0381346	0.0386674	0.0391612	0.0396157	0.0400302	0.0404044	0.0407379	0.0410304	0.0412816	0.0414912	0.041659	0.0417849	0.0418687	0.0419104	0.0419098	0.0418671	0.0417822	0.0416552	0.0414863	0.0412756	0.0410234	0.0407298	0.0403952	0.04002	0.0396045	0.0391491	0.0386543	0.0381206	0.0375485	0.0369386	0.0362915	0.0356079	0.0348885	0.0341339	0.033345	0.0325225	0.0316673	0.0307802	0.0298622	0.0289141	0.0279369	0.0269317	0.0258993	0.0248409	0.0237575	0.0226502	0.0215202	0.0203685	0.0191964	0.018005	0.0167955	0.0155691	0.0143271	0.0130708	0.0118013	0.01052	0.00922812	0.00792701	0.00661798	0.00530232	0.00398136	0.00265644	0.00132887	0	
0	0.00134957	0.00269775	0.00404316	0.00538446	0.00672028	0.00804928	0.00937012	0.0106815	0.011982	0.0132704	0.0145454	0.0158058	0.0170501	0.0182772	0.0194859	0.0206749	0.021843	0.0229891	0.0241121	0.0252107	0.0262838	0.0273305	0.0283496	0.0293402	0.0303012	0.0312316	0.0321306	0.0329972	0.0338306	0.0346299	0.0353943	0.036123	0.0368154	0.0374707	0.0380882	0.0386674	0.0392076	0.0397084	0.0401691	0.0405895	0.0409689	0.0413071	0.0416037	0.0418584	0.0420709	0.0422411	0.0423687	0.0424537	0.0424959	0.0424954	0.042452	0.0423659	0.0422372	0.0420659	0.0418523	0.0415965	0.0412989	0.0409596	0.0405792	0.0401579	0.0396961	0.0391944	0.0386532	0.0380731	0.0374547	0.0367986	0.0361054	0.0353759	0.0346108	0.0338109	0.0329769	0.0321098	0.0312103	0.0302794	0.0293181	0.0283273	0.027308	0.0262612	0.025188	0.0240895	0.0229667	0.0218209	0.0206531	0.0194646	0.0182566	0.0170302	0.0157867	0.0145273	0.0132534	0.0119662	0.010667	0.00935706	0.00803778	0.00671045	0.00537641	0.004037	0.00269356	0.00134744	0	
0	0.00136681	0.0027322	0.0040948	0.00545322	0.0068061	0.00815207	0.00948979	0.0108179	0.012135	0.0134399	0.0147312	0.0160076	0.0172678	0.0185106	0.0197347	0.0209389	0.022122	0.0232827	0.02442	0.0255326	0.0266195	0.0276796	0.0287117	0.0297149	0.0306882	0.0316305	0.032541	0.0334187	0.0342627	0.0350722	0.0358463	0.0365844	0.0372856	0.0379492	0.0385747	0.0391612	0.0397084	0.0402155	0.0406822	0.0411079	0.0414921	0.0418346	0.042135	0.042393	0.0426082	0.0427806	0.0429099	0.0429959	0.0430387	0.0430381	0.0429942	0.042907	0.0427767	0.0426032	0.0423868	0.0421278	0.0418264	0.0414828	0.0410975	0.0406708	0.0402031	0.039695	0.0391469	0.0385594	0.0379331	0.0372686	0.0365666	0.0358278	0.0350529	0.0342427	0.0333981	0.0325199	0.0316089	0.0306662	0.0296926	0.0286891	0.0276568	0.0265966	0.0255097	0.0243972	0.0232601	0.0220996	0.0209169	0.0197133	0.0184898	0.0172477	0.0159883	0.0147129	0.0134227	0.012119	0.0108032	0.00947658	0.00814045	0.00679616	0.00544508	0.00408856	0.00272796	0.00136465	0	
0	0.00138267	0.0027639	0.00414231	0.00551649	0.00688507	0.00824666	0.00959989	0.0109434	0.0122758	0.0135959	0.0149021	0.0161933	0.0174682	0.0187254	0.0199637	0.0211819	0.0223787	0.0235529	0.0247033	0.0258289	0.0269284	0.0280007	0.0290449	0.0300597	0.0310443	0.0319975	0.0329186	0.0338064	0.0346602	0.0354791	0.0362623	0.0370089	0.0377182	0.0383896	0.0390223	0.0396157	0.0401691	0.0406822	0.0411542	0.0415849	0.0419736	0.0423201	0.0426239	0.0428849	0.0431026	0.043277	0.0434078	0.0434948	0.0435381	0.0435375	0.0434931	0.0434049	0.043273	0.0430976	0.0428787	0.0426167	0.0423117	0.0419642	0.0415744	0.0411427	0.0406696	0.0401556	0.0396012	0.0390069	0.0383733	0.0377011	0.0369909	0.0362435	0.0354597	0.0346401	0.0337857	0.0328973	0.0319757	0.0310221	0.0300371	0.029022	0.0279777	0.0269053	0.0258057	0.0246803	0.02353	0.0223561	0.0211597	0.019942	0.0187043	0.0174479	0.0161739	0.0148836	0.0135785	0.0122597	0.0109286	0.00958656	0.00823492	0.00687503	0.00550827	0.00413601	0.00275962	0.00138049	0	
