0	0	0	0	0	0	0	0	0	0	0	0	0	0	0	0	0	0	0	0	0	0	0	0	0	0	0	0	0	0	0	0	0	0	0	0	0	0	0	0	0	0	0	0	0	0	0	0	0	0	0	0	0	0	0	0	0	0	0	0	0	0	0	0	0	0	0	0	0	0	0	0	0	0	0	0	0	0	0	0	0	0	0	0	0	0	0	0	0	0	0	0	0	0	0	0	0	0	0	0	
0	4.38733e-05	8.77009e-05	0.000131438	0.000175042	0.000218467	0.00026167	0.000304608	0.000347236	0.000389513	0.000431396	0.000472843	0.000513811	0.00055426	0.000594149	0.000633437	0.000672087	0.000710057	0.000747312	0.000783812	0.000819521	0.000854404	0.000888426	0.000921551	0.000953748	0.000984983	0.00101523	0.00104444	0.00107261	0.0010997	0.00112568	0.00115052	0.0011742	0.00119671	0.001218	0.00123807	0.00125689	0.00127445	0.00129072	0.0013057	0.00131936	0.00133168	0.00134267	0.00135231	0.00136058	0.00136749	0.00137302	0.00137716	0.00137992	0.00138129	0.00138126	0.00137985	0.00137705	0.00137286	0.00136729	0.00136034	0.00135202	0.00134235	0.00133132	0.00131894	0.00130525	0.00129023	0.00127392	0.00125633	0.00123747	0.00121737	0.00119604	0.00117351	0.00114979	0.00112492	0.00109892	0.00107181	0.00104362	0.00101438	0.000984126	0.000952878	0.000920672	0.00088754	0.000853515	0.000818632	0.000782927	0.000746435	0.000709192	0.000671237	0.000632608	0.000593343	0.000553483	0.000513068	0.000472137	0.000430733	0.000388898	0.000346672	0.0003041	0.000261223	0.000218085	0.000174729	0.000131199	8.7538e-05	4.37905e-05	0	
0	8.77009e-05	0.00017531	0.00026274	0.000349901	0.000436706	0.000523068	0.000608898	0.000694111	0.000778621	0.000862343	0.000945193	0.00102709	0.00110794	0.00118768	0.00126622	0.00134347	0.00141938	0.00149385	0.00156681	0.00163819	0.00170792	0.00177593	0.00184214	0.0019065	0.00196894	0.0020294	0.0020878	0.00214411	0.00219825	0.00225018	0.00229984	0.00234719	0.00239217	0.00243474	0.00247486	0.00251248	0.00254758	0.00258011	0.00261004	0.00263734	0.00266199	0.00268395	0.00270322	0.00271976	0.00273356	0.00274461	0.00275289	0.0027584	0.00276114	0.0027611	0.00275827	0.00275267	0.0027443	0.00273316	0.00271927	0.00270264	0.0026833	0.00266125	0.00263652	0.00260914	0.00257913	0.00254652	0.00251136	0.00247366	0.00243347	0.00239084	0.00234579	0.00229839	0.00224867	0.00219669	0.0021425	0.00208616	0.00202772	0.00196723	0.00190477	0.00184039	0.00177416	0.00170615	0.00163642	0.00156504	0.0014921	0.00141765	0.00134178	0.00126456	0.00118607	0.00110639	0.0010256	0.000943786	0.000861021	0.000777393	0.000692986	0.000607885	0.000522176	0.000435944	0.000349277	0.000262262	0.000174986	8.75357e-05	0	
0	0.000131438	0.00026274	0.000393772	0.000524401	0.000654497	0.000783928	0.000912564	0.00104027	0.00116693	0.00129241	0.00141657	0.00153931	0.00166049	0.00177999	0.0018977	0.00201348	0.00212724	0.00223885	0.0023482	0.00245518	0.00255969	0.00266161	0.00276085	0.00285731	0.00295088	0.00304149	0.00312902	0.00321341	0.00329455	0.00337238	0.00344681	0.00351777	0.00358518	0.00364898	0.00370911	0.0037655	0.0038181	0.00386685	0.00391171	0.00395263	0.00398956	0.00402248	0.00405135	0.00407614	0.00409683	0.00411339	0.0041258	0.00413407	0.00413817	0.0041381	0.00413387	0.00412547	0.00411292	0.00409623	0.00407542	0.0040505	0.0040215	0.00398846	0.0039514	0.00391036	0.00386538	0.00381652	0.00376381	0.00370731	0.00364709	0.00358319	0.00351568	0.00344464	0.00337013	0.00329222	0.00321101	0.00312656	0.00303897	0.00294832	0.00285471	0.00275822	0.00265896	0.00255703	0.00245253	0.00234556	0.00223623	0.00212466	0.00201095	0.00189522	0.00177759	0.00165817	0.00153709	0.00141447	0.00129043	0.00116509	0.00103859	0.000911049	0.000782595	0.000653358	0.000523469	0.000393057	0.000262254	0.000131191	0	
0	0.000175042	0.000349901	0.000524401	0.000698366	0.000871621	0.00104399	0.0012153	0.00138538	0.00155405	0.00172115	0.00188651	0.00204996	0.00221134	0.00237049	0.00252724	0.00268144	0.00283293	0.00298157	0.0031272	0.00326967	0.00340884	0.00354458	0.00367674	0.0038052	0.00392982	0.00405048	0.00416705	0.00427943	0.0043875	0.00449114	0.00459026	0.00468476	0.00477454	0.00485951	0.00493958	0.00501468	0.00508472	0.00514965	0.00520939	0.00526388	0.00531307	0.00535691	0.00539536	0.00542837	0.00545592	0.00547797	0.00549451	0.00550551	0.00551097	0.00551089	0.00550525	0.00549407	0.00547735	0.00545513	0.00542741	0.00539422	0.00535561	0.0053116	0.00526225	0.00520759	0.0051477	0.00508262	0.00501243	0.00493719	0.00485698	0.00477189	0.00468198	0.00458737	0.00448814	0.0043844	0.00427624	0.00416378	0.00404713	0.00392641	0.00380174	0.00367325	0.00354106	0.00340531	0.00326614	0.00312368	0.00297809	0.0028295	0.00267807	0.00252395	0.00236729	0.00220826	0.00204701	0.00188371	0.00171852	0.00155161	0.00138314	0.00121328	0.00104222	0.000870107	0.000697127	0.000523452	0.000349256	0.000174714	0	
0	0.000218467	0.000436706	0.000654497	0.000871621	0.00108786	0.00130299	0.0015168	0.00172907	0.00193959	0.00214814	0.00235453	0.00255853	0.00275995	0.00295857	0.00315421	0.00334667	0.00353575	0.00372125	0.00390301	0.00408083	0.00425453	0.00442394	0.00458889	0.00474921	0.00490475	0.00505535	0.00520084	0.0053411	0.00547598	0.00560534	0.00572905	0.00584699	0.00595904	0.00606509	0.00616502	0.00625875	0.00634618	0.00642721	0.00650177	0.00656978	0.00663118	0.00668589	0.00673388	0.00677508	0.00680946	0.00683699	0.00685763	0.00687136	0.00687818	0.00687807	0.00687103	0.00685708	0.00683622	0.00680848	0.00677388	0.00673246	0.00668427	0.00662935	0.00656775	0.00649954	0.00642478	0.00634356	0.00625595	0.00616205	0.00606194	0.00595573	0.00584353	0.00572545	0.0056016	0.00547212	0.00533713	0.00519677	0.00505118	0.00490051	0.00474491	0.00458454	0.00441956	0.00425013	0.00407643	0.00389863	0.00371692	0.00353147	0.00334247	0.00315011	0.00295459	0.00275611	0.00255486	0.00235104	0.00214487	0.00193654	0.00172628	0.00151429	0.00130078	0.00108597	0.000870078	0.000653316	0.000435903	0.000218058	0	
0	0.00026167	0.000523068	0.000783928	0.00104399	0.00130299	0.00156066	0.00181675	0.002071	0.00232315	0.00257295	0.00282015	0.0030645	0.00330574	0.00354365	0.00377798	0.0040085	0.00423497	0.00445716	0.00467486	0.00488784	0.00509589	0.00529881	0.00549638	0.00568841	0.00587471	0.00605508	0.00622935	0.00639735	0.0065589	0.00671384	0.00686202	0.00700328	0.00713749	0.00726451	0.00738421	0.00749647	0.00760119	0.00769824	0.00778755	0.00786901	0.00794255	0.00800809	0.00806556	0.00811491	0.00815609	0.00818906	0.00821378	0.00823023	0.0082384	0.00823827	0.00822984	0.00821313	0.00818814	0.00815492	0.00811348	0.00806387	0.00800615	0.00794036	0.00786658	0.00778488	0.00769534	0.00759806	0.00749313	0.00738065	0.00726075	0.00713354	0.00699914	0.00685771	0.00670937	0.00655428	0.00639259	0.00622448	0.0060501	0.00586963	0.00568326	0.00549118	0.00529357	0.00509063	0.00488259	0.00466963	0.00445198	0.00422985	0.00400348	0.00377308	0.00353889	0.00330116	0.00306011	0.00281598	0.00256904	0.00231952	0.00206767	0.00181376	0.00155802	0.00130073	0.00104215	0.000782516	0.000522108	0.000261182	0	
0	0.000304608	0.000608898	0.000912564	0.0012153	0.0015168	0.00181675	0.00211487	0.00241083	0.00270436	0.00299515	0.00328291	0.00356735	0.00384819	0.00412514	0.00439792	0.00466626	0.00492989	0.00518855	0.00544197	0.0056899	0.00593209	0.0061683	0.00639829	0.00662183	0.0068387	0.00704867	0.00725154	0.00744711	0.00763517	0.00781553	0.00798802	0.00815247	0.0083087	0.00845656	0.00859591	0.00872659	0.00884849	0.00896147	0.00906543	0.00916026	0.00924587	0.00932216	0.00938907	0.00944652	0.00949446	0.00953283	0.00956161	0.00958076	0.00959027	0.00959011	0.0095803	0.00956085	0.00953176	0.00949308	0.00944485	0.0093871	0.0093199	0.00924332	0.00915744	0.00906233	0.0089581	0.00884485	0.0087227	0.00859177	0.00845219	0.00830411	0.00814766	0.00798302	0.00781034	0.0076298	0.00744158	0.00724588	0.00704288	0.00683281	0.00661585	0.00639225	0.00616221	0.00592598	0.00568379	0.00543589	0.00518252	0.00492395	0.00466043	0.00439222	0.00411961	0.00384286	0.00356225	0.00327807	0.00299061	0.00270014	0.00240697	0.00211139	0.00181369	0.00151418	0.00121316	0.000910924	0.000607784	0.000304041	0	
0	0.000347236	0.000694111	0.00104027	0.00138538	0.00172907	0.002071	0.00241083	0.00274822	0.00308283	0.00341432	0.00374235	0.0040666	0.00438674	0.00470244	0.0050134	0.00531929	0.00561982	0.00591467	0.00620356	0.00648619	0.00676228	0.00703155	0.00729372	0.00754855	0.00779577	0.00803513	0.00826639	0.00848932	0.0087037	0.0089093	0.00910594	0.00929339	0.00947149	0.00964005	0.00979889	0.00994787	0.0100868	0.0102156	0.0103341	0.0104422	0.0105398	0.0106268	0.0107031	0.0107685	0.0108232	0.0108669	0.0108998	0.0109216	0.0109324	0.0109322	0.0109211	0.0108989	0.0108657	0.0108216	0.0107666	0.0107008	0.0106242	0.0105369	0.010439	0.0103306	0.0102118	0.0100827	0.00994344	0.00979419	0.00963508	0.00946626	0.00928793	0.00910024	0.00890339	0.00869759	0.00848303	0.00825994	0.00802854	0.00778906	0.00754174	0.00728684	0.00702462	0.00675532	0.00647924	0.00619664	0.00590782	0.00561306	0.00531266	0.00500692	0.00469615	0.00438067	0.0040608	0.00373684	0.00340915	0.00307803	0.00274383	0.00240688	0.00206752	0.00172609	0.00138294	0.00103841	0.000692844	0.000346592	0	
0	0.000389513	0.000778621	0.00116693	0.00155405	0.00193959	0.00232315	0.00270436	0.00308283	0.00345818	0.00383002	0.00419799	0.00456172	0.00492084	0.00527498	0.0056238	0.00596694	0.00630406	0.00663481	0.00695887	0.00727591	0.00758562	0.00788767	0.00818177	0.00846762	0.00874494	0.00901344	0.00927286	0.00952294	0.00976341	0.00999406	0.0102146	0.0104249	0.0106247	0.0108138	0.010992	0.0111591	0.0113149	0.0114594	0.0115924	0.0117136	0.0118231	0.0119207	0.0120062	0.0120797	0.012141	0.0121901	0.0122269	0.0122513	0.0122635	0.0122633	0.0122508	0.0122259	0.0121887	0.0121392	0.0120776	0.0120037	0.0119178	0.0118199	0.01171	0.0115884	0.0114551	0.0113103	0.0111541	0.0109867	0.0108082	0.0106188	0.0104188	0.0102082	0.00998744	0.00975658	0.0095159	0.00926564	0.00900606	0.00873743	0.00846	0.00817407	0.00787991	0.00757783	0.00726813	0.00695113	0.00662714	0.00629649	0.00595951	0.00561655	0.00526794	0.00491405	0.00455523	0.00419183	0.00382423	0.0034528	0.00307791	0.00269993	0.00231925	0.00193626	0.00155132	0.00116484	0.000777204	0.000388793	0	
0	0.000431396	0.000862343	0.00129241	0.00172115	0.00214814	0.00257295	0.00299515	0.00341432	0.00383002	0.00424185	0.00464939	0.00505223	0.00544996	0.00584219	0.00622851	0.00660855	0.00698191	0.00734823	0.00770714	0.00805827	0.00840128	0.00873581	0.00906153	0.00937812	0.00968526	0.00998264	0.0102699	0.0105469	0.0108133	0.0110687	0.011313	0.0115459	0.0117671	0.0119766	0.0121739	0.012359	0.0125316	0.0126916	0.0128389	0.0129732	0.0130944	0.0132025	0.0132972	0.0133786	0.0134465	0.0135008	0.0135416	0.0135687	0.0135822	0.013582	0.0135681	0.0135405	0.0134993	0.0134445	0.0133762	0.0132945	0.0131993	0.0130908	0.0129692	0.0128345	0.0126869	0.0125265	0.0123535	0.0121681	0.0119704	0.0117607	0.0115391	0.0113059	0.0110614	0.0108057	0.0105391	0.010262	0.00997448	0.00967696	0.0093697	0.00905302	0.00872723	0.00839267	0.00804967	0.00769858	0.00733975	0.00697355	0.00660034	0.00622049	0.00583441	0.00544246	0.00504505	0.00464258	0.00423546	0.00382408	0.00340888	0.00299026	0.00256865	0.00214446	0.00171814	0.0012901	0.000860777	0.0004306	0	
0	0.000472843	0.000945193	0.00141657	0.00188651	0.00235453	0.00282015	0.00328291	0.00374235	0.00419799	0.00464939	0.00509608	0.00553763	0.00597357	0.00640348	0.00682692	0.00724347	0.00765271	0.00805422	0.00844761	0.00883248	0.00920844	0.00957512	0.00993213	0.0102791	0.0106158	0.0109417	0.0112567	0.0115602	0.0118522	0.0121321	0.0123999	0.0126552	0.0128977	0.0131272	0.0133435	0.0135464	0.0137356	0.013911	0.0140724	0.0142196	0.0143525	0.0144709	0.0145748	0.014664	0.0147384	0.014798	0.0148426	0.0148724	0.0148871	0.0148869	0.0148717	0.0148415	0.0147963	0.0147363	0.0146614	0.0145718	0.0144674	0.0143486	0.0142152	0.0140676	0.0139058	0.01373	0.0135404	0.0133372	0.0131205	0.0128906	0.0126478	0.0123922	0.0121241	0.0118439	0.0115517	0.0112479	0.0109328	0.0106067	0.0102699	0.00992282	0.00956573	0.00919903	0.00882307	0.00843825	0.00804495	0.00764356	0.00723449	0.00681815	0.00639497	0.00596537	0.00552978	0.00508864	0.00464239	0.0041915	0.0037364	0.00327756	0.00281544	0.0023505	0.00188322	0.00141405	0.000943481	0.000471972	0	
0	0.000513811	0.00102709	0.00153931	0.00204996	0.00255853	0.0030645	0.00356735	0.0040666	0.00456172	0.00505223	0.00553763	0.00601742	0.00649114	0.0069583	0.00741843	0.00787107	0.00831577	0.00875207	0.00917955	0.00959776	0.0100063	0.0104047	0.0107927	0.0111698	0.0115356	0.0118898	0.012232	0.0125619	0.0128791	0.0131833	0.0134743	0.0137517	0.0140152	0.0142646	0.0144997	0.0147201	0.0149257	0.0151163	0.0152917	0.0154517	0.0155961	0.0157247	0.0158376	0.0159345	0.0160154	0.0160801	0.0161287	0.016161	0.016177	0.0161768	0.0161602	0.0161274	0.0160783	0.0160131	0.0159317	0.0158343	0.015721	0.0155918	0.0154469	0.0152865	0.0151107	0.0149197	0.0147136	0.0144928	0.0142573	0.0140075	0.0137436	0.0134659	0.0131746	0.0128701	0.0125526	0.0122225	0.0118801	0.0115257	0.0111598	0.0107826	0.0103946	0.00999609	0.00958756	0.00916939	0.00874201	0.00830584	0.00786133	0.00740892	0.00694907	0.00648224	0.00600891	0.00552955	0.00504464	0.00455468	0.00406015	0.00356155	0.00305939	0.00255417	0.00204639	0.00153658	0.00102523	0.000512867	0	
0	0.00055426	0.00110794	0.00166049	0.00221134	0.00275995	0.00330574	0.00384819	0.00438674	0.00492084	0.00544996	0.00597357	0.00649114	0.00700215	0.00750609	0.00800244	0.00849072	0.00897042	0.00944107	0.0099022	0.0103533	0.010794	0.0112239	0.0116423	0.0120491	0.0124437	0.0128258	0.0131949	0.0135508	0.013893	0.0142212	0.014535	0.0148343	0.0151186	0.0153876	0.0156412	0.015879	0.0161008	0.0163064	0.0164955	0.0166681	0.0168239	0.0169627	0.0170844	0.017189	0.0172762	0.017346	0.0173984	0.0174333	0.0174506	0.0174503	0.0174324	0.017397	0.0173441	0.0172737	0.017186	0.0170809	0.0169586	0.0168193	0.016663	0.0164899	0.0163003	0.0160942	0.015872	0.0156337	0.0153797	0.0151103	0.0148256	0.014526	0.0142118	0.0138833	0.0135408	0.0131847	0.0128154	0.0124331	0.0120383	0.0116315	0.0112129	0.010783	0.0103424	0.00989127	0.00943024	0.00895974	0.00848023	0.0079922	0.00749615	0.00699257	0.00648198	0.00596488	0.0054418	0.00491326	0.00437979	0.00384194	0.00330025	0.00275525	0.0022075	0.00165755	0.00110595	0.000553244	0	
0	0.000594149	0.00118768	0.00177999	0.00237049	0.00295857	0.00354365	0.00412514	0.00470244	0.00527498	0.00584219	0.00640348	0.0069583	0.00750609	0.00804629	0.00857837	0.00910178	0.00961601	0.0101205	0.0106149	0.0110985	0.0115709	0.0120316	0.0124802	0.0129163	0.0133393	0.0137489	0.0141446	0.014526	0.0148929	0.0152447	0.0155811	0.0159019	0.0162066	0.0164951	0.0167669	0.0170218	0.0172595	0.0174799	0.0176827	0.0178677	0.0180347	0.0181835	0.018314	0.0184261	0.0185196	0.0185944	0.0186506	0.0186879	0.0187065	0.0187062	0.0186871	0.0186491	0.0185924	0.0185169	0.0184229	0.0183102	0.0181791	0.0180298	0.0178622	0.0176767	0.0174734	0.0172525	0.0170143	0.0167589	0.0164866	0.0161978	0.0158926	0.0155715	0.0152347	0.0148825	0.0145154	0.0141337	0.0137377	0.0133279	0.0129048	0.0124686	0.0120199	0.0115591	0.0110867	0.0106032	0.0101089	0.00960458	0.00909056	0.00856742	0.00803566	0.00749584	0.0069485	0.00639418	0.00583345	0.00526687	0.00469502	0.00411846	0.00353777	0.00295355	0.00236638	0.00177685	0.00118554	0.000593063	0	
0	0.000633437	0.00126622	0.0018977	0.00252724	0.00315421	0.00377798	0.00439792	0.0050134	0.0056238	0.00622851	0.00682692	0.00741843	0.00800244	0.00857837	0.00914563	0.00970366	0.0102519	0.0107898	0.0113168	0.0118324	0.012336	0.0128272	0.0133055	0.0137704	0.0142214	0.014658	0.0150799	0.0154866	0.0158777	0.0162528	0.0166115	0.0169535	0.0172784	0.0175858	0.0178756	0.0181474	0.0184009	0.0186359	0.018852	0.0190493	0.0192273	0.0193859	0.0195251	0.0196446	0.0197442	0.0198241	0.0198839	0.0199237	0.0199435	0.0199432	0.0199228	0.0198823	0.0198219	0.0197414	0.0196411	0.019521	0.0193813	0.0192221	0.0190435	0.0188457	0.0186289	0.0183934	0.0181394	0.0178671	0.0175769	0.0172689	0.0169436	0.0166012	0.0162421	0.0158667	0.0154753	0.0150683	0.0146462	0.0142093	0.0137581	0.0132931	0.0128148	0.0123235	0.0118199	0.0113043	0.0107775	0.0102397	0.00969172	0.00913398	0.00856706	0.00799154	0.007408	0.00681703	0.00621922	0.00561517	0.0050055	0.00439081	0.00377173	0.00314887	0.00252287	0.00189435	0.00126394	0.000632282	0	
0	0.000672087	0.00134347	0.00201348	0.00268144	0.00334667	0.0040085	0.00466626	0.00531929	0.00596694	0.00660855	0.00724347	0.00787107	0.00849072	0.00910178	0.00970366	0.0102957	0.0108774	0.0114481	0.0120073	0.0125543	0.0130887	0.0136099	0.0141174	0.0146106	0.0150891	0.0155524	0.016	0.0164315	0.0168465	0.0172445	0.0176251	0.0179879	0.0183326	0.0186589	0.0189663	0.0192547	0.0195237	0.019773	0.0200023	0.0202116	0.0204005	0.0205688	0.0207164	0.0208432	0.020949	0.0210337	0.0210972	0.0211394	0.0211604	0.0211601	0.0211384	0.0210955	0.0210313	0.020946	0.0208396	0.0207122	0.0205639	0.0203949	0.0202054	0.0199956	0.0197656	0.0195158	0.0192462	0.0189574	0.0186494	0.0183226	0.0179775	0.0176142	0.0172332	0.0168348	0.0164196	0.0159877	0.0155399	0.0150763	0.0145976	0.0141043	0.0135967	0.0130755	0.0125411	0.0119941	0.0114351	0.0108645	0.0102831	0.00969132	0.00908981	0.00847918	0.00786003	0.007233	0.00659871	0.00595781	0.00531093	0.00465874	0.00400188	0.00334102	0.00267682	0.00200994	0.00134107	0.000670864	0	
0	0.000710057	0.00141938	0.00212724	0.00283293	0.00353575	0.00423497	0.00492989	0.00561982	0.00630406	0.00698191	0.00765271	0.00831577	0.00897042	0.00961601	0.0102519	0.0108774	0.011492	0.0120949	0.0126857	0.0132636	0.0138282	0.0143789	0.014915	0.0154361	0.0159416	0.0164311	0.016904	0.0173599	0.0177983	0.0182187	0.0186208	0.0190042	0.0193684	0.0197131	0.0200379	0.0203426	0.0206267	0.0208901	0.0211324	0.0213535	0.0215531	0.0217309	0.0218869	0.0220208	0.0221326	0.0222221	0.0222891	0.0223338	0.0223559	0.0223556	0.0223327	0.0222874	0.0222196	0.0221294	0.022017	0.0218824	0.0217258	0.0215472	0.021347	0.0211253	0.0208824	0.0206184	0.0203337	0.0200284	0.0197031	0.0193579	0.0189932	0.0186094	0.0182069	0.017786	0.0173473	0.0168911	0.0164179	0.0159281	0.0154224	0.0149012	0.0143649	0.0138142	0.0132497	0.0126718	0.0120812	0.0114784	0.0108641	0.0102389	0.00960339	0.00895825	0.00830413	0.00764167	0.00697154	0.00629443	0.005611	0.00492196	0.00422799	0.00352979	0.00282806	0.00212351	0.00141684	0.000708768	0	
0	0.000747312	0.00149385	0.00223885	0.00298157	0.00372125	0.00445716	0.00518855	0.00591467	0.00663481	0.00734823	0.00805422	0.00875207	0.00944107	0.0101205	0.0107898	0.0114481	0.0120949	0.0127295	0.0133513	0.0139595	0.0145537	0.0151333	0.0156975	0.016246	0.0167781	0.0172932	0.0177909	0.0182707	0.0187321	0.0191746	0.0195978	0.0200013	0.0203846	0.0207474	0.0210893	0.0214099	0.021709	0.0219862	0.0222412	0.0224739	0.0226839	0.0228711	0.0230353	0.0231762	0.0232938	0.023388	0.0234586	0.0235056	0.0235289	0.0235286	0.0235045	0.0234568	0.0233854	0.0232905	0.0231722	0.0230305	0.0228657	0.0226778	0.0224671	0.0222338	0.0219781	0.0217002	0.0214005	0.0210793	0.0207369	0.0203736	0.0199897	0.0195858	0.0191622	0.0187192	0.0182575	0.0177773	0.0172793	0.0167639	0.0162316	0.015683	0.0151186	0.0145391	0.0139449	0.0133367	0.0127151	0.0120807	0.0114341	0.0107761	0.0101073	0.00942829	0.00873985	0.00804263	0.00733734	0.0066247	0.00590541	0.00518022	0.00444983	0.003715	0.00297645	0.00223493	0.00149118	0.000745958	0	
0	0.000783812	0.00156681	0.0023482	0.0031272	0.00390301	0.00467486	0.00544197	0.00620356	0.00695887	0.00770714	0.00844761	0.00917955	0.0099022	0.0106149	0.0113168	0.0120073	0.0126857	0.0133513	0.0140034	0.0146414	0.0152646	0.0158724	0.0164643	0.0170395	0.0175975	0.0181379	0.0186599	0.0191631	0.0196471	0.0201112	0.0205551	0.0209782	0.0213803	0.0217608	0.0221193	0.0224556	0.0227693	0.0230601	0.0233276	0.0235716	0.0237919	0.0239882	0.0241604	0.0243082	0.0244316	0.0245304	0.0246044	0.0246537	0.0246782	0.0246778	0.0246526	0.0246025	0.0245277	0.0244282	0.024304	0.0241554	0.0239825	0.0237855	0.0235645	0.0233198	0.0230516	0.0227602	0.0224458	0.0221089	0.0217498	0.0213687	0.0209661	0.0205425	0.0200981	0.0196336	0.0191492	0.0186456	0.0181233	0.0175827	0.0170244	0.0164491	0.0158571	0.0152492	0.014626	0.0139881	0.0133361	0.0126707	0.0119926	0.0113025	0.010601	0.00988882	0.00916675	0.00843547	0.00769574	0.00694828	0.00619387	0.00543325	0.00466719	0.00389646	0.00312184	0.0023441	0.00156402	0.000782395	0	
0	0.000819521	0.00163819	0.00245518	0.00326967	0.00408083	0.00488784	0.0056899	0.00648619	0.00727591	0.00805827	0.00883248	0.00959776	0.0103533	0.0110985	0.0118324	0.0125543	0.0132636	0.0139595	0.0146414	0.0153084	0.0159601	0.0165956	0.0172144	0.0178158	0.0183993	0.0189642	0.0195101	0.0200362	0.0205422	0.0210275	0.0214916	0.021934	0.0223544	0.0227522	0.0231271	0.0234787	0.0238067	0.0241107	0.0243904	0.0246455	0.0248759	0.0250811	0.0252612	0.0254157	0.0255447	0.025648	0.0257254	0.025777	0.0258025	0.0258021	0.0257758	0.0257234	0.0256452	0.0255411	0.0254114	0.025256	0.0250752	0.0248692	0.0246381	0.0243822	0.0241018	0.0237971	0.0234685	0.0231162	0.0227407	0.0223423	0.0219214	0.0214784	0.0210138	0.0205281	0.0200217	0.0194952	0.018949	0.0183838	0.0178001	0.0171985	0.0165796	0.015944	0.0152924	0.0146254	0.0139437	0.0132481	0.012539	0.0118174	0.011084	0.0103394	0.00958441	0.00881981	0.00804637	0.00726487	0.00647608	0.0056808	0.00487984	0.00407399	0.00326407	0.0024509	0.00163528	0.000818043	0	
0	0.000854404	0.00170792	0.00255969	0.00340884	0.00425453	0.00509589	0.00593209	0.00676228	0.00758562	0.00840128	0.00920844	0.0100063	0.010794	0.0115709	0.012336	0.0130887	0.0138282	0.0145537	0.0152646	0.0159601	0.0166394	0.017302	0.0179471	0.0185742	0.0191825	0.0197715	0.0203405	0.0208891	0.0214166	0.0219225	0.0224064	0.0228677	0.0233059	0.0237207	0.0241115	0.0244781	0.0248201	0.025137	0.0254286	0.0256946	0.0259348	0.0261488	0.0263364	0.0264976	0.0266321	0.0267397	0.0268205	0.0268742	0.0269009	0.0269005	0.026873	0.0268184	0.0267368	0.0266283	0.026493	0.0263311	0.0261426	0.0259278	0.0256869	0.0254201	0.0251278	0.0248101	0.0244675	0.0241002	0.0237087	0.0232933	0.0228545	0.0223927	0.0219083	0.0214019	0.020874	0.020325	0.0197556	0.0191664	0.0185578	0.0179306	0.0172854	0.0166227	0.0159434	0.015248	0.0145373	0.013812	0.0130728	0.0123205	0.0115558	0.0107795	0.0099924	0.00919526	0.0083889	0.00757412	0.00675175	0.00592262	0.00508757	0.00424742	0.00340302	0.00255523	0.0017049	0.000852867	0	
0	0.000888426	0.00177593	0.00266161	0.00354458	0.00442394	0.00529881	0.0061683	0.00703155	0.00788767	0.00873581	0.00957512	0.0104047	0.0112239	0.0120316	0.0128272	0.0136099	0.0143789	0.0151333	0.0158724	0.0165956	0.017302	0.0179909	0.0186618	0.0193138	0.0199463	0.0205588	0.0211505	0.0217209	0.0222694	0.0227955	0.0232986	0.0237783	0.024234	0.0246652	0.0250717	0.0254529	0.0258084	0.026138	0.0264412	0.0267178	0.0269675	0.02719	0.0273852	0.0275528	0.0276926	0.0278045	0.0278885	0.0279444	0.0279721	0.0279717	0.0279431	0.0278863	0.0278015	0.0276887	0.027548	0.0273796	0.0271836	0.0269603	0.0267098	0.0264324	0.0261284	0.0257981	0.0254418	0.0250599	0.0246528	0.0242209	0.0237646	0.0232844	0.0227808	0.0222542	0.0217052	0.0211344	0.0205423	0.0199296	0.0192968	0.0186446	0.0179737	0.0172847	0.0165783	0.0158552	0.0151162	0.014362	0.0135934	0.0128111	0.012016	0.0112088	0.0103903	0.00956143	0.00872296	0.00787574	0.00702062	0.00615848	0.00529016	0.00441656	0.00353854	0.00265699	0.00177279	0.00088683	0	
0	0.000921551	0.00184214	0.00276085	0.00367674	0.00458889	0.00549638	0.00639829	0.00729372	0.00818177	0.00906153	0.00993213	0.0107927	0.0116423	0.0124802	0.0133055	0.0141174	0.014915	0.0156975	0.0164643	0.0172144	0.0179471	0.0186618	0.0193576	0.0200339	0.0206901	0.0213253	0.0219391	0.0225308	0.0230998	0.0236455	0.0241673	0.0246649	0.0251376	0.0255849	0.0260065	0.0264019	0.0267707	0.0271126	0.0274271	0.027714	0.027973	0.0282039	0.0284063	0.0285801	0.0287252	0.0288413	0.0289284	0.0289863	0.0290151	0.0290147	0.028985	0.0289261	0.0288382	0.0287212	0.0285752	0.0284005	0.0281972	0.0279655	0.0277057	0.027418	0.0271027	0.02676	0.0263905	0.0259944	0.0255721	0.0251241	0.0246508	0.0241526	0.0236302	0.023084	0.0225146	0.0219225	0.0213083	0.0206727	0.0200164	0.0193399	0.0186439	0.0179292	0.0171964	0.0164464	0.0156799	0.0148976	0.0141003	0.0132888	0.012464	0.0116267	0.0107778	0.00991797	0.00904823	0.00816942	0.00728242	0.00638812	0.00548743	0.00458125	0.00367049	0.00275606	0.00183889	0.000919899	0	
0	0.000953748	0.0019065	0.00285731	0.0038052	0.00474921	0.00568841	0.00662183	0.00754855	0.00846762	0.00937812	0.0102791	0.0111698	0.0120491	0.0129163	0.0137704	0.0146106	0.0154361	0.016246	0.0170395	0.0178158	0.0185742	0.0193138	0.0200339	0.0207339	0.0214129	0.0220704	0.0227056	0.023318	0.0239068	0.0244716	0.0250117	0.0255266	0.0260158	0.0264788	0.0269152	0.0273244	0.0277061	0.0280599	0.0283854	0.0286823	0.0289504	0.0291893	0.0293988	0.0295787	0.0297288	0.029849	0.0299391	0.0299991	0.0300289	0.0300284	0.0299977	0.0299368	0.0298457	0.0297246	0.0295736	0.0293928	0.0291824	0.0289426	0.0286737	0.028376	0.0280496	0.027695	0.0273126	0.0269026	0.0264656	0.0260019	0.025512	0.0249965	0.0244558	0.0238905	0.0233012	0.0226884	0.0220528	0.021395	0.0207157	0.0200156	0.0192953	0.0185556	0.0177973	0.0170211	0.0162277	0.0154181	0.0145929	0.0137531	0.0128995	0.012033	0.0111543	0.0102645	0.00936438	0.00845486	0.00753687	0.00661133	0.00567917	0.00474132	0.00379874	0.00285236	0.00190315	0.000952041	0	
0	0.000984983	0.00196894	0.00295088	0.00392982	0.00490475	0.00587471	0.0068387	0.00779577	0.00874494	0.00968526	0.0106158	0.0115356	0.0124437	0.0133393	0.0142214	0.0150891	0.0159416	0.0167781	0.0175975	0.0183993	0.0191825	0.0199463	0.0206901	0.0214129	0.0221142	0.0227932	0.0234493	0.0240817	0.0246898	0.0252731	0.0258309	0.0263627	0.0268679	0.027346	0.0277967	0.0282193	0.0286135	0.0289789	0.029315	0.0296217	0.0298985	0.0301453	0.0303616	0.0305474	0.0307025	0.0308266	0.0309197	0.0309816	0.0310124	0.0310119	0.0309802	0.0309173	0.0308232	0.0306982	0.0305422	0.0303555	0.0301382	0.0298906	0.0296129	0.0293053	0.0289683	0.0286021	0.0282071	0.0277837	0.0273324	0.0268535	0.0263476	0.0258152	0.0252568	0.024673	0.0240644	0.0234315	0.0227751	0.0220958	0.0213942	0.0206712	0.0199273	0.0191634	0.0183802	0.0175786	0.0167592	0.0159231	0.0150709	0.0142036	0.013322	0.0124271	0.0115197	0.0106007	0.00967109	0.00873179	0.00778373	0.00682787	0.00586518	0.00489662	0.00392316	0.00294579	0.00196548	0.000983224	0	
0	0.00101523	0.0020294	0.00304149	0.00405048	0.00505535	0.00605508	0.00704867	0.00803513	0.00901344	0.00998264	0.0109417	0.0118898	0.0128258	0.0137489	0.014658	0.0155524	0.0164311	0.0172932	0.0181379	0.0189642	0.0197715	0.0205588	0.0213253	0.0220704	0.0227932	0.0234931	0.0241693	0.0248211	0.0254479	0.0260491	0.026624	0.0271721	0.0276929	0.0281857	0.0286502	0.0290857	0.029492	0.0298686	0.0302152	0.0305312	0.0308166	0.0310709	0.0312939	0.0314854	0.0316452	0.0317731	0.0318691	0.0319329	0.0319646	0.0319641	0.0319314	0.0318666	0.0317697	0.0316408	0.03148	0.0312876	0.0310636	0.0308084	0.0305221	0.0302052	0.0298578	0.0294803	0.0290732	0.0286368	0.0281716	0.0276781	0.0271566	0.0266079	0.0260324	0.0254306	0.0248033	0.024151	0.0234745	0.0227743	0.0220512	0.0213059	0.0205392	0.0197518	0.0189446	0.0181183	0.0172738	0.016412	0.0155337	0.0146397	0.0137311	0.0128087	0.0118734	0.0109262	0.00996806	0.00899991	0.00802274	0.00703753	0.00604528	0.00504697	0.00404363	0.00303624	0.00202584	0.00101342	0	
0	0.00104444	0.0020878	0.00312902	0.00416705	0.00520084	0.00622935	0.00725154	0.00826639	0.00927286	0.0102699	0.0112567	0.012232	0.0131949	0.0141446	0.0150799	0.016	0.016904	0.0177909	0.0186599	0.0195101	0.0203405	0.0211505	0.0219391	0.0227056	0.0234493	0.0241693	0.0248649	0.0255355	0.0261804	0.0267988	0.0273903	0.0279542	0.0284899	0.028997	0.0294748	0.0299229	0.0303409	0.0307283	0.0310848	0.03141	0.0317036	0.0319652	0.0321946	0.0323916	0.032556	0.0326876	0.0327863	0.032852	0.0328846	0.0328841	0.0328505	0.0327838	0.0326841	0.0325515	0.0323861	0.0321881	0.0319577	0.0316951	0.0314007	0.0310746	0.0307172	0.0303289	0.02991	0.0294611	0.0289825	0.0284747	0.0279383	0.0273737	0.0267817	0.0261626	0.0255172	0.0248462	0.0241501	0.0234298	0.0226859	0.0219191	0.0211304	0.0203203	0.0194899	0.0186398	0.017771	0.0168844	0.0159808	0.0150611	0.0141263	0.0131774	0.0122152	0.0112407	0.010255	0.00925896	0.00825367	0.0072401	0.00621928	0.00519225	0.00416002	0.00312364	0.00208415	0.00104259	0	
0	0.00107261	0.00214411	0.00321341	0.00427943	0.0053411	0.00639735	0.00744711	0.00848932	0.00952294	0.0105469	0.0115602	0.0125619	0.0135508	0.014526	0.0154866	0.0164315	0.0173599	0.0182707	0.0191631	0.0200362	0.0208891	0.0217209	0.0225308	0.023318	0.0240817	0.0248211	0.0255355	0.0262242	0.0268864	0.0275216	0.028129	0.0287081	0.0292583	0.029779	0.0302697	0.0307299	0.0311592	0.0315571	0.0319232	0.0322571	0.0325586	0.0328273	0.0330629	0.0332652	0.0334341	0.0335692	0.0336706	0.033738	0.0337715	0.033771	0.0337365	0.033668	0.0335656	0.0334294	0.0332596	0.0330562	0.0328196	0.03255	0.0322475	0.0319126	0.0315456	0.0311468	0.0307167	0.0302557	0.0297642	0.0292427	0.0286918	0.028112	0.027504	0.0268682	0.0262054	0.0255163	0.0248015	0.0240617	0.0232977	0.0225103	0.0217003	0.0208684	0.0200155	0.0191426	0.0182503	0.0173398	0.0164118	0.0154673	0.0145073	0.0135328	0.0125446	0.0115439	0.0105316	0.00950869	0.00847628	0.00743537	0.00638703	0.00533229	0.00427222	0.00320789	0.00214036	0.00107071	0	
0	0.0010997	0.00219825	0.00329455	0.0043875	0.00547598	0.0065589	0.00763517	0.0087037	0.00976341	0.0108133	0.0118522	0.0128791	0.013893	0.0148929	0.0158777	0.0168465	0.0177983	0.0187321	0.0196471	0.0205422	0.0214166	0.0222694	0.0230998	0.0239068	0.0246898	0.0254479	0.0261804	0.0268864	0.0275654	0.0282166	0.0288394	0.0294331	0.0299972	0.030531	0.0310341	0.0315059	0.0319461	0.032354	0.0327293	0.0330717	0.0333808	0.0336563	0.0338979	0.0341053	0.0342784	0.034417	0.0345209	0.0345901	0.0346244	0.0346239	0.0345885	0.0345182	0.0344133	0.0342736	0.0340995	0.033891	0.0336484	0.033372	0.0330619	0.0327186	0.0323423	0.0319334	0.0314924	0.0310198	0.0305158	0.0299812	0.0294164	0.028822	0.0281986	0.0275468	0.0268672	0.0261607	0.0254278	0.0246694	0.0238861	0.0230788	0.0222483	0.0213954	0.020521	0.019626	0.0187113	0.0177777	0.0168263	0.015858	0.0148737	0.0138745	0.0128614	0.0118354	0.0107975	0.00974883	0.00869035	0.00762316	0.00654833	0.00546696	0.00438012	0.00328891	0.00219442	0.00109775	0	
0	0.00112568	0.00225018	0.00337238	0.00449114	0.00560534	0.00671384	0.00781553	0.0089093	0.00999406	0.0110687	0.0121321	0.0131833	0.0142212	0.0152447	0.0162528	0.0172445	0.0182187	0.0191746	0.0201112	0.0210275	0.0219225	0.0227955	0.0236455	0.0244716	0.0252731	0.0260491	0.0267988	0.0275216	0.0282166	0.0288832	0.0295207	0.0301284	0.0307058	0.0312523	0.0317673	0.0322502	0.0327008	0.0331183	0.0335025	0.033853	0.0341694	0.0344514	0.0346987	0.034911	0.0350882	0.03523	0.0353364	0.0354072	0.0354424	0.0354418	0.0354056	0.0353337	0.0352263	0.0350833	0.0349051	0.0346917	0.0344434	0.0341604	0.033843	0.0334915	0.0331064	0.0326879	0.0322364	0.0317526	0.0312368	0.0306895	0.0301114	0.0295029	0.0288647	0.0281976	0.027502	0.0267787	0.0260286	0.0252522	0.0244504	0.023624	0.0227739	0.0219009	0.0210058	0.0200897	0.0191533	0.0181977	0.0172238	0.0162326	0.0152251	0.0142023	0.0131653	0.012115	0.0110526	0.00997915	0.00889566	0.00780326	0.00670304	0.00559612	0.0044836	0.00336661	0.00224626	0.00112368	0	
0	0.00115052	0.00229984	0.00344681	0.00459026	0.00572905	0.00686202	0.00798802	0.00910594	0.0102146	0.011313	0.0123999	0.0134743	0.014535	0.0155811	0.0166115	0.0176251	0.0186208	0.0195978	0.0205551	0.0214916	0.0224064	0.0232986	0.0241673	0.0250117	0.0258309	0.026624	0.0273903	0.028129	0.0288394	0.0295207	0.0301722	0.0307934	0.0313835	0.031942	0.0324684	0.032962	0.0334225	0.0338493	0.034242	0.0346002	0.0349236	0.0352118	0.0354645	0.0356815	0.0358626	0.0360076	0.0361164	0.0361887	0.0362246	0.0362241	0.0361871	0.0361136	0.0360038	0.0358577	0.0356755	0.0354574	0.0352036	0.0349144	0.03459	0.0342308	0.0338371	0.0334093	0.032948	0.0324534	0.0319262	0.0313669	0.030776	0.0301541	0.0295019	0.0288199	0.028109	0.0273698	0.0266031	0.0258096	0.0249901	0.0241455	0.0232766	0.0223843	0.0214695	0.0205331	0.0195761	0.0185994	0.017604	0.0165909	0.0155612	0.0145158	0.0134559	0.0123825	0.0112966	0.0101994	0.00909202	0.0079755	0.006851	0.00571964	0.00458257	0.00344092	0.00229584	0.00114849	0	
0	0.0011742	0.00234719	0.00351777	0.00468476	0.00584699	0.00700328	0.00815247	0.00929339	0.0104249	0.0115459	0.0126552	0.0137517	0.0148343	0.0159019	0.0169535	0.0179879	0.0190042	0.0200013	0.0209782	0.021934	0.0228677	0.0237783	0.0246649	0.0255266	0.0263627	0.0271721	0.0279542	0.0287081	0.0294331	0.0301284	0.0307934	0.0314273	0.0320296	0.0325996	0.0331368	0.0336406	0.0341106	0.0345462	0.0349469	0.0353125	0.0356426	0.0359367	0.0361946	0.0364161	0.036601	0.0367489	0.0368599	0.0369338	0.0369704	0.0369698	0.0369321	0.0368571	0.036745	0.0365959	0.03641	0.0361874	0.0359284	0.0356332	0.0353021	0.0349355	0.0345337	0.0340972	0.0336263	0.0331216	0.0325835	0.0320127	0.0314096	0.0307749	0.0301092	0.0294133	0.0286877	0.0279333	0.0271508	0.0263409	0.0255046	0.0246426	0.0237558	0.0228452	0.0219115	0.0209559	0.0199791	0.0189823	0.0179664	0.0169325	0.0158816	0.0148147	0.0137329	0.0126374	0.0115292	0.0104094	0.00927921	0.00813971	0.00699205	0.00583741	0.00467692	0.00351177	0.00234311	0.00117213	0	
0	0.00119671	0.00239217	0.00358518	0.00477454	0.00595904	0.00713749	0.0083087	0.00947149	0.0106247	0.0117671	0.0128977	0.0140152	0.0151186	0.0162066	0.0172784	0.0183326	0.0193684	0.0203846	0.0213803	0.0223544	0.0233059	0.024234	0.0251376	0.0260158	0.0268679	0.0276929	0.0284899	0.0292583	0.0299972	0.0307058	0.0313835	0.0320296	0.0326434	0.0332244	0.0337719	0.0342854	0.0347643	0.0352082	0.0356167	0.0359893	0.0363256	0.0366254	0.0368883	0.0371141	0.0373024	0.0374532	0.0375663	0.0376416	0.037679	0.0376784	0.0376399	0.0375635	0.0374492	0.0372973	0.0371078	0.0368809	0.0366169	0.0363161	0.0359787	0.035605	0.0351956	0.0347507	0.0342708	0.0337564	0.033208	0.0326262	0.0320116	0.0313647	0.0306863	0.029977	0.0292375	0.0284687	0.0276711	0.0268458	0.0259934	0.0251149	0.0242111	0.023283	0.0223315	0.0213575	0.020362	0.0193461	0.0183108	0.017257	0.016186	0.0150986	0.0139961	0.0128796	0.0117502	0.0106089	0.00945706	0.00829572	0.00712607	0.00594929	0.00476656	0.00357907	0.00238802	0.0011946	0	
0	0.001218	0.00243474	0.00364898	0.00485951	0.00606509	0.00726451	0.00845656	0.00964005	0.0108138	0.0119766	0.0131272	0.0142646	0.0153876	0.0164951	0.0175858	0.0186589	0.0197131	0.0207474	0.0217608	0.0227522	0.0237207	0.0246652	0.0255849	0.0264788	0.027346	0.0281857	0.028997	0.029779	0.030531	0.0312523	0.031942	0.0325996	0.0332244	0.0338157	0.0343729	0.0348955	0.035383	0.0358348	0.0362506	0.0366298	0.0369721	0.0372772	0.0375448	0.0377746	0.0379663	0.0381198	0.0382349	0.0383115	0.0383495	0.038349	0.0383098	0.038232	0.0381157	0.0379611	0.0377682	0.0375373	0.0372686	0.0369624	0.036619	0.0362387	0.035822	0.0353691	0.0348807	0.0343572	0.033799	0.0332069	0.0325813	0.0319229	0.0312325	0.0305105	0.0297579	0.0289753	0.0281636	0.0273236	0.026456	0.0255619	0.024642	0.0236974	0.0227289	0.0217376	0.0207244	0.0196905	0.0186367	0.0175642	0.016474	0.0153674	0.0142453	0.0131089	0.0119593	0.0107978	0.00962538	0.00844337	0.0072529	0.00605518	0.0048514	0.00364278	0.00243053	0.00121586	0	
0	0.00123807	0.00247486	0.00370911	0.00493958	0.00616502	0.00738421	0.00859591	0.00979889	0.010992	0.0121739	0.0133435	0.0144997	0.0156412	0.0167669	0.0178756	0.0189663	0.0200379	0.0210893	0.0221193	0.0231271	0.0241115	0.0250717	0.0260065	0.0269152	0.0277967	0.0286502	0.0294748	0.0302697	0.0310341	0.0317673	0.0324684	0.0331368	0.0337719	0.0343729	0.0349393	0.0354706	0.0359661	0.0364253	0.0368479	0.0372334	0.0375814	0.0378915	0.0381635	0.0383971	0.0385919	0.038748	0.038865	0.0389428	0.0389815	0.0389809	0.0389411	0.038862	0.0387438	0.0385866	0.0383906	0.0381559	0.0378828	0.0375715	0.0372225	0.0368359	0.0364123	0.035952	0.0354555	0.0349233	0.034356	0.0337541	0.0331182	0.032449	0.0317471	0.0310133	0.0302483	0.0294528	0.0286277	0.0277739	0.026892	0.0259831	0.0250481	0.0240879	0.0231035	0.0220958	0.021066	0.020015	0.0189438	0.0178536	0.0167455	0.0156206	0.01448	0.0133249	0.0121564	0.0109757	0.00978401	0.00858252	0.00737243	0.00615497	0.00493135	0.00370281	0.00247058	0.0012359	0	
0	0.00125689	0.00251248	0.0037655	0.00501468	0.00625875	0.00749647	0.00872659	0.00994787	0.0111591	0.012359	0.0135464	0.0147201	0.015879	0.0170218	0.0181474	0.0192547	0.0203426	0.0214099	0.0224556	0.0234787	0.0244781	0.0254529	0.0264019	0.0273244	0.0282193	0.0290857	0.0299229	0.0307299	0.0315059	0.0322502	0.032962	0.0336406	0.0342854	0.0348955	0.0354706	0.0360099	0.0365129	0.0369792	0.0374082	0.0377995	0.0381528	0.0384676	0.0387438	0.0389809	0.0391787	0.0393371	0.0394559	0.0395349	0.0395742	0.0395736	0.0395331	0.0394529	0.0393329	0.0391733	0.0389743	0.038736	0.0384588	0.0381428	0.0377884	0.037396	0.0369659	0.0364986	0.0359946	0.0354543	0.0348784	0.0342673	0.0336218	0.0329424	0.0322299	0.0314849	0.0307082	0.0299007	0.029063	0.0281962	0.0273009	0.0263782	0.025429	0.0244542	0.0234548	0.0224318	0.0213863	0.0203193	0.0192319	0.0181251	0.0170002	0.0158581	0.0147002	0.0135275	0.0123412	0.0111426	0.00993278	0.00871302	0.00748453	0.00624856	0.00500634	0.00375912	0.00250815	0.00125469	0	
0	0.00127445	0.00254758	0.0038181	0.00508472	0.00634618	0.00760119	0.00884849	0.0100868	0.0113149	0.0125316	0.0137356	0.0149257	0.0161008	0.0172595	0.0184009	0.0195237	0.0206267	0.021709	0.0227693	0.0238067	0.0248201	0.0258084	0.0267707	0.0277061	0.0286135	0.029492	0.0303409	0.0311592	0.0319461	0.0327008	0.0334225	0.0341106	0.0347643	0.035383	0.0359661	0.0365129	0.037023	0.0374957	0.0379307	0.0383275	0.0386858	0.039005	0.039285	0.0395254	0.039726	0.0398866	0.0400071	0.0400872	0.040127	0.0401264	0.0400854	0.040004	0.0398824	0.0397206	0.0395188	0.0392772	0.038996	0.0386756	0.0383163	0.0379184	0.0374823	0.0370085	0.0364974	0.0359496	0.0353656	0.0347461	0.0340915	0.0334026	0.0326801	0.0319247	0.0311372	0.0303184	0.0294691	0.0285901	0.0276823	0.0267467	0.0257842	0.0247958	0.0237825	0.0227452	0.0216851	0.0206032	0.0195005	0.0183783	0.0172377	0.0160797	0.0149056	0.0137165	0.0125136	0.0112983	0.0100715	0.00883475	0.0075891	0.00633586	0.00507628	0.00381163	0.00254319	0.00127222	0	
0	0.00129072	0.00258011	0.00386685	0.00514965	0.00642721	0.00769824	0.00896147	0.0102156	0.0114594	0.0126916	0.013911	0.0151163	0.0163064	0.0174799	0.0186359	0.019773	0.0208901	0.0219862	0.0230601	0.0241107	0.025137	0.026138	0.0271126	0.0280599	0.0289789	0.0298686	0.0307283	0.0315571	0.032354	0.0331183	0.0338493	0.0345462	0.0352082	0.0358348	0.0364253	0.0369792	0.0374957	0.0379745	0.0384151	0.038817	0.0391798	0.0395031	0.0397867	0.0400301	0.0402333	0.040396	0.040518	0.0405991	0.0406394	0.0406388	0.0405973	0.0405149	0.0403917	0.0402278	0.0400234	0.0397788	0.039494	0.0391695	0.0388056	0.0384026	0.037961	0.0374811	0.0369635	0.0364087	0.0358173	0.0351898	0.0345269	0.0338292	0.0330975	0.0323324	0.0315349	0.0307056	0.0298454	0.0289552	0.0280358	0.0270883	0.0261135	0.0251125	0.0240862	0.0230357	0.021962	0.0208663	0.0197496	0.018613	0.0174578	0.016285	0.0150959	0.0138917	0.0126735	0.0114426	0.0102002	0.00894758	0.00768602	0.00641677	0.00514111	0.00386031	0.00257567	0.00128847	0	
0	0.0013057	0.00261004	0.00391171	0.00520939	0.00650177	0.00778755	0.00906543	0.0103341	0.0115924	0.0128389	0.0140724	0.0152917	0.0164955	0.0176827	0.018852	0.0200023	0.0211324	0.0222412	0.0233276	0.0243904	0.0254286	0.0264412	0.0274271	0.0283854	0.029315	0.0302152	0.0310848	0.0319232	0.0327293	0.0335025	0.034242	0.0349469	0.0356167	0.0362506	0.0368479	0.0374082	0.0379307	0.0384151	0.0388608	0.0392673	0.0396343	0.0399614	0.0402482	0.0404946	0.0407001	0.0408646	0.040988	0.0410702	0.0411109	0.0411103	0.0410683	0.0409849	0.0408603	0.0406945	0.0404878	0.0402403	0.0399522	0.039624	0.0392559	0.0388482	0.0384014	0.037916	0.0373924	0.0368312	0.0362328	0.0355981	0.0349274	0.0342217	0.0334815	0.0327076	0.0319008	0.0310618	0.0301917	0.0292911	0.0283611	0.0274026	0.0264165	0.0254038	0.0243656	0.023303	0.0222168	0.0211084	0.0199787	0.018829	0.0176604	0.016474	0.0152711	0.0140528	0.0128205	0.0115753	0.0103185	0.0090514	0.0077752	0.00649123	0.00520076	0.00390511	0.00260556	0.00130342	0	
