0	0	0	0	0	0	0	0	0	0	0	0	0	0	0	0	0	0	0	0	0	0	0	0	0	0	0	0	0	0	0	0	0	0	0	0	0	0	0	0	0	0	0	0	0	0	0	0	0	0	0	0	0	0	0	0	0	0	0	0	0	0	0	0	0	0	0	0	0	0	0	0	0	0	0	0	0	0	0	0	0	0	0	0	0	0	0	0	0	0	0	0	0	0	0	0	0	0	0	0	
0	2.78537e-05	5.56778e-05	8.34441e-05	0.000111125	0.000138691	0.000166116	0.000193371	0.00022043	0.000247264	0.000273848	0.000300153	0.000326154	0.000351825	0.000377139	0.000402072	0.000426597	0.000450692	0.00047433	0.000497489	0.000520146	0.000542277	0.000563861	0.000584875	0.000605299	0.000625113	0.000644295	0.000662828	0.000680692	0.000697869	0.000714343	0.000730096	0.000745114	0.00075938	0.000772881	0.000785603	0.000797533	0.00080866	0.000818972	0.000828458	0.00083711	0.000844919	0.000851876	0.000857976	0.000863211	0.000867577	0.000871069	0.000873684	0.000875419	0.000876272	0.000876243	0.000875332	0.000873539	0.000870867	0.000867319	0.000862897	0.000857606	0.000851453	0.000844442	0.000836581	0.000827879	0.000818343	0.000807984	0.000796812	0.000784838	0.000772075	0.000758535	0.000744232	0.000729181	0.000713396	0.000696894	0.000679691	0.000661805	0.000643254	0.000624056	0.000604231	0.000583799	0.000562781	0.000541197	0.000519071	0.000496423	0.000473277	0.000449656	0.000425584	0.000401086	0.000376186	0.000350909	0.00032528	0.000299327	0.000273073	0.000246547	0.000219775	0.000192783	0.0001656	0.000138251	0.000110765	8.31694e-05	5.54915e-05	2.77591e-05	0	
0	5.56778e-05	0.000111296	0.0001668	0.000222131	0.000277235	0.000332056	0.000386538	0.000440626	0.000494267	0.000547405	0.000599988	0.000651963	0.000703277	0.000753879	0.000803718	0.000852743	0.000900906	0.000948158	0.000994452	0.00103974	0.00108398	0.00112713	0.00116913	0.00120996	0.00124956	0.00128791	0.00132495	0.00136066	0.001395	0.00142793	0.00145942	0.00148944	0.00151796	0.00154495	0.00157038	0.00159422	0.00161647	0.00163708	0.00165604	0.00167334	0.00168895	0.00170285	0.00171505	0.00172551	0.00173424	0.00174122	0.00174644	0.00174991	0.00175162	0.00175156	0.00174974	0.00174616	0.00174082	0.00173372	0.00172488	0.00171431	0.00170201	0.00168799	0.00167228	0.00165488	0.00163582	0.00161512	0.00159278	0.00156885	0.00154334	0.00151627	0.00148768	0.00145759	0.00142604	0.00139305	0.00135867	0.00132291	0.00128583	0.00124745	0.00120782	0.00116698	0.00112497	0.00108182	0.00103759	0.000992322	0.000946055	0.000898838	0.00085072	0.00080175	0.000751975	0.000701448	0.000650218	0.000598338	0.000545859	0.000492835	0.000439319	0.000385364	0.000331025	0.000276357	0.000221414	0.000166251	0.000110925	5.54891e-05	0	
0	8.34441e-05	0.0001668	0.000249982	0.000332907	0.000415491	0.000497651	0.000579303	0.000660366	0.000740757	0.000820395	0.000899202	0.000977096	0.001054	0.00112984	0.00120453	0.00127801	0.00135019	0.001421	0.00149039	0.00155826	0.00162456	0.00168922	0.00175218	0.00181336	0.00187272	0.00193019	0.00198571	0.00203923	0.00209069	0.00214004	0.00218723	0.00223222	0.00227496	0.00231541	0.00235352	0.00238926	0.0024226	0.00245349	0.00248191	0.00250783	0.00253122	0.00255207	0.00257034	0.00258602	0.0025991	0.00260956	0.0026174	0.0026226	0.00262515	0.00262507	0.00262234	0.00261697	0.00260896	0.00259833	0.00258508	0.00256924	0.0025508	0.0025298	0.00250625	0.00248018	0.00245161	0.00242058	0.00238711	0.00235124	0.002313	0.00227244	0.00222959	0.0021845	0.00213721	0.00208777	0.00203623	0.00198265	0.00192707	0.00186956	0.00181017	0.00174896	0.00168599	0.00162133	0.00155505	0.0014872	0.00141786	0.00134709	0.00127498	0.00120159	0.00112699	0.00105126	0.000974485	0.000896732	0.000818082	0.000738614	0.000658409	0.000577547	0.000496109	0.000414177	0.000331834	0.000249162	0.000166244	8.31618e-05	0	
0	0.000111125	0.000222131	0.000332907	0.000443341	0.00055332	0.000662734	0.000771473	0.000879426	0.000986485	0.00109254	0.00119749	0.00130122	0.00140364	0.00150463	0.00160411	0.00170195	0.00179808	0.00189239	0.00198479	0.00207518	0.00216347	0.00224958	0.00233342	0.00241491	0.00249395	0.00257049	0.00264442	0.00271569	0.00278423	0.00284995	0.0029128	0.00297272	0.00302963	0.0030835	0.00313425	0.00318185	0.00322624	0.00326738	0.00330523	0.00333975	0.0033709	0.00339866	0.00342299	0.00344388	0.0034613	0.00347523	0.00348566	0.00349259	0.00349599	0.00349588	0.00349224	0.00348509	0.00347443	0.00346027	0.00344263	0.00342152	0.00339697	0.003369	0.00333764	0.00330292	0.00326488	0.00322355	0.00317898	0.00313121	0.00308029	0.00302627	0.00296921	0.00290916	0.00284618	0.00278035	0.00271171	0.00264036	0.00256634	0.00248975	0.00241066	0.00232914	0.00224529	0.00215918	0.0020709	0.00198054	0.0018882	0.00179396	0.00169793	0.00160019	0.00150085	0.0014	0.00129775	0.00119421	0.00108947	0.000983636	0.000876824	0.000769137	0.000660684	0.000551573	0.000441914	0.000331817	0.000221392	0.000110749	0	
0	0.000138691	0.000277235	0.000415491	0.00055332	0.000690582	0.000827139	0.000962852	0.00109759	0.0012312	0.00136357	0.00149455	0.00162402	0.00175184	0.00187789	0.00200204	0.00212416	0.00224413	0.00236184	0.00247716	0.00258997	0.00270017	0.00280764	0.00291228	0.00301398	0.00311264	0.00320815	0.00330043	0.00338938	0.00347492	0.00355694	0.00363539	0.00371016	0.0037812	0.00384843	0.00391178	0.00397118	0.00402658	0.00407793	0.00412517	0.00416825	0.00420713	0.00424178	0.00427215	0.00429822	0.00431995	0.00433734	0.00435036	0.004359	0.00436325	0.00436311	0.00435857	0.00434965	0.00433634	0.00431867	0.00429666	0.00427031	0.00423967	0.00420477	0.00416563	0.00412229	0.00407481	0.00402323	0.0039676	0.00390798	0.00384443	0.00377701	0.00370579	0.00363084	0.00355225	0.00347008	0.00338442	0.00329536	0.00320299	0.00310739	0.00300868	0.00290694	0.00280229	0.00269482	0.00258464	0.00247187	0.00235662	0.002239	0.00211914	0.00199715	0.00187317	0.0017473	0.00161969	0.00149046	0.00135974	0.00122765	0.00109434	0.000959942	0.000824585	0.000688406	0.000551543	0.000414133	0.000276314	0.000138224	0	
0	0.000166116	0.000332056	0.000497651	0.000662734	0.000827139	0.000990698	0.00115325	0.00131462	0.00147466	0.0016332	0.00179009	0.00194516	0.00209826	0.00224923	0.00239793	0.0025442	0.00268789	0.00282887	0.002967	0.00310212	0.00323411	0.00336283	0.00348816	0.00360997	0.00372814	0.00384254	0.00395307	0.00405961	0.00416206	0.00426031	0.00435426	0.00444383	0.00452891	0.00460943	0.00468531	0.00475646	0.00482282	0.00488432	0.0049409	0.0049925	0.00503907	0.00508056	0.00511694	0.00514816	0.0051742	0.00519503	0.00521062	0.00522097	0.00522606	0.00522589	0.00522046	0.00520977	0.00519383	0.00517267	0.0051463	0.00511475	0.00507805	0.00503624	0.00498936	0.00493746	0.00488059	0.00481881	0.00475218	0.00468077	0.00460465	0.0045239	0.00443859	0.00434883	0.00425469	0.00415627	0.00405367	0.003947	0.00383636	0.00372187	0.00360363	0.00348178	0.00335643	0.0032277	0.00309574	0.00296067	0.00282263	0.00268176	0.00253819	0.00239209	0.00224358	0.00209283	0.00193998	0.00178519	0.00162862	0.00147042	0.00131075	0.00114977	0.000987644	0.000824537	0.00066061	0.000496027	0.000330955	0.000165557	0	
0	0.000193371	0.000386538	0.000579303	0.000771473	0.000962852	0.00115325	0.00134247	0.00153032	0.00171662	0.00190117	0.0020838	0.00226431	0.00244253	0.00261828	0.00279137	0.00296164	0.00312892	0.00329303	0.00345381	0.00361111	0.00376475	0.0039146	0.00406049	0.00420229	0.00433984	0.00447302	0.00460168	0.0047257	0.00484496	0.00495933	0.0050687	0.00517296	0.00527201	0.00536574	0.00545406	0.00553689	0.00561414	0.00568573	0.00575159	0.00581166	0.00586587	0.00591417	0.00595652	0.00599287	0.00602318	0.00604742	0.00606558	0.00607762	0.00608355	0.00608335	0.00607702	0.00606458	0.00604603	0.0060214	0.0059907	0.00595397	0.00591125	0.00586258	0.00580801	0.00574759	0.00568139	0.00560947	0.00553191	0.00544878	0.00536018	0.00526617	0.00516688	0.00506238	0.0049528	0.00483823	0.0047188	0.00459463	0.00446583	0.00433255	0.00419492	0.00405307	0.00390715	0.00375731	0.00360369	0.00344646	0.00328577	0.00312178	0.00295466	0.00278458	0.00261171	0.00243622	0.0022583	0.00207811	0.00189584	0.00171169	0.00152582	0.00133842	0.0011497	0.000959828	0.000769004	0.000577417	0.000385259	0.000192722	0	
0	0.00022043	0.000440626	0.000660366	0.000879426	0.00109759	0.00131462	0.00153032	0.00174446	0.00195683	0.00216721	0.00237539	0.00258116	0.00278432	0.00298466	0.00318197	0.00337607	0.00356675	0.00375383	0.00393711	0.00411642	0.00429157	0.00446238	0.00462869	0.00479033	0.00494713	0.00509894	0.00524561	0.00538699	0.00552293	0.00565331	0.00577798	0.00589683	0.00600974	0.00611659	0.00621727	0.00631169	0.00639975	0.00648136	0.00655643	0.00662491	0.00668671	0.00674177	0.00679004	0.00683148	0.00686603	0.00689366	0.00691436	0.00692809	0.00693485	0.00693462	0.00692741	0.00691323	0.00689208	0.006864	0.006829	0.00678714	0.00673844	0.00668296	0.00662075	0.00655188	0.00647642	0.00639443	0.00630602	0.00621126	0.00611025	0.0060031	0.0058899	0.00577079	0.00564587	0.00551527	0.00537913	0.00523758	0.00509076	0.00493883	0.00478194	0.00462024	0.0044539	0.00428309	0.00410798	0.00392874	0.00374557	0.00355863	0.00336813	0.00317425	0.00297718	0.00277714	0.00257431	0.00236891	0.00216114	0.00195121	0.00173933	0.00152572	0.00131058	0.00109414	0.000876617	0.000658219	0.000439171	0.000219692	0	
0	0.000247264	0.000494267	0.000740757	0.000986485	0.0012312	0.00147466	0.00171662	0.00195683	0.00219505	0.00243104	0.00266457	0.00289539	0.00312328	0.00334801	0.00356934	0.00378707	0.00400097	0.00421082	0.00441641	0.00461755	0.00481402	0.00500563	0.00519219	0.0053735	0.00554939	0.00571969	0.00588421	0.0060428	0.00619529	0.00634154	0.00648139	0.00661471	0.00674136	0.00686122	0.00697416	0.00708007	0.00717885	0.0072704	0.00735462	0.00743143	0.00750075	0.00756252	0.00761666	0.00766314	0.0077019	0.0077329	0.00775612	0.00777152	0.0077791	0.00777884	0.00777076	0.00775485	0.00773113	0.00769963	0.00766037	0.00761341	0.00755878	0.00749655	0.00742677	0.00734951	0.00726486	0.0071729	0.00707372	0.00696743	0.00685412	0.00673392	0.00660695	0.00647333	0.0063332	0.00618671	0.00603399	0.00587521	0.00571052	0.00554009	0.0053641	0.00518272	0.00499613	0.00480452	0.00460809	0.00440704	0.00420156	0.00399187	0.00377817	0.00356069	0.00333963	0.00311524	0.00288772	0.00265731	0.00242425	0.00218876	0.00195109	0.00171147	0.00147014	0.00122735	0.000983339	0.000738353	0.000492638	0.000246438	0	
0	0.000273848	0.000547405	0.000820395	0.00109254	0.00136357	0.0016332	0.00190117	0.00216721	0.00243104	0.00269241	0.00295104	0.00320668	0.00345907	0.00370795	0.00395309	0.00419422	0.00443112	0.00466353	0.00489123	0.00511399	0.00533158	0.00554379	0.00575041	0.00595122	0.00614602	0.00633462	0.00651684	0.00669248	0.00686136	0.00702334	0.00717823	0.00732588	0.00746615	0.00759889	0.00772397	0.00784127	0.00795067	0.00805206	0.00814533	0.0082304	0.00830718	0.00837558	0.00843555	0.00848703	0.00852996	0.00856429	0.00859	0.00860706	0.00861546	0.00861517	0.00860622	0.0085886	0.00856233	0.00852744	0.00848397	0.00843195	0.00837145	0.00830253	0.00822524	0.00813968	0.00804593	0.00794409	0.00783424	0.00771652	0.00759104	0.00745791	0.00731729	0.00716931	0.00701411	0.00685187	0.00668273	0.00650688	0.00632448	0.00613573	0.00594082	0.00573993	0.00553329	0.00532108	0.00510353	0.00488086	0.00465329	0.00442105	0.00418438	0.00394351	0.0036987	0.00345017	0.00319819	0.00294301	0.00268489	0.00242409	0.00216086	0.00189548	0.0016282	0.00135931	0.00108906	0.000817739	0.000545604	0.000272934	0	
0	0.000300153	0.000599988	0.000899202	0.00119749	0.00149455	0.00179009	0.0020838	0.00237539	0.00266457	0.00295104	0.00323451	0.00351471	0.00379134	0.00406414	0.00433282	0.00459712	0.00485677	0.00511151	0.00536108	0.00560524	0.00584374	0.00607633	0.0063028	0.0065229	0.00673641	0.00694313	0.00714285	0.00733536	0.00752048	0.00769801	0.00786777	0.00802961	0.00818335	0.00832885	0.00846595	0.00859452	0.00871442	0.00882555	0.00892779	0.00902103	0.00910518	0.00918016	0.00924589	0.00930231	0.00934936	0.00938699	0.00941517	0.00943387	0.00944307	0.00944276	0.00943295	0.00941363	0.00938484	0.0093466	0.00929896	0.00924195	0.00917563	0.00910009	0.00901538	0.0089216	0.00881885	0.00870721	0.00858682	0.00845779	0.00832025	0.00817434	0.00802021	0.00785801	0.00768791	0.00751008	0.00732469	0.00713195	0.00693203	0.00672515	0.00651151	0.00629133	0.00606483	0.00583224	0.00559379	0.00534973	0.0051003	0.00484575	0.00458635	0.00432234	0.00405401	0.00378161	0.00350543	0.00322573	0.00294282	0.00265696	0.00236844	0.00207757	0.00178462	0.00148989	0.00119369	0.000896295	0.000598018	0.000299153	0	
0	0.000326154	0.000651963	0.000977096	0.00130122	0.00162402	0.00194516	0.00226431	0.00258116	0.00289539	0.00320668	0.00351471	0.00381918	0.00411978	0.00441621	0.00470816	0.00499536	0.0052775	0.00555431	0.0058255	0.00609081	0.00634997	0.00660272	0.0068488	0.00708796	0.00731998	0.00754461	0.00776162	0.00797081	0.00817196	0.00836487	0.00854935	0.00872521	0.00889227	0.00905037	0.00919934	0.00933905	0.00946934	0.0095901	0.00970119	0.00980251	0.00989395	0.00997542	0.0100469	0.0101082	0.0101593	0.0102002	0.0102308	0.0102511	0.0102611	0.0102608	0.0102501	0.0102291	0.0101978	0.0101563	0.0101045	0.0100426	0.00997052	0.00988842	0.00979638	0.00969448	0.00958282	0.00946152	0.0093307	0.00919049	0.00904103	0.00888248	0.008715	0.00853875	0.00835391	0.00816068	0.00795923	0.00774979	0.00753256	0.00730775	0.00707561	0.00683635	0.00659023	0.00633749	0.00607839	0.00581318	0.00554214	0.00526555	0.00498367	0.00469679	0.00440521	0.00410921	0.00380911	0.00350518	0.00319776	0.00288713	0.00257362	0.00225755	0.00193922	0.00161896	0.0012971	0.000973943	0.000649826	0.00032507	0	
0	0.000351825	0.000703277	0.001054	0.00140364	0.00175184	0.00209826	0.00244253	0.00278432	0.00312328	0.00345907	0.00379134	0.00411978	0.00444404	0.0047638	0.00507874	0.00538853	0.00569289	0.00599148	0.00628402	0.00657021	0.00684977	0.00712241	0.00738786	0.00764585	0.00789612	0.00813843	0.00837253	0.00859819	0.00881517	0.00902326	0.00922226	0.00941196	0.00959217	0.00976271	0.00992342	0.0100741	0.0102147	0.0103449	0.0104648	0.0105741	0.0106727	0.0107606	0.0108376	0.0109038	0.0109589	0.011003	0.0110361	0.011058	0.0110688	0.0110684	0.0110569	0.0110343	0.0110005	0.0109557	0.0108998	0.010833	0.0107553	0.0106667	0.0105675	0.0104575	0.0103371	0.0102062	0.0100651	0.00991388	0.00975266	0.00958163	0.00940096	0.00921084	0.00901146	0.00880301	0.00858571	0.00835978	0.00812545	0.00788296	0.00763254	0.00737445	0.00710896	0.00683632	0.00655683	0.00627075	0.00597838	0.00568001	0.00537594	0.00506649	0.00475195	0.00443266	0.00410893	0.00378108	0.00344946	0.00311439	0.0027762	0.00243525	0.00209186	0.0017464	0.0013992	0.0010506	0.000700975	0.000350657	0	
0	0.000377139	0.000753879	0.00112984	0.00150463	0.00187789	0.00224923	0.00261828	0.00298466	0.00334801	0.00370795	0.00406414	0.00441621	0.0047638	0.00510656	0.00544416	0.00577625	0.0061025	0.00642258	0.00673617	0.00704296	0.00734263	0.00763489	0.00791944	0.00819599	0.00846428	0.00872402	0.00897497	0.00921686	0.00944945	0.00967252	0.00988584	0.0100892	0.0102824	0.0104652	0.0106374	0.010799	0.0109497	0.0110893	0.0112177	0.0113349	0.0114406	0.0115349	0.0116175	0.0116883	0.0117475	0.0117948	0.0118302	0.0118537	0.0118652	0.0118648	0.0118525	0.0118282	0.0117921	0.011744	0.0116841	0.0116125	0.0115292	0.0114343	0.0113278	0.01121	0.0110809	0.0109406	0.0107894	0.0106272	0.0104544	0.0102711	0.0100774	0.00987361	0.00965988	0.00943643	0.0092035	0.00896132	0.00871012	0.00845018	0.00818174	0.00790508	0.00762049	0.00732824	0.00702863	0.00672196	0.00640856	0.00608872	0.00576277	0.00543105	0.00509389	0.00475162	0.00440459	0.00405316	0.00369767	0.00333849	0.00297597	0.00261048	0.00224239	0.00187206	0.00149988	0.0011262	0.000751416	0.000375889	0	
0	0.000402072	0.000803718	0.00120453	0.00160411	0.00200204	0.00239793	0.00279137	0.00318197	0.00356934	0.00395309	0.00433282	0.00470816	0.00507874	0.00544416	0.00580408	0.00615813	0.00650595	0.00684719	0.00718151	0.00750858	0.00782806	0.00813964	0.008443	0.00873784	0.00902386	0.00930078	0.00956831	0.0098262	0.0100742	0.010312	0.0105394	0.0107562	0.0109622	0.0111571	0.0113407	0.0115129	0.0116736	0.0118224	0.0119594	0.0120843	0.012197	0.0122975	0.0123855	0.0124611	0.0125241	0.0125745	0.0126123	0.0126373	0.0126497	0.0126492	0.0126361	0.0126102	0.0125717	0.0125204	0.0124566	0.0123802	0.0122914	0.0121902	0.0120768	0.0119511	0.0118135	0.0116639	0.0115027	0.0113298	0.0111456	0.0109501	0.0107437	0.0105264	0.0102985	0.0100603	0.00981197	0.00955378	0.00928598	0.00900885	0.00872266	0.00842772	0.00812431	0.00781273	0.00749332	0.00716638	0.00683225	0.00649127	0.00614377	0.00579012	0.00543066	0.00506577	0.0046958	0.00432113	0.00394214	0.00355921	0.00317272	0.00278307	0.00239064	0.00199583	0.00159904	0.00120066	0.000801096	0.000400742	0	
0	0.000426597	0.000852743	0.00127801	0.00170195	0.00212416	0.0025442	0.00296164	0.00337607	0.00378707	0.00419422	0.00459712	0.00499536	0.00538853	0.00577625	0.00615813	0.00653377	0.00690281	0.00726487	0.00761958	0.0079666	0.00830557	0.00863616	0.00895802	0.00927085	0.00957432	0.00986813	0.010152	0.0104256	0.0106887	0.010941	0.0111823	0.0114123	0.0116308	0.0118376	0.0120325	0.0122152	0.0123857	0.0125436	0.0126889	0.0128214	0.012941	0.0130476	0.013141	0.0132212	0.0132881	0.0133416	0.0133816	0.0134082	0.0134213	0.0134209	0.0134069	0.0133795	0.0133386	0.0132842	0.0132165	0.0131355	0.0130412	0.0129338	0.0128135	0.0126802	0.0125341	0.0123755	0.0122044	0.012021	0.0118255	0.0116181	0.011399	0.0111685	0.0109268	0.010674	0.0104105	0.0101366	0.00985245	0.00955841	0.00925477	0.00894183	0.00861991	0.00828933	0.00795043	0.00760355	0.00724904	0.00688725	0.00651856	0.00614333	0.00576195	0.0053748	0.00498226	0.00458473	0.00418262	0.00377633	0.00336627	0.00295285	0.00253648	0.00211759	0.00169659	0.00127391	0.000849966	0.000425188	0	
0	0.000450692	0.000900906	0.00135019	0.00179808	0.00224413	0.00268789	0.00312892	0.00356675	0.00400097	0.00443112	0.00485677	0.0052775	0.00569289	0.0061025	0.00650595	0.00690281	0.00729269	0.0076752	0.00804995	0.00841657	0.00877468	0.00912394	0.00946399	0.00979448	0.0101151	0.0104255	0.0107254	0.0110145	0.0112924	0.011559	0.0118139	0.0120569	0.0122878	0.0125063	0.0127121	0.0129052	0.0130852	0.0132521	0.0134056	0.0135456	0.013672	0.0137846	0.0138833	0.013968	0.0140386	0.0140952	0.0141375	0.0141656	0.0141794	0.0141789	0.0141642	0.0141352	0.014092	0.0140345	0.013963	0.0138774	0.0137778	0.0136644	0.0135372	0.0133964	0.0132421	0.0130745	0.0128937	0.0127	0.0124934	0.0122743	0.0120429	0.0117994	0.0115439	0.0112769	0.0109986	0.0107091	0.0104089	0.0100983	0.00977751	0.0094469	0.0091068	0.00875755	0.0083995	0.00803303	0.00765849	0.00727628	0.00688676	0.00649034	0.00608741	0.00567839	0.00526368	0.0048437	0.00441888	0.00398964	0.00355641	0.00311964	0.00267976	0.0022372	0.00179242	0.00134587	0.000897977	0.000449206	0	
0	0.00047433	0.000948158	0.001421	0.00189239	0.00236184	0.00282887	0.00329303	0.00375383	0.00421082	0.00466353	0.00511151	0.00555431	0.00599148	0.00642258	0.00684719	0.00726487	0.0076752	0.00807777	0.00847217	0.00885802	0.00923493	0.0096025	0.00996039	0.0103082	0.0106456	0.0109723	0.011288	0.0115922	0.0118847	0.0121653	0.0124336	0.0126893	0.0129323	0.0131622	0.0133789	0.0135821	0.0137716	0.0139472	0.0141088	0.0142561	0.0143891	0.0145076	0.0146115	0.0147006	0.014775	0.0148345	0.014879	0.0149086	0.0149231	0.0149226	0.0149071	0.0148766	0.0148311	0.0147707	0.0146954	0.0146053	0.0145005	0.0143811	0.0142473	0.0140991	0.0139367	0.0137603	0.01357	0.0133661	0.0131487	0.0129182	0.0126746	0.0124183	0.0121495	0.0118684	0.0115755	0.0112709	0.0109549	0.010628	0.0102904	0.00994242	0.00958448	0.00921691	0.00884009	0.00845439	0.00806021	0.00765794	0.007248	0.00683078	0.00640672	0.00597624	0.00553978	0.00509778	0.00465067	0.00419891	0.00374296	0.00328328	0.00282032	0.00235455	0.00188644	0.00141646	0.00094508	0.000472769	0	
0	0.000497489	0.000994452	0.00149039	0.00198479	0.00247716	0.002967	0.00345381	0.00393711	0.00441641	0.00489123	0.00536108	0.0058255	0.00628402	0.00673617	0.00718151	0.00761958	0.00804995	0.00847217	0.00888584	0.00929053	0.00968584	0.0100714	0.0104467	0.0108115	0.0111654	0.0115081	0.0118391	0.0121582	0.012465	0.0127593	0.0130407	0.0133089	0.0135637	0.0138049	0.0140322	0.0142453	0.014444	0.0146282	0.0147977	0.0149522	0.0150917	0.015216	0.0153249	0.0154184	0.0154964	0.0155588	0.0156055	0.0156365	0.0156518	0.0156513	0.015635	0.015603	0.0155553	0.0154919	0.0154129	0.0153184	0.0152085	0.0150833	0.0149429	0.0147875	0.0146172	0.0144322	0.0142326	0.0140187	0.0137908	0.0135489	0.0132935	0.0130246	0.0127427	0.0124479	0.0121407	0.0118212	0.0114898	0.0111469	0.0107928	0.0104279	0.0100525	0.00966696	0.00927174	0.00886721	0.00845378	0.00803188	0.00760191	0.00716433	0.00671956	0.00626806	0.00581029	0.0053467	0.00487776	0.00440395	0.00392573	0.0034436	0.00295804	0.00246953	0.00197856	0.00148563	0.000991229	0.000495854	0	
0	0.000520146	0.00103974	0.00155826	0.00207518	0.00258997	0.00310212	0.00361111	0.00411642	0.00461755	0.00511399	0.00560524	0.00609081	0.00657021	0.00704296	0.00750858	0.0079666	0.00841657	0.00885802	0.00929053	0.00971365	0.010127	0.01053	0.0109225	0.0113039	0.011674	0.0120322	0.0123783	0.0127119	0.0130327	0.0133404	0.0136346	0.0139151	0.0141815	0.0144336	0.0146712	0.014894	0.0151018	0.0152944	0.0154716	0.0156332	0.015779	0.015909	0.0160229	0.0161207	0.0162022	0.0162674	0.0163163	0.0163487	0.0163646	0.0163641	0.0163471	0.0163136	0.0162637	0.0161975	0.0161149	0.0160161	0.0159012	0.0157703	0.0156235	0.015461	0.0152829	0.0150895	0.0148808	0.0146572	0.0144189	0.014166	0.0138989	0.0136178	0.0133231	0.0130149	0.0126936	0.0123596	0.0120132	0.0116546	0.0112844	0.0109028	0.0105103	0.0101073	0.00969403	0.00927108	0.00883882	0.00839769	0.00794815	0.00749063	0.00702561	0.00655355	0.00607492	0.00559022	0.00509992	0.00460453	0.00410454	0.00360045	0.00309277	0.002582	0.00206868	0.00155329	0.00103638	0.000518439	0	
0	0.000542277	0.00108398	0.00162456	0.00216347	0.00270017	0.00323411	0.00376475	0.00429157	0.00481402	0.00533158	0.00584374	0.00634997	0.00684977	0.00734263	0.00782806	0.00830557	0.00877468	0.00923493	0.00968584	0.010127	0.0105579	0.0109781	0.0113872	0.0117849	0.0121707	0.0125442	0.012905	0.0132528	0.0135873	0.013908	0.0142147	0.0145071	0.0147849	0.0150478	0.0152955	0.0155278	0.0157444	0.0159452	0.0161299	0.0162984	0.0164504	0.0165859	0.0167047	0.0168066	0.0168916	0.0169596	0.0170105	0.0170443	0.017061	0.0170604	0.0170427	0.0170078	0.0169558	0.0168867	0.0168006	0.0166976	0.0165778	0.0164413	0.0162883	0.0161189	0.0159332	0.0157315	0.015514	0.0152809	0.0150324	0.0147688	0.0144903	0.0141973	0.01389	0.0135687	0.0132338	0.0128855	0.0125243	0.0121506	0.0117646	0.0113668	0.0109576	0.0105373	0.0101065	0.00966558	0.00921493	0.00875503	0.00828636	0.00780937	0.00732456	0.00683242	0.00633343	0.0058281	0.00531694	0.00480046	0.0042792	0.00375365	0.00322437	0.00269188	0.0021567	0.00161939	0.00108048	0.0005405	0	
0	0.000563861	0.00112713	0.00168922	0.00224958	0.00280764	0.00336283	0.0039146	0.00446238	0.00500563	0.00554379	0.00607633	0.00660272	0.00712241	0.00763489	0.00813964	0.00863616	0.00912394	0.0096025	0.0100714	0.01053	0.0109781	0.0114151	0.0118405	0.012254	0.0126551	0.0130435	0.0134187	0.0137803	0.0141281	0.0144616	0.0147805	0.0150846	0.0153734	0.0156467	0.0159043	0.0161458	0.0163711	0.0165799	0.016772	0.0169471	0.0171052	0.0172461	0.0173696	0.0174756	0.017564	0.0176347	0.0176876	0.0177228	0.0177401	0.0177395	0.017721	0.0176848	0.0176307	0.0175589	0.0174693	0.0173623	0.0172377	0.0170958	0.0169366	0.0167605	0.0165674	0.0163577	0.0161316	0.0158892	0.0156308	0.0153567	0.0150671	0.0147624	0.0144429	0.0141088	0.0137605	0.0133984	0.0130229	0.0126342	0.0122329	0.0118192	0.0113937	0.0109568	0.0105088	0.0100503	0.00958173	0.00910353	0.0086162	0.00812023	0.00761612	0.00710439	0.00658553	0.00606009	0.00552859	0.00499155	0.00444953	0.00390307	0.00335272	0.00279903	0.00224256	0.00168385	0.00112349	0.000562015	0	
0	0.000584875	0.00116913	0.00175218	0.00233342	0.00291228	0.00348816	0.00406049	0.00462869	0.00519219	0.00575041	0.0063028	0.0068488	0.00738786	0.00791944	0.008443	0.00895802	0.00946399	0.00996039	0.0104467	0.0109225	0.0113872	0.0118405	0.0122818	0.0127107	0.0131268	0.0135296	0.0139188	0.0142939	0.0146546	0.0150006	0.0153314	0.0156468	0.0159464	0.0162299	0.0164971	0.0167476	0.0169813	0.0171978	0.0173971	0.0175788	0.0177427	0.0178889	0.018017	0.0181269	0.0182186	0.0182919	0.0183469	0.0183833	0.0184012	0.0184007	0.0183815	0.0183439	0.0182878	0.0182133	0.0181205	0.0180094	0.0178802	0.017733	0.0175679	0.0173852	0.0171849	0.0169674	0.0167328	0.0164814	0.0162134	0.015929	0.0156287	0.0153126	0.0149812	0.0146346	0.0142734	0.0138978	0.0135083	0.0131051	0.0126888	0.0122598	0.0118184	0.0113652	0.0109005	0.0104249	0.00993887	0.00944284	0.00893735	0.00842289	0.0079	0.00736919	0.00683099	0.00628597	0.00573465	0.0051776	0.00461538	0.00404855	0.00347769	0.00290336	0.00232614	0.00174662	0.00116536	0.000582964	0	
0	0.000605299	0.00120996	0.00181336	0.00241491	0.00301398	0.00360997	0.00420229	0.00479033	0.0053735	0.00595122	0.0065229	0.00708796	0.00764585	0.00819599	0.00873784	0.00927085	0.00979448	0.0103082	0.0108115	0.0113039	0.0117849	0.012254	0.0127107	0.0131546	0.0135852	0.0140021	0.0144048	0.0147931	0.0151664	0.0155244	0.0158668	0.0161932	0.0165033	0.0167967	0.0170732	0.0173325	0.0175743	0.0177984	0.0180046	0.0181926	0.0183624	0.0185136	0.0186462	0.0187599	0.0188548	0.0189307	0.0189876	0.0190253	0.0190439	0.0190433	0.0190235	0.0189845	0.0189265	0.0188494	0.0187533	0.0186383	0.0185046	0.0183522	0.0181814	0.0179923	0.0177851	0.01756	0.0173172	0.017057	0.0167796	0.0164853	0.0161745	0.0158474	0.0155044	0.0151457	0.0147719	0.0143832	0.01398	0.0135628	0.013132	0.0126879	0.0122311	0.0117621	0.0112812	0.010789	0.010286	0.00977262	0.00924948	0.00871706	0.0081759	0.00762655	0.00706956	0.0065055	0.00593493	0.00535843	0.00477657	0.00418995	0.00359915	0.00300476	0.00240738	0.00180762	0.00120606	0.000603324	0	
0	0.000625113	0.00124956	0.00187272	0.00249395	0.00311264	0.00372814	0.00433984	0.00494713	0.00554939	0.00614602	0.00673641	0.00731998	0.00789612	0.00846428	0.00902386	0.00957432	0.0101151	0.0106456	0.0111654	0.011674	0.0121707	0.0126551	0.0131268	0.0135852	0.0140299	0.0144604	0.0148764	0.0152773	0.0156629	0.0160326	0.0163862	0.0167233	0.0170435	0.0173465	0.0176321	0.0178998	0.0181496	0.018381	0.018594	0.0187882	0.0189635	0.0191196	0.0192565	0.019374	0.0194721	0.0195504	0.0196091	0.0196481	0.0196673	0.0196666	0.0196462	0.019606	0.019546	0.0194664	0.0193672	0.0192484	0.0191103	0.018953	0.0187766	0.0185813	0.0183673	0.0181348	0.0178841	0.0176153	0.0173289	0.017025	0.016704	0.0163662	0.0160119	0.0156415	0.0152555	0.014854	0.0144377	0.0140068	0.0135618	0.0131033	0.0126315	0.0121471	0.0116505	0.0111422	0.0106227	0.0100925	0.00955227	0.00900242	0.00844355	0.00787622	0.007301	0.00671847	0.00612922	0.00553385	0.00493294	0.00432711	0.00371697	0.00310312	0.00248619	0.00186679	0.00124555	0.000623075	0	
0	0.000644295	0.00128791	0.00193019	0.00257049	0.00320815	0.00384254	0.00447302	0.00509894	0.00571969	0.00633462	0.00694313	0.00754461	0.00813843	0.00872402	0.00930078	0.00986813	0.0104255	0.0109723	0.0115081	0.0120322	0.0125442	0.0130435	0.0135296	0.0140021	0.0144604	0.0149042	0.0153329	0.0157462	0.0161435	0.0165246	0.0168891	0.0172365	0.0175665	0.0178789	0.0181732	0.0184492	0.0187066	0.0189451	0.0191646	0.0193648	0.0195454	0.0197064	0.0198475	0.0199686	0.0200696	0.0201504	0.0202109	0.0202511	0.0202708	0.0202702	0.0202491	0.0202077	0.0201459	0.0200638	0.0199615	0.0198392	0.0196968	0.0195347	0.0193528	0.0191515	0.018931	0.0186913	0.0184329	0.0181559	0.0178607	0.0175475	0.0172166	0.0168684	0.0165033	0.0161216	0.0157236	0.0153099	0.0148807	0.0144367	0.0139781	0.0135054	0.0130192	0.0125199	0.0120081	0.0114841	0.0109487	0.0104023	0.00984543	0.00927871	0.00870268	0.00811794	0.00752506	0.00692466	0.00631733	0.00570368	0.00508434	0.00445991	0.00383105	0.00319836	0.0025625	0.00192409	0.00128377	0.000642197	0	
0	0.000662828	0.00132495	0.00198571	0.00264442	0.00330043	0.00395307	0.00460168	0.00524561	0.00588421	0.00651684	0.00714285	0.00776162	0.00837253	0.00897497	0.00956831	0.010152	0.0107254	0.011288	0.0118391	0.0123783	0.012905	0.0134187	0.0139188	0.0144048	0.0148764	0.0153329	0.015774	0.0161991	0.0166079	0.017	0.0173749	0.0177323	0.0180718	0.0183931	0.0186959	0.0189799	0.0192447	0.0194901	0.0197159	0.0199218	0.0201076	0.0202732	0.0204184	0.020543	0.0206469	0.0207301	0.0207923	0.0208336	0.0208539	0.0208533	0.0208316	0.020789	0.0207254	0.020641	0.0205357	0.0204099	0.0202634	0.0200966	0.0199095	0.0197025	0.0194755	0.019229	0.0189632	0.0186782	0.0183745	0.0180523	0.0177119	0.0173537	0.0169781	0.0165853	0.016176	0.0157503	0.0153088	0.014852	0.0143802	0.0138939	0.0133937	0.0128801	0.0123535	0.0118145	0.0112637	0.0107015	0.0101287	0.00954563	0.00895304	0.00835147	0.00774154	0.00712387	0.00649906	0.00586776	0.0052306	0.00458822	0.00394126	0.00329037	0.00263621	0.00197944	0.00132071	0.000660672	0	
0	0.000680692	0.00136066	0.00203923	0.00271569	0.00338938	0.00405961	0.0047257	0.00538699	0.0060428	0.00669248	0.00733536	0.00797081	0.00859819	0.00921686	0.0098262	0.0104256	0.0110145	0.0115922	0.0121582	0.0127119	0.0132528	0.0137803	0.0142939	0.0147931	0.0152773	0.0157462	0.0161991	0.0166357	0.0170555	0.0174582	0.0178432	0.0182102	0.0185589	0.0188889	0.0191998	0.0194914	0.0197634	0.0200154	0.0202473	0.0204587	0.0206496	0.0208197	0.0209688	0.0210967	0.0212034	0.0212888	0.0213527	0.0213951	0.021416	0.0214153	0.0213931	0.0213493	0.021284	0.0211973	0.0210892	0.02096	0.0208096	0.0206383	0.0204462	0.0202335	0.0200005	0.0197473	0.0194743	0.0191817	0.0188697	0.0185388	0.0181893	0.0178214	0.0174357	0.0170324	0.016612	0.0161748	0.0157215	0.0152523	0.0147678	0.0142684	0.0137547	0.0132272	0.0126865	0.012133	0.0115673	0.01099	0.0104017	0.00980293	0.00919436	0.00857658	0.00795021	0.00731589	0.00667424	0.00602593	0.00537159	0.00471189	0.00404749	0.00337906	0.00270727	0.00203279	0.0013563	0.000678481	0	
0	0.000697869	0.001395	0.00209069	0.00278423	0.00347492	0.00416206	0.00484496	0.00552293	0.00619529	0.00686136	0.00752048	0.00817196	0.00881517	0.00944945	0.0100742	0.0106887	0.0112924	0.0118847	0.012465	0.0130327	0.0135873	0.0141281	0.0146546	0.0151664	0.0156629	0.0161435	0.0166079	0.0170555	0.017486	0.0178988	0.0182935	0.0186698	0.0190273	0.0193656	0.0196844	0.0199833	0.0202621	0.0205205	0.0207583	0.0209751	0.0211707	0.0213451	0.0214979	0.0216291	0.0217386	0.0218261	0.0218916	0.0219351	0.0219565	0.0219558	0.021933	0.0218881	0.0218212	0.0217323	0.0216215	0.0214889	0.0213348	0.0211591	0.0209622	0.0207441	0.0205052	0.0202457	0.0199658	0.0196658	0.019346	0.0190067	0.0186484	0.0182712	0.0178757	0.0174622	0.0170312	0.0165831	0.0161182	0.0156372	0.0151405	0.0146285	0.0141019	0.0135611	0.0130067	0.0124392	0.0118592	0.0112674	0.0106642	0.0100503	0.00942641	0.00879304	0.00815087	0.00750053	0.00684269	0.00617802	0.00550716	0.00483082	0.00414965	0.00346435	0.0027756	0.0020841	0.00139054	0.000695605	0	
0	0.000714343	0.00142793	0.00214004	0.00284995	0.00355694	0.00426031	0.00495933	0.00565331	0.00634154	0.00702334	0.00769801	0.00836487	0.00902326	0.00967252	0.010312	0.010941	0.011559	0.0121653	0.0127593	0.0133404	0.013908	0.0144616	0.0150006	0.0155244	0.0160326	0.0165246	0.017	0.0174582	0.0178988	0.0183213	0.0187254	0.0191105	0.0194765	0.0198228	0.0201491	0.0204551	0.0207405	0.021005	0.0212483	0.0214702	0.0216705	0.021849	0.0220055	0.0221398	0.0222517	0.0223413	0.0224084	0.0224529	0.0224748	0.0224741	0.0224508	0.0224048	0.0223363	0.0222453	0.0221319	0.0219963	0.0218384	0.0216587	0.0214571	0.0212339	0.0209893	0.0207237	0.0204371	0.02013	0.0198027	0.0194554	0.0190886	0.0187026	0.0182977	0.0178745	0.0174333	0.0169746	0.0164988	0.0160064	0.0154979	0.0149739	0.0144348	0.0138812	0.0133137	0.0127329	0.0121392	0.0115334	0.010916	0.0102876	0.00964896	0.00900064	0.0083433	0.00767761	0.00700425	0.00632387	0.00563718	0.00494487	0.00424762	0.00354614	0.00284113	0.00213331	0.00142337	0.000712028	0	
0	0.000730096	0.00145942	0.00218723	0.0029128	0.00363539	0.00435426	0.0050687	0.00577798	0.00648139	0.00717823	0.00786777	0.00854935	0.00922226	0.00988584	0.0105394	0.0111823	0.0118139	0.0124336	0.0130407	0.0136346	0.0142147	0.0147805	0.0153314	0.0158668	0.0163862	0.0168891	0.0173749	0.0178432	0.0182935	0.0187254	0.0191383	0.019532	0.019906	0.0202599	0.0205934	0.0209062	0.0211979	0.0214682	0.0217169	0.0219438	0.0221485	0.0223309	0.0224908	0.022628	0.0227425	0.0228341	0.0229026	0.0229481	0.0229705	0.0229698	0.0229459	0.022899	0.0228289	0.0227359	0.02262	0.0224814	0.0223201	0.0221363	0.0219303	0.0217022	0.0214523	0.0211807	0.0208879	0.020574	0.0202395	0.0198845	0.0195096	0.0191151	0.0187013	0.0182687	0.0178178	0.0173489	0.0168627	0.0163594	0.0158397	0.0153041	0.0147532	0.0141874	0.0136074	0.0130137	0.0124069	0.0117877	0.0111567	0.0105145	0.00986178	0.00919916	0.00852733	0.00784695	0.00715873	0.00646336	0.00576152	0.00505394	0.00434131	0.00362436	0.0029038	0.00218036	0.00145476	0.000727733	0	
0	0.000745114	0.00148944	0.00223222	0.00297272	0.00371016	0.00444383	0.00517296	0.00589683	0.00661471	0.00732588	0.00802961	0.00872521	0.00941196	0.0100892	0.0107562	0.0114123	0.0120569	0.0126893	0.0133089	0.0139151	0.0145071	0.0150846	0.0156468	0.0161932	0.0167233	0.0172365	0.0177323	0.0182102	0.0186698	0.0191105	0.019532	0.0199338	0.0203155	0.0206767	0.0210171	0.0213363	0.021634	0.0219098	0.0221637	0.0223952	0.0226041	0.0227902	0.0229534	0.0230935	0.0232103	0.0233038	0.0233738	0.0234202	0.0234431	0.0234423	0.023418	0.02337	0.0232986	0.0232036	0.0230854	0.0229439	0.0227792	0.0225917	0.0223814	0.0221486	0.0218936	0.0216164	0.0213176	0.0209973	0.0206558	0.0202936	0.019911	0.0195083	0.019086	0.0186446	0.0181843	0.0177058	0.0172095	0.016696	0.0161656	0.015619	0.0150567	0.0144793	0.0138873	0.0132814	0.0126622	0.0120302	0.0113862	0.0107308	0.0100647	0.00938841	0.00870275	0.00800839	0.00730601	0.00659632	0.00588005	0.00515791	0.00443062	0.00369892	0.00296354	0.00222522	0.00148469	0.000742705	0	
0	0.00075938	0.00151796	0.00227496	0.00302963	0.0037812	0.00452891	0.00527201	0.00600974	0.00674136	0.00746615	0.00818335	0.00889227	0.00959217	0.0102824	0.0109622	0.0116308	0.0122878	0.0129323	0.0135637	0.0141815	0.0147849	0.0153734	0.0159464	0.0165033	0.0170435	0.0175665	0.0180718	0.0185589	0.0190273	0.0194765	0.019906	0.0203155	0.0207045	0.0210726	0.0214195	0.0217448	0.0220482	0.0223294	0.0225881	0.022824	0.0230369	0.0232266	0.023393	0.0235357	0.0236548	0.02375	0.0238213	0.0238687	0.023892	0.0238912	0.0238664	0.0238175	0.0237447	0.023648	0.0235274	0.0233832	0.0232154	0.0230243	0.02281	0.0225728	0.0223128	0.0220304	0.0217258	0.0213993	0.0210513	0.0206822	0.0202922	0.0198819	0.0194515	0.0190016	0.0185326	0.0180449	0.0175391	0.0170157	0.0164751	0.0159181	0.015345	0.0147565	0.0141532	0.0135357	0.0129047	0.0122606	0.0116043	0.0109363	0.0102574	0.00956819	0.00886941	0.00816174	0.00744592	0.00672264	0.00599265	0.00525668	0.00451547	0.00376975	0.00302029	0.00226783	0.00151312	0.000756928	0	
0	0.000772881	0.00154495	0.00231541	0.0030835	0.00384843	0.00460943	0.00536574	0.00611659	0.00686122	0.00759889	0.00832885	0.00905037	0.00976271	0.0104652	0.0111571	0.0118376	0.0125063	0.0131622	0.0138049	0.0144336	0.0150478	0.0156467	0.0162299	0.0167967	0.0173465	0.0178789	0.0183931	0.0188889	0.0193656	0.0198228	0.0202599	0.0206767	0.0210726	0.0214473	0.0218003	0.0221314	0.0224402	0.0227264	0.0229897	0.0232298	0.0234465	0.0236396	0.0238089	0.0239542	0.0240754	0.0241723	0.0242449	0.0242931	0.0243168	0.024316	0.0242907	0.024241	0.0241669	0.0240684	0.0239458	0.023799	0.0236282	0.0234337	0.0232156	0.0229741	0.0227095	0.0224221	0.0221121	0.0217798	0.0214257	0.0210499	0.0206531	0.0202354	0.0197974	0.0193395	0.0188621	0.0183658	0.017851	0.0173182	0.0167681	0.0162011	0.0156179	0.0150189	0.0144049	0.0137764	0.0131341	0.0124786	0.0118106	0.0111308	0.0104398	0.00973833	0.00902712	0.00830688	0.00757832	0.00684219	0.00609922	0.00535016	0.00459576	0.00383679	0.003074	0.00230816	0.00154003	0.000770388	0	
0	0.000785603	0.00157038	0.00235352	0.00313425	0.00391178	0.00468531	0.00545406	0.00621727	0.00697416	0.00772397	0.00846595	0.00919934	0.00992342	0.0106374	0.0113407	0.0120325	0.0127121	0.0133789	0.0140322	0.0146712	0.0152955	0.0159043	0.0164971	0.0170732	0.0176321	0.0181732	0.0186959	0.0191998	0.0196844	0.0201491	0.0205934	0.0210171	0.0214195	0.0218003	0.0221592	0.0224958	0.0228096	0.0231005	0.0233681	0.0236122	0.0238325	0.0240288	0.0242008	0.0243485	0.0244717	0.0245702	0.024644	0.024693	0.0247171	0.0247163	0.0246906	0.0246401	0.0245647	0.0244647	0.02434	0.0241908	0.0240172	0.0238195	0.0235978	0.0233523	0.0230834	0.0227912	0.0224761	0.0221384	0.0217784	0.0213965	0.0209931	0.0205685	0.0201233	0.0196578	0.0191726	0.0186681	0.0181448	0.0176033	0.0170442	0.0164678	0.015875	0.0152662	0.0146421	0.0140032	0.0133503	0.0126841	0.0120051	0.011314	0.0106117	0.00989866	0.00917574	0.00844364	0.00770309	0.00695483	0.00619963	0.00543824	0.00467142	0.00389996	0.00312461	0.00234616	0.00156538	0.000783071	0	
0	0.000797533	0.00159422	0.00238926	0.00318185	0.00397118	0.00475646	0.00553689	0.00631169	0.00708007	0.00784127	0.00859452	0.00933905	0.0100741	0.010799	0.0115129	0.0122152	0.0129052	0.0135821	0.0142453	0.014894	0.0155278	0.0161458	0.0167476	0.0173325	0.0178998	0.0184492	0.0189799	0.0194914	0.0199833	0.0204551	0.0209062	0.0213363	0.0217448	0.0221314	0.0224958	0.0228374	0.023156	0.0234514	0.023723	0.0239708	0.0241944	0.0243937	0.0245684	0.0247183	0.0248434	0.0249434	0.0250183	0.025068	0.0250925	0.0250917	0.0250656	0.0250143	0.0249378	0.0248362	0.0247096	0.0245582	0.024382	0.0241813	0.0239562	0.023707	0.023434	0.0231374	0.0228175	0.0224746	0.0221092	0.0217215	0.0213119	0.0208809	0.0204289	0.0199564	0.0194638	0.0189516	0.0184204	0.0178707	0.017303	0.016718	0.0161161	0.0154981	0.0148644	0.0142159	0.0135531	0.0128767	0.0121874	0.0114859	0.0107728	0.010049	0.00931511	0.00857189	0.00782009	0.00706047	0.0062938	0.00552084	0.00474238	0.00395919	0.00317207	0.00238179	0.00158916	0.000794966	0	
0	0.00080866	0.00161647	0.0024226	0.00322624	0.00402658	0.00482282	0.00561414	0.00639975	0.00717885	0.00795067	0.00871442	0.00946934	0.0102147	0.0109497	0.0116736	0.0123857	0.0130852	0.0137716	0.014444	0.0151018	0.0157444	0.0163711	0.0169813	0.0175743	0.0181496	0.0187066	0.0192447	0.0197634	0.0202621	0.0207405	0.0211979	0.021634	0.0220482	0.0224402	0.0228096	0.023156	0.0234791	0.0237786	0.024054	0.0243053	0.024532	0.0247341	0.0249112	0.0250632	0.02519	0.0252914	0.0253674	0.0254178	0.0254426	0.0254418	0.0254153	0.0253633	0.0252858	0.0251828	0.0250544	0.0249008	0.0247222	0.0245187	0.0242905	0.0240378	0.023761	0.0234602	0.0231359	0.0227882	0.0224177	0.0220245	0.0216093	0.0211723	0.020714	0.0202349	0.0197354	0.0192161	0.0186775	0.0181201	0.0175445	0.0169512	0.016341	0.0157143	0.0150719	0.0144143	0.0137422	0.0130564	0.0123575	0.0116462	0.0109232	0.0101892	0.0094451	0.0086915	0.00792921	0.00715899	0.00638162	0.00559788	0.00480856	0.00401444	0.00321633	0.00241503	0.00161134	0.000806059	0	
0	0.000818972	0.00163708	0.00245349	0.00326738	0.00407793	0.00488432	0.00568573	0.00648136	0.0072704	0.00805206	0.00882555	0.0095901	0.0103449	0.0110893	0.0118224	0.0125436	0.0132521	0.0139472	0.0146282	0.0152944	0.0159452	0.0165799	0.0171978	0.0177984	0.018381	0.0189451	0.0194901	0.0200154	0.0205205	0.021005	0.0214682	0.0219098	0.0223294	0.0227264	0.0231005	0.0234514	0.0237786	0.0240818	0.0243608	0.0246152	0.0248449	0.0250495	0.0252289	0.0253828	0.0255113	0.025614	0.0256909	0.0257419	0.0257671	0.0257662	0.0257395	0.0256868	0.0256083	0.0255039	0.0253739	0.0252184	0.0250375	0.0248314	0.0246002	0.0243444	0.024064	0.0237594	0.0234309	0.0230789	0.0227036	0.0223054	0.0218849	0.0214423	0.0209782	0.0204929	0.0199871	0.0194612	0.0189157	0.0183512	0.0177682	0.0171674	0.0165494	0.0159147	0.0152641	0.0145981	0.0139175	0.0132229	0.0125151	0.0117947	0.0110625	0.0103192	0.00956556	0.00880236	0.00803035	0.00725031	0.00646302	0.00566928	0.00486989	0.00406565	0.00325736	0.00244583	0.00163189	0.00081634	0	
