0	0	0	0	0	0	0	0	0	0	0	0	0	0	0	0	0	0	0	0	0	0	0	0	0	0	0	0	0	0	0	0	0	0	0	0	0	0	0	0	0	0	0	0	0	0	0	0	0	0	0	0	0	0	0	0	0	0	0	0	0	0	0	0	0	0	0	0	0	0	0	0	0	0	0	0	0	0	0	0	0	0	0	0	0	0	0	0	0	0	0	0	0	0	0	0	0	0	0	0	
0	2.48905e-05	4.97543e-05	7.45664e-05	9.93015e-05	0.000123935	0.000148441	0.000172796	0.000196975	0.000220953	0.000244706	0.000268211	0.000291444	0.000314381	0.000337	0.000359277	0.000381191	0.000402719	0.000423839	0.000444531	0.000464774	0.000484547	0.000503831	0.000522606	0.000540853	0.000558554	0.000575692	0.000592248	0.000608207	0.000623553	0.000638269	0.000652342	0.000665758	0.000678501	0.000690561	0.000701925	0.000712582	0.00072252	0.00073173	0.000740203	0.00074793	0.000754903	0.000761116	0.000766562	0.000771236	0.000775134	0.00077825	0.000780583	0.00078213	0.000782889	0.000782859	0.000782042	0.000780437	0.000778046	0.000774872	0.000770919	0.000766189	0.000760688	0.000754421	0.000747395	0.000739617	0.000731095	0.000721837	0.000711853	0.000701153	0.000689747	0.000677648	0.000664868	0.000651418	0.000637314	0.000622569	0.000607198	0.000591217	0.000574642	0.000557489	0.000539777	0.000521522	0.000502744	0.000483461	0.000463692	0.000443459	0.00042278	0.000401678	0.000380173	0.000358287	0.000336043	0.000313461	0.000290567	0.000267382	0.000243929	0.000220233	0.000196318	0.000172206	0.000147924	0.000123494	9.89414e-05	7.42912e-05	4.95677e-05	2.47957e-05	0	
0	4.97543e-05	9.94555e-05	0.000149053	0.000198497	0.000247737	0.000296724	0.000345407	0.000393739	0.00044167	0.000489152	0.000536137	0.000582578	0.000628428	0.000673641	0.000718172	0.000761976	0.000805009	0.000847228	0.00088859	0.000929054	0.000968579	0.00100713	0.00104466	0.00108113	0.00111651	0.00115077	0.00118387	0.00121577	0.00124644	0.00127586	0.00130399	0.00133081	0.00135628	0.00138039	0.0014031	0.00142441	0.00144427	0.00146268	0.00147962	0.00149507	0.001509	0.00152142	0.00153231	0.00154165	0.00154944	0.00155567	0.00156034	0.00156343	0.00156495	0.00156489	0.00156325	0.00156005	0.00155527	0.00154892	0.00154102	0.00153156	0.00152057	0.00150804	0.001494	0.00147845	0.00146141	0.00144291	0.00142295	0.00140156	0.00137876	0.00135458	0.00132903	0.00130215	0.00127395	0.00124448	0.00121375	0.00118181	0.00114867	0.00111439	0.00107898	0.00104249	0.00100495	0.000966409	0.000926893	0.000886448	0.000845113	0.000802931	0.000759944	0.000716195	0.00067173	0.000626591	0.000580826	0.00053448	0.0004876	0.000440234	0.000392428	0.000344231	0.000295691	0.000246857	0.000197778	0.000148504	9.90831e-05	4.95653e-05	0	
0	7.45664e-05	0.000149053	0.000223385	0.000297486	0.000371282	0.000444698	0.00051766	0.000590094	0.000661928	0.000733089	0.000803505	0.000873106	0.000941821	0.00100958	0.00107632	0.00114197	0.00120646	0.00126974	0.00133173	0.00139237	0.0014516	0.00150937	0.00156562	0.00162029	0.00167331	0.00172466	0.00177426	0.00182207	0.00186804	0.00191213	0.00195429	0.00199448	0.00203265	0.00206878	0.00210283	0.00213475	0.00216453	0.00219212	0.0022175	0.00224065	0.00226154	0.00228015	0.00229647	0.00231047	0.00232215	0.00233148	0.00233847	0.00234311	0.00234538	0.00234529	0.00234284	0.00233804	0.00233087	0.00232137	0.00230952	0.00229535	0.00227887	0.0022601	0.00223905	0.00221575	0.00219022	0.00216248	0.00213257	0.00210052	0.00206635	0.0020301	0.00199181	0.00195152	0.00190927	0.0018651	0.00181905	0.00177117	0.00172152	0.00167013	0.00161707	0.00156238	0.00150612	0.00144836	0.00138913	0.00132852	0.00126657	0.00120335	0.00113893	0.00107336	0.00100672	0.000939072	0.000870484	0.000801026	0.000730767	0.000659778	0.000588132	0.000515899	0.000443152	0.000369965	0.000296411	0.000222563	0.000148496	7.42836e-05	0	
0	9.93015e-05	0.000198497	0.000297486	0.000396168	0.000494444	0.000592213	0.000689378	0.000785841	0.000881503	0.00097627	0.00107004	0.00116273	0.00125424	0.00134448	0.00143336	0.00152079	0.00160667	0.00169094	0.00177349	0.00185425	0.00193313	0.00201007	0.00208497	0.00215777	0.00222839	0.00229676	0.00236282	0.00242649	0.00248771	0.00254642	0.00260257	0.00265609	0.00270693	0.00275505	0.00280039	0.0028429	0.00288255	0.0029193	0.0029531	0.00298393	0.00301175	0.00303653	0.00305826	0.00307691	0.00309246	0.00310489	0.0031142	0.00312037	0.0031234	0.00312328	0.00312002	0.00311362	0.00310408	0.00309142	0.00307565	0.00305678	0.00303483	0.00300983	0.0029818	0.00295077	0.00291677	0.00287983	0.00284	0.00279731	0.00275181	0.00270354	0.00265255	0.00259889	0.00254262	0.0024838	0.00242247	0.00235872	0.00229259	0.00222416	0.00215349	0.00208066	0.00200574	0.00192881	0.00184995	0.00176922	0.00168672	0.00160254	0.00151674	0.00142942	0.00134068	0.00125059	0.00115925	0.00106675	0.000973182	0.000878645	0.000783231	0.000687037	0.000590158	0.000492693	0.000394739	0.000296394	0.000197756	9.89257e-05	0	
0	0.000123935	0.000247737	0.000371282	0.000494444	0.000617098	0.000739121	0.000860389	0.000980781	0.00110017	0.00121845	0.00133549	0.00145117	0.00156538	0.001678	0.00178893	0.00189804	0.00200524	0.0021104	0.00221343	0.00231423	0.00241268	0.0025087	0.00260219	0.00269304	0.00278118	0.00286652	0.00294896	0.00302842	0.00310483	0.00317811	0.00324818	0.00331498	0.00337844	0.00343849	0.00349507	0.00354813	0.00359762	0.00364348	0.00368567	0.00372414	0.00375887	0.0037898	0.00381692	0.0038402	0.0038596	0.00387512	0.00388674	0.00389444	0.00389822	0.00389807	0.003894	0.00388601	0.00387411	0.00385831	0.00383862	0.00381507	0.00378768	0.00375647	0.00372149	0.00368276	0.00364033	0.00359423	0.00354452	0.00349124	0.00343445	0.00337421	0.00331057	0.0032436	0.00317337	0.00309995	0.00302342	0.00294384	0.00286131	0.0027759	0.00268771	0.00259681	0.00250331	0.0024073	0.00230886	0.00220811	0.00210515	0.00200008	0.001893	0.00178402	0.00167326	0.00156082	0.00144682	0.00133138	0.0012146	0.00109661	0.000977529	0.000857471	0.00073656	0.000614916	0.000492662	0.000369921	0.000246815	0.000123467	0	
0	0.000148441	0.000296724	0.000444698	0.000592213	0.000739121	0.000885272	0.00103052	0.00117472	0.00131772	0.00145938	0.00159956	0.00173812	0.00187491	0.00200981	0.00214267	0.00227336	0.00240175	0.00252771	0.00265111	0.00277184	0.00288976	0.00300477	0.00311674	0.00322556	0.00333113	0.00343334	0.00353208	0.00362726	0.00371878	0.00380655	0.00389048	0.00397049	0.00404649	0.00411841	0.00418619	0.00424974	0.00430901	0.00436394	0.00441447	0.00446056	0.00450215	0.0045392	0.00457168	0.00459956	0.0046228	0.00464139	0.0046553	0.00466453	0.00466905	0.00466888	0.004664	0.00465443	0.00464018	0.00462125	0.00459767	0.00456946	0.00453665	0.00449928	0.00445738	0.00441099	0.00436017	0.00430496	0.00424542	0.0041816	0.00411358	0.00404142	0.0039652	0.00388499	0.00380088	0.00371294	0.00362127	0.00352596	0.00342711	0.00332482	0.00321918	0.00311031	0.00299832	0.00288332	0.00276542	0.00264475	0.00252143	0.00239558	0.00226732	0.0021368	0.00200414	0.00186946	0.00173292	0.00159465	0.00145478	0.00131346	0.00117083	0.00102703	0.00088221	0.000736512	0.000590084	0.000443071	0.000295621	0.000147881	0	
0	0.000172796	0.000345407	0.00051766	0.000689378	0.000860389	0.00103052	0.0011996	0.00136746	0.00153392	0.00169883	0.00186201	0.0020233	0.00218254	0.00233956	0.00249422	0.00264635	0.00279581	0.00294244	0.00308609	0.00322662	0.0033639	0.00349777	0.00362811	0.00375479	0.00387768	0.00399666	0.0041116	0.0042224	0.00432893	0.0044311	0.0045288	0.00462194	0.00471041	0.00479414	0.00487303	0.00494701	0.00501601	0.00507995	0.00513877	0.00519242	0.00524083	0.00528397	0.00532178	0.00535423	0.00538128	0.00540292	0.00541912	0.00542985	0.00543513	0.00543492	0.00542925	0.00541811	0.00540151	0.00537948	0.00535203	0.0053192	0.00528101	0.0052375	0.00518873	0.00513473	0.00507557	0.00501129	0.00494198	0.0048677	0.00478852	0.00470452	0.00461579	0.00452242	0.00442451	0.00432214	0.00421543	0.00410449	0.00398942	0.00387034	0.00374737	0.00362064	0.00349027	0.0033564	0.00321916	0.00307869	0.00293514	0.00278864	0.00263934	0.0024874	0.00233297	0.0021762	0.00201726	0.00185629	0.00169348	0.00152897	0.00136294	0.00119554	0.00102696	0.000857358	0.000686903	0.000515769	0.000344126	0.000172145	0	
0	0.000196975	0.000393739	0.000590094	0.000785841	0.000980781	0.00117472	0.00136746	0.0015588	0.00174856	0.00193654	0.00212255	0.00230641	0.00248793	0.00266693	0.00284323	0.00301665	0.00318702	0.00335417	0.00351792	0.00367812	0.0038346	0.00398721	0.00413579	0.0042802	0.00442028	0.00455591	0.00468694	0.00481323	0.00493468	0.00505114	0.00516252	0.00526868	0.00536954	0.00546498	0.00555491	0.00563925	0.0057179	0.00579079	0.00585784	0.00591899	0.00597418	0.00602335	0.00606645	0.00610344	0.00613429	0.00615895	0.00617741	0.00618966	0.00619566	0.00619543	0.00618896	0.00617627	0.00615735	0.00613223	0.00610094	0.00606351	0.00601998	0.00597039	0.00591479	0.00585323	0.00578579	0.00571253	0.00563352	0.00554884	0.00545858	0.00536283	0.00526169	0.00515525	0.00504363	0.00492695	0.0048053	0.00467883	0.00454766	0.00441192	0.00427174	0.00412728	0.00397867	0.00382607	0.00366963	0.0035095	0.00334586	0.00317885	0.00300867	0.00283547	0.00265942	0.00248072	0.00229954	0.00211605	0.00193045	0.00174292	0.00155366	0.00136284	0.00117067	0.000977331	0.000783024	0.000587942	0.000392281	0.000196235	0	
0	0.000220953	0.00044167	0.000661928	0.000881503	0.00110017	0.00131772	0.00153392	0.00174856	0.00196142	0.00217228	0.00238094	0.00258718	0.0027908	0.00299159	0.00318935	0.00338388	0.00357499	0.00376249	0.00394617	0.00412588	0.00430141	0.00447259	0.00463926	0.00480125	0.00495839	0.00511052	0.0052575	0.00539917	0.0055354	0.00566605	0.00579098	0.00591007	0.0060232	0.00613026	0.00623114	0.00632575	0.00641397	0.00649573	0.00657095	0.00663955	0.00670145	0.00675661	0.00680496	0.00684645	0.00688105	0.00690872	0.00692943	0.00694316	0.0069499	0.00694964	0.00694239	0.00692814	0.00690692	0.00687875	0.00684365	0.00680166	0.00675283	0.0066972	0.00663483	0.00656579	0.00649014	0.00640795	0.00631932	0.00622434	0.00612309	0.00601568	0.00590223	0.00578284	0.00565763	0.00552674	0.00539029	0.00524842	0.00510128	0.00494901	0.00479178	0.00462973	0.00446303	0.00429185	0.00411636	0.00393674	0.00375317	0.00356584	0.00337494	0.00318065	0.00298318	0.00278272	0.00257948	0.00237366	0.00216546	0.0019551	0.0017428	0.00152875	0.00131318	0.00109631	0.000878349	0.000659518	0.000440037	0.000220124	0	
0	0.000244706	0.000489152	0.000733089	0.00097627	0.00121845	0.00145938	0.00169883	0.00193654	0.00217228	0.00240581	0.00263691	0.00286532	0.00309083	0.00331321	0.00353223	0.00374768	0.00395933	0.00416698	0.00437042	0.00456944	0.00476384	0.00495343	0.00513802	0.00531742	0.00549145	0.00565994	0.00582272	0.00597963	0.0061305	0.00627519	0.00641355	0.00654545	0.00667075	0.00678932	0.00690104	0.00700582	0.00710353	0.00719408	0.00727738	0.00735335	0.00742192	0.007483	0.00753655	0.0075825	0.00762082	0.00765147	0.0076744	0.00768961	0.00769708	0.00769679	0.00768876	0.00767298	0.00764948	0.00761828	0.0075794	0.0075329	0.00747882	0.00741721	0.00734814	0.00727167	0.00718789	0.00709687	0.00699871	0.00689351	0.00678138	0.00666243	0.00653677	0.00640455	0.00626588	0.00612092	0.0059698	0.00581268	0.00564972	0.00548108	0.00530694	0.00512747	0.00494285	0.00475326	0.00455891	0.00435998	0.00415668	0.00394921	0.00373778	0.00352261	0.0033039	0.00308189	0.0028568	0.00262885	0.00239827	0.0021653	0.00193017	0.00169311	0.00145437	0.00121418	0.000972783	0.000730425	0.000487346	0.00024379	0	
0	0.000268211	0.000536137	0.000803505	0.00107004	0.00133549	0.00159956	0.00186201	0.00212255	0.00238094	0.00263691	0.00289019	0.00314055	0.00338772	0.00363146	0.00387152	0.00410766	0.00433965	0.00456724	0.00479022	0.00500836	0.00522144	0.00542924	0.00563156	0.00582819	0.00601894	0.00620362	0.00638203	0.00655401	0.00671938	0.00687797	0.00702962	0.00717418	0.00731152	0.00744148	0.00756394	0.00767877	0.00778587	0.00788512	0.00797643	0.0080597	0.00813484	0.0082018	0.00826049	0.00831086	0.00835286	0.00838645	0.00841159	0.00842826	0.00843644	0.00843613	0.00842732	0.00841003	0.00838427	0.00835007	0.00830747	0.0082565	0.00819722	0.0081297	0.00805399	0.00797017	0.00787834	0.00777858	0.00767099	0.00755569	0.00743279	0.00730241	0.00716469	0.00701976	0.00686777	0.00670888	0.00654325	0.00637104	0.00619242	0.00600759	0.00581672	0.00562001	0.00541765	0.00520986	0.00499683	0.0047788	0.00455597	0.00432857	0.00409683	0.00386099	0.00362128	0.00337794	0.00313122	0.00288138	0.00262865	0.0023733	0.00211558	0.00185575	0.00159407	0.00133081	0.00106623	0.00080059	0.000534161	0.000267209	0	
0	0.000291444	0.000582578	0.000873106	0.00116273	0.00145117	0.00173812	0.0020233	0.00230641	0.00258718	0.00286532	0.00314055	0.00341259	0.00368117	0.00394603	0.00420688	0.00446348	0.00471556	0.00496287	0.00520517	0.0054422	0.00567373	0.00589954	0.00611938	0.00633305	0.00654032	0.006741	0.00693487	0.00712174	0.00730144	0.00747376	0.00763855	0.00779564	0.00794487	0.00808609	0.00821916	0.00834394	0.00846032	0.00856817	0.00866738	0.00875786	0.00883952	0.00891228	0.00897605	0.00903078	0.00907642	0.00911292	0.00914024	0.00915835	0.00916724	0.0091669	0.00915733	0.00913854	0.00911056	0.00907339	0.0090271	0.00897172	0.00890731	0.00883393	0.00875166	0.00866059	0.0085608	0.0084524	0.0083355	0.00821021	0.00807666	0.00793498	0.00778533	0.00762785	0.0074627	0.00729004	0.00711006	0.00692293	0.00672885	0.006528	0.0063206	0.00610685	0.00588696	0.00566117	0.00542969	0.00519277	0.00495063	0.00470354	0.00445172	0.00419545	0.00393497	0.00367056	0.00340247	0.00313098	0.00285636	0.00257889	0.00229885	0.00201651	0.00173216	0.0014461	0.00115859	0.000869944	0.000580435	0.000290357	0	
0	0.000314381	0.000628428	0.000941821	0.00125424	0.00156538	0.00187491	0.00218254	0.00248793	0.0027908	0.00309083	0.00338772	0.00368117	0.0039709	0.00425659	0.00453798	0.00481477	0.00508669	0.00535347	0.00561483	0.00587052	0.00612028	0.00636386	0.006601	0.00683149	0.00705508	0.00727154	0.00748067	0.00768226	0.00787609	0.00806198	0.00823974	0.0084092	0.00857017	0.0087225	0.00886604	0.00900065	0.00912618	0.00924252	0.00934955	0.00944715	0.00953524	0.00961372	0.00968251	0.00974156	0.00979079	0.00983015	0.00985962	0.00987916	0.00988876	0.00988839	0.00987807	0.0098578	0.00982761	0.00978752	0.00973758	0.00967784	0.00960836	0.00952921	0.00944047	0.00934223	0.00923459	0.00911766	0.00899155	0.0088564	0.00871234	0.00855952	0.00839809	0.00822821	0.00805006	0.00786382	0.00766967	0.00746781	0.00725845	0.0070418	0.00681807	0.0065875	0.00635031	0.00610674	0.00585705	0.00560147	0.00534028	0.00507374	0.00480211	0.00452566	0.00424469	0.00395946	0.00367027	0.00337742	0.00308118	0.00278187	0.00247978	0.00217523	0.0018685	0.00155992	0.00124979	0.000938416	0.00062612	0.00031321	0	
0	0.000337	0.000673641	0.00100958	0.00134448	0.001678	0.00200981	0.00233956	0.00266693	0.00299159	0.00331321	0.00363146	0.00394603	0.00425659	0.00456285	0.00486448	0.00516119	0.00545267	0.00573864	0.00601881	0.0062929	0.00656063	0.00682173	0.00707594	0.007323	0.00756268	0.00779472	0.0080189	0.00823499	0.00844277	0.00864203	0.00883259	0.00901423	0.00918679	0.00935008	0.00950395	0.00964824	0.00978281	0.00990752	0.0100222	0.0101269	0.0102213	0.0103054	0.0103792	0.0104425	0.0104952	0.0105374	0.010569	0.01059	0.0106002	0.0105999	0.0105888	0.0105671	0.0105347	0.0104917	0.0104382	0.0103742	0.0102997	0.0102148	0.0101197	0.0100144	0.00989902	0.00977368	0.0096385	0.00949362	0.0093392	0.00917538	0.00900233	0.00882023	0.00862927	0.00842962	0.00822151	0.00800513	0.00778071	0.00754846	0.00730864	0.00706147	0.00680722	0.00654613	0.00627847	0.00600451	0.00572452	0.0054388	0.00514763	0.00485129	0.0045501	0.00424435	0.00393436	0.00362043	0.00330288	0.00298203	0.00265821	0.00233174	0.00200294	0.00167216	0.00133971	0.00100594	0.000671171	0.000335747	0	
0	0.000359277	0.000718172	0.00107632	0.00143336	0.00178893	0.00214267	0.00249422	0.00284323	0.00318935	0.00353223	0.00387152	0.00420688	0.00453798	0.00486448	0.00518605	0.00550237	0.00581313	0.006118	0.00641669	0.0067089	0.00699433	0.00727269	0.0075437	0.00780711	0.00806263	0.00831001	0.00854901	0.00877938	0.0090009	0.00921334	0.00941648	0.00961014	0.0097941	0.00996819	0.0101322	0.0102861	0.0104295	0.0105625	0.0106848	0.0107963	0.010897	0.0109867	0.0110653	0.0111328	0.011189	0.011234	0.0112677	0.01129	0.011301	0.0113006	0.0112888	0.0112656	0.0112311	0.0111853	0.0111283	0.01106	0.0109806	0.0108901	0.0107887	0.0106764	0.0105534	0.0104198	0.0102757	0.0101212	0.0099566	0.00978195	0.00959747	0.00940333	0.00919974	0.0089869	0.00876502	0.00853434	0.00829508	0.00804749	0.00779181	0.0075283	0.00725724	0.00697889	0.00669353	0.00640146	0.00610297	0.00579836	0.00548793	0.00517201	0.00485091	0.00452495	0.00419446	0.00385977	0.00352123	0.00317918	0.00283395	0.00248589	0.00213536	0.00178271	0.00142828	0.00107244	0.000715543	0.000357944	0	
0	0.000381191	0.000761976	0.00114197	0.00152079	0.00189804	0.00227336	0.00264635	0.00301665	0.00338388	0.00374768	0.00410766	0.00446348	0.00481477	0.00516119	0.00550237	0.00583799	0.0061677	0.00649117	0.00680808	0.00711811	0.00742095	0.00771629	0.00800384	0.0082833	0.00855441	0.00881688	0.00907046	0.00931488	0.00954991	0.00977531	0.00999085	0.0101963	0.0103915	0.0105762	0.0107503	0.0109135	0.0110657	0.0112067	0.0113365	0.0114549	0.0115617	0.0116568	0.0117403	0.0118118	0.0118715	0.0119193	0.011955	0.0119787	0.0119903	0.0119899	0.0119774	0.0119528	0.0119162	0.0118676	0.011807	0.0117346	0.0116504	0.0115544	0.0114468	0.0113277	0.0111972	0.0110554	0.0109025	0.0107386	0.0105639	0.0103786	0.0101829	0.00997691	0.0097609	0.00953508	0.00929967	0.00905491	0.00880106	0.00853836	0.00826709	0.00798751	0.00769991	0.00740459	0.00710183	0.00679194	0.00647524	0.00615205	0.00582269	0.0054875	0.0051468	0.00480096	0.00445031	0.00409522	0.00373603	0.0033731	0.00300681	0.00263753	0.00226562	0.00189145	0.0015154	0.00113786	0.000759191	0.000379778	0	
0	0.000402719	0.000805009	0.00120646	0.00160667	0.00200524	0.00240175	0.00279581	0.00318702	0.00357499	0.00395933	0.00433965	0.00471556	0.00508669	0.00545267	0.00581313	0.0061677	0.00651603	0.00685777	0.00719258	0.00752012	0.00784006	0.00815208	0.00845587	0.00875112	0.00903754	0.00931484	0.00958273	0.00984096	0.0100893	0.0103274	0.0105551	0.0107722	0.0109784	0.0111735	0.0113574	0.0115298	0.0116907	0.0118397	0.0119768	0.0121018	0.0122147	0.0123152	0.0124033	0.012479	0.012542	0.0125925	0.0126302	0.0126552	0.0126675	0.0126671	0.0126538	0.0126279	0.0125892	0.0125379	0.0124739	0.0123974	0.0123084	0.012207	0.0120933	0.0119674	0.0118296	0.0116798	0.0115182	0.0113451	0.0111606	0.0109648	0.010758	0.0105404	0.0103122	0.0100736	0.00982491	0.00956633	0.00929814	0.00902061	0.00873401	0.00843864	0.0081348	0.00782279	0.00750294	0.00717555	0.00684096	0.00649952	0.00615155	0.00579743	0.0054375	0.00507212	0.00470167	0.00432652	0.00394704	0.00356362	0.00317664	0.0027865	0.00239358	0.00199828	0.001601	0.00120213	0.000802071	0.000401228	0	
0	0.000423839	0.000847228	0.00126974	0.00169094	0.0021104	0.00252771	0.00294244	0.00335417	0.00376249	0.00416698	0.00456724	0.00496287	0.00535347	0.00573864	0.006118	0.00649117	0.00685777	0.00721744	0.00756981	0.00791452	0.00825124	0.00857963	0.00889935	0.00921009	0.00951153	0.00980337	0.0100853	0.0103571	0.0106184	0.010869	0.0111087	0.0113371	0.0115542	0.0117595	0.0119531	0.0121345	0.0123038	0.0124606	0.0126049	0.0127365	0.0128553	0.0129611	0.0130538	0.0131334	0.0131998	0.0132529	0.0132926	0.013319	0.0133319	0.0133314	0.0133175	0.0132902	0.0132495	0.0131954	0.0131281	0.0130476	0.0129539	0.0128472	0.0127276	0.0125951	0.01245	0.0122924	0.0121223	0.0119401	0.0117459	0.0115399	0.0113222	0.0110932	0.010853	0.010602	0.0103402	0.0100681	0.00978582	0.00949373	0.0091921	0.00888124	0.00856147	0.00823309	0.00789646	0.0075519	0.00719977	0.00684041	0.0064742	0.0061015	0.00572269	0.00533815	0.00494827	0.00455344	0.00415406	0.00375053	0.00334326	0.00293265	0.00251912	0.00210309	0.00168497	0.00126518	0.00084414	0.000422273	0	
0	0.000444531	0.00088859	0.00133173	0.00177349	0.00221343	0.00265111	0.00308609	0.00351792	0.00394617	0.00437042	0.00479022	0.00520517	0.00561483	0.00601881	0.00641669	0.00680808	0.00719258	0.00756981	0.00793938	0.00830093	0.00865409	0.00899851	0.00933384	0.00965975	0.0099759	0.010282	0.0105777	0.0108628	0.0111368	0.0113997	0.011651	0.0118907	0.0121183	0.0123337	0.0125367	0.012727	0.0129045	0.013069	0.0132203	0.0133584	0.0134829	0.0135939	0.0136912	0.0137747	0.0138443	0.0138999	0.0139416	0.0139693	0.0139828	0.0139823	0.0139677	0.0139391	0.0138964	0.0138397	0.0137691	0.0136846	0.0135864	0.0134744	0.013349	0.0132101	0.0130579	0.0128925	0.0127142	0.0125231	0.0123194	0.0121033	0.011875	0.0116348	0.0113829	0.0111196	0.0108451	0.0105596	0.0102636	0.00995725	0.0096409	0.00931486	0.00897947	0.00863507	0.008282	0.00792062	0.00755129	0.00717439	0.0067903	0.00639941	0.0060021	0.00559879	0.00518987	0.00477576	0.00435688	0.00393365	0.00350649	0.00307584	0.00264212	0.00220577	0.00176724	0.00132695	0.000885356	0.000442891	0	
0	0.000464774	0.000929054	0.00139237	0.00185425	0.00231423	0.00277184	0.00322662	0.00367812	0.00412588	0.00456944	0.00500836	0.0054422	0.00587052	0.0062929	0.0067089	0.00711811	0.00752012	0.00791452	0.00830093	0.00867894	0.00904818	0.00940829	0.00975889	0.0100996	0.0104302	0.0107502	0.0110594	0.0113574	0.011644	0.0119188	0.0121816	0.0124321	0.0126701	0.0128953	0.0131076	0.0133066	0.0134922	0.0136642	0.0138224	0.0139667	0.0140969	0.014213	0.0143147	0.014402	0.0144747	0.0145329	0.0145765	0.0146054	0.0146196	0.0146191	0.0146038	0.0145738	0.0145292	0.0144699	0.0143961	0.0143078	0.0142051	0.0140881	0.0139569	0.0138116	0.0136525	0.0134796	0.0132932	0.0130934	0.0128804	0.0126545	0.0124158	0.0121647	0.0119013	0.011626	0.011339	0.0110405	0.010731	0.0104107	0.01008	0.00973907	0.00938841	0.00902832	0.00865917	0.00828133	0.00789519	0.00750112	0.00709954	0.00669085	0.00627545	0.00585377	0.00542623	0.00499326	0.0045553	0.0041128	0.00366619	0.00321592	0.00276245	0.00230623	0.00184772	0.00138738	0.000925677	0.000463061	0	
0	0.000484547	0.000968579	0.0014516	0.00193313	0.00241268	0.00288976	0.0033639	0.0038346	0.00430141	0.00476384	0.00522144	0.00567373	0.00612028	0.00656063	0.00699433	0.00742095	0.00784006	0.00825124	0.00865409	0.00904818	0.00943314	0.00980856	0.0101741	0.0105293	0.0108739	0.0112076	0.0115299	0.0118406	0.0121394	0.0124259	0.0126999	0.0129611	0.0132092	0.013444	0.0136652	0.0138727	0.0140662	0.0142455	0.0144105	0.0145609	0.0146967	0.0148177	0.0149237	0.0150147	0.0150906	0.0151513	0.0151967	0.0152268	0.0152416	0.015241	0.0152251	0.0151939	0.0151474	0.0150856	0.0150086	0.0149166	0.0148095	0.0146875	0.0145507	0.0143993	0.0142334	0.0140532	0.0138588	0.0136505	0.0134284	0.0131929	0.0129441	0.0126823	0.0124077	0.0121206	0.0118214	0.0115103	0.0111876	0.0108537	0.0105088	0.0101534	0.00978786	0.00941245	0.0090276	0.00863368	0.00823111	0.00782028	0.00740161	0.00697553	0.00654245	0.00610283	0.0056571	0.00520571	0.00474912	0.00428779	0.00382217	0.00335275	0.00287999	0.00240436	0.00192634	0.00144642	0.000965063	0.000482764	0	
0	0.000503831	0.00100713	0.00150937	0.00201007	0.0025087	0.00300477	0.00349777	0.00398721	0.00447259	0.00495343	0.00542924	0.00589954	0.00636386	0.00682173	0.00727269	0.00771629	0.00815208	0.00857963	0.00899851	0.00940829	0.00980856	0.0101989	0.010579	0.0109484	0.0113067	0.0116536	0.0119888	0.0123119	0.0126225	0.0129204	0.0132053	0.0134769	0.0137349	0.013979	0.0142091	0.0144248	0.014626	0.0148125	0.014984	0.0151404	0.0152816	0.0154074	0.0155176	0.0156123	0.0156912	0.0157543	0.0158015	0.0158328	0.0158482	0.0158476	0.0158311	0.0157986	0.0157502	0.015686	0.015606	0.0155102	0.0153989	0.015272	0.0151298	0.0149724	0.0147999	0.0146125	0.0144104	0.0141938	0.0139629	0.013718	0.0134593	0.013187	0.0129015	0.012603	0.0122919	0.0119684	0.0116329	0.0112856	0.0109271	0.0105576	0.0101774	0.00978708	0.0093869	0.00897731	0.00855871	0.00813154	0.0076962	0.00725316	0.00680285	0.00634573	0.00588226	0.00541291	0.00493815	0.00445845	0.0039743	0.0034862	0.00299462	0.00250006	0.00200301	0.00150399	0.00100347	0.000501979	0	
0	0.000522606	0.00104466	0.00156562	0.00208497	0.00260219	0.00311674	0.00362811	0.00413579	0.00463926	0.00513802	0.00563156	0.00611938	0.006601	0.00707594	0.0075437	0.00800384	0.00845587	0.00889935	0.00933384	0.00975889	0.0101741	0.010579	0.0109732	0.0113564	0.0117281	0.0120879	0.0124356	0.0127707	0.0130929	0.0134019	0.0136974	0.0139791	0.0142467	0.0145	0.0147386	0.0149624	0.0151711	0.0153645	0.0155424	0.0157047	0.0158511	0.0159816	0.0160959	0.0161941	0.0162759	0.0163414	0.0163904	0.0164229	0.0164388	0.0164382	0.0164211	0.0163874	0.0163372	0.0162706	0.0161876	0.0160882	0.0159727	0.0158412	0.0156937	0.0155304	0.0153514	0.015157	0.0149474	0.0147227	0.0144833	0.0142292	0.0139609	0.0136785	0.0133823	0.0130727	0.01275	0.0124144	0.0120664	0.0117062	0.0113343	0.010951	0.0105567	0.0101518	0.00973673	0.00931188	0.00887768	0.00843458	0.00798303	0.00752347	0.00705638	0.00658223	0.00610148	0.00561464	0.00512218	0.00462461	0.00412242	0.00361612	0.00310622	0.00259323	0.00207766	0.00156004	0.00104087	0.000520687	0	
0	0.000540853	0.00108113	0.00162029	0.00215777	0.00269304	0.00322556	0.00375479	0.0042802	0.00480125	0.00531742	0.00582819	0.00633305	0.00683149	0.007323	0.00780711	0.0082833	0.00875112	0.00921009	0.00965975	0.0100996	0.0105293	0.0109484	0.0113564	0.0117529	0.0121376	0.01251	0.0128698	0.0132166	0.0135501	0.0138699	0.0141757	0.0144673	0.0147442	0.0150063	0.0152533	0.0154848	0.0157008	0.015901	0.0160851	0.016253	0.0164046	0.0165396	0.016658	0.0167596	0.0168443	0.016912	0.0169627	0.0169963	0.0170128	0.0170122	0.0169945	0.0169596	0.0169077	0.0168387	0.0167528	0.01665	0.0165305	0.0163943	0.0162417	0.0160727	0.0158875	0.0156863	0.0154693	0.0152368	0.014989	0.0147261	0.0144484	0.0141561	0.0138496	0.0135292	0.0131952	0.0128479	0.0124877	0.012115	0.0117301	0.0113334	0.0109253	0.0105063	0.0100767	0.00963704	0.00918768	0.00872911	0.00826179	0.00778619	0.00730279	0.00681208	0.00631455	0.0058107	0.00530105	0.0047861	0.00426638	0.0037424	0.00321469	0.00268379	0.00215022	0.00161452	0.00107722	0.00053887	0	
0	0.000558554	0.00111651	0.00167331	0.00222839	0.00278118	0.00333113	0.00387768	0.00442028	0.00495839	0.00549145	0.00601894	0.00654032	0.00705508	0.00756268	0.00806263	0.00855441	0.00903754	0.00951153	0.0099759	0.0104302	0.0108739	0.0113067	0.0117281	0.0121376	0.0125348	0.0129194	0.013291	0.0136492	0.0139936	0.0143239	0.0146397	0.0149408	0.0152268	0.0154975	0.0157525	0.0159917	0.0162147	0.0164214	0.0166116	0.016785	0.0169415	0.017081	0.0172032	0.0173081	0.0173956	0.0174655	0.0175179	0.0175526	0.0175697	0.017569	0.0175507	0.0175147	0.0174611	0.0173898	0.0173011	0.017195	0.0170715	0.0169309	0.0167733	0.0165987	0.0164075	0.0161997	0.0159757	0.0157356	0.0154796	0.0152081	0.0149213	0.0146195	0.0143029	0.013972	0.0136271	0.0132684	0.0128965	0.0125115	0.012114	0.0117044	0.011283	0.0108502	0.0104066	0.00995248	0.00948841	0.00901483	0.00853221	0.00804105	0.00754182	0.00703505	0.00652124	0.0060009	0.00547456	0.00494276	0.00440603	0.0038649	0.00331992	0.00277163	0.0022206	0.00166736	0.00111248	0.000556509	0	
0	0.000575692	0.00115077	0.00172466	0.00229676	0.00286652	0.00343334	0.00399666	0.00455591	0.00511052	0.00565994	0.00620362	0.006741	0.00727154	0.00779472	0.00831001	0.00881688	0.00931484	0.00980337	0.010282	0.0107502	0.0112076	0.0116536	0.0120879	0.01251	0.0129194	0.0133159	0.0136988	0.014068	0.014423	0.0147634	0.0150889	0.0153992	0.015694	0.015973	0.0162358	0.0164823	0.0167122	0.0169253	0.0171213	0.0173	0.0174613	0.0176051	0.0177311	0.0178392	0.0179293	0.0180014	0.0180554	0.0180912	0.0181088	0.0181081	0.0180892	0.0180521	0.0179968	0.0179234	0.017832	0.0177226	0.0175954	0.0174504	0.0172879	0.017108	0.0169109	0.0166968	0.0164659	0.0162184	0.0159546	0.0156747	0.0153791	0.015068	0.0147418	0.0144008	0.0140452	0.0136756	0.0132922	0.0128955	0.0124858	0.0120635	0.0116292	0.0111831	0.0107259	0.0102579	0.00977957	0.00929146	0.00879403	0.00828779	0.00777325	0.00725092	0.00672134	0.00618504	0.00564256	0.00509443	0.00454123	0.00398349	0.00342179	0.00285668	0.00228874	0.00171853	0.00114662	0.000573586	0	
0	0.000592248	0.00118387	0.00177426	0.00236282	0.00294896	0.00353208	0.0041116	0.00468694	0.0052575	0.00582272	0.00638203	0.00693487	0.00748067	0.0080189	0.00854901	0.00907046	0.00958273	0.0100853	0.0105777	0.0110594	0.0115299	0.0119888	0.0124356	0.0128698	0.013291	0.0136988	0.0140928	0.0144726	0.0148378	0.015188	0.0155229	0.0158421	0.0161454	0.0164324	0.0167028	0.0169564	0.0171929	0.0174121	0.0176137	0.0177976	0.0179635	0.0181114	0.018241	0.0183523	0.018445	0.0185192	0.0185747	0.0186115	0.0186296	0.0186289	0.0186095	0.0185713	0.0185145	0.0184389	0.0183449	0.0182323	0.0181015	0.0179523	0.0177852	0.0176001	0.0173973	0.017177	0.0169395	0.0166849	0.0164135	0.0161256	0.0158215	0.0155014	0.0151658	0.014815	0.0144492	0.0140689	0.0136745	0.0132664	0.0128449	0.0124105	0.0119637	0.0115048	0.0110344	0.0105529	0.0100609	0.00955871	0.00904697	0.00852617	0.00799683	0.00745948	0.00691467	0.00636294	0.00580485	0.00524097	0.00467185	0.00409807	0.00352021	0.00293885	0.00235457	0.00176796	0.0011796	0.000590084	0	
0	0.000608207	0.00121577	0.00182207	0.00242649	0.00302842	0.00362726	0.0042224	0.00481323	0.00539917	0.00597963	0.00655401	0.00712174	0.00768226	0.00823499	0.00877938	0.00931488	0.00984096	0.0103571	0.0108628	0.0113574	0.0118406	0.0123119	0.0127707	0.0132166	0.0136492	0.014068	0.0144726	0.0148626	0.0152376	0.0155973	0.0159412	0.016269	0.0165805	0.0168752	0.0171529	0.0174133	0.0176562	0.0178813	0.0180884	0.0182772	0.0184476	0.0185995	0.0187326	0.0188468	0.0189421	0.0190183	0.0190753	0.0191131	0.0191317	0.019131	0.019111	0.0190718	0.0190134	0.0189359	0.0188393	0.0187237	0.0185893	0.0184361	0.0182645	0.0180744	0.0178662	0.01764	0.017396	0.0171345	0.0168558	0.0165602	0.0162478	0.0159192	0.0155745	0.0152142	0.0148386	0.0144481	0.014043	0.0136239	0.013191	0.012745	0.0122861	0.0118149	0.0113318	0.0108373	0.010332	0.00981631	0.00929079	0.00875595	0.00821235	0.00766052	0.00710102	0.00653443	0.0059613	0.00538221	0.00479776	0.00420852	0.00361509	0.00301806	0.00241803	0.00181561	0.00121139	0.000605988	0	
0	0.000623553	0.00124644	0.00186804	0.00248771	0.00310483	0.00371878	0.00432893	0.00493468	0.0055354	0.0061305	0.00671938	0.00730144	0.00787609	0.00844277	0.0090009	0.00954991	0.0100893	0.0106184	0.0111368	0.011644	0.0121394	0.0126225	0.0130929	0.0135501	0.0139936	0.014423	0.0148378	0.0152376	0.0156221	0.0159908	0.0163434	0.0166795	0.0169988	0.017301	0.0175857	0.0178527	0.0181017	0.0183325	0.0185448	0.0187384	0.0189131	0.0190688	0.0192053	0.0193224	0.01942	0.0194981	0.0195566	0.0195954	0.0196144	0.0196137	0.0195932	0.019553	0.0194932	0.0194137	0.0193146	0.0191961	0.0190583	0.0189013	0.0187253	0.0185305	0.018317	0.0180851	0.0178349	0.0175669	0.0172811	0.016978	0.0166578	0.0163209	0.0159675	0.0155981	0.015213	0.0148127	0.0143974	0.0139677	0.0135239	0.0130666	0.0125961	0.012113	0.0116177	0.0111108	0.0105927	0.010064	0.00952523	0.0089769	0.00841958	0.00785383	0.00728021	0.00669932	0.00611173	0.00551803	0.00491883	0.00431472	0.00370631	0.00309422	0.00247905	0.00186142	0.00124196	0.00062128	0	
0	0.000638269	0.00127586	0.00191213	0.00254642	0.00317811	0.00380655	0.0044311	0.00505114	0.00566605	0.00627519	0.00687797	0.00747376	0.00806198	0.00864203	0.00921334	0.00977531	0.0103274	0.010869	0.0113997	0.0119188	0.0124259	0.0129204	0.0134019	0.0138699	0.0143239	0.0147634	0.015188	0.0155973	0.0159908	0.0163682	0.0167292	0.0170732	0.0174	0.0177093	0.0180008	0.0182741	0.018529	0.0187652	0.0189825	0.0191807	0.0193595	0.0195189	0.0196586	0.0197785	0.0198784	0.0199584	0.0200182	0.0200579	0.0200774	0.0200766	0.0200557	0.0200146	0.0199533	0.0198719	0.0197705	0.0196492	0.0195082	0.0193475	0.0191673	0.0189679	0.0187493	0.0185119	0.0182559	0.0179815	0.017689	0.0173788	0.017051	0.0167061	0.0163444	0.0159663	0.0155721	0.0151623	0.0147372	0.0142974	0.0138431	0.013375	0.0128934	0.0123989	0.0118919	0.0113731	0.0108428	0.0103016	0.00975007	0.0091888	0.00861832	0.00803921	0.00745206	0.00685745	0.00625599	0.00564828	0.00503494	0.00441657	0.0037938	0.00316726	0.00253757	0.00190536	0.00127128	0.000635945	0	
0	0.000652342	0.00130399	0.00195429	0.00260257	0.00324818	0.00389048	0.0045288	0.00516252	0.00579098	0.00641355	0.00702962	0.00763855	0.00823974	0.00883259	0.00941648	0.00999085	0.0105551	0.0111087	0.011651	0.0121816	0.0126999	0.0132053	0.0136974	0.0141757	0.0146397	0.0150889	0.0155229	0.0159412	0.0163434	0.0167292	0.017098	0.0174497	0.0177837	0.0180998	0.0183977	0.018677	0.0189375	0.019179	0.0194011	0.0196036	0.0197864	0.0199493	0.020092	0.0202146	0.0203167	0.0203984	0.0204596	0.0205002	0.0205201	0.0205193	0.0204979	0.0204559	0.0203933	0.0203101	0.0202065	0.0200825	0.0199383	0.0197741	0.01959	0.0193861	0.0191628	0.0189201	0.0186585	0.018378	0.0180791	0.017762	0.017427	0.0170745	0.0167048	0.0163184	0.0159155	0.0154967	0.0150622	0.0146126	0.0141484	0.0136699	0.0131777	0.0126723	0.0121542	0.0116238	0.0110819	0.0105287	0.00996508	0.00939143	0.00880837	0.00821649	0.00761639	0.00700868	0.00639395	0.00577284	0.00514597	0.00451396	0.00387746	0.0032371	0.00259353	0.00194738	0.00129931	0.000649969	0	
0	0.000665758	0.00133081	0.00199448	0.00265609	0.00331498	0.00397049	0.00462194	0.00526868	0.00591007	0.00654545	0.00717418	0.00779564	0.0084092	0.00901423	0.00961014	0.0101963	0.0107722	0.0113371	0.0118907	0.0124321	0.0129611	0.0134769	0.0139791	0.0144673	0.0149408	0.0153992	0.0158421	0.016269	0.0166795	0.0170732	0.0174497	0.0178085	0.0181495	0.0184721	0.0187761	0.0190611	0.019327	0.0195734	0.0198001	0.0200068	0.0201933	0.0203596	0.0205053	0.0206303	0.0207346	0.020818	0.0208804	0.0209218	0.0209421	0.0209414	0.0209195	0.0208766	0.0208127	0.0207278	0.0206221	0.0204955	0.0203484	0.0201808	0.0199929	0.0197848	0.0195569	0.0193093	0.0190422	0.018756	0.0184509	0.0181273	0.0177854	0.0174257	0.0170484	0.016654	0.0162429	0.0158154	0.015372	0.0149132	0.0144394	0.0139511	0.0134488	0.012933	0.0124042	0.0118629	0.0113098	0.0107453	0.01017	0.00958459	0.00898954	0.00838549	0.00777305	0.00715283	0.00652546	0.00589158	0.00525181	0.00460681	0.00395721	0.00330368	0.00264687	0.00198744	0.00132604	0.000663338	0	
0	0.000678501	0.00135628	0.00203265	0.00270693	0.00337844	0.00404649	0.00471041	0.00536954	0.0060232	0.00667075	0.00731152	0.00794487	0.00857017	0.00918679	0.0097941	0.0103915	0.0109784	0.0115542	0.0121183	0.0126701	0.0132092	0.0137349	0.0142467	0.0147442	0.0152268	0.015694	0.0161454	0.0165805	0.0169988	0.0174	0.0177837	0.0181495	0.0184969	0.0188257	0.0191355	0.019426	0.019697	0.0199481	0.0201791	0.0203898	0.0205799	0.0207493	0.0208978	0.0210253	0.0211315	0.0212165	0.0212801	0.0213223	0.021343	0.0213423	0.02132	0.0212763	0.0212111	0.0211246	0.0210168	0.0208879	0.020738	0.0205672	0.0203756	0.0201636	0.0199313	0.0196789	0.0194068	0.0191151	0.0188042	0.0184743	0.0181259	0.0177593	0.0173748	0.0169728	0.0165538	0.0161182	0.0156663	0.0151987	0.0147158	0.0142182	0.0137062	0.0131806	0.0126416	0.01209	0.0115263	0.010951	0.0103647	0.00976809	0.00916165	0.00854603	0.00792187	0.00728977	0.0066504	0.00600437	0.00535236	0.00469501	0.00403298	0.00336693	0.00269755	0.00202549	0.00135143	0.000676038	0	
0	0.000690561	0.00138039	0.00206878	0.00275505	0.00343849	0.00411841	0.00479414	0.00546498	0.00613026	0.00678932	0.00744148	0.00808609	0.0087225	0.00935008	0.00996819	0.0105762	0.0111735	0.0117595	0.0123337	0.0128953	0.013444	0.013979	0.0145	0.0150063	0.0154975	0.015973	0.0164324	0.0168752	0.017301	0.0177093	0.0180998	0.0184721	0.0188257	0.0191603	0.0194757	0.0197714	0.0200471	0.0203027	0.0205378	0.0207522	0.0209457	0.0211182	0.0212693	0.021399	0.0215072	0.0215937	0.0216584	0.0217013	0.0217224	0.0217216	0.021699	0.0216545	0.0215882	0.0215001	0.0213904	0.0212592	0.0211066	0.0209328	0.0207378	0.0205221	0.0202856	0.0200288	0.0197518	0.0194549	0.0191384	0.0188028	0.0184482	0.018075	0.0176837	0.0172746	0.0168481	0.0164047	0.0159448	0.0154689	0.0149774	0.0144709	0.0139499	0.0134149	0.0128664	0.012305	0.0117312	0.0111457	0.010549	0.00994174	0.00932452	0.00869796	0.0080627	0.00741937	0.00676862	0.00611112	0.00544751	0.00477847	0.00410467	0.00342679	0.0027455	0.0020615	0.00137545	0.000688057	0	
0	0.000701925	0.0014031	0.00210283	0.00280039	0.00349507	0.00418619	0.00487303	0.00555491	0.00623114	0.00690104	0.00756394	0.00821916	0.00886604	0.00950395	0.0101322	0.0107503	0.0113574	0.0119531	0.0125367	0.0131076	0.0136652	0.0142091	0.0147386	0.0152533	0.0157525	0.0162358	0.0167028	0.0171529	0.0175857	0.0180008	0.0183977	0.0187761	0.0191355	0.0194757	0.0197962	0.0200967	0.0203771	0.0206368	0.0208758	0.0210938	0.0212905	0.0214657	0.0216193	0.0217512	0.0218611	0.021949	0.0220149	0.0220585	0.0220799	0.0220791	0.0220561	0.0220109	0.0219435	0.021854	0.0217425	0.0216091	0.021454	0.0212773	0.0210791	0.0208598	0.0206195	0.0203584	0.0200768	0.0197751	0.0194534	0.0191122	0.0187518	0.0183725	0.0179747	0.0175589	0.0171254	0.0166747	0.0162072	0.0157235	0.0152239	0.0147091	0.0141795	0.0136357	0.0130781	0.0125075	0.0119243	0.0113291	0.0107226	0.0101054	0.00947799	0.00884112	0.0081954	0.00754149	0.00688003	0.0062117	0.00553717	0.00485712	0.00417223	0.00348319	0.00279069	0.00209543	0.00139809	0.000699382	0	
0	0.000712582	0.00142441	0.00213475	0.0028429	0.00354813	0.00424974	0.00494701	0.00563925	0.00632575	0.00700582	0.00767877	0.00834394	0.00900065	0.00964824	0.0102861	0.0109135	0.0115298	0.0121345	0.012727	0.0133066	0.0138727	0.0144248	0.0149624	0.0154848	0.0159917	0.0164823	0.0169564	0.0174133	0.0178527	0.0182741	0.018677	0.0190611	0.019426	0.0197714	0.0200967	0.0204019	0.0206864	0.0209502	0.0211928	0.021414	0.0216137	0.0217916	0.0219476	0.0220814	0.022193	0.0222823	0.0223491	0.0223934	0.0224152	0.0224144	0.022391	0.0223451	0.0222766	0.0221858	0.0220726	0.0219372	0.0217797	0.0216003	0.0213992	0.0211765	0.0209326	0.0206675	0.0203817	0.0200753	0.0197488	0.0194024	0.0190365	0.0186515	0.0182476	0.0178255	0.0173854	0.0169279	0.0164533	0.0159622	0.0154551	0.0149325	0.0143948	0.0138427	0.0132767	0.0126974	0.0121054	0.0115012	0.0108854	0.0102588	0.00962191	0.00897537	0.00831985	0.007656	0.0069845	0.00630603	0.00562126	0.00493088	0.00423559	0.00353609	0.00283307	0.00212725	0.00141932	0.000710002	0	
0	0.00072252	0.00144427	0.00216453	0.00288255	0.00359762	0.00430901	0.00501601	0.0057179	0.00641397	0.00710353	0.00778587	0.00846032	0.00912618	0.00978281	0.0104295	0.0110657	0.0116907	0.0123038	0.0129045	0.0134922	0.0140662	0.014626	0.0151711	0.0157008	0.0162147	0.0167122	0.0171929	0.0176562	0.0181017	0.018529	0.0189375	0.019327	0.019697	0.0200471	0.0203771	0.0206864	0.020975	0.0212424	0.0214884	0.0217127	0.0219152	0.0220956	0.0222537	0.0223894	0.0225026	0.0225931	0.0226608	0.0227058	0.0227278	0.022727	0.0227033	0.0226567	0.0225874	0.0224953	0.0223805	0.0222432	0.0220835	0.0219016	0.0216977	0.0214719	0.0212245	0.0209558	0.020666	0.0203554	0.0200243	0.0196731	0.019302	0.0189116	0.0185022	0.0180741	0.0176279	0.017164	0.0166828	0.0161849	0.0156707	0.0151408	0.0145956	0.0140358	0.0134619	0.0128745	0.0122742	0.0116616	0.0110373	0.0104019	0.00975613	0.00910057	0.00843591	0.0077628	0.00708194	0.006394	0.00569967	0.00499967	0.00429468	0.00358542	0.00287259	0.00215692	0.00143912	0.000719907	0	
0	0.00073173	0.00146268	0.00219212	0.0029193	0.00364348	0.00436394	0.00507995	0.00579079	0.00649573	0.00719408	0.00788512	0.00856817	0.00924252	0.00990752	0.0105625	0.0112067	0.0118397	0.0124606	0.013069	0.0136642	0.0142455	0.0148125	0.0153645	0.015901	0.0164214	0.0169253	0.0174121	0.0178813	0.0183325	0.0187652	0.019179	0.0195734	0.0199481	0.0203027	0.0206368	0.0209502	0.0212424	0.0215132	0.0217623	0.0219895	0.0221946	0.0223773	0.0225374	0.0226749	0.0227895	0.0228811	0.0229497	0.0229952	0.0230176	0.0230168	0.0229928	0.0229456	0.0228753	0.0227821	0.0226658	0.0225268	0.0223651	0.0221809	0.0219743	0.0217457	0.0214951	0.021223	0.0209295	0.0206149	0.0202796	0.0199239	0.0195481	0.0191527	0.0187381	0.0183046	0.0178527	0.0173828	0.0168955	0.0163912	0.0158705	0.0153338	0.0147817	0.0142148	0.0136336	0.0130387	0.0124307	0.0118103	0.011178	0.0105346	0.00988053	0.00921661	0.00854347	0.00786178	0.00717223	0.00647552	0.00577235	0.00506341	0.00434944	0.00363113	0.00290922	0.00218442	0.00145747	0.000729086	0	
