0	0	0	0	0	0	0	0	0	0	0	0	0	0	0	0	0	0	0	0	0	0	0	0	0	0	0	0	0	0	0	0	0	0	0	0	0	0	0	0	0	0	0	0	0	0	0	0	0	0	0	0	0	0	0	0	0	0	0	0	0	0	0	0	0	0	0	0	0	0	0	0	0	0	0	0	0	0	0	0	0	0	0	0	0	0	0	0	0	0	0	0	0	0	0	0	0	0	0	0	
0	2.10477e-05	4.20726e-05	6.30535e-05	8.3969e-05	0.000104798	0.00012552	0.000146113	0.000166557	0.000186831	0.000206915	0.000226788	0.000246431	0.000265824	0.000284947	0.000303781	0.000322307	0.000340507	0.000358363	0.000375855	0.000392968	0.000409683	0.000425984	0.000441855	0.00045728	0.000472242	0.000486728	0.000500723	0.000514212	0.000527182	0.000539621	0.000551515	0.000562853	0.000573623	0.000583814	0.000593418	0.000602423	0.00061082	0.000618602	0.000625761	0.000632289	0.00063818	0.000643428	0.000648027	0.000651974	0.000655264	0.000657894	0.000659862	0.000661165	0.000661802	0.000661773	0.000661077	0.000659716	0.000657691	0.000655003	0.000651657	0.000647654	0.000643	0.000637698	0.000631755	0.000625176	0.000617968	0.000610139	0.000601696	0.000592647	0.000583003	0.000572772	0.000561966	0.000550594	0.000538669	0.000526203	0.000513207	0.000499697	0.000485684	0.000471183	0.00045621	0.000440778	0.000424904	0.000408603	0.000391893	0.00037479	0.000357311	0.000339474	0.000321297	0.000302798	0.000283997	0.000264911	0.000245561	0.000225965	0.000206144	0.000186117	0.000165905	0.000145528	0.000125007	0.000104361	8.36121e-05	6.27807e-05	4.18876e-05	2.09537e-05	0	
0	4.20726e-05	8.40998e-05	0.000126039	0.000167848	0.000209483	0.000250904	0.000292068	0.000332934	0.00037346	0.000413607	0.000453332	0.000492597	0.000531361	0.000569587	0.000607235	0.000644268	0.000680649	0.00071634	0.000751307	0.000785514	0.000818926	0.000851511	0.000883236	0.000914069	0.000943978	0.000972934	0.00100091	0.00102787	0.0010538	0.00107866	0.00110244	0.0011251	0.00114663	0.001167	0.0011862	0.0012042	0.00122099	0.00123654	0.00125085	0.0012639	0.00127568	0.00128617	0.00129536	0.00130325	0.00130983	0.00131508	0.00131902	0.00132162	0.00132289	0.00132284	0.00132145	0.00131873	0.00131468	0.00130931	0.00130262	0.00129461	0.00128531	0.00127471	0.00126283	0.00124968	0.00123528	0.00121962	0.00120275	0.00118466	0.00116538	0.00114493	0.00112333	0.0011006	0.00107676	0.00105184	0.00102587	0.000998859	0.000970848	0.000941863	0.000911931	0.000881085	0.000849354	0.00081677	0.000783368	0.000749179	0.00071424	0.000678586	0.000642251	0.000605274	0.000567691	0.00052954	0.00049086	0.000451689	0.000412068	0.000372037	0.000331634	0.000290902	0.00024988	0.000208611	0.000167135	0.000125495	8.37306e-05	4.18852e-05	0	
0	6.30535e-05	0.000126039	0.000188893	0.00025155	0.000313949	0.000376026	0.000437718	0.000498963	0.0005597	0.000619866	0.000679402	0.000738248	0.000796344	0.000853632	0.000910055	0.000965556	0.00102008	0.00107357	0.00112597	0.00117724	0.00122731	0.00127615	0.00132369	0.0013699	0.00141473	0.00145812	0.00150005	0.00154046	0.00157932	0.00161658	0.00165221	0.00168618	0.00171844	0.00174897	0.00177774	0.00180472	0.00182988	0.00185319	0.00187464	0.00189419	0.00191184	0.00192756	0.00194134	0.00195317	0.00196302	0.0019709	0.0019768	0.0019807	0.00198261	0.00198252	0.00198044	0.00197636	0.00197029	0.00196224	0.00195222	0.00194022	0.00192628	0.0019104	0.0018926	0.00187289	0.00185129	0.00182784	0.00180255	0.00177544	0.00174655	0.0017159	0.00168352	0.00164946	0.00161373	0.00157639	0.00153746	0.00149698	0.001455	0.00141156	0.0013667	0.00132047	0.00127292	0.00122409	0.00117403	0.00112279	0.00107043	0.00101699	0.000962536	0.000907119	0.000850793	0.000793617	0.000735648	0.000676944	0.000617564	0.000557568	0.000497018	0.000435972	0.000374494	0.000312644	0.000250484	0.000188078	0.000125487	6.27731e-05	0	
0	8.3969e-05	0.000167848	0.00025155	0.000334993	0.00041809	0.000500759	0.000582915	0.000664476	0.00074536	0.000825484	0.000904769	0.000983135	0.0010605	0.00113679	0.00121193	0.00128585	0.00135845	0.00142969	0.00149948	0.00156775	0.00163443	0.00169947	0.00176278	0.00182432	0.00188402	0.00194181	0.00199764	0.00205145	0.0021032	0.00215282	0.00220028	0.00224551	0.00228848	0.00232914	0.00236745	0.00240337	0.00243688	0.00246792	0.00249648	0.00252253	0.00254603	0.00256697	0.00258532	0.00260106	0.00261419	0.00262468	0.00263253	0.00263773	0.00264027	0.00264016	0.00263738	0.00263195	0.00262387	0.00261315	0.0025998	0.00258383	0.00256526	0.00254411	0.0025204	0.00249416	0.0024654	0.00243417	0.00240048	0.00236438	0.00232591	0.00228509	0.00224198	0.00219661	0.00214904	0.0020993	0.00204746	0.00199356	0.00193765	0.0018798	0.00182006	0.0017585	0.00169517	0.00163014	0.00156347	0.00149524	0.00142551	0.00135435	0.00128183	0.00120803	0.00113302	0.00105688	0.000979677	0.000901499	0.000822422	0.000742525	0.000661889	0.000580593	0.000498721	0.000416354	0.000333576	0.000250467	0.000167113	8.35964e-05	0	
0	0.000104798	0.000209483	0.000313949	0.00041809	0.000521801	0.000624976	0.000727512	0.000829305	0.000930252	0.00103025	0.00112921	0.00122701	0.00132357	0.00141879	0.00151257	0.00160481	0.00169543	0.00178434	0.00187144	0.00195664	0.00203987	0.00212104	0.00220006	0.00227686	0.00235136	0.00242349	0.00249317	0.00256034	0.00262492	0.00268685	0.00274608	0.00280253	0.00285616	0.0029069	0.00295472	0.00299956	0.00304137	0.00308012	0.00311576	0.00314827	0.0031776	0.00320373	0.00322663	0.00324629	0.00326267	0.00327577	0.00328556	0.00329205	0.00329522	0.00329508	0.00329162	0.00328484	0.00327475	0.00326137	0.00324471	0.00322478	0.00320161	0.00317521	0.00314562	0.00311286	0.00307697	0.00303799	0.00299595	0.0029509	0.00290288	0.00285194	0.00279813	0.00274151	0.00268213	0.00262006	0.00255536	0.00248808	0.00241831	0.00234611	0.00227155	0.00219472	0.00211568	0.00203452	0.00195131	0.00186615	0.00177912	0.00169031	0.0015998	0.0015077	0.00141408	0.00131905	0.0012227	0.00112513	0.00102644	0.00092672	0.00082608	0.000724619	0.000622437	0.000519638	0.000416324	0.0003126	0.000208568	0.000104334	0	
0	0.00012552	0.000250904	0.000376026	0.000500759	0.000624976	0.000748552	0.000871363	0.000993283	0.00111419	0.00123396	0.00135248	0.00146963	0.00158528	0.00169932	0.00181165	0.00192213	0.00203067	0.00213716	0.00224148	0.00234353	0.00244322	0.00254043	0.00263508	0.00272707	0.0028163	0.00290269	0.00298615	0.0030666	0.00314395	0.00321813	0.00328907	0.00335668	0.00342091	0.00348169	0.00353896	0.00359267	0.00364275	0.00368916	0.00373185	0.00377078	0.00380592	0.00383721	0.00386465	0.00388818	0.00390781	0.00392349	0.00393523	0.003943	0.0039468	0.00394662	0.00394248	0.00393436	0.00392228	0.00390626	0.0038863	0.00386243	0.00383467	0.00380306	0.00376761	0.00372838	0.0036854	0.0036387	0.00358835	0.00353439	0.00347687	0.00341586	0.00335141	0.0032836	0.00321248	0.00313814	0.00306064	0.00298006	0.00289649	0.00281002	0.00272072	0.00262869	0.00253402	0.00243681	0.00233716	0.00223516	0.00213092	0.00202454	0.00191614	0.00180582	0.00169369	0.00157987	0.00146447	0.00134761	0.0012294	0.00110997	0.000989426	0.000867902	0.000745516	0.000622389	0.000498647	0.000374413	0.00024981	0.000124965	0	
0	0.000146113	0.000292068	0.000437718	0.000582915	0.000727512	0.000871363	0.00101432	0.00115625	0.00129699	0.00143641	0.00157438	0.00171074	0.00184537	0.00197812	0.00210887	0.00223749	0.00236383	0.00248779	0.00260923	0.00272803	0.00284407	0.00295723	0.00306741	0.00317449	0.00327836	0.00337893	0.00347608	0.00356973	0.00365977	0.00374612	0.00382869	0.0039074	0.00398217	0.00405292	0.00411959	0.00418211	0.0042404	0.00429443	0.00434413	0.00438945	0.00443034	0.00446677	0.00449871	0.00452611	0.00454895	0.00456721	0.00458087	0.00458991	0.00459434	0.00459414	0.00458931	0.00457986	0.0045658	0.00454715	0.00452391	0.00449613	0.00446382	0.00442702	0.00438576	0.00434009	0.00429005	0.0042357	0.00417708	0.00411427	0.00404732	0.00397629	0.00390127	0.00382233	0.00373955	0.003653	0.00356279	0.003469	0.00337172	0.00327105	0.0031671	0.00305998	0.00294978	0.00283662	0.00272061	0.00260188	0.00248054	0.00235671	0.00223052	0.0021021	0.00197158	0.00183908	0.00170475	0.00156871	0.00143111	0.00129208	0.00115176	0.0010103	0.000867833	0.000724506	0.000580461	0.000435843	0.000290797	0.000145468	0	
0	0.000166557	0.000332934	0.000498963	0.000664476	0.000829305	0.000993283	0.00115625	0.00131803	0.00147846	0.0016374	0.00179467	0.00195011	0.00210357	0.0022549	0.00240395	0.00255056	0.00269458	0.00283588	0.00297431	0.00310973	0.00324201	0.00337101	0.00349661	0.00361867	0.00373708	0.00385171	0.00396246	0.00406921	0.00417185	0.00427028	0.00436441	0.00445413	0.00453936	0.00462002	0.00469601	0.00476728	0.00483373	0.00489532	0.00495197	0.00500363	0.00505025	0.00509178	0.00512818	0.00515941	0.00518545	0.00520626	0.00522184	0.00523215	0.00523719	0.00523696	0.00523146	0.00522069	0.00520466	0.0051834	0.00515691	0.00512524	0.00508841	0.00504646	0.00499943	0.00494737	0.00489033	0.00482837	0.00476156	0.00468995	0.00461363	0.00453267	0.00444716	0.00435717	0.0042628	0.00416415	0.00406131	0.00395439	0.0038435	0.00372875	0.00361026	0.00348814	0.00336252	0.00323353	0.00310129	0.00296594	0.00282762	0.00268647	0.00254263	0.00239624	0.00224745	0.00209642	0.00194328	0.00178821	0.00163136	0.00147287	0.00131292	0.00115167	0.000989266	0.000825883	0.000661683	0.000496829	0.000331488	0.000165823	0	
0	0.000186831	0.00037346	0.0005597	0.00074536	0.000930252	0.00111419	0.00129699	0.00147846	0.00165843	0.00183671	0.00201312	0.00218749	0.00235963	0.00252939	0.00269657	0.00286103	0.00302259	0.00318109	0.00333637	0.00348827	0.00363665	0.00378136	0.00392224	0.00405916	0.00419198	0.00432057	0.0044448	0.00456455	0.00467968	0.0047901	0.00489568	0.00499633	0.00509193	0.0051824	0.00526765	0.00534759	0.00542213	0.00549122	0.00555476	0.00561271	0.00566501	0.00571159	0.00575242	0.00578746	0.00581667	0.00584002	0.00585748	0.00586905	0.00587471	0.00587445	0.00586828	0.0058562	0.00583822	0.00581437	0.00578466	0.00574913	0.00570782	0.00566076	0.005608	0.00554961	0.00548563	0.00541613	0.00534118	0.00526086	0.00517525	0.00508443	0.00498851	0.00488756	0.00478171	0.00467105	0.00455569	0.00443576	0.00431137	0.00418266	0.00404974	0.00391275	0.00377184	0.00362715	0.00347881	0.00332699	0.00317183	0.0030135	0.00285214	0.00268793	0.00252104	0.00235161	0.00217984	0.0020059	0.00182995	0.00165217	0.00147275	0.00129186	0.00110969	0.00092642	0.000742231	0.00055731	0.000371841	0.000186009	0	
0	0.000206915	0.000413607	0.000619866	0.000825484	0.00103025	0.00123396	0.00143641	0.0016374	0.00183671	0.00203416	0.00222953	0.00242264	0.00261329	0.00280129	0.00298645	0.00316859	0.00334752	0.00352305	0.00369503	0.00386326	0.00402759	0.00418785	0.00434388	0.00449552	0.00464262	0.00478504	0.00492262	0.00505524	0.00518275	0.00530504	0.00542197	0.00553343	0.00563932	0.00573952	0.00583393	0.00592246	0.00600502	0.00608153	0.00615191	0.00621608	0.006274	0.0063256	0.00637082	0.00640962	0.00644197	0.00646783	0.00648717	0.00649998	0.00650625	0.00650596	0.00649913	0.00648575	0.00646584	0.00643942	0.00640652	0.00636718	0.00632142	0.0062693	0.00621088	0.0061462	0.00607534	0.00599837	0.00591537	0.00582641	0.0057316	0.00563102	0.00552478	0.00541299	0.00529575	0.0051732	0.00504544	0.00491262	0.00477486	0.0046323	0.0044851	0.00433339	0.00417733	0.00401708	0.0038528	0.00368465	0.00351282	0.00333746	0.00315876	0.0029769	0.00279206	0.00260442	0.00241419	0.00222154	0.00202667	0.00182979	0.00163108	0.00143074	0.00122899	0.00102601	0.000822025	0.000617224	0.000411815	0.000206006	0	
0	0.000226788	0.000453332	0.000679402	0.000904769	0.00112921	0.00135248	0.00157438	0.00179467	0.00201312	0.00222953	0.00244367	0.00265533	0.00286429	0.00307035	0.0032733	0.00347293	0.00366904	0.00386144	0.00404993	0.00423432	0.00441444	0.00459009	0.00476111	0.00492731	0.00508854	0.00524464	0.00539543	0.00554079	0.00568055	0.00581458	0.00594275	0.00606492	0.00618097	0.00629079	0.00639427	0.00649131	0.0065818	0.00666566	0.00674279	0.00681314	0.00687662	0.00693317	0.00698273	0.00702526	0.00706072	0.00708906	0.00711027	0.00712431	0.00713118	0.00713086	0.00712337	0.00710871	0.00708689	0.00705793	0.00702187	0.00697875	0.0069286	0.00687147	0.00680743	0.00673655	0.00665888	0.00657452	0.00648354	0.00638605	0.00628212	0.00617189	0.00605544	0.00593291	0.00580442	0.00567009	0.00553006	0.00538448	0.00523349	0.00507724	0.0049159	0.00474961	0.00457857	0.00440292	0.00422287	0.00403857	0.00385023	0.00365803	0.00346217	0.00326284	0.00306024	0.00285458	0.00264608	0.00243492	0.00222134	0.00200554	0.00178775	0.00156817	0.00134704	0.00112457	0.000900984	0.00067651	0.000451372	0.000225793	0	
0	0.000246431	0.000492597	0.000738248	0.000983135	0.00122701	0.00146963	0.00171074	0.00195011	0.00218749	0.00242264	0.00265533	0.00288532	0.00311239	0.00333629	0.00355682	0.00377374	0.00398683	0.0041959	0.00440072	0.00460108	0.0047968	0.00498767	0.0051735	0.0053541	0.00552929	0.00569891	0.00586277	0.00602071	0.00617258	0.00631822	0.00645749	0.00659024	0.00671635	0.00683568	0.00694813	0.00705356	0.00715189	0.00724301	0.00732684	0.00740327	0.00747225	0.0075337	0.00758756	0.00763377	0.0076723	0.0077031	0.00772614	0.0077414	0.00774886	0.00774852	0.00774038	0.00772445	0.00770074	0.00766927	0.00763009	0.00758323	0.00752873	0.00746666	0.00739708	0.00732005	0.00723566	0.00714399	0.00704514	0.00693919	0.00682627	0.00670649	0.00657996	0.00644681	0.00630719	0.00616122	0.00600907	0.00585088	0.00568681	0.00551703	0.0053417	0.00516102	0.00497516	0.0047843	0.00458865	0.00438839	0.00418373	0.00397489	0.00376206	0.00354546	0.00332532	0.00310185	0.00287528	0.00264584	0.00241375	0.00217926	0.0019426	0.00170401	0.00146372	0.00122198	0.000979028	0.00073511	0.00049047	0.000245352	0	
0	0.000265824	0.000531361	0.000796344	0.0010605	0.00132357	0.00158528	0.00184537	0.00210357	0.00235963	0.00261329	0.00286429	0.00311239	0.00335732	0.00359884	0.00383672	0.00407071	0.00430058	0.0045261	0.00474704	0.00496317	0.00517429	0.00538018	0.00558063	0.00577545	0.00596443	0.00614739	0.00632415	0.00649452	0.00665834	0.00681545	0.00696567	0.00710887	0.00724491	0.00737363	0.00749493	0.00760866	0.00771473	0.00781302	0.00790344	0.00798589	0.0080603	0.00812659	0.00818468	0.00823454	0.00827609	0.00830932	0.00833417	0.00835063	0.00835868	0.00835832	0.00834953	0.00833235	0.00830677	0.00827283	0.00823057	0.00818002	0.00812123	0.00805428	0.00797922	0.00789613	0.0078051	0.00770621	0.00759958	0.0074853	0.00736349	0.00723428	0.00709779	0.00695417	0.00680356	0.00664611	0.00648198	0.00631134	0.00613435	0.00595121	0.00576209	0.00556719	0.0053667	0.00516082	0.00494977	0.00473376	0.00451299	0.00428771	0.00405813	0.00382449	0.00358702	0.00334596	0.00310156	0.00285406	0.00260372	0.00235077	0.00209549	0.00183811	0.00157892	0.00131815	0.00105608	0.000792965	0.000529071	0.000264662	0	
0	0.000284947	0.000569587	0.000853632	0.00113679	0.00141879	0.00169932	0.00197812	0.0022549	0.00252939	0.00280129	0.00307035	0.00333629	0.00359884	0.00385775	0.00411274	0.00436356	0.00460997	0.00485171	0.00508854	0.00532023	0.00554654	0.00576724	0.00598211	0.00619094	0.00639352	0.00658965	0.00677912	0.00696175	0.00713735	0.00730576	0.00746679	0.0076203	0.00776612	0.00790411	0.00803413	0.00815604	0.00826974	0.00837511	0.00847203	0.00856042	0.00864017	0.00871123	0.00877351	0.00882695	0.0088715	0.00890711	0.00893375	0.00895139	0.00896003	0.00895963	0.00895022	0.0089318	0.00890438	0.008868	0.0088227	0.00876851	0.0087055	0.00863373	0.00855327	0.0084642	0.00836662	0.00826062	0.00814632	0.00802381	0.00789324	0.00775474	0.00760843	0.00745448	0.00729303	0.00712425	0.00694831	0.0067654	0.00657568	0.00637936	0.00617664	0.00596772	0.0057528	0.00553211	0.00530588	0.00507432	0.00483768	0.00459619	0.00435009	0.00409964	0.00384509	0.00358669	0.0033247	0.0030594	0.00279104	0.0025199	0.00224625	0.00197036	0.00169251	0.00141298	0.00113206	0.000850015	0.000567136	0.000283703	0	
0	0.000303781	0.000607235	0.000910055	0.00121193	0.00151257	0.00181165	0.00210887	0.00240395	0.00269657	0.00298645	0.0032733	0.00355682	0.00383672	0.00411274	0.00438459	0.00465199	0.00491468	0.0051724	0.00542489	0.00567189	0.00591316	0.00614845	0.00637752	0.00660016	0.00681613	0.00702522	0.00722722	0.00742192	0.00760913	0.00778867	0.00796035	0.008124	0.00827946	0.00842657	0.00856518	0.00869516	0.00881637	0.0089287	0.00903203	0.00912626	0.00921129	0.00928704	0.00935344	0.00941041	0.00945791	0.00949587	0.00952428	0.00954309	0.00955229	0.00955187	0.00954184	0.0095222	0.00949297	0.00945418	0.00940588	0.00934812	0.00928094	0.00920443	0.00911865	0.0090237	0.00891966	0.00880666	0.0086848	0.0085542	0.008415	0.00826733	0.00811136	0.00794723	0.00777511	0.00759518	0.00740761	0.0072126	0.00701035	0.00680105	0.00658493	0.00636219	0.00613307	0.0058978	0.00565661	0.00540974	0.00515746	0.0049	0.00463764	0.00437064	0.00409926	0.00382378	0.00354448	0.00326164	0.00297554	0.00268647	0.00239473	0.00210061	0.00180439	0.00150639	0.00120689	0.000906204	0.000604626	0.000302457	0	
0	0.000322307	0.000644268	0.000965556	0.00128585	0.00160481	0.00192213	0.00223749	0.00255056	0.00286103	0.00316859	0.00347293	0.00377374	0.00407071	0.00436356	0.00465199	0.0049357	0.00521442	0.00548786	0.00575574	0.00601781	0.00627379	0.00652343	0.00676648	0.00700269	0.00723183	0.00745367	0.00766799	0.00787457	0.0080732	0.00826369	0.00844584	0.00861947	0.00878441	0.00894049	0.00908756	0.00922547	0.00935407	0.00947325	0.00958289	0.00968286	0.00977308	0.00985345	0.0099239	0.00998434	0.0100347	0.010075	0.0101052	0.0101251	0.0101349	0.0101344	0.0101238	0.0101029	0.0100719	0.0100308	0.00997954	0.00991825	0.00984698	0.0097658	0.00967479	0.00957405	0.00946367	0.00934378	0.00921448	0.00907592	0.00892823	0.00877156	0.00860607	0.00843193	0.00824931	0.00805841	0.0078594	0.0076525	0.00743791	0.00721585	0.00698655	0.00675023	0.00650713	0.00625751	0.00600161	0.00573969	0.00547202	0.00519886	0.0049205	0.00463721	0.00434928	0.004057	0.00376066	0.00346057	0.00315702	0.00285033	0.00254079	0.00222873	0.00191445	0.00159827	0.0012805	0.000961476	0.000641503	0.000320905	0	
0	0.000340507	0.000680649	0.00102008	0.00135845	0.00169543	0.00203067	0.00236383	0.00269458	0.00302259	0.00334752	0.00366904	0.00398683	0.00430058	0.00460997	0.00491468	0.00521442	0.00550887	0.00579775	0.00608077	0.00635763	0.00662807	0.0068918	0.00714858	0.00739813	0.00764021	0.00787458	0.008101	0.00831925	0.0085291	0.00873034	0.00892278	0.00910621	0.00928047	0.00944536	0.00960074	0.00974643	0.0098823	0.0100082	0.010124	0.0102297	0.010325	0.0104099	0.0104843	0.0105482	0.0106014	0.010644	0.0106758	0.0106969	0.0107072	0.0107067	0.0106955	0.0106735	0.0106407	0.0105972	0.0105431	0.0104784	0.0104031	0.0103173	0.0102211	0.0101147	0.0099981	0.00987143	0.00973484	0.00958845	0.00943242	0.0092669	0.00909207	0.0089081	0.00871517	0.00851348	0.00830324	0.00808465	0.00785795	0.00762335	0.00738109	0.00713143	0.00687461	0.00661089	0.00634053	0.00606383	0.00578104	0.00549246	0.00519837	0.00489908	0.00459489	0.00428611	0.00397304	0.003656	0.00333531	0.00301129	0.00268428	0.00235459	0.00202256	0.00168853	0.00135282	0.00101577	0.000677731	0.000339027	0	
0	0.000358363	0.00071634	0.00107357	0.00142969	0.00178434	0.00213716	0.00248779	0.00283588	0.00318109	0.00352305	0.00386144	0.0041959	0.0045261	0.00485171	0.0051724	0.00548786	0.00579775	0.00610178	0.00639964	0.00669102	0.00697564	0.00725321	0.00752345	0.00778609	0.00804086	0.00828752	0.00852581	0.0087555	0.00897636	0.00918815	0.00939068	0.00958374	0.00976713	0.00994068	0.0101042	0.0102575	0.0104005	0.010533	0.0106549	0.0107661	0.0108664	0.0109558	0.0110341	0.0111013	0.0111573	0.0112021	0.0112356	0.0112578	0.0112687	0.0112682	0.0112564	0.0112332	0.0111987	0.011153	0.011096	0.0110278	0.0109486	0.0108583	0.0107571	0.0106451	0.0105224	0.0103891	0.0102453	0.0100913	0.00992707	0.00975287	0.00956887	0.00937525	0.0091722	0.00895994	0.00873867	0.00850862	0.00827003	0.00802313	0.00776817	0.00750541	0.00723512	0.00695757	0.00667304	0.00638182	0.00608421	0.00578049	0.00547099	0.005156	0.00483586	0.00451088	0.00418139	0.00384773	0.00351022	0.00316921	0.00282505	0.00247807	0.00212863	0.00177708	0.00142376	0.00106905	0.000713274	0.000356807	0	
0	0.000375855	0.000751307	0.00112597	0.00149948	0.00187144	0.00224148	0.00260923	0.00297431	0.00333637	0.00369503	0.00404993	0.00440072	0.00474704	0.00508854	0.00542489	0.00575574	0.00608077	0.00639964	0.00671203	0.00701764	0.00731615	0.00760727	0.0078907	0.00816616	0.00843338	0.00869208	0.008942	0.0091829	0.00941454	0.00963668	0.00984909	0.0100516	0.0102439	0.0104259	0.0105974	0.0107583	0.0109082	0.0110472	0.0111751	0.0112917	0.0113969	0.0114906	0.0115727	0.0116432	0.011702	0.011749	0.0117841	0.0118074	0.0118188	0.0118183	0.0118059	0.0117816	0.0117454	0.0116974	0.0116377	0.0115662	0.0114831	0.0113884	0.0112823	0.0111648	0.0110361	0.0108963	0.0107455	0.0105839	0.0104117	0.010229	0.010036	0.00983292	0.00961996	0.00939733	0.00916527	0.00892399	0.00867375	0.00841479	0.00814739	0.0078718	0.00758832	0.00729722	0.0069988	0.00669337	0.00638122	0.00606268	0.00573807	0.00540771	0.00507194	0.00473109	0.00438552	0.00403557	0.00368158	0.00332393	0.00296296	0.00259905	0.00223255	0.00186383	0.00149327	0.00112123	0.000748095	0.000374226	0	
0	0.000392968	0.000785514	0.00117724	0.00156775	0.00195664	0.00234353	0.00272803	0.00310973	0.00348827	0.00386326	0.00423432	0.00460108	0.00496317	0.00532023	0.00567189	0.00601781	0.00635763	0.00669102	0.00701764	0.00733716	0.00764926	0.00795364	0.00824998	0.00853798	0.00881736	0.00908784	0.00934915	0.00960102	0.0098432	0.0100755	0.0102975	0.0105092	0.0107103	0.0109006	0.01108	0.0112481	0.0114049	0.0115502	0.0116839	0.0118058	0.0119158	0.0120138	0.0120997	0.0121734	0.0122348	0.0122839	0.0123207	0.012345	0.0123569	0.0123564	0.0123434	0.012318	0.0122802	0.01223	0.0121675	0.0120928	0.0120059	0.0119069	0.011796	0.0116732	0.0115386	0.0113924	0.0112348	0.0110658	0.0108857	0.0106947	0.010493	0.0102806	0.010058	0.00982523	0.00958259	0.00933033	0.00906869	0.00879795	0.00851837	0.00823024	0.00793385	0.00762949	0.00731749	0.00699814	0.00667179	0.00633874	0.00599935	0.00565394	0.00530288	0.00494652	0.00458521	0.00421932	0.00384922	0.00347528	0.00309788	0.00271739	0.00233421	0.0019487	0.00156127	0.00117229	0.00078216	0.000391267	0	
0	0.000409683	0.000818926	0.00122731	0.00163443	0.00203987	0.00244322	0.00284407	0.00324201	0.00363665	0.00402759	0.00441444	0.0047968	0.00517429	0.00554654	0.00591316	0.00627379	0.00662807	0.00697564	0.00731615	0.00764926	0.00797465	0.00829197	0.00860091	0.00890117	0.00919243	0.00947442	0.00974684	0.0100094	0.0102619	0.010504	0.0107356	0.0109563	0.0111659	0.0113643	0.0115513	0.0117266	0.0118901	0.0120416	0.0121809	0.012308	0.0124227	0.0125248	0.0126144	0.0126912	0.0127553	0.0128065	0.0128448	0.0128702	0.0128826	0.012882	0.0128685	0.012842	0.0128026	0.0127503	0.0126851	0.0126072	0.0125166	0.0124135	0.0122978	0.0121697	0.0120294	0.011877	0.0117127	0.0115366	0.0113488	0.0111497	0.0109393	0.010718	0.0104859	0.0102432	0.00999023	0.00972724	0.00945447	0.00917221	0.00888074	0.00858035	0.00827135	0.00795405	0.00762878	0.00729585	0.0069556	0.00660839	0.00625456	0.00589447	0.00552847	0.00515695	0.00478027	0.00439882	0.00401297	0.00362313	0.00322967	0.002833	0.00243351	0.0020316	0.00162769	0.00122216	0.000815434	0.000407912	0	
0	0.000425984	0.000851511	0.00127615	0.00169947	0.00212104	0.00254043	0.00295723	0.00337101	0.00378136	0.00418785	0.00459009	0.00498767	0.00538018	0.00576724	0.00614845	0.00652343	0.0068918	0.00725321	0.00760727	0.00795364	0.00829197	0.00862191	0.00894315	0.00925536	0.00955821	0.00985142	0.0101347	0.0104077	0.0106702	0.010922	0.0111628	0.0113923	0.0116103	0.0118166	0.0120109	0.0121932	0.0123632	0.0125207	0.0126656	0.0127978	0.012917	0.0130232	0.0131163	0.0131962	0.0132628	0.0133161	0.0133559	0.0133823	0.0133952	0.0133946	0.0133806	0.013353	0.013312	0.0132576	0.0131899	0.0131089	0.0130147	0.0129074	0.0127871	0.012654	0.0125081	0.0123496	0.0121788	0.0119956	0.0118004	0.0115934	0.0113746	0.0111445	0.0109031	0.0106508	0.0103878	0.0101143	0.0098307	0.00953721	0.00923414	0.0089218	0.0086005	0.00827058	0.00793235	0.00758618	0.0072324	0.00687137	0.00650346	0.00612903	0.00574847	0.00536217	0.0049705	0.00457387	0.00417267	0.00376731	0.00335819	0.00294573	0.00253035	0.00211245	0.00169246	0.0012708	0.000847885	0.000424145	0	
0	0.000441855	0.000883236	0.00132369	0.00176278	0.00220006	0.00263508	0.00306741	0.00349661	0.00392224	0.00434388	0.00476111	0.0051735	0.00558063	0.00598211	0.00637752	0.00676648	0.00714858	0.00752345	0.0078907	0.00824998	0.00860091	0.00894315	0.00927636	0.00960019	0.00991434	0.0102185	0.0105123	0.0107955	0.0110678	0.011329	0.0115787	0.0118167	0.0120428	0.0122568	0.0124584	0.0126475	0.0128238	0.0129872	0.0131375	0.0132746	0.0133983	0.0135085	0.013605	0.0136879	0.013757	0.0138122	0.0138535	0.0138809	0.0138943	0.0138937	0.0138791	0.0138505	0.013808	0.0137516	0.0136814	0.0135973	0.0134996	0.0133884	0.0132636	0.0131255	0.0129742	0.0128098	0.0126325	0.0124426	0.0122401	0.0120253	0.0117985	0.0115597	0.0113094	0.0110477	0.0107748	0.0104912	0.010197	0.00989257	0.0095782	0.00925423	0.00892096	0.00857874	0.00822792	0.00786884	0.00750188	0.0071274	0.00674578	0.00635741	0.00596267	0.00556197	0.00515571	0.00474429	0.00432815	0.00390768	0.00348332	0.0030555	0.00262463	0.00219116	0.00175552	0.00131815	0.000879479	0.000439949	0	
0	0.00045728	0.000914069	0.0013699	0.00182432	0.00227686	0.00272707	0.00317449	0.00361867	0.00405916	0.00449552	0.00492731	0.0053541	0.00577545	0.00619094	0.00660016	0.00700269	0.00739813	0.00778609	0.00816616	0.00853798	0.00890117	0.00925536	0.00960019	0.00993534	0.0102604	0.0105752	0.0108793	0.0111724	0.0114542	0.0117244	0.0119829	0.0122292	0.0124633	0.0126847	0.0128934	0.013089	0.0132715	0.0134406	0.0135962	0.013738	0.013866	0.01398	0.01408	0.0141658	0.0142373	0.0142944	0.0143372	0.0143655	0.0143794	0.0143787	0.0143636	0.0143341	0.0142901	0.0142317	0.014159	0.014072	0.0139709	0.0138558	0.0137266	0.0135837	0.0134271	0.013257	0.0130736	0.012877	0.0126674	0.0124452	0.0122104	0.0119633	0.0117042	0.0114333	0.011151	0.0108574	0.010553	0.0102379	0.0099126	0.00957731	0.00923241	0.00887824	0.00851517	0.00814356	0.00776379	0.00737623	0.00698129	0.00657936	0.00617084	0.00575615	0.00533571	0.00490993	0.00447925	0.00404411	0.00360494	0.00316217	0.00271627	0.00226766	0.00181681	0.00136417	0.000910184	0.000455309	0	
0	0.000472242	0.000943978	0.00141473	0.00188402	0.00235136	0.0028163	0.00327836	0.00373708	0.00419198	0.00464262	0.00508854	0.00552929	0.00596443	0.00639352	0.00681613	0.00723183	0.00764021	0.00804086	0.00843338	0.00881736	0.00919243	0.00955821	0.00991434	0.0102604	0.0105962	0.0109212	0.0112353	0.011538	0.011829	0.0121081	0.012375	0.0126294	0.0128711	0.0130998	0.0133153	0.0135174	0.0137058	0.0138804	0.0140411	0.0141876	0.0143198	0.0144375	0.0145407	0.0146293	0.0147032	0.0147622	0.0148063	0.0148356	0.0148499	0.0148493	0.0148337	0.0148031	0.0147577	0.0146974	0.0146223	0.0145325	0.0144281	0.0143092	0.0141758	0.0140282	0.0138665	0.0136908	0.0135014	0.0132984	0.013082	0.0128524	0.0126099	0.0123548	0.0120872	0.0118075	0.0115159	0.0112128	0.0108983	0.010573	0.010237	0.00989072	0.00953454	0.00916878	0.00879383	0.00841006	0.00801786	0.00761762	0.00720975	0.00679467	0.00637278	0.00594452	0.00551032	0.00507061	0.00462584	0.00417646	0.00372291	0.00326566	0.00280516	0.00234187	0.00187627	0.00140881	0.000939971	0.00047021	0	
0	0.000486728	0.000972934	0.00145812	0.00194181	0.00242349	0.00290269	0.00337893	0.00385171	0.00432057	0.00478504	0.00524464	0.00569891	0.00614739	0.00658965	0.00702522	0.00745367	0.00787458	0.00828752	0.00869208	0.00908784	0.00947442	0.00985142	0.0102185	0.0105752	0.0109212	0.0112563	0.0115799	0.0118919	0.0121919	0.0124795	0.0127546	0.0130168	0.0132659	0.0135016	0.0137238	0.013932	0.0141262	0.0143062	0.0144718	0.0146228	0.014759	0.0148804	0.0149868	0.0150781	0.0151542	0.015215	0.0152606	0.0152907	0.0153055	0.0153048	0.0152887	0.0152573	0.0152104	0.0151483	0.0150709	0.0149784	0.0148707	0.0147481	0.0146107	0.0144586	0.0142919	0.0141108	0.0139156	0.0137063	0.0134833	0.0132467	0.0129968	0.0127338	0.012458	0.0121697	0.0118692	0.0115567	0.0112327	0.0108973	0.010551	0.0101942	0.00982704	0.00945006	0.00906361	0.00866807	0.00826383	0.00785132	0.00743094	0.00700312	0.00656829	0.00612689	0.00567937	0.00522617	0.00476776	0.00430458	0.00383712	0.00336584	0.00289122	0.00241372	0.00193383	0.00145204	0.000968808	0.000484636	0	
0	0.000500723	0.00100091	0.00150005	0.00199764	0.00249317	0.00298615	0.00347608	0.00396246	0.0044448	0.00492262	0.00539543	0.00586277	0.00632415	0.00677912	0.00722722	0.00766799	0.008101	0.00852581	0.008942	0.00934915	0.00974684	0.0101347	0.0105123	0.0108793	0.0112353	0.0115799	0.0119129	0.0122338	0.0125424	0.0128384	0.0131214	0.0133911	0.0136474	0.0138899	0.0141184	0.0143326	0.0145324	0.0147176	0.0148879	0.0150433	0.0151834	0.0153083	0.0154177	0.0155117	0.01559	0.0156525	0.0156994	0.0157304	0.0157456	0.0157449	0.0157283	0.015696	0.0156478	0.0155839	0.0155043	0.0154091	0.0152983	0.0151722	0.0150308	0.0148743	0.0147028	0.0145166	0.0143157	0.0141004	0.013871	0.0136276	0.0133705	0.0131	0.0128163	0.0125197	0.0122105	0.0118891	0.0115557	0.0112107	0.0108544	0.0104873	0.0101096	0.00972181	0.00932424	0.00891732	0.00850147	0.00807709	0.00764462	0.0072045	0.00675717	0.00630308	0.00584268	0.00537646	0.00490486	0.00442837	0.00394747	0.00346263	0.00297436	0.00248313	0.00198944	0.00149379	0.000996668	0.000498572	0	
0	0.000514212	0.00102787	0.00154046	0.00205145	0.00256034	0.0030666	0.00356973	0.00406921	0.00456455	0.00505524	0.00554079	0.00602071	0.00649452	0.00696175	0.00742192	0.00787457	0.00831925	0.0087555	0.0091829	0.00960102	0.0100094	0.0104077	0.0107955	0.0111724	0.011538	0.0118919	0.0122338	0.0125634	0.0128803	0.0131842	0.0134749	0.0137519	0.0140151	0.0142641	0.0144987	0.0147188	0.014924	0.0151141	0.015289	0.0154485	0.0155925	0.0157207	0.0158331	0.0159296	0.01601	0.0160742	0.0161223	0.0161542	0.0161698	0.0161691	0.0161521	0.0161188	0.0160694	0.0160037	0.015922	0.0158242	0.0157105	0.015581	0.0154358	0.0152751	0.015099	0.0149077	0.0147014	0.0144803	0.0142447	0.0139948	0.0137307	0.0134529	0.0131616	0.012857	0.0125395	0.0122094	0.011867	0.0115127	0.0111469	0.0107698	0.010382	0.00998374	0.00957546	0.00915758	0.00873052	0.00829471	0.00785059	0.00739861	0.00693923	0.0064729	0.00600011	0.00552131	0.00503701	0.00454768	0.00405383	0.00355593	0.0030545	0.00255004	0.00204305	0.00153404	0.00102352	0.000512006	0	
0	0.000527182	0.0010538	0.00157932	0.0021032	0.00262492	0.00314395	0.00365977	0.00417185	0.00467968	0.00518275	0.00568055	0.00617258	0.00665834	0.00713735	0.00760913	0.0080732	0.0085291	0.00897636	0.00941454	0.0098432	0.0102619	0.0106702	0.0110678	0.0114542	0.011829	0.0121919	0.0125424	0.0128803	0.0132052	0.0135168	0.0138148	0.0140988	0.0143686	0.0146239	0.0148645	0.01509	0.0153004	0.0154954	0.0156747	0.0158382	0.0159858	0.0161173	0.0162325	0.0163314	0.0164138	0.0164797	0.016529	0.0165617	0.0165777	0.0165769	0.0165595	0.0165255	0.0164747	0.0164074	0.0163236	0.0162234	0.0161068	0.015974	0.0158252	0.0156604	0.0154799	0.0152838	0.0150723	0.0148456	0.0146041	0.0143478	0.0140771	0.0137923	0.0134936	0.0131813	0.0128558	0.0125174	0.0121664	0.0118032	0.0114281	0.0110415	0.0106439	0.0102356	0.00981702	0.0093886	0.00895077	0.00850396	0.00804864	0.00758526	0.00711428	0.0066362	0.00615147	0.0056606	0.00516408	0.00466241	0.00415609	0.00364564	0.00313156	0.00261437	0.00209459	0.00157274	0.00104934	0.000524922	0	
0	0.000539621	0.00107866	0.00161658	0.00215282	0.00268685	0.00321813	0.00374612	0.00427028	0.0047901	0.00530504	0.00581458	0.00631822	0.00681545	0.00730576	0.00778867	0.00826369	0.00873034	0.00918815	0.00963668	0.0100755	0.010504	0.010922	0.011329	0.0117244	0.0121081	0.0124795	0.0128384	0.0131842	0.0135168	0.0138358	0.0141407	0.0144315	0.0147076	0.014969	0.0152152	0.0154461	0.0156614	0.015861	0.0160446	0.016212	0.016363	0.0164976	0.0166155	0.0167168	0.0168011	0.0168686	0.0169191	0.0169525	0.0169688	0.0169681	0.0169503	0.0169154	0.0168635	0.0167946	0.0167088	0.0166062	0.0164869	0.016351	0.0161986	0.0160299	0.0158451	0.0156444	0.0154279	0.0151959	0.0149487	0.0146864	0.0144093	0.0141177	0.013812	0.0134923	0.0131592	0.0128127	0.0124535	0.0120817	0.0116978	0.0113021	0.0108951	0.0104771	0.0100487	0.00961015	0.00916198	0.00870463	0.00823857	0.00776425	0.00728217	0.00679279	0.00629663	0.00579418	0.00528594	0.00477244	0.00425417	0.00373167	0.00320546	0.00267606	0.00214402	0.00160985	0.00107411	0.00053731	0	
0	0.000551515	0.00110244	0.00165221	0.00220028	0.00274608	0.00328907	0.00382869	0.00436441	0.00489568	0.00542197	0.00594275	0.00645749	0.00696567	0.00746679	0.00796035	0.00844584	0.00892278	0.00939068	0.00984909	0.0102975	0.0107356	0.0111628	0.0115787	0.0119829	0.012375	0.0127546	0.0131214	0.0134749	0.0138148	0.0141407	0.0144524	0.0147496	0.0150318	0.0152989	0.0155506	0.0157866	0.0160067	0.0162106	0.0163982	0.0165693	0.0167237	0.0168612	0.0169818	0.0170853	0.0171715	0.0172404	0.017292	0.0173262	0.0173429	0.0173421	0.0173239	0.0172883	0.0172352	0.0171648	0.0170771	0.0169723	0.0168503	0.0167114	0.0165557	0.0163833	0.0161944	0.0159893	0.015768	0.0155309	0.0152782	0.0150101	0.0147269	0.0144289	0.0141165	0.0137898	0.0134492	0.0130952	0.012728	0.012348	0.0119556	0.0115512	0.0111353	0.0107081	0.0102702	0.009822	0.00936395	0.00889653	0.00842019	0.00793541	0.0074427	0.00694254	0.00643544	0.00592192	0.00540247	0.00487764	0.00434795	0.00381393	0.00327612	0.00273506	0.00219128	0.00164534	0.00109779	0.000549155	0	
0	0.000562853	0.0011251	0.00168618	0.00224551	0.00280253	0.00335668	0.0039074	0.00445413	0.00499633	0.00553343	0.00606492	0.00659024	0.00710887	0.0076203	0.008124	0.00861947	0.00910621	0.00958374	0.0100516	0.0105092	0.0109563	0.0113923	0.0118167	0.0122292	0.0126294	0.0130168	0.0133911	0.0137519	0.0140988	0.0144315	0.0147496	0.0150528	0.0153409	0.0156135	0.0158703	0.0161111	0.0163358	0.0165439	0.0167354	0.01691	0.0170675	0.0172079	0.0173309	0.0174365	0.0175245	0.0175949	0.0176475	0.0176824	0.0176994	0.0176987	0.0176801	0.0176437	0.0175896	0.0175177	0.0174282	0.0173212	0.0171968	0.017055	0.0168961	0.0167201	0.0165274	0.016318	0.0160922	0.0158502	0.0155923	0.0153187	0.0150297	0.0147256	0.0144067	0.0140733	0.0137258	0.0133644	0.0129897	0.0126019	0.0122014	0.0117887	0.0113642	0.0109283	0.0104814	0.0100239	0.00955649	0.00907945	0.00859331	0.00809857	0.00759573	0.00708529	0.00656776	0.00604368	0.00551356	0.00497794	0.00443735	0.00389235	0.00334348	0.0027913	0.00223634	0.00167918	0.00112036	0.000560447	0	
0	0.000573623	0.00114663	0.00171844	0.00228848	0.00285616	0.00342091	0.00398217	0.00453936	0.00509193	0.00563932	0.00618097	0.00671635	0.00724491	0.00776612	0.00827946	0.00878441	0.00928047	0.00976713	0.0102439	0.0107103	0.0111659	0.0116103	0.0120428	0.0124633	0.0128711	0.0132659	0.0136474	0.0140151	0.0143686	0.0147076	0.0150318	0.0153409	0.0156344	0.0159122	0.016174	0.0164195	0.0166484	0.0168605	0.0170556	0.0172336	0.0173942	0.0175372	0.0176626	0.0177702	0.0178599	0.0179316	0.0179852	0.0180208	0.0180382	0.0180374	0.0180184	0.0179814	0.0179262	0.017853	0.0177618	0.0176527	0.0175258	0.0173814	0.0172194	0.0170401	0.0168437	0.0166303	0.0164002	0.0161536	0.0158907	0.0156119	0.0153173	0.0150074	0.0146824	0.0143426	0.0139884	0.0136202	0.0132383	0.0128431	0.0124349	0.0120143	0.0115817	0.0111374	0.010682	0.0102158	0.00973938	0.00925321	0.00875777	0.00825357	0.0077411	0.00722089	0.00669346	0.00615934	0.00561908	0.00507321	0.00452228	0.00396685	0.00340747	0.00284472	0.00227914	0.00171131	0.0011418	0.000571173	0	
0	0.000583814	0.001167	0.00174897	0.00232914	0.0029069	0.00348169	0.00405292	0.00462002	0.0051824	0.00573952	0.00629079	0.00683568	0.00737363	0.00790411	0.00842657	0.00894049	0.00944536	0.00994068	0.0104259	0.0109006	0.0113643	0.0118166	0.0122568	0.0126847	0.0130998	0.0135016	0.0138899	0.0142641	0.0146239	0.014969	0.0152989	0.0156135	0.0159122	0.016195	0.0164614	0.0167112	0.0169442	0.0171601	0.0173587	0.0175398	0.0177032	0.0178488	0.0179764	0.018086	0.0181772	0.0182502	0.0183048	0.018341	0.0183587	0.0183579	0.0183386	0.0183009	0.0182447	0.0181702	0.0180774	0.0179664	0.0178373	0.0176902	0.0175254	0.0173429	0.017143	0.0169258	0.0166916	0.0164406	0.0161731	0.0158893	0.0155895	0.0152741	0.0149433	0.0145975	0.014237	0.0138622	0.0134735	0.0130713	0.0126559	0.0122278	0.0117875	0.0113353	0.0108718	0.0103973	0.00991245	0.00941764	0.0089134	0.00840024	0.00787866	0.00734921	0.00681241	0.0062688	0.00571893	0.00516336	0.00460264	0.00403734	0.00346803	0.00289527	0.00231964	0.00174172	0.00116209	0.000581324	0	
0	0.000593418	0.0011862	0.00177774	0.00236745	0.00295472	0.00353896	0.00411959	0.00469601	0.00526765	0.00583393	0.00639427	0.00694813	0.00749493	0.00803413	0.00856518	0.00908756	0.00960074	0.0101042	0.0105974	0.01108	0.0115513	0.0120109	0.0124584	0.0128934	0.0133153	0.0137238	0.0141184	0.0144987	0.0148645	0.0152152	0.0155506	0.0158703	0.016174	0.0164614	0.0167322	0.0169861	0.0172229	0.0174424	0.0176442	0.0178283	0.0179945	0.0181425	0.0182722	0.0183835	0.0184763	0.0185505	0.018606	0.0186427	0.0186607	0.0186599	0.0186403	0.018602	0.0185449	0.0184691	0.0183748	0.0182619	0.0181307	0.0179813	0.0178137	0.0176282	0.017425	0.0172043	0.0169662	0.0167111	0.0164392	0.0161507	0.015846	0.0155254	0.0151891	0.0148377	0.0144712	0.0140903	0.0136952	0.0132863	0.0128641	0.012429	0.0119814	0.0115218	0.0110506	0.0105684	0.0100755	0.00957258	0.00906005	0.00853844	0.00800829	0.00747012	0.00692449	0.00637194	0.00581302	0.00524831	0.00467837	0.00410377	0.00352509	0.00294291	0.00235781	0.00177038	0.00118121	0.000590888	0	
0	0.000602423	0.0012042	0.00180472	0.00240337	0.00299956	0.00359267	0.00418211	0.00476728	0.00534759	0.00592246	0.00649131	0.00705356	0.00760866	0.00815604	0.00869516	0.00922547	0.00974643	0.0102575	0.0107583	0.0112481	0.0117266	0.0121932	0.0126475	0.013089	0.0135174	0.013932	0.0143326	0.0147188	0.01509	0.0154461	0.0157866	0.0161111	0.0164195	0.0167112	0.0169861	0.0172439	0.0174843	0.0177071	0.017912	0.0180989	0.0182675	0.0184178	0.0185495	0.0186625	0.0187567	0.018832	0.0188883	0.0189256	0.0189439	0.0189431	0.0189232	0.0188843	0.0188263	0.0187494	0.0186536	0.0185391	0.0184059	0.0182542	0.0180841	0.0178958	0.0176895	0.0174654	0.0172237	0.0169647	0.0166887	0.0163958	0.0160865	0.015761	0.0154197	0.0150628	0.0146909	0.0143041	0.013903	0.013488	0.0130594	0.0126177	0.0121633	0.0116967	0.0112184	0.0107288	0.0102285	0.00971787	0.00919756	0.00866803	0.00812983	0.0075835	0.00702959	0.00646865	0.00590125	0.00532797	0.00474938	0.00416606	0.00357859	0.00298757	0.0023936	0.00179725	0.00119914	0.000599857	0	
0	0.00061082	0.00122099	0.00182988	0.00243688	0.00304137	0.00364275	0.0042404	0.00483373	0.00542213	0.00600502	0.0065818	0.00715189	0.00771473	0.00826974	0.00881637	0.00935407	0.0098823	0.0104005	0.0109082	0.0114049	0.0118901	0.0123632	0.0128238	0.0132715	0.0137058	0.0141262	0.0145324	0.014924	0.0153004	0.0156614	0.0160067	0.0163358	0.0166484	0.0169442	0.0172229	0.0174843	0.0177281	0.0179539	0.0181617	0.0183512	0.0185222	0.0186746	0.0188081	0.0189227	0.0190182	0.0190945	0.0191517	0.0191895	0.019208	0.0192072	0.019187	0.0191475	0.0190888	0.0190108	0.0189137	0.0187976	0.0186625	0.0185087	0.0183362	0.0181453	0.0179361	0.0177089	0.0174638	0.0172012	0.0169213	0.0166244	0.0163108	0.0159808	0.0156347	0.0152729	0.0148957	0.0145036	0.0140969	0.013676	0.0132415	0.0127936	0.0123329	0.0118598	0.0113748	0.0108784	0.0103711	0.00985337	0.0093258	0.00878889	0.00824319	0.00768924	0.0071276	0.00655884	0.00598354	0.00540226	0.0048156	0.00422414	0.00362849	0.00302923	0.00242697	0.00182231	0.00121586	0.000608221	0	
