0	0	0	0	0	0	0	0	0	0	0	0	0	0	0	0	0	0	0	0	0	0	0	0	0	0	0	0	0	0	0	0	0	0	0	0	0	0	0	0	0	0	0	0	0	0	0	0	0	0	0	0	0	0	0	0	0	0	0	0	0	0	0	0	0	0	0	0	0	0	0	0	0	0	0	0	0	0	0	0	0	0	0	0	0	0	0	0	0	0	0	0	0	0	0	0	0	0	0	0	
0	1.88366e-05	3.76527e-05	5.64292e-05	7.51471e-05	9.37874e-05	0.000112331	0.00013076	0.000149055	0.000167198	0.00018517	0.000202954	0.000220532	0.000237885	0.000254997	0.00027185	0.000288428	0.000304713	0.00032069	0.000336342	0.000351654	0.00036661	0.000381195	0.000395395	0.000409196	0.000422583	0.000435543	0.000448064	0.000460132	0.000471736	0.000482864	0.000493505	0.000503647	0.000513282	0.000522399	0.00053099	0.000539045	0.000546556	0.000553517	0.00055992	0.000565758	0.000571026	0.000575719	0.000579832	0.000583361	0.000586302	0.000588652	0.00059041	0.000591573	0.00059214	0.000592111	0.000591486	0.000590265	0.00058845	0.000586043	0.000583046	0.000579462	0.000575295	0.000570549	0.000565229	0.00055934	0.000552889	0.000545881	0.000538325	0.000530227	0.000521595	0.00051244	0.000502769	0.000492593	0.000481922	0.000470766	0.000459138	0.000447048	0.00043451	0.000421535	0.000408137	0.000394329	0.000380126	0.000365542	0.000350591	0.000335288	0.00031965	0.000303691	0.000287429	0.000270879	0.000254058	0.000236983	0.000219672	0.000202141	0.000184409	0.000166493	0.000148411	0.000130182	0.000111824	9.33552e-05	7.47941e-05	5.61594e-05	3.74697e-05	1.87437e-05	0	
0	3.76527e-05	7.52645e-05	0.000112797	0.000150213	0.000187473	0.000224541	0.000261378	0.000297949	0.000334215	0.00037014	0.000405689	0.000440825	0.000475513	0.000509718	0.000543406	0.000576544	0.000609097	0.000641033	0.00067232	0.000702927	0.000732823	0.000761978	0.000790363	0.000817949	0.000844709	0.000870616	0.000895644	0.000919768	0.000942963	0.000965207	0.000986476	0.00100675	0.00102601	0.00104423	0.00106141	0.00107751	0.00109252	0.00110644	0.00111923	0.00113091	0.00114144	0.00115082	0.00115904	0.00116609	0.00117197	0.00117667	0.00118018	0.00118251	0.00118364	0.00118358	0.00118233	0.00117989	0.00117627	0.00117145	0.00116546	0.0011583	0.00114997	0.00114048	0.00112985	0.00111808	0.00110518	0.00109117	0.00107607	0.00105988	0.00104263	0.00102433	0.001005	0.000984655	0.000963325	0.000941026	0.000917782	0.000893615	0.000868552	0.000842616	0.000815835	0.000788234	0.000759843	0.00073069	0.000700804	0.000670216	0.000638956	0.000607056	0.000574549	0.000541467	0.000507843	0.000473712	0.000439107	0.000404065	0.000368619	0.000332807	0.000296663	0.000260225	0.000223528	0.00018661	0.000149508	0.000112259	7.48994e-05	3.74673e-05	0	
0	5.64292e-05	0.000112797	0.000169047	0.00022512	0.000280962	0.000336515	0.000391722	0.00044653	0.000500881	0.000554722	0.000607998	0.000660655	0.000712642	0.000763905	0.000814393	0.000864055	0.000912842	0.000960704	0.00100759	0.00105346	0.00109827	0.00114196	0.0011845	0.00122585	0.00126595	0.00130478	0.00134229	0.00137844	0.0014132	0.00144654	0.00147841	0.0015088	0.00153766	0.00156498	0.00159071	0.00161484	0.00163734	0.0016582	0.00167738	0.00169487	0.00171065	0.00172471	0.00173703	0.0017476	0.00175641	0.00176345	0.00176872	0.0017722	0.0017739	0.00177382	0.00177194	0.00176829	0.00176285	0.00175564	0.00174666	0.00173592	0.00172344	0.00170922	0.00169329	0.00167565	0.00165632	0.00163533	0.00161269	0.00158843	0.00156257	0.00153514	0.00150617	0.00147569	0.00144372	0.0014103	0.00137547	0.00133925	0.00130169	0.00126282	0.00122268	0.00118132	0.00113877	0.00109507	0.00105029	0.00100444	0.000957594	0.000909787	0.000861068	0.000811488	0.000761097	0.000709945	0.000658084	0.000605567	0.000552445	0.000498773	0.000444606	0.000389996	0.000334999	0.000279671	0.000224066	0.000168241	0.000112251	5.61519e-05	0	
0	7.51471e-05	0.000150213	0.00022512	0.000299794	0.000374159	0.000448139	0.00052166	0.000594647	0.000667027	0.000738727	0.000809676	0.0008798	0.000949031	0.0010173	0.00108453	0.00115067	0.00121564	0.00127938	0.00134182	0.00140291	0.00146258	0.00152076	0.00157741	0.00163247	0.00168588	0.00173758	0.00178754	0.00183568	0.00188198	0.00192637	0.00196882	0.00200929	0.00204772	0.0020841	0.00211837	0.0021505	0.00218047	0.00220824	0.00223378	0.00225708	0.00227809	0.00229682	0.00231322	0.0023273	0.00233904	0.00234841	0.00235543	0.00236007	0.00236233	0.00236221	0.00235972	0.00235485	0.00234761	0.00233801	0.00232605	0.00231175	0.00229513	0.00227619	0.00225497	0.00223148	0.00220574	0.00217778	0.00214764	0.00211533	0.0020809	0.00204437	0.00200579	0.00196519	0.00192262	0.00187812	0.00183172	0.00178349	0.00173347	0.00168171	0.00162826	0.00157317	0.00151651	0.00145833	0.00139868	0.00133763	0.00127524	0.00121158	0.0011467	0.00108067	0.00101356	0.000945444	0.00087638	0.000806442	0.0007357	0.000664224	0.000592088	0.000519364	0.000446124	0.000372442	0.000298393	0.000224049	0.000149486	7.47785e-05	0	
0	9.37874e-05	0.000187473	0.000280962	0.000374159	0.00046697	0.000559301	0.000651059	0.000742151	0.000832485	0.000921971	0.00101052	0.00109804	0.00118444	0.00126964	0.00135356	0.0014361	0.00151718	0.00159673	0.00167467	0.00175091	0.00182537	0.001898	0.0019687	0.00203741	0.00210407	0.0021686	0.00223094	0.00229103	0.00234881	0.00240422	0.0024572	0.0025077	0.00255567	0.00260107	0.00264384	0.00268395	0.00272135	0.00275601	0.00278789	0.00281696	0.00284319	0.00286656	0.00288703	0.0029046	0.00291925	0.00293095	0.0029397	0.00294549	0.00294832	0.00294818	0.00294506	0.00293899	0.00292995	0.00291796	0.00290304	0.0028852	0.00286445	0.00284082	0.00281433	0.00278501	0.00275289	0.002718	0.00268037	0.00264005	0.00259708	0.00255149	0.00250334	0.00245267	0.00239954	0.002344	0.0022861	0.0022259	0.00216347	0.00209887	0.00203216	0.00196341	0.00189269	0.00182008	0.00174563	0.00166944	0.00159158	0.00151212	0.00143115	0.00134874	0.00126499	0.00117997	0.00109377	0.00100649	0.000918197	0.000828992	0.000738962	0.000648197	0.00055679	0.000464831	0.000372412	0.000279627	0.000186568	9.33282e-05	0	
0	0.000112331	0.000224541	0.000336515	0.000448139	0.000559301	0.000669888	0.000779789	0.000888892	0.000997088	0.00110427	0.00121032	0.00131515	0.00141864	0.00152068	0.00162119	0.00172005	0.00181717	0.00191245	0.00200579	0.00209711	0.0021863	0.00227328	0.00235796	0.00244027	0.0025201	0.00259739	0.00267206	0.00274403	0.00281323	0.00287959	0.00294305	0.00300354	0.003061	0.00311537	0.0031666	0.00321464	0.00325943	0.00330094	0.00333913	0.00337395	0.00340537	0.00343335	0.00345788	0.00347892	0.00349646	0.00351048	0.00352096	0.0035279	0.00353128	0.00353111	0.00352738	0.00352011	0.00350928	0.00349493	0.00347705	0.00345568	0.00343083	0.00340253	0.0033708	0.00333569	0.00329721	0.00325542	0.00321036	0.00316207	0.00311059	0.00305599	0.00299832	0.00293764	0.002874	0.00280747	0.00273813	0.00266603	0.00259125	0.00251388	0.00243398	0.00235164	0.00226693	0.00217996	0.0020908	0.00199954	0.00190628	0.00181111	0.00171413	0.00161543	0.00151511	0.00141329	0.00131005	0.0012055	0.00109975	0.000992909	0.000885078	0.000776366	0.000666885	0.000556742	0.00044605	0.000334919	0.000223459	0.000111782	0	
0	0.00013076	0.000261378	0.000391722	0.00052166	0.000651059	0.000779789	0.00090772	0.00103472	0.00116067	0.00128543	0.00140889	0.00153091	0.00165138	0.00177017	0.00188716	0.00200224	0.0021153	0.00222621	0.00233486	0.00244116	0.00254498	0.00264624	0.00274481	0.00284062	0.00293355	0.00302352	0.00311044	0.00319422	0.00327477	0.00335202	0.00342589	0.0034963	0.00356319	0.00362648	0.00368612	0.00374204	0.00379418	0.0038425	0.00388695	0.00392748	0.00396406	0.00399663	0.00402519	0.00404968	0.0040701	0.00408642	0.00409862	0.0041067	0.00411063	0.00411043	0.0041061	0.00409762	0.00408502	0.00406831	0.00404751	0.00402263	0.0039937	0.00396076	0.00392383	0.00388295	0.00383816	0.00378952	0.00373706	0.00368084	0.00362093	0.00355737	0.00349024	0.00341959	0.00334552	0.00326808	0.00318735	0.00310343	0.00301638	0.00292631	0.00283331	0.00273745	0.00263886	0.00253761	0.00243382	0.00232759	0.00221903	0.00210825	0.00199535	0.00188046	0.00176369	0.00164516	0.00152498	0.00140328	0.00128018	0.00115581	0.00103029	0.000903741	0.000776298	0.000648085	0.000519232	0.000389868	0.000260121	0.000130122	0	
0	0.000149055	0.000297949	0.00044653	0.000594647	0.000742151	0.000888892	0.00103472	0.00117949	0.00132306	0.00146528	0.00160601	0.00174511	0.00188243	0.00201784	0.0021512	0.00228239	0.00241126	0.00253769	0.00266155	0.00278271	0.00290107	0.00301649	0.00312886	0.00323806	0.003344	0.00344656	0.00354564	0.00364114	0.00373297	0.00382103	0.00390523	0.0039855	0.00406174	0.00413389	0.00420187	0.00426561	0.00432505	0.00438013	0.0044308	0.004477	0.00451869	0.00455583	0.00458838	0.0046163	0.00463958	0.00465818	0.00467209	0.00468129	0.00468578	0.00468556	0.00468061	0.00467095	0.00465659	0.00463754	0.00461383	0.00458547	0.00455249	0.00451494	0.00447284	0.00442624	0.00437519	0.00431974	0.00425994	0.00419586	0.00412756	0.00405511	0.00397858	0.00389806	0.00381362	0.00372534	0.00363332	0.00353765	0.00343843	0.00333576	0.00322974	0.00312048	0.00300808	0.00289267	0.00277436	0.00265327	0.00252952	0.00240323	0.00227454	0.00214358	0.00201047	0.00187535	0.00173836	0.00159963	0.00145931	0.00131753	0.00117445	0.00103019	0.000884918	0.000738766	0.000591884	0.000444419	0.000296518	0.000148329	0	
0	0.000167198	0.000334215	0.000500881	0.000667027	0.000832485	0.000997088	0.00116067	0.00132306	0.00148411	0.00164364	0.0018015	0.00195752	0.00211156	0.00226345	0.00241305	0.0025602	0.00270476	0.00284658	0.00298552	0.00312143	0.00325419	0.00338366	0.00350971	0.00363221	0.00375104	0.00386609	0.00397723	0.00408435	0.00418736	0.00428613	0.00438059	0.00447062	0.00455615	0.00463708	0.00471333	0.00478483	0.00485151	0.0049133	0.00497013	0.00502196	0.00506873	0.00511038	0.00514689	0.00517822	0.00520432	0.00522519	0.00524079	0.00525112	0.00525616	0.0052559	0.00525035	0.00523952	0.00522341	0.00520204	0.00517544	0.00514363	0.00510664	0.00506452	0.00501729	0.00496502	0.00490776	0.00484556	0.00477848	0.0047066	0.00462999	0.00454872	0.00446288	0.00437255	0.00427783	0.00417881	0.00407559	0.00396827	0.00385698	0.00374181	0.00362288	0.00350032	0.00337424	0.00324478	0.00311207	0.00297624	0.00283742	0.00269577	0.00255141	0.00240451	0.00225519	0.00210363	0.00194996	0.00179435	0.00163695	0.00147791	0.00131741	0.0011556	0.000992637	0.000828694	0.000663932	0.000498517	0.000332612	0.000166385	0	
0	0.00018517	0.00037014	0.000554722	0.000738727	0.000921971	0.00110427	0.00128543	0.00146528	0.00164364	0.00182032	0.00199515	0.00216794	0.00233854	0.00250676	0.00267244	0.00283541	0.00299551	0.00315257	0.00330644	0.00345697	0.003604	0.00374738	0.00388698	0.00402265	0.00415426	0.00428167	0.00440476	0.0045234	0.00463748	0.00474687	0.00485148	0.00495119	0.00504591	0.00513554	0.00521999	0.00529918	0.00537303	0.00544146	0.0055044	0.0055618	0.00561359	0.00565973	0.00570016	0.00573485	0.00576377	0.00578688	0.00580416	0.00581559	0.00582117	0.00582089	0.00581474	0.00580275	0.00578491	0.00576124	0.00573178	0.00569655	0.00565559	0.00560893	0.00555663	0.00549875	0.00543533	0.00536644	0.00529215	0.00521254	0.0051277	0.00503769	0.00494262	0.00484258	0.00473768	0.00462802	0.0045137	0.00439485	0.00427159	0.00414404	0.00401233	0.00387659	0.00373696	0.00359359	0.00344661	0.00329618	0.00314244	0.00298556	0.00282569	0.00266299	0.00249762	0.00232976	0.00215958	0.00198724	0.00181292	0.00163679	0.00145903	0.00127982	0.00109935	0.000917779	0.000735305	0.000552107	0.000368368	0.000184271	0	
0	0.000202954	0.000405689	0.000607998	0.000809676	0.00101052	0.00121032	0.00140889	0.00160601	0.0018015	0.00199515	0.00218676	0.00237616	0.00256314	0.00274752	0.00292911	0.00310773	0.0032832	0.00345535	0.003624	0.00378899	0.00395014	0.0041073	0.0042603	0.004409	0.00455325	0.0046929	0.00482781	0.00495785	0.00508288	0.00520278	0.00531744	0.00542673	0.00553054	0.00562878	0.00572134	0.00580814	0.00588907	0.00596408	0.00603307	0.00609598	0.00615275	0.00620331	0.00624763	0.00628566	0.00631735	0.00634268	0.00636162	0.00637415	0.00638027	0.00637996	0.00637322	0.00636007	0.00634052	0.00631458	0.00628229	0.00624368	0.00619878	0.00614764	0.00609032	0.00602687	0.00595736	0.00588186	0.00580044	0.00571319	0.00562019	0.00552154	0.00541734	0.00530769	0.00519272	0.00507252	0.00494722	0.00481696	0.00468186	0.00454206	0.0043977	0.00424892	0.00409589	0.00393874	0.00377765	0.00361276	0.00344426	0.00327231	0.00309708	0.00291876	0.00273751	0.00255353	0.002367	0.00217811	0.00198704	0.001794	0.00159917	0.00140275	0.00120494	0.00100593	0.00080593	0.000605136	0.000403749	0.00020197	0	
0	0.000220532	0.000440825	0.000660655	0.0008798	0.00109804	0.00131515	0.00153091	0.00174511	0.00195752	0.00216794	0.00237616	0.00258196	0.00278513	0.00298548	0.0031828	0.00337689	0.00356756	0.00375462	0.00393788	0.00411715	0.00429226	0.00446303	0.00462929	0.00479087	0.00494761	0.00509935	0.00524595	0.00538725	0.00552311	0.0056534	0.00577798	0.00589674	0.00600955	0.0061163	0.00621688	0.00631119	0.00639914	0.00648063	0.0065556	0.00662396	0.00668565	0.00674059	0.00678875	0.00683007	0.00686451	0.00689203	0.00691261	0.00692623	0.00693287	0.00693254	0.00692522	0.00691093	0.00688968	0.0068615	0.00682642	0.00678446	0.00673567	0.00668011	0.00661782	0.00654888	0.00647335	0.0063913	0.00630283	0.00620802	0.00610697	0.00599978	0.00588655	0.00576741	0.00564247	0.00551186	0.00537572	0.00523417	0.00508737	0.00493546	0.0047786	0.00461694	0.00445065	0.00427989	0.00410484	0.00392568	0.00374258	0.00355574	0.00336534	0.00317156	0.00297462	0.00277471	0.00257202	0.00236676	0.00215915	0.00194938	0.00173768	0.00152425	0.0013093	0.00109306	0.000875736	0.000657551	0.000438721	0.000219464	0	
0	0.000237885	0.000475513	0.000712642	0.000949031	0.00118444	0.00141864	0.00165138	0.00188243	0.00211156	0.00233854	0.00256314	0.00278513	0.0030043	0.00322041	0.00343326	0.00364262	0.0038483	0.00405008	0.00424775	0.00444114	0.00463002	0.00481423	0.00499357	0.00516787	0.00533695	0.00550063	0.00565876	0.00581118	0.00595774	0.00609828	0.00623267	0.00636077	0.00648245	0.0065976	0.00670609	0.00680783	0.0069027	0.00699061	0.00707148	0.00714522	0.00721176	0.00727103	0.00732297	0.00736754	0.00740469	0.00743438	0.00745658	0.00747127	0.00747844	0.00747808	0.00747019	0.00745477	0.00743185	0.00740146	0.00736361	0.00731835	0.00726572	0.00720579	0.0071386	0.00706423	0.00698276	0.00689426	0.00679882	0.00669655	0.00658755	0.00647192	0.00634978	0.00622127	0.0060865	0.00594561	0.00579876	0.00564607	0.00548772	0.00532385	0.00515465	0.00498026	0.00480089	0.00461669	0.00442787	0.00423461	0.0040371	0.00383556	0.00363017	0.00342115	0.00320871	0.00299306	0.00277442	0.00255302	0.00232906	0.00210279	0.00187443	0.0016442	0.00141234	0.00117908	0.000944654	0.000709298	0.000473246	0.000236735	0	
0	0.000254997	0.000509718	0.000763905	0.0010173	0.00126964	0.00152068	0.00177017	0.00201784	0.00226345	0.00250676	0.00274752	0.00298548	0.00322041	0.00345207	0.00368023	0.00390465	0.00412513	0.00434142	0.00455332	0.00476061	0.00496309	0.00516055	0.00535279	0.00553963	0.00572086	0.00589632	0.00606583	0.00622922	0.00638631	0.00653696	0.00668102	0.00681834	0.00694878	0.00707221	0.00718851	0.00729756	0.00739925	0.00749349	0.00758018	0.00765922	0.00773055	0.00779408	0.00784977	0.00789754	0.00793736	0.00796919	0.00799299	0.00800873	0.00801642	0.00801603	0.00800757	0.00799105	0.00796648	0.0079339	0.00789333	0.00784481	0.0077884	0.00772415	0.00765213	0.00757241	0.00748508	0.00739021	0.00728791	0.00717829	0.00706144	0.0069375	0.00680658	0.00666881	0.00652435	0.00637333	0.00621591	0.00605224	0.0058825	0.00570684	0.00552546	0.00533854	0.00514626	0.00494881	0.00474641	0.00453924	0.00432753	0.00411148	0.00389132	0.00366726	0.00343954	0.00320838	0.00297401	0.00273668	0.00249662	0.00225407	0.00200927	0.00176248	0.00151394	0.0012639	0.00101261	0.000760325	0.000507292	0.000253766	0	
0	0.00027185	0.000543406	0.000814393	0.00108453	0.00135356	0.00162119	0.00188716	0.0021512	0.00241305	0.00267244	0.00292911	0.0031828	0.00343326	0.00368023	0.00392347	0.00416273	0.00439777	0.00462836	0.00485426	0.00507526	0.00529112	0.00550163	0.00570658	0.00590576	0.00609898	0.00628604	0.00646675	0.00664093	0.00680841	0.00696902	0.0071226	0.00726899	0.00740805	0.00753964	0.00766363	0.00777989	0.00788831	0.00798877	0.00808119	0.00816545	0.0082415	0.00830923	0.0083686	0.00841953	0.00846198	0.00849591	0.00852128	0.00853807	0.00854626	0.00854585	0.00853683	0.00851922	0.00849303	0.00845829	0.00841504	0.00836332	0.00830318	0.00823468	0.00815791	0.00807292	0.00797981	0.00787867	0.00776962	0.00765274	0.00752817	0.00739604	0.00725646	0.0071096	0.00695558	0.00679458	0.00662676	0.00645227	0.00627131	0.00608405	0.00589068	0.0056914	0.00548641	0.00527591	0.00506013	0.00483927	0.00461357	0.00438324	0.00414853	0.00390966	0.00366689	0.00342045	0.00317059	0.00291757	0.00266164	0.00240306	0.00214208	0.00187898	0.00161401	0.00134744	0.00107954	0.000810582	0.000540824	0.00027054	0	
0	0.000288428	0.000576544	0.000864055	0.00115067	0.0014361	0.00172005	0.00200224	0.00228239	0.0025602	0.00283541	0.00310773	0.00337689	0.00364262	0.00390465	0.00416273	0.00441658	0.00466596	0.00491061	0.00515029	0.00538476	0.00561378	0.00583713	0.00605458	0.00626591	0.00647091	0.00666938	0.00686111	0.00704591	0.00722361	0.00739401	0.00755696	0.00771228	0.00785982	0.00799943	0.00813098	0.00825433	0.00836936	0.00847596	0.00857401	0.00866341	0.00874409	0.00881596	0.00887894	0.00893298	0.00897803	0.00901402	0.00904094	0.00905876	0.00906745	0.00906701	0.00905744	0.00903876	0.00901097	0.00897411	0.00892822	0.00887335	0.00880954	0.00873687	0.00865541	0.00856524	0.00846645	0.00835915	0.00824344	0.00811944	0.00798728	0.00784708	0.007699	0.00754317	0.00737977	0.00720895	0.00703089	0.00684576	0.00665376	0.00645508	0.00624992	0.00603849	0.005821	0.00559767	0.00536872	0.0051344	0.00489493	0.00465056	0.00440153	0.0041481	0.00389051	0.00362905	0.00336395	0.0030955	0.00282396	0.00254961	0.00227272	0.00199357	0.00171244	0.00142962	0.00114538	0.000860017	0.000573807	0.000287039	0	
0	0.000304713	0.000609097	0.000912842	0.00121564	0.00151718	0.00181717	0.0021153	0.00241126	0.00270476	0.00299551	0.0032832	0.00356756	0.0038483	0.00412513	0.00439777	0.00466596	0.00492941	0.00518788	0.0054411	0.00568881	0.00593076	0.00616672	0.00639645	0.00661971	0.00683629	0.00704596	0.00724852	0.00744376	0.00763149	0.00781151	0.00798366	0.00814775	0.00830362	0.00845112	0.0085901	0.00872042	0.00884194	0.00895455	0.00905814	0.0091526	0.00923783	0.00931376	0.0093803	0.00943739	0.00948498	0.00952301	0.00955145	0.00957027	0.00957945	0.00957899	0.00956888	0.00954914	0.00951978	0.00948084	0.00943236	0.00937439	0.00930698	0.00923021	0.00914415	0.00904889	0.00894452	0.00883116	0.00870892	0.00857792	0.00843829	0.00829018	0.00813373	0.00796911	0.00779648	0.00761602	0.0074279	0.00723232	0.00702948	0.00681958	0.00660284	0.00637946	0.00614969	0.00591375	0.00567188	0.00542432	0.00517133	0.00491316	0.00465007	0.00438233	0.0041102	0.00383397	0.00355391	0.0032703	0.00298343	0.00269358	0.00240106	0.00210615	0.00180914	0.00151035	0.00121006	0.000908581	0.000606209	0.000303248	0	
0	0.00032069	0.000641033	0.000960704	0.00127938	0.00159673	0.00191245	0.00222621	0.00253769	0.00284658	0.00315257	0.00345535	0.00375462	0.00405008	0.00434142	0.00462836	0.00491061	0.00518788	0.0054599	0.00572639	0.00598709	0.00624173	0.00649007	0.00673184	0.00696681	0.00719474	0.00741541	0.00762859	0.00783407	0.00803164	0.00822111	0.00840228	0.00857497	0.00873902	0.00889425	0.00904052	0.00917767	0.00930556	0.00942408	0.0095331	0.00963251	0.00972221	0.00980212	0.00987215	0.00993224	0.00998232	0.0100223	0.0100523	0.0100721	0.0100817	0.0100813	0.0100706	0.0100498	0.010019	0.00997798	0.00992695	0.00986594	0.009795	0.0097142	0.00962363	0.00952337	0.00941353	0.00929423	0.00916558	0.00902771	0.00888076	0.00872488	0.00856023	0.00838698	0.0082053	0.00801537	0.00781739	0.00761156	0.00739808	0.00717717	0.00694906	0.00671398	0.00647216	0.00622385	0.00596929	0.00570876	0.0054425	0.00517079	0.00489391	0.00461213	0.00432573	0.00403501	0.00374026	0.00344178	0.00313987	0.00283483	0.00252696	0.00221659	0.00190401	0.00158955	0.00127351	0.000956225	0.000637998	0.00031915	0	
0	0.000336342	0.00067232	0.00100759	0.00134182	0.00167467	0.00200579	0.00233486	0.00266155	0.00298552	0.00330644	0.003624	0.00393788	0.00424775	0.00455332	0.00485426	0.00515029	0.0054411	0.00572639	0.00600589	0.00627932	0.00654639	0.00680684	0.00706042	0.00730686	0.00754592	0.00777735	0.00800094	0.00821645	0.00842366	0.00862238	0.00881239	0.00899352	0.00916557	0.00932838	0.00948179	0.00962563	0.00975977	0.00988407	0.00999841	0.0101027	0.0101968	0.0102806	0.010354	0.010417	0.0104696	0.0105115	0.0105429	0.0105637	0.0105738	0.0105733	0.0105622	0.0105404	0.010508	0.010465	0.0104115	0.0103475	0.0102731	0.0101884	0.0100934	0.00998822	0.00987302	0.00974789	0.00961296	0.00946836	0.00931424	0.00915075	0.00897807	0.00879636	0.00860581	0.00840661	0.00819897	0.00798309	0.00775919	0.00752751	0.00728826	0.0070417	0.00678808	0.00652765	0.00626067	0.00598741	0.00570816	0.00542319	0.00513279	0.00483725	0.00453688	0.00423197	0.00392284	0.00360979	0.00329314	0.0029732	0.00265031	0.00232479	0.00199695	0.00166714	0.00133568	0.0010029	0.000669141	0.000334729	0	
0	0.000351654	0.000702927	0.00105346	0.00140291	0.00175091	0.00209711	0.00244116	0.00278271	0.00312143	0.00345697	0.00378899	0.00411715	0.00444114	0.00476061	0.00507526	0.00538476	0.00568881	0.00598709	0.00627932	0.00656519	0.00684442	0.00711673	0.00738185	0.00763951	0.00788945	0.00813143	0.00836519	0.00859051	0.00880716	0.00901492	0.00921359	0.00940296	0.00958285	0.00975307	0.00991346	0.0100639	0.0102041	0.0103341	0.0104536	0.0105626	0.010661	0.0107486	0.0108254	0.0108913	0.0109462	0.0109901	0.0110229	0.0110446	0.0110552	0.0110547	0.011043	0.0110203	0.0109864	0.0109415	0.0108855	0.0108186	0.0107408	0.0106522	0.0105529	0.010443	0.0103225	0.0101917	0.0100506	0.00989944	0.0097383	0.00956737	0.00938682	0.00919684	0.00899762	0.00878935	0.00857225	0.00834655	0.00811246	0.00787022	0.00762008	0.0073623	0.00709713	0.00682484	0.00654571	0.00626001	0.00596805	0.0056701	0.00536648	0.00505749	0.00474344	0.00442465	0.00410144	0.00377414	0.00344307	0.00310857	0.00277098	0.00243063	0.00208787	0.00174305	0.00139649	0.00104856	0.000699607	0.000349969	0	
0	0.00036661	0.000732823	0.00109827	0.00146258	0.00182537	0.0021863	0.00254498	0.00290107	0.00325419	0.003604	0.00395014	0.00429226	0.00463002	0.00496309	0.00529112	0.00561378	0.00593076	0.00624173	0.00654639	0.00684442	0.00713553	0.00741942	0.00769582	0.00796444	0.00822501	0.00847728	0.00872099	0.00895589	0.00918175	0.00939835	0.00960547	0.0098029	0.00999044	0.0101679	0.0103351	0.0104919	0.0106381	0.0107736	0.0108982	0.0110119	0.0111144	0.0112058	0.0112858	0.0113545	0.0114118	0.0114575	0.0114918	0.0115144	0.0115255	0.0115249	0.0115127	0.011489	0.0114537	0.0114068	0.0113485	0.0112788	0.0111977	0.0111053	0.0110017	0.0108871	0.0107616	0.0106252	0.0104781	0.0103205	0.0101525	0.00997431	0.00978609	0.00958802	0.00938033	0.0091632	0.00893687	0.00870156	0.00845752	0.00820498	0.0079442	0.00767546	0.00739901	0.00711513	0.00682413	0.00652628	0.0062219	0.00591128	0.00559475	0.00527261	0.00494521	0.00461286	0.0042759	0.00393467	0.00358952	0.0032408	0.00288885	0.00253402	0.00217668	0.00181719	0.00145589	0.00109317	0.000729366	0.000364856	0	
0	0.000381195	0.000761978	0.00114196	0.00152076	0.001898	0.00227328	0.00264624	0.00301649	0.00338366	0.00374738	0.0041073	0.00446303	0.00481423	0.00516055	0.00550163	0.00583713	0.00616672	0.00649007	0.00680684	0.00711673	0.00741942	0.00771461	0.008002	0.00828131	0.00855225	0.00881456	0.00906796	0.00931221	0.00954706	0.00977228	0.00998764	0.0101929	0.0103879	0.0105724	0.0107463	0.0109093	0.0110614	0.0112023	0.0113318	0.01145	0.0115566	0.0116516	0.0117349	0.0118063	0.0118658	0.0119134	0.011949	0.0119725	0.011984	0.0119835	0.0119708	0.0119461	0.0119094	0.0118607	0.0118	0.0117275	0.0116432	0.0115471	0.0114395	0.0113203	0.0111898	0.0110479	0.010895	0.0107311	0.0105565	0.0103712	0.0101755	0.00996951	0.00975355	0.00952779	0.00929245	0.00904778	0.00879403	0.00853144	0.00826029	0.00798085	0.0076934	0.00739824	0.00709565	0.00678596	0.00646946	0.00614648	0.00581736	0.0054824	0.00514197	0.0047964	0.00444603	0.00409123	0.00373235	0.00336975	0.00300379	0.00263485	0.00226329	0.00188949	0.00151382	0.00113666	0.000758387	0.000379374	0	
0	0.000395395	0.000790363	0.0011845	0.00157741	0.0019687	0.00235796	0.00274481	0.00312886	0.00350971	0.00388698	0.0042603	0.00462929	0.00499357	0.00535279	0.00570658	0.00605458	0.00639645	0.00673184	0.00706042	0.00738185	0.00769582	0.008002	0.0083001	0.00858982	0.00887085	0.00914293	0.00940577	0.00965912	0.00990272	0.0101363	0.0103597	0.0105726	0.0107749	0.0109663	0.0111466	0.0113158	0.0114734	0.0116196	0.011754	0.0118766	0.0119872	0.0120857	0.012172	0.0122461	0.0123079	0.0123572	0.0123941	0.0124186	0.0124305	0.0124299	0.0124168	0.0123912	0.0123531	0.0123025	0.0122396	0.0121644	0.0120769	0.0119773	0.0118657	0.011742	0.0116066	0.0114595	0.0113009	0.0111309	0.0109497	0.0107575	0.0105545	0.0103409	0.0101169	0.00988275	0.00963864	0.00938486	0.00912165	0.00884928	0.00856803	0.00827818	0.00798002	0.00767386	0.00736	0.00703877	0.00671048	0.00637548	0.00603409	0.00568666	0.00533354	0.00497509	0.00461168	0.00424366	0.0038714	0.00349529	0.0031157	0.00273302	0.00234762	0.00195989	0.00157022	0.00117901	0.000786642	0.000393508	0	
0	0.000409196	0.000817949	0.00122585	0.00163247	0.00203741	0.00244027	0.00284062	0.00323806	0.00363221	0.00402265	0.004409	0.00479087	0.00516787	0.00553963	0.00590576	0.00626591	0.00661971	0.00696681	0.00730686	0.00763951	0.00796444	0.00828131	0.00858982	0.00888964	0.00918049	0.00946206	0.00973408	0.00999627	0.0102484	0.0104901	0.0107213	0.0109417	0.011151	0.0113491	0.0115357	0.0117107	0.0118739	0.0120252	0.0121643	0.0122911	0.0124056	0.0125076	0.0125969	0.0126736	0.0127375	0.0127886	0.0128268	0.012852	0.0128644	0.0128638	0.0128502	0.0128237	0.0127843	0.012732	0.0126669	0.012589	0.0124985	0.0123954	0.0122798	0.0121519	0.0120118	0.0118595	0.0116954	0.0115195	0.011332	0.0111331	0.010923	0.0107019	0.0104701	0.0102277	0.0099751	0.00971245	0.00944006	0.00915818	0.00886711	0.00856715	0.00825858	0.00794173	0.00761692	0.00728447	0.00694473	0.00659803	0.00624472	0.00588516	0.00551972	0.00514876	0.00477266	0.00439179	0.00400654	0.00361731	0.00322447	0.00282842	0.00242957	0.00202831	0.00162504	0.00122017	0.000814103	0.000407245	0	
0	0.000422583	0.000844709	0.00126595	0.00168588	0.00210407	0.0025201	0.00293355	0.003344	0.00375104	0.00415426	0.00455325	0.00494761	0.00533695	0.00572086	0.00609898	0.00647091	0.00683629	0.00719474	0.00754592	0.00788945	0.00822501	0.00855225	0.00887085	0.00918049	0.00948085	0.00977163	0.0100526	0.0103233	0.0105837	0.0108334	0.0110721	0.0112997	0.0115158	0.0117204	0.0119131	0.0120939	0.0122624	0.0124186	0.0125623	0.0126933	0.0128115	0.0129168	0.0130091	0.0130882	0.0131542	0.013207	0.0132464	0.0132725	0.0132853	0.0132846	0.0132706	0.0132433	0.0132025	0.0131486	0.0130813	0.0130009	0.0129074	0.012801	0.0126816	0.0125495	0.0124048	0.0122476	0.012078	0.0118964	0.0117027	0.0114973	0.0112804	0.011052	0.0108126	0.0105624	0.0103015	0.0100302	0.00974893	0.00945783	0.00915724	0.00884746	0.0085288	0.00820158	0.00786614	0.00752282	0.00717196	0.00681391	0.00644905	0.00607773	0.00570033	0.00531723	0.00492882	0.00453549	0.00413764	0.00373567	0.00332997	0.00292097	0.00250906	0.00209467	0.00167821	0.00126009	0.000840741	0.00042057	0	
0	0.000435543	0.000870616	0.00130478	0.00173758	0.0021686	0.00259739	0.00302352	0.00344656	0.00386609	0.00428167	0.0046929	0.00509935	0.00550063	0.00589632	0.00628604	0.00666938	0.00704596	0.00741541	0.00777735	0.00813143	0.00847728	0.00881456	0.00914293	0.00946206	0.00977163	0.0100713	0.0103609	0.01064	0.0109083	0.0111656	0.0114117	0.0116462	0.011869	0.0120799	0.0122785	0.0124648	0.0126385	0.0127995	0.0129476	0.0130826	0.0132044	0.013313	0.0134081	0.0134897	0.0135577	0.0136121	0.0136527	0.0136796	0.0136928	0.0136921	0.0136777	0.0136495	0.0136075	0.0135518	0.0134826	0.0133997	0.0133033	0.0131936	0.0130706	0.0129344	0.0127853	0.0126232	0.0124485	0.0122613	0.0120617	0.01185	0.0116263	0.011391	0.0111443	0.0108863	0.0106174	0.0103379	0.010048	0.00974793	0.00943812	0.00911884	0.0087904	0.00845315	0.00810742	0.00775357	0.00739195	0.00702292	0.00664686	0.00626415	0.00587518	0.00548033	0.00508001	0.00467461	0.00426456	0.00385025	0.00343212	0.00301057	0.00258603	0.00215893	0.00172969	0.00129875	0.00086653	0.000433471	0	
0	0.000448064	0.000895644	0.00134229	0.00178754	0.00223094	0.00267206	0.00311044	0.00354564	0.00397723	0.00440476	0.00482781	0.00524595	0.00565876	0.00606583	0.00646675	0.00686111	0.00724852	0.00762859	0.00800094	0.00836519	0.00872099	0.00906796	0.00940577	0.00973408	0.0100526	0.0103609	0.0106587	0.0109458	0.0112219	0.0114866	0.0117398	0.0119811	0.0122103	0.0124272	0.0126315	0.0128232	0.0130019	0.0131675	0.0133198	0.0134587	0.013584	0.0136957	0.0137935	0.0138775	0.0139475	0.0140034	0.0140452	0.0140729	0.0140864	0.0140858	0.0140709	0.0140419	0.0139987	0.0139415	0.0138702	0.0137849	0.0136858	0.0135729	0.0134464	0.0133063	0.0131528	0.0129861	0.0128064	0.0126138	0.0124084	0.0121907	0.0119606	0.0117185	0.0114647	0.0111993	0.0109227	0.0106351	0.0103368	0.0100282	0.00970947	0.00938101	0.00904313	0.00869618	0.00834052	0.00797649	0.00760447	0.00722483	0.00683796	0.00644425	0.00604409	0.00563789	0.00522606	0.00480901	0.00438717	0.00396095	0.00353079	0.00309712	0.00266038	0.002221	0.00177942	0.00133609	0.000891444	0.000445934	0	
0	0.000460132	0.000919768	0.00137844	0.00183568	0.00229103	0.00274403	0.00319422	0.00364114	0.00408435	0.0045234	0.00495785	0.00538725	0.00581118	0.00622922	0.00664093	0.00704591	0.00744376	0.00783407	0.00821645	0.00859051	0.00895589	0.00931221	0.00965912	0.00999627	0.0103233	0.01064	0.0109458	0.0112407	0.0115242	0.011796	0.012056	0.0123038	0.0125392	0.0127619	0.0129718	0.0131686	0.0133521	0.0135222	0.0136786	0.0138212	0.0139499	0.0140646	0.0141651	0.0142513	0.0143232	0.0143806	0.0144236	0.014452	0.0144659	0.0144652	0.0144499	0.0144201	0.0143758	0.014317	0.0142438	0.0141562	0.0140545	0.0139385	0.0138086	0.0136647	0.0135071	0.013336	0.0131514	0.0129535	0.0127427	0.012519	0.0122828	0.0120342	0.0117735	0.011501	0.0112169	0.0109216	0.0106153	0.0102983	0.00997102	0.00963371	0.00928673	0.00893044	0.00856519	0.00819136	0.00780932	0.00741946	0.00702216	0.00661785	0.00620691	0.00578977	0.00536684	0.00493856	0.00450535	0.00406765	0.00362591	0.00318056	0.00273205	0.00228083	0.00182736	0.00137208	0.000915459	0.000457947	0	
0	0.000471736	0.000942963	0.0014132	0.00188198	0.00234881	0.00281323	0.00327477	0.00373297	0.00418736	0.00463748	0.00508288	0.00552311	0.00595774	0.00638631	0.00680841	0.00722361	0.00763149	0.00803164	0.00842366	0.00880716	0.00918175	0.00954706	0.00990272	0.0102484	0.0105837	0.0109083	0.0112219	0.0115242	0.0118148	0.0120935	0.01236	0.0126141	0.0128554	0.0130838	0.0132989	0.0135007	0.0136888	0.0138632	0.0140236	0.0141698	0.0143018	0.0144193	0.0145223	0.0146107	0.0146844	0.0147433	0.0147873	0.0148165	0.0148307	0.01483	0.0148144	0.0147838	0.0147384	0.0146781	0.014603	0.0145133	0.0144089	0.0142901	0.0141568	0.0140094	0.0138478	0.0136723	0.0134831	0.0132802	0.0130641	0.0128348	0.0125926	0.0123377	0.0120705	0.0117911	0.0114998	0.0111971	0.010883	0.0105581	0.0102225	0.00987669	0.00952096	0.00915568	0.00878122	0.00839796	0.00800629	0.00760659	0.00719928	0.00678476	0.00636346	0.0059358	0.00550221	0.00506312	0.00461899	0.00417025	0.00371736	0.00326078	0.00280096	0.00233836	0.00187345	0.00140669	0.00093855	0.000469498	0	
0	0.000482864	0.000965207	0.00144654	0.00192637	0.00240422	0.00287959	0.00335202	0.00382103	0.00428613	0.00474687	0.00520278	0.0056534	0.00609828	0.00653696	0.00696902	0.00739401	0.00781151	0.00822111	0.00862238	0.00901492	0.00939835	0.00977228	0.0101363	0.0104901	0.0108334	0.0111656	0.0114866	0.011796	0.0120935	0.0123788	0.0126516	0.0129117	0.0131587	0.0133924	0.0136127	0.0138192	0.0140118	0.0141902	0.0143544	0.0145041	0.0146392	0.0147595	0.0148649	0.0149554	0.0150308	0.0150911	0.0151362	0.015166	0.0151806	0.0151799	0.0151638	0.0151326	0.0150861	0.0150244	0.0149475	0.0148557	0.0147489	0.0146272	0.0144908	0.0143399	0.0141745	0.0139949	0.0138011	0.0135936	0.0133723	0.0131376	0.0128897	0.0126288	0.0123552	0.0120693	0.0117711	0.0114612	0.0111398	0.0108072	0.0104637	0.0101097	0.00974558	0.00937169	0.00898839	0.00859609	0.00819518	0.00778605	0.00736913	0.00694483	0.00651359	0.00607584	0.00563202	0.00518258	0.00472796	0.00426864	0.00380507	0.00333771	0.00286704	0.00239353	0.00191765	0.00143988	0.000960693	0.000480575	0	
0	0.000493505	0.000986476	0.00147841	0.00196882	0.0024572	0.00294305	0.00342589	0.00390523	0.00438059	0.00485148	0.00531744	0.00577798	0.00623267	0.00668102	0.0071226	0.00755696	0.00798366	0.00840228	0.00881239	0.00921359	0.00960547	0.00998764	0.0103597	0.0107213	0.0110721	0.0114117	0.0117398	0.012056	0.01236	0.0126516	0.0129304	0.0131962	0.0134487	0.0136876	0.0139127	0.0141237	0.0143206	0.014503	0.0146707	0.0148237	0.0149618	0.0150848	0.0151925	0.015285	0.0153621	0.0154237	0.0154698	0.0155003	0.0155151	0.0155144	0.015498	0.0154661	0.0154185	0.0153555	0.015277	0.0151831	0.0150739	0.0149496	0.0148102	0.0146559	0.0144869	0.0143033	0.0141053	0.0138931	0.013667	0.0134271	0.0131737	0.0129071	0.0126275	0.0123353	0.0120306	0.0117138	0.0113853	0.0110453	0.0106943	0.0103325	0.00996037	0.00957824	0.0091865	0.00878555	0.0083758	0.00795765	0.00753154	0.0070979	0.00665715	0.00620975	0.00575615	0.0052968	0.00483217	0.00436272	0.00388893	0.00341128	0.00293023	0.00244628	0.00195991	0.00147161	0.000981868	0.000491167	0	
0	0.000503647	0.00100675	0.0015088	0.00200929	0.0025077	0.00300354	0.0034963	0.0039855	0.00447062	0.00495119	0.00542673	0.00589674	0.00636077	0.00681834	0.00726899	0.00771228	0.00814775	0.00857497	0.00899352	0.00940296	0.0098029	0.0101929	0.0105726	0.0109417	0.0112997	0.0116462	0.0119811	0.0123038	0.0126141	0.0129117	0.0131962	0.0134674	0.0137251	0.0139689	0.0141986	0.014414	0.0146149	0.0148011	0.0149723	0.0151284	0.0152693	0.0153948	0.0155048	0.0155992	0.0156779	0.0157407	0.0157877	0.0158189	0.0158341	0.0158333	0.0158166	0.015784	0.0157355	0.0156711	0.015591	0.0154952	0.0153837	0.0152569	0.0151146	0.0149572	0.0147847	0.0145973	0.0143952	0.0141787	0.0139479	0.0137031	0.0134445	0.0131724	0.0128871	0.0125888	0.0122779	0.0119546	0.0116193	0.0112724	0.0109141	0.0105449	0.0101651	0.00977512	0.00937533	0.00896614	0.00854797	0.00812123	0.00768636	0.0072438	0.006794	0.0063374	0.00587448	0.00540568	0.0049315	0.0044524	0.00396888	0.0034814	0.00299047	0.00249657	0.0020002	0.00150186	0.00100205	0.000501264	0	
0	0.000513282	0.00102601	0.00153766	0.00204772	0.00255567	0.003061	0.00356319	0.00406174	0.00455615	0.00504591	0.00553054	0.00600955	0.00648245	0.00694878	0.00740805	0.00785982	0.00830362	0.00873902	0.00916557	0.00958285	0.00999044	0.0103879	0.0107749	0.011151	0.0115158	0.011869	0.0122103	0.0125392	0.0128554	0.0131587	0.0134487	0.0137251	0.0139877	0.0142361	0.0144703	0.0146898	0.0148945	0.0150842	0.0152587	0.0154179	0.0155614	0.0156894	0.0158015	0.0158976	0.0159778	0.0160419	0.0160898	0.0161215	0.016137	0.0161362	0.0161192	0.016086	0.0160365	0.0159709	0.0158893	0.0157916	0.0156781	0.0155488	0.0154038	0.0152433	0.0150675	0.0148766	0.0146707	0.01445	0.0142148	0.0139653	0.0137018	0.0134245	0.0131337	0.0128297	0.0125128	0.0121833	0.0118416	0.0114881	0.0111229	0.0107467	0.0103596	0.00996215	0.00955471	0.00913769	0.00871152	0.00827662	0.00783343	0.0073824	0.00692399	0.00645866	0.00598688	0.00550912	0.00502586	0.0045376	0.00404481	0.00354801	0.00304769	0.00254434	0.00203847	0.0015306	0.00102122	0.000510855	0	
0	0.000522399	0.00104423	0.00156498	0.0020841	0.00260107	0.00311537	0.00362648	0.00413389	0.00463708	0.00513554	0.00562878	0.0061163	0.0065976	0.00707221	0.00753964	0.00799943	0.00845112	0.00889425	0.00932838	0.00975307	0.0101679	0.0105724	0.0109663	0.0113491	0.0117204	0.0120799	0.0124272	0.0127619	0.0130838	0.0133924	0.0136876	0.0139689	0.0142361	0.014489	0.0147273	0.0149507	0.0151591	0.0153522	0.0155298	0.0156917	0.0158379	0.0159681	0.0160822	0.01618	0.0162616	0.0163269	0.0163756	0.0164079	0.0164237	0.0164229	0.0164055	0.0163717	0.0163214	0.0162546	0.0161715	0.0160722	0.0159566	0.015825	0.0156774	0.0155141	0.0153352	0.0151409	0.0149313	0.0147067	0.0144673	0.0142134	0.0139452	0.0136629	0.013367	0.0130576	0.0127351	0.0123998	0.012052	0.0116921	0.0113205	0.0109376	0.0105436	0.0101391	0.00972446	0.00930003	0.00886628	0.00842366	0.0079726	0.00751356	0.007047	0.0065734	0.00609324	0.00560699	0.00511515	0.00461821	0.00411668	0.00361105	0.00310183	0.00258954	0.00207469	0.00155779	0.00103937	0.000519931	0	
0	0.00053099	0.00106141	0.00159071	0.00211837	0.00264384	0.0031666	0.00368612	0.00420187	0.00471333	0.00521999	0.00572134	0.00621688	0.00670609	0.00718851	0.00766363	0.00813098	0.0085901	0.00904052	0.00948179	0.00991346	0.0103351	0.0107463	0.0111466	0.0115357	0.0119131	0.0122785	0.0126315	0.0129718	0.0132989	0.0136127	0.0139127	0.0141986	0.0144703	0.0147273	0.0149695	0.0151966	0.0154084	0.0156047	0.0157852	0.0159498	0.0160983	0.0162307	0.0163466	0.0164461	0.0165291	0.0165954	0.0166449	0.0166777	0.0166938	0.016693	0.0166754	0.016641	0.0165898	0.016522	0.0164375	0.0163365	0.016219	0.0160852	0.0159353	0.0157693	0.0155874	0.0153899	0.0151769	0.0149486	0.0147053	0.0144472	0.0141745	0.0138877	0.0135868	0.0132723	0.0129445	0.0126037	0.0122502	0.0118844	0.0115067	0.0111175	0.0107171	0.0103059	0.0098844	0.00945299	0.00901211	0.0085622	0.00810372	0.00763713	0.00716291	0.00668152	0.00619346	0.00569921	0.00519928	0.00469417	0.00418438	0.00367044	0.00315285	0.00263213	0.00210882	0.00158342	0.00105646	0.000528483	0	
0	0.000539045	0.00107751	0.00161484	0.0021505	0.00268395	0.00321464	0.00374204	0.00426561	0.00478483	0.00529918	0.00580814	0.00631119	0.00680783	0.00729756	0.00777989	0.00825433	0.00872042	0.00917767	0.00962563	0.0100639	0.0104919	0.0109093	0.0113158	0.0117107	0.0120939	0.0124648	0.0128232	0.0131686	0.0135007	0.0138192	0.0141237	0.014414	0.0146898	0.0149507	0.0151966	0.0154272	0.0156422	0.0158414	0.0160247	0.0161918	0.0163426	0.0164769	0.0165946	0.0166957	0.0167798	0.0168471	0.0168975	0.0169308	0.016947	0.0169462	0.0169283	0.0168934	0.0168415	0.0167726	0.0166869	0.0165843	0.0164651	0.0163293	0.016177	0.0160085	0.0158239	0.0156234	0.0154071	0.0151754	0.0149284	0.0146663	0.0143896	0.0140984	0.013793	0.0134737	0.0131409	0.0127949	0.0124361	0.0120648	0.0116813	0.0112862	0.0108797	0.0104623	0.0100344	0.00959642	0.00914885	0.00869211	0.00822668	0.00775301	0.00727159	0.0067829	0.00628743	0.00578569	0.00527817	0.0047654	0.00424788	0.00372613	0.00320069	0.00267207	0.00214081	0.00160744	0.00107249	0.000536502	0	
0	0.000546556	0.00109252	0.00163734	0.00218047	0.00272135	0.00325943	0.00379418	0.00432505	0.00485151	0.00537303	0.00588907	0.00639914	0.0069027	0.00739925	0.00788831	0.00836936	0.00884194	0.00930556	0.00975977	0.0102041	0.0106381	0.0110614	0.0114734	0.0118739	0.0122624	0.0126385	0.0130019	0.0133521	0.0136888	0.0140118	0.0143206	0.0146149	0.0148945	0.0151591	0.0154084	0.0156422	0.0158602	0.0160622	0.016248	0.0164174	0.0165703	0.0167065	0.0168259	0.0169283	0.0170137	0.0170819	0.017133	0.0171667	0.0171832	0.0171824	0.0171643	0.0171289	0.0170762	0.0170064	0.0169194	0.0168155	0.0166946	0.0165569	0.0164025	0.0162316	0.0160444	0.0158411	0.0156218	0.0153869	0.0151364	0.0148708	0.0145901	0.0142949	0.0139852	0.0136615	0.0133241	0.0129733	0.0126094	0.0122329	0.0118441	0.0114435	0.0110313	0.0106081	0.0101742	0.00973017	0.00927636	0.00881327	0.00834134	0.00786107	0.00737294	0.00687744	0.00637507	0.00586633	0.00535174	0.00483182	0.00430708	0.00377807	0.0032453	0.00270932	0.00217065	0.00162985	0.00108744	0.00054398	0	
