0	0	0	0	0	0	0	0	0	0	0	0	0	0	0	0	0	0	0	0	0	0	0	0	0	0	0	0	0	0	0	0	0	0	0	0	0	0	0	0	0	0	0	0	0	0	0	0	0	0	0	0	0	0	0	0	0	0	0	0	0	0	0	0	0	0	0	0	0	0	0	0	0	0	0	0	0	0	0	0	0	0	0	0	0	0	0	0	0	0	0	0	0	0	0	0	0	0	0	0	
0	1.35649e-05	2.71146e-05	4.06354e-05	5.41136e-05	6.75354e-05	8.08873e-05	9.41559e-05	0.000107328	0.000120389	0.000133328	0.00014613	0.000158783	0.000171275	0.000183592	0.000195722	0.000207654	0.000219375	0.000230873	0.000242137	0.000253156	0.000263918	0.000274413	0.000284631	0.00029456	0.000304192	0.000313516	0.000322523	0.000331205	0.000339552	0.000347556	0.000355209	0.000362503	0.000369432	0.000375988	0.000382165	0.000387956	0.000393356	0.000398359	0.00040296	0.000407156	0.00041094	0.000414311	0.000417264	0.000419797	0.000421907	0.000423592	0.00042485	0.00042568	0.000426082	0.000426054	0.000425597	0.000424712	0.0004234	0.000421661	0.000419498	0.000416913	0.000413908	0.000410487	0.000406653	0.00040241	0.000397762	0.000392715	0.000387272	0.00038144	0.000375225	0.000368633	0.00036167	0.000354344	0.000346662	0.000338632	0.000330262	0.000321561	0.000312536	0.000303199	0.000293557	0.000283621	0.0002734	0.000262906	0.000252149	0.000241139	0.000229888	0.000218407	0.000206707	0.000194802	0.000182702	0.00017042	0.000157968	0.000145359	0.000132605	0.00011972	0.000106716	9.36071e-05	8.04055e-05	6.71246e-05	5.3778e-05	4.03788e-05	2.69405e-05	1.34764e-05	0	
0	2.71146e-05	5.4199e-05	8.12255e-05	0.000108167	0.000134996	0.000161685	0.000188207	0.000214536	0.000240645	0.000266508	0.000292098	0.000317391	0.00034236	0.00036698	0.000391228	0.000415078	0.000438506	0.00046149	0.000484006	0.000506031	0.000527544	0.000548523	0.000568946	0.000588794	0.000608047	0.000626685	0.00064469	0.000662043	0.000678728	0.000694727	0.000710025	0.000724606	0.000738456	0.00075156	0.000763907	0.000775483	0.000786276	0.000796277	0.000805475	0.000813861	0.000821427	0.000828165	0.000834068	0.00083913	0.000843348	0.000846715	0.00084923	0.00085089	0.000851692	0.000851637	0.000850725	0.000848956	0.000846332	0.000842857	0.000838533	0.000833366	0.00082736	0.000820521	0.000812858	0.000804376	0.000795086	0.000784996	0.000774117	0.00076246	0.000750036	0.000736859	0.000722941	0.000708297	0.000692942	0.000676891	0.00066016	0.000642766	0.000624728	0.000606063	0.00058679	0.000566929	0.000546499	0.000525523	0.00050402	0.000482012	0.000459522	0.000436573	0.000413187	0.000389389	0.000365203	0.000340652	0.000315762	0.000290558	0.000265065	0.000239309	0.000213316	0.000187112	0.000160723	0.000134176	0.000107497	8.07134e-05	5.38515e-05	2.69381e-05	0	
0	4.06354e-05	8.12255e-05	0.000121729	0.000162105	0.000202312	0.00024231	0.000282058	0.000321516	0.000360644	0.000399404	0.000437755	0.00047566	0.00051308	0.000549978	0.000586317	0.00062206	0.000657172	0.000691616	0.00072536	0.000758369	0.000790609	0.000822049	0.000852657	0.000882403	0.000911256	0.000939188	0.000966171	0.000992178	0.00101718	0.00104116	0.00106409	0.00108594	0.00110669	0.00112633	0.00114484	0.00116219	0.00117836	0.00119335	0.00120713	0.0012197	0.00123104	0.00124114	0.00124999	0.00125757	0.00126389	0.00126894	0.00127271	0.0012752	0.0012764	0.00127632	0.00127495	0.0012723	0.00126837	0.00126316	0.00125668	0.00124893	0.00123993	0.00122968	0.0012182	0.00120549	0.00119157	0.00117644	0.00116014	0.00114267	0.00112405	0.0011043	0.00108345	0.0010615	0.00103849	0.00101443	0.000989358	0.000963291	0.000936258	0.000908285	0.000879401	0.000849636	0.000819019	0.000787582	0.000755356	0.000722374	0.00068867	0.000654277	0.00061923	0.000583564	0.000547317	0.000510524	0.000473222	0.000435449	0.000397244	0.000358644	0.000319689	0.000280418	0.00024087	0.000201085	0.000161102	0.000120963	8.07056e-05	4.03714e-05	0	
0	5.41136e-05	0.000108167	0.000162105	0.000215873	0.000269416	0.000322681	0.000375613	0.000428159	0.000480266	0.000531881	0.000582953	0.000633431	0.000683263	0.0007324	0.000780792	0.000828391	0.000875148	0.000921018	0.000965954	0.00100991	0.00105285	0.00109471	0.00113548	0.00117509	0.00121351	0.00125071	0.00128664	0.00132127	0.00135457	0.0013865	0.00141703	0.00144613	0.00147378	0.00149993	0.00152457	0.00154767	0.00156921	0.00158917	0.00160753	0.00162427	0.00163937	0.00165281	0.0016646	0.0016747	0.00168312	0.00168984	0.00169486	0.00169817	0.00169977	0.00169966	0.00169784	0.00169431	0.00168907	0.00168214	0.00167351	0.0016632	0.00165121	0.00163756	0.00162227	0.00160534	0.0015868	0.00156666	0.00154495	0.00152169	0.00149689	0.00147059	0.00144282	0.00141359	0.00138295	0.00135091	0.00131752	0.00128281	0.00124681	0.00120956	0.00117109	0.00113146	0.00109068	0.00104882	0.0010059	0.000961982	0.000917098	0.000871297	0.000824625	0.00077713	0.000728859	0.000679862	0.000630188	0.000579886	0.000529008	0.000477605	0.000425729	0.000373432	0.000320766	0.000267784	0.00021454	0.000161086	0.000107476	5.37625e-05	0	
0	6.75354e-05	0.000134996	0.000202312	0.000269416	0.00033624	0.000402716	0.000468777	0.000534356	0.000599388	0.000663806	0.000727546	0.000790543	0.000852736	0.00091406	0.000974455	0.00103386	0.00109222	0.00114946	0.00120555	0.00126041	0.00131399	0.00136624	0.00141711	0.00146655	0.00151451	0.00156093	0.00160577	0.001649	0.00169056	0.00173041	0.00176851	0.00180483	0.00183933	0.00187197	0.00190272	0.00193155	0.00195844	0.00198335	0.00200626	0.00202715	0.00204599	0.00206277	0.00207748	0.00209009	0.00210059	0.00210898	0.00211524	0.00211938	0.00212138	0.00212124	0.00211897	0.00211456	0.00210803	0.00209937	0.0020886	0.00207573	0.00206077	0.00204374	0.00202465	0.00200353	0.00198039	0.00195526	0.00192816	0.00189912	0.00186818	0.00183536	0.00180069	0.00176422	0.00172597	0.00168599	0.00164432	0.00160099	0.00155607	0.00150957	0.00146157	0.0014121	0.00136122	0.00130897	0.00125541	0.00120059	0.00114457	0.00108741	0.00102917	0.000969889	0.000909646	0.000848495	0.0007865	0.000723722	0.000660224	0.000596071	0.000531328	0.000466059	0.00040033	0.000334206	0.000267755	0.000201042	0.000134134	6.7098e-05	0	
0	8.08873e-05	0.000161685	0.00024231	0.000322681	0.000402716	0.000482335	0.000561456	0.000640001	0.00071789	0.000795044	0.000871385	0.000946838	0.00102133	0.00109478	0.00116711	0.00123826	0.00130815	0.00137672	0.00144389	0.0015096	0.00157377	0.00163636	0.00169729	0.0017565	0.00181393	0.00186954	0.00192325	0.00197502	0.00202479	0.00207252	0.00211816	0.00216166	0.00220298	0.00224207	0.0022789	0.00231344	0.00234564	0.00237547	0.00240291	0.00242793	0.0024505	0.0024706	0.00248821	0.00250332	0.0025159	0.00252594	0.00253345	0.0025384	0.00254079	0.00254063	0.00253791	0.00253263	0.0025248	0.00251444	0.00250154	0.00248612	0.00246821	0.00244781	0.00242494	0.00239964	0.00237193	0.00234183	0.00230937	0.0022746	0.00223754	0.00219823	0.00215671	0.00211302	0.00206721	0.00201933	0.00196942	0.00191753	0.00186372	0.00180803	0.00175054	0.00169129	0.00163034	0.00156776	0.00150362	0.00143796	0.00137087	0.00130241	0.00123264	0.00116165	0.00108949	0.00101625	0.000942001	0.00086681	0.000790759	0.000713922	0.000636378	0.000558205	0.00047948	0.000400283	0.000320694	0.000240791	0.000160654	8.03643e-05	0	
0	9.41559e-05	0.000188207	0.000282058	0.000375613	0.000468777	0.000561456	0.000653557	0.000744986	0.000835652	0.000925462	0.00101433	0.00110216	0.00118887	0.00127436	0.00135856	0.00144139	0.00152274	0.00160256	0.00168075	0.00175723	0.00183194	0.00190479	0.00197571	0.00204464	0.0021115	0.00217622	0.00223874	0.002299	0.00235694	0.0024125	0.00246563	0.00251626	0.00256436	0.00260986	0.00265274	0.00269294	0.00273042	0.00276515	0.00279709	0.00282621	0.00285249	0.00287589	0.00289639	0.00291397	0.00292861	0.00294031	0.00294904	0.0029548	0.00295759	0.0029574	0.00295423	0.00294809	0.00293898	0.00292691	0.0029119	0.00289396	0.0028731	0.00284935	0.00282274	0.00279329	0.00276103	0.00272599	0.00268821	0.00264773	0.00260459	0.00255883	0.0025105	0.00245965	0.00240633	0.00235059	0.00229249	0.00223209	0.00216945	0.00210463	0.0020377	0.00196874	0.00189779	0.00182495	0.00175028	0.00167385	0.00159576	0.00151606	0.00143485	0.00135221	0.00126822	0.00118297	0.00109653	0.00100901	0.00092048	0.000831039	0.000740775	0.000649777	0.000558138	0.000465949	0.000373303	0.000280292	0.00018701	9.35479e-05	0	
0	0.000107328	0.000214536	0.000321516	0.000428159	0.000534356	0.000640001	0.000744986	0.000849206	0.000952555	0.00105493	0.00115623	0.00125634	0.00135518	0.00145264	0.00154862	0.00164303	0.00173577	0.00182675	0.00191588	0.00200306	0.00208822	0.00217126	0.00225211	0.00233068	0.00240689	0.00248067	0.00255194	0.00262063	0.00268667	0.00275001	0.00281056	0.00286828	0.0029231	0.00297498	0.00302385	0.00306967	0.0031124	0.00315199	0.0031884	0.0032216	0.00325155	0.00327822	0.00330159	0.00332163	0.00333832	0.00335165	0.00336161	0.00336818	0.00337136	0.00337114	0.00336753	0.00336053	0.00335014	0.00333639	0.00331927	0.00329882	0.00327504	0.00324798	0.00321764	0.00318407	0.00314729	0.00310735	0.00306429	0.00301815	0.00296897	0.00291681	0.00286172	0.00280375	0.00274297	0.00267943	0.00261321	0.00254436	0.00247295	0.00239907	0.00232278	0.00224416	0.00216329	0.00208026	0.00199514	0.00190803	0.001819	0.00172816	0.00163559	0.00154139	0.00144565	0.00134846	0.00124994	0.00115017	0.00104926	0.000947304	0.000844411	0.000740683	0.000636223	0.000531137	0.00042553	0.000319506	0.000213173	0.000106636	0	
0	0.000120389	0.000240645	0.000360644	0.000480266	0.000599388	0.00071789	0.000835652	0.000952555	0.00106848	0.00118332	0.00129694	0.00140924	0.00152011	0.00162943	0.00173709	0.00184299	0.00194702	0.00204907	0.00214905	0.00224684	0.00234236	0.00243551	0.0025262	0.00261433	0.00269981	0.00278257	0.00286252	0.00293957	0.00301365	0.00308469	0.00315262	0.00321736	0.00327886	0.00333705	0.00339187	0.00344327	0.00349119	0.0035356	0.00357644	0.00361368	0.00364727	0.00367719	0.0037034	0.00372588	0.00374461	0.00375956	0.00377073	0.0037781	0.00378167	0.00378142	0.00377737	0.00376952	0.00375787	0.00374244	0.00372324	0.0037003	0.00367363	0.00364327	0.00360924	0.00357159	0.00353034	0.00348554	0.00343723	0.00338547	0.00333031	0.0032718	0.00321001	0.00314499	0.00307681	0.00300554	0.00293125	0.00285402	0.00277393	0.00269105	0.00260548	0.00251729	0.00242658	0.00233344	0.00223796	0.00214025	0.00204039	0.00193849	0.00183465	0.00172899	0.00162159	0.00151258	0.00140207	0.00129016	0.00117696	0.0010626	0.000947183	0.00083083	0.000713657	0.000595781	0.000477321	0.000358393	0.000239118	0.000119614	0	
0	0.000133328	0.000266508	0.000399404	0.000531881	0.000663806	0.000795044	0.000925462	0.00105493	0.00118332	0.00131049	0.00143633	0.0015607	0.00168348	0.00180455	0.00192379	0.00204107	0.00215627	0.0022693	0.00238001	0.00248832	0.00259411	0.00269727	0.0027977	0.00289531	0.00298998	0.00308163	0.00317017	0.0032555	0.00333755	0.00341622	0.00349145	0.00356315	0.00363126	0.0036957	0.00375641	0.00381334	0.00386642	0.0039156	0.00396083	0.00400207	0.00403927	0.0040724	0.00410143	0.00412633	0.00414707	0.00416363	0.004176	0.00418416	0.00418811	0.00418784	0.00418335	0.00417466	0.00416176	0.00414467	0.00412341	0.004098	0.00406847	0.00403484	0.00399716	0.00395545	0.00390977	0.00386016	0.00380666	0.00374934	0.00368825	0.00362345	0.00355501	0.003483	0.0034075	0.00332857	0.0032463	0.00316077	0.00307207	0.00298028	0.00288551	0.00278785	0.00268739	0.00258424	0.0024785	0.00237028	0.00225969	0.00214684	0.00203184	0.00191482	0.00179588	0.00167516	0.00155276	0.00142882	0.00130346	0.00117681	0.00104899	0.000920129	0.000790362	0.000659817	0.000528624	0.000396914	0.000264819	0.000132471	0	
0	0.00014613	0.000292098	0.000437755	0.000582953	0.000727546	0.000871385	0.00101433	0.00115623	0.00129694	0.00143633	0.00157425	0.00171057	0.00184514	0.00197783	0.00210852	0.00223706	0.00236333	0.0024872	0.00260855	0.00272726	0.00284321	0.00295628	0.00306635	0.00317333	0.00327709	0.00337754	0.00347458	0.00356811	0.00365804	0.00374427	0.00382672	0.0039053	0.00397995	0.00405058	0.00411712	0.00417952	0.00423769	0.00429159	0.00434117	0.00438637	0.00442714	0.00446346	0.00449528	0.00452257	0.0045453	0.00456345	0.004577	0.00458595	0.00459028	0.00458998	0.00458507	0.00457553	0.0045614	0.00454267	0.00451937	0.00449152	0.00445915	0.00442229	0.00438099	0.00433528	0.00428521	0.00423083	0.0041722	0.00410938	0.00404242	0.0039714	0.00389639	0.00381747	0.00373471	0.0036482	0.00355803	0.00346429	0.00336707	0.00326647	0.0031626	0.00305556	0.00294545	0.0028324	0.0027165	0.00259789	0.00247668	0.00235299	0.00222696	0.00209869	0.00196834	0.00183602	0.00170187	0.00156603	0.00142863	0.00128982	0.00114972	0.00100849	0.000866261	0.000723179	0.000579388	0.00043503	0.00029025	0.000145192	0	
0	0.000158783	0.000317391	0.00047566	0.000633431	0.000790543	0.000946838	0.00110216	0.00125634	0.00140924	0.0015607	0.00171057	0.00185868	0.00200491	0.0021491	0.0022911	0.00243077	0.00256797	0.00270257	0.00283443	0.00296342	0.00308941	0.00321226	0.00333187	0.00344811	0.00356086	0.00367001	0.00377545	0.00387708	0.00397479	0.00406849	0.00415808	0.00424347	0.00432458	0.00440133	0.00447364	0.00454143	0.00460464	0.00466321	0.00471708	0.0047662	0.0048105	0.00484996	0.00488454	0.00491419	0.00493889	0.00495861	0.00497334	0.00498306	0.00498777	0.00498744	0.0049821	0.00497175	0.00495638	0.00493603	0.00491071	0.00488045	0.00484528	0.00480524	0.00476036	0.00471069	0.00465629	0.0045972	0.00453349	0.00446522	0.00439247	0.0043153	0.0042338	0.00414804	0.00405811	0.00396411	0.00386614	0.00376428	0.00365864	0.00354933	0.00343647	0.00332015	0.00320051	0.00307767	0.00295174	0.00282286	0.00269115	0.00255675	0.0024198	0.00228043	0.00213879	0.00199501	0.00184925	0.00170164	0.00155235	0.00140151	0.00124928	0.00109582	0.000941277	0.000785805	0.000629561	0.000472703	0.000315385	0.000157765	0	
0	0.000171275	0.00034236	0.00051308	0.000683263	0.000852736	0.00102133	0.00118887	0.00135518	0.00152011	0.00168348	0.00184514	0.00200491	0.00216264	0.00231817	0.00247134	0.002622	0.00277	0.00291519	0.00305742	0.00319656	0.00333246	0.00346498	0.003594	0.00371938	0.003841	0.00395874	0.00407248	0.0041821	0.0042875	0.00438857	0.00448521	0.00457732	0.00466481	0.0047476	0.00482559	0.00489872	0.00496691	0.00503009	0.00508819	0.00514117	0.00518896	0.00523153	0.00526882	0.00530081	0.00532745	0.00534873	0.00536461	0.0053751	0.00538017	0.00537983	0.00537407	0.00536289	0.00534632	0.00532437	0.00529706	0.00526442	0.00522648	0.00518329	0.00513488	0.0050813	0.00502262	0.00495888	0.00489016	0.00481652	0.00473805	0.00465481	0.00456689	0.00447438	0.00437739	0.00427599	0.0041703	0.00406043	0.00394648	0.00382858	0.00370683	0.00358137	0.00345232	0.00331981	0.00318397	0.00304495	0.00290288	0.00275791	0.00261018	0.00245985	0.00230706	0.00215197	0.00199474	0.00183552	0.00167448	0.00151178	0.00134757	0.00118204	0.00101533	0.00084763	0.000679094	0.000509894	0.000340199	0.000170178	0	
0	0.000183592	0.00036698	0.000549978	0.0007324	0.00091406	0.00109478	0.00127436	0.00145264	0.00162943	0.00180455	0.00197783	0.0021491	0.00231817	0.00248488	0.00264907	0.00281057	0.00296921	0.00312484	0.0032773	0.00342645	0.00357212	0.00371417	0.00385247	0.00398687	0.00411724	0.00424344	0.00436536	0.00448287	0.00459585	0.00470419	0.00480778	0.00490651	0.0050003	0.00508904	0.00517264	0.00525103	0.00532412	0.00539184	0.00545413	0.00551091	0.00556215	0.00560777	0.00564775	0.00568203	0.00571059	0.0057334	0.00575043	0.00576167	0.00576711	0.00576674	0.00576056	0.00574859	0.00573082	0.00570729	0.00567802	0.00564303	0.00560237	0.00555606	0.00550417	0.00544674	0.00538384	0.00531552	0.00524186	0.00516292	0.0050788	0.00498958	0.00489534	0.00479618	0.00469221	0.00458352	0.00447023	0.00435246	0.00423031	0.00410393	0.00397343	0.00383894	0.00370061	0.00355857	0.00341296	0.00326394	0.00311166	0.00295626	0.00279791	0.00263676	0.00247299	0.00230674	0.0021382	0.00196754	0.00179491	0.00162051	0.00144449	0.00126705	0.00108836	0.000908594	0.000727936	0.000546567	0.000364667	0.000182418	0	
0	0.000195722	0.000391228	0.000586317	0.000780792	0.000974455	0.00116711	0.00135856	0.00154862	0.00173709	0.00192379	0.00210852	0.0022911	0.00247134	0.00264907	0.00282411	0.00299627	0.0031654	0.00333131	0.00349385	0.00365285	0.00380815	0.00395959	0.00410702	0.0042503	0.00438929	0.00452383	0.00465381	0.00477908	0.00489952	0.00501502	0.00512545	0.00523072	0.0053307	0.0054253	0.00551443	0.00559799	0.00567592	0.00574811	0.00581451	0.00587505	0.00592967	0.00597831	0.00602093	0.00605748	0.00608793	0.00611224	0.0061304	0.00614238	0.00614818	0.00614779	0.0061412	0.00612844	0.0061095	0.00608442	0.00605321	0.00601591	0.00597255	0.00592319	0.00586787	0.00580665	0.00573959	0.00566676	0.00558823	0.00550408	0.0054144	0.00531928	0.00521881	0.0051131	0.00500226	0.00488639	0.00476562	0.00464006	0.00450985	0.00437511	0.00423598	0.00409261	0.00394514	0.00379371	0.00363849	0.00347962	0.00331727	0.00315161	0.00298279	0.002811	0.0026364	0.00245917	0.0022795	0.00209755	0.00191352	0.00172759	0.00153995	0.00135078	0.00116028	0.000968634	0.000776039	0.000582685	0.000388765	0.000194472	0	
0	0.000207654	0.000415078	0.00062206	0.000828391	0.00103386	0.00123826	0.00144139	0.00164303	0.00184299	0.00204107	0.00223706	0.00243077	0.002622	0.00281057	0.00299627	0.00317894	0.00335837	0.0035344	0.00370685	0.00387554	0.00404031	0.00420098	0.0043574	0.00450942	0.00465688	0.00479963	0.00493752	0.00507043	0.00519822	0.00532076	0.00543793	0.0055496	0.00565568	0.00575605	0.00585062	0.00593928	0.00602195	0.00609855	0.006169	0.00623323	0.00629118	0.00634278	0.006388	0.00642678	0.00645908	0.00648488	0.00650414	0.00651686	0.00652301	0.00652259	0.0065156	0.00650206	0.00648197	0.00645536	0.00642225	0.00638267	0.00633668	0.00628431	0.00622561	0.00616066	0.00608951	0.00601224	0.00592892	0.00583964	0.00574449	0.00564357	0.00553698	0.00542483	0.00530723	0.0051843	0.00505616	0.00492295	0.0047848	0.00464185	0.00449424	0.00434213	0.00418566	0.004025	0.00386032	0.00369176	0.00351952	0.00334375	0.00316465	0.00298238	0.00279714	0.0026091	0.00241847	0.00222543	0.00203018	0.00183292	0.00163383	0.00143313	0.00123102	0.00102769	0.000823353	0.000618211	0.000412468	0.000206329	0	
0	0.000219375	0.000438506	0.000657172	0.000875148	0.00109222	0.00130815	0.00152274	0.00173577	0.00194702	0.00215627	0.00236333	0.00256797	0.00277	0.00296921	0.0031654	0.00335837	0.00354794	0.00373391	0.00391609	0.0040943	0.00426836	0.00443811	0.00460336	0.00476396	0.00491974	0.00507055	0.00521623	0.00535664	0.00549164	0.0056211	0.00574488	0.00586286	0.00597493	0.00608096	0.00618086	0.00627453	0.00636187	0.00644279	0.00651722	0.00658508	0.00664629	0.00670082	0.00674858	0.00678955	0.00682368	0.00685093	0.00687128	0.00688472	0.00689121	0.00689077	0.00688339	0.00686909	0.00684786	0.00681975	0.00678477	0.00674296	0.00669437	0.00663904	0.00657704	0.00650842	0.00643325	0.00635162	0.0062636	0.00616928	0.00606876	0.00596214	0.00584954	0.00573105	0.00560681	0.00547694	0.00534157	0.00520084	0.00505489	0.00490387	0.00474793	0.00458723	0.00442194	0.00425221	0.00407823	0.00390016	0.00371819	0.00353251	0.00334329	0.00315073	0.00295503	0.00275639	0.002555	0.00235106	0.00214479	0.00193639	0.00172607	0.00151404	0.00130051	0.0010857	0.000869832	0.000653109	0.000435752	0.000217977	0	
0	0.000230873	0.00046149	0.000691616	0.000921018	0.00114946	0.00137672	0.00160256	0.00182675	0.00204907	0.0022693	0.0024872	0.00270257	0.00291519	0.00312484	0.00333131	0.0035344	0.00373391	0.00392962	0.00412135	0.0043089	0.00449209	0.00467074	0.00484465	0.00501367	0.00517761	0.00533632	0.00548964	0.00563742	0.00577949	0.00591574	0.006046	0.00617017	0.00628811	0.0063997	0.00650484	0.00660342	0.00669534	0.0067805	0.00685883	0.00693024	0.00699467	0.00705205	0.00710232	0.00714544	0.00718135	0.00721004	0.00723146	0.00724559	0.00725243	0.00725197	0.0072442	0.00722914	0.00720681	0.00717722	0.00714041	0.00709641	0.00704527	0.00698704	0.00692179	0.00684957	0.00677047	0.00668455	0.00659192	0.00649266	0.00638687	0.00627467	0.00615616	0.00603146	0.00590071	0.00576403	0.00562157	0.00547346	0.00531986	0.00516092	0.00499681	0.00482769	0.00465373	0.00447511	0.004292	0.0041046	0.00391309	0.00371768	0.00351854	0.00331589	0.00310993	0.00290088	0.00268893	0.0024743	0.00225722	0.00203789	0.00181655	0.0015934	0.00136868	0.00114262	0.000915429	0.000687346	0.000458594	0.000229403	0	
0	0.000242137	0.000484006	0.00072536	0.000965954	0.00120555	0.00144389	0.00168075	0.00191588	0.00214905	0.00238001	0.00260855	0.00283443	0.00305742	0.0032773	0.00349385	0.00370685	0.00391609	0.00412135	0.00432243	0.00451914	0.00471127	0.00489863	0.00508103	0.00525829	0.00543024	0.00559669	0.00575749	0.00591247	0.00606148	0.00620437	0.006341	0.00647123	0.00659492	0.00671196	0.00682223	0.00692561	0.00702202	0.00711134	0.00719349	0.00726839	0.00733596	0.00739614	0.00744886	0.00749408	0.00753175	0.00756183	0.0075843	0.00759912	0.0076063	0.00760581	0.00759767	0.00758187	0.00755845	0.00752742	0.00748881	0.00744266	0.00738903	0.00732796	0.00725952	0.00718378	0.00710082	0.00701071	0.00691356	0.00680946	0.00669851	0.00658083	0.00645654	0.00632576	0.00618863	0.00604528	0.00589586	0.00574053	0.00557944	0.00541275	0.00524063	0.00506325	0.0048808	0.00469347	0.00450143	0.00430488	0.00410403	0.00389908	0.00369023	0.00347769	0.00326168	0.00304242	0.00282013	0.00259504	0.00236736	0.00213733	0.00190518	0.00167115	0.00143547	0.00119837	0.000960098	0.000720885	0.000480972	0.000240597	0	
0	0.000253156	0.000506031	0.000758369	0.00100991	0.00126041	0.0015096	0.00175723	0.00200306	0.00224684	0.00248832	0.00272726	0.00296342	0.00319656	0.00342645	0.00365285	0.00387554	0.0040943	0.0043089	0.00451914	0.0047248	0.00492567	0.00512155	0.00531226	0.00549759	0.00567736	0.00585139	0.00601951	0.00618154	0.00633733	0.00648673	0.00662957	0.00676572	0.00689505	0.00701741	0.0071327	0.00724079	0.00734158	0.00743497	0.00752086	0.00759916	0.00766981	0.00773273	0.00778785	0.00783513	0.00787452	0.00790597	0.00792945	0.00794496	0.00795246	0.00795195	0.00794343	0.00792692	0.00790243	0.00786999	0.00782962	0.00778138	0.0077253	0.00766146	0.0075899	0.00751072	0.00742398	0.00732977	0.0072282	0.00711936	0.00700336	0.00688032	0.00675038	0.00661365	0.00647027	0.0063204	0.00616419	0.00600179	0.00583336	0.00565908	0.00547913	0.00529369	0.00510293	0.00490707	0.00470629	0.0045008	0.00429081	0.00407653	0.00385817	0.00363596	0.00341013	0.00318089	0.00294848	0.00271314	0.0024751	0.00223461	0.00199189	0.00174721	0.0015008	0.00125291	0.00100379	0.000753695	0.000502862	0.000251548	0	
0	0.000263918	0.000527544	0.000790609	0.00105285	0.00131399	0.00157377	0.00183194	0.00208822	0.00234236	0.00259411	0.00284321	0.00308941	0.00333246	0.00357212	0.00380815	0.00404031	0.00426836	0.00449209	0.00471127	0.00492567	0.00513508	0.0053393	0.00553811	0.00573132	0.00591873	0.00610016	0.00627542	0.00644435	0.00660677	0.00676251	0.00691143	0.00705337	0.00718819	0.00731576	0.00743595	0.00754864	0.00765371	0.00775107	0.00784061	0.00792225	0.0079959	0.00806149	0.00811896	0.00816825	0.00820931	0.0082421	0.00826658	0.00828274	0.00829056	0.00829003	0.00828116	0.00826394	0.00823841	0.00820459	0.00816251	0.00811221	0.00805375	0.00798719	0.0079126	0.00783005	0.00773962	0.00764141	0.00753551	0.00742205	0.00730112	0.00717285	0.00703738	0.00689484	0.00674537	0.00658913	0.00642627	0.00625696	0.00608138	0.00589969	0.00571209	0.00551876	0.0053199	0.00511571	0.00490639	0.00469217	0.00447325	0.00424985	0.00402221	0.00379056	0.00355512	0.00331613	0.00307385	0.0028285	0.00258034	0.00232962	0.00207659	0.0018215	0.00156461	0.00130619	0.00104648	0.000785741	0.000524244	0.000262243	0	
0	0.000274413	0.000548523	0.000822049	0.00109471	0.00136624	0.00163636	0.00190479	0.00217126	0.00243551	0.00269727	0.00295628	0.00321226	0.00346498	0.00371417	0.00395959	0.00420098	0.00443811	0.00467074	0.00489863	0.00512155	0.0053393	0.00555163	0.00575835	0.00595924	0.00615411	0.00634275	0.00652499	0.00670063	0.00686951	0.00703145	0.00718629	0.00733387	0.00747406	0.0076067	0.00773167	0.00784884	0.00795809	0.00805932	0.00815242	0.00823731	0.00831389	0.00838209	0.00844185	0.0084931	0.00853579	0.00856988	0.00859534	0.00861214	0.00862027	0.00861972	0.0086105	0.0085926	0.00856605	0.00853088	0.00848713	0.00843483	0.00837405	0.00830485	0.00822728	0.00814145	0.00804742	0.00794531	0.0078352	0.00771722	0.00759149	0.00745812	0.00731726	0.00716905	0.00701364	0.00685118	0.00668185	0.00650581	0.00632324	0.00613433	0.00593926	0.00573824	0.00553147	0.00531916	0.00510152	0.00487878	0.00465115	0.00441888	0.00418218	0.00394131	0.00369651	0.00344802	0.0031961	0.00294099	0.00268296	0.00242227	0.00215918	0.00189394	0.00162684	0.00135814	0.0010881	0.000816992	0.000545094	0.000272673	0	
0	0.000284631	0.000568946	0.000852657	0.00113548	0.00141711	0.00169729	0.00197571	0.00225211	0.0025262	0.0027977	0.00306635	0.00333187	0.003594	0.00385247	0.00410702	0.0043574	0.00460336	0.00484465	0.00508103	0.00531226	0.00553811	0.00575835	0.00597276	0.00618114	0.00638326	0.00657893	0.00676795	0.00695014	0.0071253	0.00729327	0.00745388	0.00760696	0.00775236	0.00788994	0.00801957	0.0081411	0.00825442	0.00835942	0.00845599	0.00854404	0.00862347	0.00869421	0.00875619	0.00880935	0.00885363	0.00888899	0.0089154	0.00893283	0.00894127	0.0089407	0.00893112	0.00891256	0.00888503	0.00884855	0.00880316	0.00874892	0.00868588	0.00861409	0.00853365	0.00844461	0.00834709	0.00824117	0.00812697	0.00800459	0.00787417	0.00773584	0.00758974	0.00743601	0.00727481	0.0071063	0.00693066	0.00674807	0.0065587	0.00636276	0.00616043	0.00595192	0.00573746	0.00551724	0.0052915	0.00506046	0.00482435	0.00458343	0.00433792	0.00408808	0.00383416	0.00357642	0.00331512	0.00305051	0.00278287	0.00251247	0.00223958	0.00196447	0.00168742	0.00140871	0.00112862	0.000847417	0.000565393	0.000282828	0	
0	0.00029456	0.000588794	0.000882403	0.00117509	0.00146655	0.0017565	0.00204464	0.00233068	0.00261433	0.00289531	0.00317333	0.00344811	0.00371938	0.00398687	0.0042503	0.00450942	0.00476396	0.00501367	0.00525829	0.00549759	0.00573132	0.00595924	0.00618114	0.00639678	0.00660596	0.00680845	0.00700407	0.00719261	0.00737389	0.00754772	0.00771393	0.00787235	0.00802283	0.00816521	0.00829935	0.00842513	0.0085424	0.00865106	0.008751	0.00884212	0.00892433	0.00899754	0.00906168	0.00911669	0.00916252	0.00919912	0.00922645	0.00924448	0.00925321	0.00925262	0.00924272	0.00922351	0.00919501	0.00915726	0.0091103	0.00905416	0.00898892	0.00891463	0.00883137	0.00873924	0.00863831	0.0085287	0.00841051	0.00828386	0.0081489	0.00800574	0.00785453	0.00769544	0.00752862	0.00735424	0.00717247	0.00698351	0.00678753	0.00658475	0.00637536	0.00615959	0.00593763	0.00570973	0.00547612	0.00523702	0.00499268	0.00474334	0.00448927	0.00423072	0.00396794	0.0037012	0.00343078	0.00315695	0.00287997	0.00260014	0.00231772	0.00203302	0.0017463	0.00145786	0.001168	0.000876984	0.000585121	0.000292696	0	
0	0.000304192	0.000608047	0.000911256	0.00121351	0.00151451	0.00181393	0.0021115	0.00240689	0.00269981	0.00298998	0.00327709	0.00356086	0.003841	0.00411724	0.00438929	0.00465688	0.00491974	0.00517761	0.00543024	0.00567736	0.00591873	0.00615411	0.00638326	0.00660596	0.00682197	0.00703109	0.00723311	0.00742781	0.00761502	0.00779453	0.00796617	0.00812978	0.00828518	0.00843221	0.00857075	0.00870063	0.00882174	0.00893396	0.00903717	0.00913127	0.00921616	0.00929176	0.009358	0.00941482	0.00946214	0.00949994	0.00952816	0.00954679	0.0095558	0.00955519	0.00954497	0.00952513	0.0094957	0.00945672	0.00940821	0.00935025	0.00928287	0.00920615	0.00912017	0.00902502	0.0089208	0.0088076	0.00868555	0.00855476	0.00841538	0.00826754	0.00811139	0.0079471	0.00777482	0.00759474	0.00740703	0.00721188	0.0070095	0.00680009	0.00658385	0.00636102	0.00613181	0.00589646	0.0056552	0.00540828	0.00515595	0.00489846	0.00463608	0.00436907	0.0040977	0.00382224	0.00354298	0.00326019	0.00297416	0.00268517	0.00239352	0.0020995	0.00180341	0.00150554	0.00120619	0.000905665	0.000604256	0.000302268	0	
0	0.000313516	0.000626685	0.000939188	0.00125071	0.00156093	0.00186954	0.00217622	0.00248067	0.00278257	0.00308163	0.00337754	0.00367001	0.00395874	0.00424344	0.00452383	0.00479963	0.00507055	0.00533632	0.00559669	0.00585139	0.00610016	0.00634275	0.00657893	0.00680845	0.00703109	0.00724662	0.00745483	0.0076555	0.00784845	0.00803346	0.00821037	0.00837899	0.00853915	0.0086907	0.00883348	0.00896734	0.00909217	0.00920783	0.0093142	0.00941118	0.00949868	0.0095766	0.00964487	0.00970342	0.0097522	0.00979115	0.00982024	0.00983944	0.00984873	0.00984811	0.00983757	0.00981712	0.00978679	0.00974661	0.00969662	0.00963688	0.00956744	0.00948837	0.00939975	0.00930169	0.00919427	0.0090776	0.0089518	0.00881701	0.00867336	0.00852098	0.00836005	0.00819072	0.00801316	0.00782756	0.00763409	0.00743297	0.00722438	0.00700855	0.00678569	0.00655602	0.00631979	0.00607722	0.00582856	0.00557408	0.00531401	0.00504863	0.00477821	0.00450301	0.00422332	0.00393942	0.0036516	0.00336013	0.00306533	0.00276749	0.0024669	0.00216387	0.0018587	0.0015517	0.00124317	0.00093343	0.000622781	0.000311535	0	
0	0.000322523	0.00064469	0.000966171	0.00128664	0.00160577	0.00192325	0.00223874	0.00255194	0.00286252	0.00317017	0.00347458	0.00377545	0.00407248	0.00436536	0.00465381	0.00493752	0.00521623	0.00548964	0.00575749	0.00601951	0.00627542	0.00652499	0.00676795	0.00700407	0.00723311	0.00745483	0.00766902	0.00787546	0.00807395	0.00826428	0.00844627	0.00861973	0.0087845	0.0089404	0.00908728	0.00922499	0.00935341	0.00947239	0.00958181	0.00968158	0.00977159	0.00985176	0.00992199	0.00998223	0.0100324	0.0100725	0.0101024	0.0101222	0.0101317	0.0101311	0.0101202	0.0100992	0.010068	0.0100267	0.00997523	0.00991377	0.00984233	0.00976099	0.00966984	0.00956895	0.00945844	0.00933842	0.00920902	0.00907035	0.00892257	0.00876582	0.00860026	0.00842607	0.00824341	0.00805247	0.00785345	0.00764654	0.00743196	0.00720993	0.00698066	0.0067444	0.00650138	0.00625184	0.00599604	0.00573424	0.0054667	0.0051937	0.00491551	0.0046324	0.00434468	0.00405262	0.00375652	0.00345669	0.00315341	0.00284701	0.00253778	0.00222605	0.00191211	0.00159628	0.00127889	0.000960252	0.000640677	0.000320487	0	
0	0.000331205	0.000662043	0.000992178	0.00132127	0.001649	0.00197502	0.002299	0.00262063	0.00293957	0.0032555	0.00356811	0.00387708	0.0041821	0.00448287	0.00477908	0.00507043	0.00535664	0.00563742	0.00591247	0.00618154	0.00644435	0.00670063	0.00695014	0.00719261	0.00742781	0.0076555	0.00787546	0.00808746	0.00829129	0.00848674	0.00867363	0.00885177	0.00902097	0.00918107	0.0093319	0.00947332	0.00960519	0.00972738	0.00983975	0.00994221	0.0100346	0.010117	0.0101891	0.0102509	0.0103025	0.0103436	0.0103744	0.0103946	0.0104045	0.0104038	0.0103927	0.0103711	0.010339	0.0102966	0.0102438	0.0101807	0.0101073	0.0100238	0.00993015	0.00982655	0.00971307	0.00958982	0.00945693	0.00931453	0.00916277	0.0090018	0.00883179	0.0086529	0.00846532	0.00826925	0.00806487	0.00785239	0.00763204	0.00740403	0.00716859	0.00692596	0.0066764	0.00642014	0.00615746	0.00588861	0.00561387	0.00533352	0.00504784	0.00475711	0.00446164	0.00416172	0.00385765	0.00354975	0.00323831	0.00292366	0.00260611	0.00228597	0.00196358	0.00163926	0.00131332	0.000986104	0.000657926	0.000329115	0	
0	0.000339552	0.000678728	0.00101718	0.00135457	0.00169056	0.00202479	0.00235694	0.00268667	0.00301365	0.00333755	0.00365804	0.00397479	0.0042875	0.00459585	0.00489952	0.00519822	0.00549164	0.00577949	0.00606148	0.00633733	0.00660677	0.00686951	0.0071253	0.00737389	0.00761502	0.00784845	0.00807395	0.00829129	0.00850025	0.00870064	0.00889224	0.00907486	0.00924833	0.00941246	0.0095671	0.00971209	0.00984728	0.00997254	0.0100877	0.0101928	0.0102876	0.0103719	0.0104459	0.0105093	0.0105621	0.0106043	0.0106358	0.0106566	0.0106667	0.010666	0.0106546	0.0106325	0.0105996	0.0105561	0.010502	0.0104372	0.010362	0.0102764	0.0101804	0.0100742	0.00995788	0.00983152	0.00969528	0.0095493	0.00939371	0.00922869	0.00905439	0.00887099	0.00867869	0.00847767	0.00826814	0.00805031	0.0078244	0.00759064	0.00734927	0.00710053	0.00684468	0.00658197	0.00631266	0.00603704	0.00575537	0.00546796	0.00517507	0.00487702	0.0045741	0.00426662	0.00395489	0.00363922	0.00331993	0.00299735	0.0026718	0.0023436	0.00201308	0.00168058	0.00134643	0.00101096	0.000674509	0.000337411	0	
0	0.000347556	0.000694727	0.00104116	0.0013865	0.00173041	0.00207252	0.0024125	0.00275001	0.00308469	0.00341622	0.00374427	0.00406849	0.00438857	0.00470419	0.00501502	0.00532076	0.0056211	0.00591574	0.00620437	0.00648673	0.00676251	0.00703145	0.00729327	0.00754772	0.00779453	0.00803346	0.00826428	0.00848674	0.00870064	0.00890575	0.00910186	0.00928879	0.00946635	0.00963435	0.00979263	0.00994104	0.0100794	0.0102076	0.0103256	0.0104331	0.0105301	0.0106165	0.0106921	0.0107571	0.0108111	0.0108543	0.0108866	0.0109079	0.0109182	0.0109175	0.0109058	0.0108831	0.0108495	0.0108049	0.0107495	0.0106833	0.0106063	0.0105187	0.0104204	0.0103117	0.0101926	0.0100633	0.00992385	0.00977442	0.00961517	0.00944625	0.00926785	0.00908013	0.00888329	0.00867754	0.00846306	0.0082401	0.00800887	0.0077696	0.00752254	0.00726793	0.00700605	0.00673714	0.00646149	0.00617937	0.00589106	0.00559687	0.00529708	0.004992	0.00468194	0.00436721	0.00404813	0.00372502	0.00339821	0.00306802	0.00273479	0.00239885	0.00206054	0.0017202	0.00137817	0.0010348	0.000690412	0.000345366	0	
0	0.000355209	0.000710025	0.00106409	0.00141703	0.00176851	0.00211816	0.00246563	0.00281056	0.00315262	0.00349145	0.00382672	0.00415808	0.00448521	0.00480778	0.00512545	0.00543793	0.00574488	0.006046	0.006341	0.00662957	0.00691143	0.00718629	0.00745388	0.00771393	0.00796617	0.00821037	0.00844627	0.00867363	0.00889224	0.00910186	0.0093023	0.00949335	0.00967481	0.00984651	0.0100083	0.01016	0.0103014	0.0104324	0.0105529	0.0106628	0.010762	0.0108503	0.0109276	0.0109939	0.0110492	0.0110933	0.0111263	0.0111481	0.0111586	0.0111579	0.0111459	0.0111228	0.0110884	0.0110429	0.0109863	0.0109186	0.0108399	0.0107503	0.0106499	0.0105388	0.0104171	0.0102849	0.0101424	0.00998968	0.00982692	0.00965429	0.00947195	0.0092801	0.00907893	0.00886864	0.00864945	0.00842157	0.00818525	0.00794071	0.00768821	0.007428	0.00716034	0.00688551	0.00660379	0.00631546	0.0060208	0.00572013	0.00541374	0.00510194	0.00478505	0.00446339	0.00413729	0.00380706	0.00347305	0.00313559	0.00279502	0.00245168	0.00210592	0.00175809	0.00140853	0.00105759	0.000705618	0.000352973	0	
0	0.000362503	0.000724606	0.00108594	0.00144613	0.00180483	0.00216166	0.00251626	0.00286828	0.00321736	0.00356315	0.0039053	0.00424347	0.00457732	0.00490651	0.00523072	0.0055496	0.00586286	0.00617017	0.00647123	0.00676572	0.00705337	0.00733387	0.00760696	0.00787235	0.00812978	0.00837899	0.00861973	0.00885177	0.00907486	0.00928879	0.00949335	0.00968832	0.00987351	0.0100487	0.0102138	0.0103686	0.010513	0.0106467	0.0107697	0.0108818	0.010983	0.0110731	0.011152	0.0112197	0.0112761	0.0113212	0.0113548	0.011377	0.0113878	0.011387	0.0113749	0.0113512	0.0113162	0.0112697	0.0112119	0.0111428	0.0110625	0.0109711	0.0108687	0.0107553	0.0106311	0.0104962	0.0103507	0.0101949	0.0100288	0.00985257	0.00966649	0.0094707	0.0092654	0.00905079	0.0088271	0.00859454	0.00835336	0.0081038	0.00784612	0.00758056	0.00730741	0.00702694	0.00673943	0.00644517	0.00614447	0.00583762	0.00552494	0.00520673	0.00488334	0.00455507	0.00422226	0.00388526	0.00354438	0.00319999	0.00285243	0.00250204	0.00214918	0.0017942	0.00143746	0.00107931	0.000720112	0.000360223	0	
0	0.000369432	0.000738456	0.00110669	0.00147378	0.00183933	0.00220298	0.00256436	0.0029231	0.00327886	0.00363126	0.00397995	0.00432458	0.00466481	0.0050003	0.0053307	0.00565568	0.00597493	0.00628811	0.00659492	0.00689505	0.00718819	0.00747406	0.00775236	0.00802283	0.00828518	0.00853915	0.0087845	0.00902097	0.00924833	0.00946635	0.00967481	0.00987351	0.0100622	0.0102408	0.0104091	0.0105668	0.0107139	0.0108502	0.0109755	0.0110898	0.0111929	0.0112848	0.0113652	0.0114342	0.0114917	0.0115376	0.0115719	0.0115945	0.0116055	0.0116047	0.0115923	0.0115682	0.0115325	0.0114851	0.0114262	0.0113558	0.011274	0.0111808	0.0110764	0.0109609	0.0108343	0.0106968	0.0105486	0.0103897	0.0102205	0.0100409	0.00985128	0.00965175	0.00944252	0.00922381	0.00899584	0.00875884	0.00851305	0.00825872	0.00799611	0.00772548	0.0074471	0.00716127	0.00686826	0.00656838	0.00626193	0.00594922	0.00563056	0.00530627	0.00497669	0.00464215	0.00430298	0.00395953	0.00361214	0.00326117	0.00290696	0.00254987	0.00219027	0.0018285	0.00146494	0.00109994	0.000733879	0.00036711	0	
0	0.000375988	0.00075156	0.00112633	0.00149993	0.00187197	0.00224207	0.00260986	0.00297498	0.00333705	0.0036957	0.00405058	0.00440133	0.0047476	0.00508904	0.0054253	0.00575605	0.00608096	0.0063997	0.00671196	0.00701741	0.00731576	0.0076067	0.00788994	0.00816521	0.00843221	0.0086907	0.0089404	0.00918107	0.00941246	0.00963435	0.00984651	0.0100487	0.0102408	0.0104226	0.0105938	0.0107544	0.0109041	0.0110428	0.0111703	0.0112866	0.0113916	0.011485	0.0115669	0.0116371	0.0116956	0.0117424	0.0117773	0.0118003	0.0118114	0.0118107	0.011798	0.0117735	0.0117372	0.011689	0.011629	0.0115574	0.0114741	0.0113793	0.011273	0.0111554	0.0110266	0.0108867	0.0107358	0.0105741	0.0104019	0.0102191	0.0100261	0.00982305	0.00961011	0.00938752	0.00915551	0.0089143	0.00866415	0.0084053	0.00813803	0.0078626	0.00757928	0.00728838	0.00699017	0.00668497	0.00637308	0.00605481	0.0057305	0.00540046	0.00506503	0.00472455	0.00437936	0.00402981	0.00367626	0.00331905	0.00295856	0.00259513	0.00222914	0.00186096	0.00149094	0.00111947	0.000746905	0.000373626	0	
0	0.000382165	0.000763907	0.00114484	0.00152457	0.00190272	0.0022789	0.00265274	0.00302385	0.00339187	0.00375641	0.00411712	0.00447364	0.00482559	0.00517264	0.00551443	0.00585062	0.00618086	0.00650484	0.00682223	0.0071327	0.00743595	0.00773167	0.00801957	0.00829935	0.00857075	0.00883348	0.00908728	0.0093319	0.0095671	0.00979263	0.0100083	0.0102138	0.0104091	0.0105938	0.0107679	0.010931	0.0110832	0.0112242	0.0113539	0.0114721	0.0115787	0.0116737	0.011757	0.0118283	0.0118878	0.0119353	0.0119708	0.0119942	0.0120055	0.0120047	0.0119919	0.011967	0.01193	0.011881	0.0118201	0.0117473	0.0116626	0.0115662	0.0114582	0.0113387	0.0112077	0.0110655	0.0109122	0.0107479	0.0105728	0.010387	0.0101909	0.00998445	0.00976801	0.00954176	0.00930594	0.00906077	0.00880651	0.00854341	0.00827174	0.00799179	0.00770382	0.00740813	0.00710503	0.00679481	0.00647779	0.0061543	0.00582465	0.00548919	0.00514825	0.00480218	0.00445132	0.00409603	0.00373666	0.00337359	0.00300717	0.00263777	0.00226577	0.00189154	0.00151544	0.00113786	0.000759179	0.000379765	0	
0	0.000387956	0.000775483	0.00116219	0.00154767	0.00193155	0.00231344	0.00269294	0.00306967	0.00344327	0.00381334	0.00417952	0.00454143	0.00489872	0.00525103	0.00559799	0.00593928	0.00627453	0.00660342	0.00692561	0.00724079	0.00754864	0.00784884	0.0081411	0.00842513	0.00870063	0.00896734	0.00922499	0.00947332	0.00971209	0.00994104	0.01016	0.0103686	0.0105668	0.0107544	0.010931	0.0110967	0.0112512	0.0113943	0.0115259	0.0116459	0.0117542	0.0118507	0.0119351	0.0120076	0.012068	0.0121162	0.0121522	0.0121759	0.0121874	0.0121867	0.0121736	0.0121483	0.0121108	0.0120611	0.0119992	0.0119253	0.0118394	0.0117415	0.0116319	0.0115105	0.0113776	0.0112332	0.0110776	0.0109108	0.010733	0.0105445	0.0103453	0.0101358	0.00991606	0.00968638	0.00944698	0.00919809	0.00893998	0.0086729	0.00839711	0.00811291	0.00782058	0.00752041	0.00721271	0.00689779	0.00657597	0.00624758	0.00591294	0.00557239	0.00522628	0.00487496	0.00451879	0.00415811	0.0037933	0.00342472	0.00305275	0.00267776	0.00230011	0.00192021	0.00153841	0.00115511	0.000770686	0.000385522	0	
