0	0	0	0	0	0	0	0	0	0	0	0	0	0	0	0	0	0	0	0	0	0	0	0	0	0	0	0	0	0	0	0	0	0	0	0	0	0	0	0	0	0	0	0	0	0	0	0	0	0	0	0	0	0	0	0	0	0	0	0	0	0	0	0	0	0	0	0	0	0	0	0	0	0	0	0	0	0	0	0	0	0	0	0	0	0	0	0	0	0	0	0	0	0	0	0	0	0	0	0	
0	1.28525e-05	2.56905e-05	3.85011e-05	5.12712e-05	6.39878e-05	7.66381e-05	8.92094e-05	0.000101689	0.000114064	0.000126322	0.000138451	0.000150439	0.000162274	0.000173943	0.000185435	0.000196739	0.000207843	0.000218736	0.000229407	0.000239846	0.000250042	0.000259984	0.000269664	0.00027907	0.000288195	0.000297027	0.00030556	0.000313784	0.000321691	0.000329273	0.000336523	0.000343432	0.000349995	0.000356205	0.000362056	0.000367541	0.000372656	0.000377395	0.000381753	0.000385727	0.000389311	0.000392503	0.0003953	0.000397698	0.000399696	0.000401291	0.000402481	0.000403267	0.000403646	0.000403619	0.000403185	0.000402346	0.000401101	0.000399453	0.000397403	0.000394952	0.000392105	0.000388863	0.00038523	0.000381209	0.000376805	0.000372022	0.000366866	0.00036134	0.000355451	0.000349205	0.000342609	0.000335668	0.00032839	0.000320782	0.000312852	0.000304608	0.000296059	0.000287213	0.000278078	0.000268665	0.000258983	0.000249041	0.000238851	0.000228421	0.000217762	0.000206886	0.000195803	0.000184525	0.000173063	0.000161428	0.000149633	0.000137689	0.000125608	0.000113402	0.000101084	8.86667e-05	7.61615e-05	6.35815e-05	5.09392e-05	3.82472e-05	2.55182e-05	1.2765e-05	0	
0	2.56905e-05	5.13523e-05	7.69591e-05	0.000102485	0.000127904	0.000153191	0.000178319	0.000203264	0.000228001	0.000252504	0.000276748	0.000300711	0.000324367	0.000347692	0.000370664	0.000393259	0.000415455	0.000437229	0.00045856	0.000479425	0.000499806	0.00051968	0.000539028	0.00055783	0.000576069	0.000593725	0.000610781	0.000627219	0.000643024	0.00065818	0.000672671	0.000686483	0.000699602	0.000712015	0.00072371	0.000734675	0.000744898	0.000754371	0.000763082	0.000771025	0.00077819	0.000784571	0.000790161	0.000794955	0.000798948	0.000802136	0.000804516	0.000806086	0.000806844	0.00080679	0.000805923	0.000804245	0.000801757	0.000798463	0.000794365	0.000789467	0.000783775	0.000777295	0.000770033	0.000761996	0.000753193	0.000743632	0.000733325	0.000722279	0.000710509	0.000698024	0.000684837	0.000670963	0.000656415	0.000641208	0.000625358	0.000608879	0.00059179	0.000574107	0.000555849	0.000537033	0.00051768	0.000497807	0.000477437	0.000456588	0.000435283	0.000413543	0.00039139	0.000368846	0.000345935	0.000322678	0.0002991	0.000275225	0.000251077	0.000226679	0.000202057	0.000177236	0.000152239	0.000127093	0.000101822	7.64524e-05	5.10084e-05	2.55159e-05	0	
0	3.85011e-05	7.69591e-05	0.000115335	0.000153589	0.000191684	0.00022958	0.000267238	0.000304623	0.000341694	0.000378416	0.00041475	0.000450662	0.000486114	0.000521071	0.000555498	0.00058936	0.000622624	0.000655256	0.000687223	0.000718494	0.000749037	0.000778821	0.000807817	0.000835996	0.000863329	0.00088979	0.000915351	0.000939987	0.000963673	0.000986386	0.0010081	0.0010288	0.00104846	0.00106707	0.00108459	0.00110103	0.00111635	0.00113054	0.0011436	0.0011555	0.00116624	0.0011758	0.00118418	0.00119137	0.00119735	0.00120213	0.0012057	0.00120805	0.00120918	0.0012091	0.0012078	0.00120529	0.00120156	0.00119662	0.00119048	0.00118314	0.00117461	0.0011649	0.00115402	0.00114197	0.00112878	0.00111445	0.001099	0.00108245	0.00106481	0.0010461	0.00102634	0.00100555	0.000983743	0.000960953	0.000937198	0.000912503	0.000886892	0.000860392	0.000833029	0.000804831	0.000775826	0.000746044	0.000715516	0.000684271	0.000652342	0.000619762	0.000586562	0.000552776	0.000518439	0.000483586	0.000448251	0.00041247	0.00037628	0.000339716	0.000302816	0.000265617	0.000228155	0.00019047	0.000152598	0.000114577	7.64446e-05	3.82398e-05	0	
0	5.12712e-05	0.000102485	0.000153589	0.000204532	0.000255262	0.000305727	0.000355877	0.000405661	0.000455028	0.00050393	0.000552316	0.000600139	0.00064735	0.000693902	0.000739748	0.000784842	0.000829139	0.000872595	0.000915165	0.000956808	0.000997482	0.00103715	0.00107576	0.00111328	0.00114968	0.00118492	0.00121896	0.00125177	0.00128331	0.00131356	0.00134248	0.00137004	0.00139623	0.001421	0.00144434	0.00146622	0.00148663	0.00150553	0.00152292	0.00153877	0.00155307	0.0015658	0.00157696	0.00158653	0.0015945	0.00160086	0.00160561	0.00160874	0.00161026	0.00161015	0.00160842	0.00160507	0.0016001	0.00159353	0.00158535	0.00157558	0.00156422	0.00155128	0.00153679	0.00152075	0.00150318	0.0014841	0.00146353	0.00144149	0.001418	0.00139308	0.00136676	0.00133907	0.00131004	0.00127969	0.00124806	0.00121517	0.00118107	0.00114578	0.00110934	0.00107179	0.00103316	0.0009935	0.000952846	0.000911238	0.000868719	0.000825331	0.000781119	0.000736127	0.000690401	0.000643987	0.000596932	0.000549283	0.000501089	0.000452397	0.000403258	0.00035372	0.000303833	0.000253648	0.000203213	0.000152581	0.000101801	5.09238e-05	0	
0	6.39878e-05	0.000127904	0.000191684	0.000255262	0.000318574	0.000381556	0.000444145	0.000506277	0.000567889	0.00062892	0.000689308	0.000748992	0.000807913	0.000866011	0.000923228	0.000979507	0.00103479	0.00108903	0.00114216	0.00119413	0.00124489	0.00129439	0.00134258	0.00138942	0.00143484	0.00147882	0.0015213	0.00156225	0.00160161	0.00163936	0.00167546	0.00170986	0.00174254	0.00177345	0.00180258	0.00182989	0.00185536	0.00187895	0.00190065	0.00192043	0.00193828	0.00195418	0.0019681	0.00198004	0.00198999	0.00199793	0.00200386	0.00200777	0.00200965	0.00200952	0.00200736	0.00200318	0.00199698	0.00198878	0.00197857	0.00196637	0.0019522	0.00193606	0.00191797	0.00189795	0.00187602	0.00185221	0.00182654	0.00179903	0.00176971	0.00173861	0.00170577	0.00167121	0.00163498	0.0015971	0.00155762	0.00151658	0.00147401	0.00142997	0.00138449	0.00133763	0.00128942	0.00123992	0.00118919	0.00113726	0.00108419	0.00103004	0.000974865	0.000918714	0.000861646	0.00080372	0.000744993	0.000685526	0.000625378	0.000564609	0.000503281	0.000441456	0.000379196	0.000316562	0.000253618	0.000190427	0.000127052	6.3555e-05	0	
0	7.66381e-05	0.000153191	0.00022958	0.000305727	0.000381556	0.00045699	0.000531953	0.000606368	0.000680161	0.000753258	0.000825585	0.000897069	0.000967639	0.00103722	0.00110575	0.00117316	0.00123937	0.00130433	0.00136796	0.00143021	0.00149101	0.0015503	0.00160802	0.00166411	0.00171852	0.00177119	0.00182207	0.00187111	0.00191826	0.00196347	0.0020067	0.00204791	0.00208704	0.00212407	0.00215896	0.00219167	0.00222217	0.00225043	0.00227642	0.00230011	0.00232149	0.00234053	0.0023572	0.0023715	0.00238342	0.00239293	0.00240003	0.00240471	0.00240697	0.00240681	0.00240423	0.00239922	0.0023918	0.00238197	0.00236975	0.00235514	0.00233816	0.00231883	0.00229716	0.00227319	0.00224693	0.00221841	0.00218766	0.00215471	0.00211959	0.00208235	0.00204301	0.00200162	0.00195822	0.00191286	0.00186557	0.00181641	0.00176543	0.00171268	0.00165821	0.00160208	0.00154435	0.00148507	0.0014243	0.0013621	0.00129855	0.00123369	0.0011676	0.00110035	0.001032	0.000962622	0.000892285	0.000821061	0.000749021	0.000676238	0.000602785	0.000528737	0.000454167	0.00037915	0.000303761	0.000228077	0.000152171	7.61205e-05	0	
0	8.92094e-05	0.000178319	0.000267238	0.000355877	0.000444145	0.000531953	0.000619212	0.000705834	0.000791732	0.00087682	0.000961011	0.00104422	0.00112637	0.00120737	0.00128714	0.0013656	0.00144268	0.00151829	0.00159236	0.00166482	0.00173559	0.0018046	0.00187179	0.00193709	0.00200042	0.00206173	0.00212096	0.00217804	0.00223293	0.00228556	0.00233588	0.00238384	0.0024294	0.00247251	0.00251312	0.00255119	0.0025867	0.00261959	0.00264984	0.00267742	0.0027023	0.00272446	0.00274388	0.00276052	0.00277439	0.00278546	0.00279373	0.00279918	0.00280181	0.00280162	0.00279862	0.00279279	0.00278415	0.00277271	0.00275848	0.00274147	0.00272171	0.00269921	0.00267399	0.00264608	0.00261551	0.00258231	0.00254652	0.00250817	0.00246729	0.00242394	0.00237815	0.00232997	0.00227945	0.00222664	0.0021716	0.00211438	0.00205504	0.00199363	0.00193023	0.00186489	0.00179769	0.00172868	0.00165794	0.00158554	0.00151156	0.00143607	0.00135914	0.00128086	0.00120129	0.00112053	0.00103866	0.00095575	0.000871893	0.00078717	0.000701668	0.000615473	0.00052867	0.000441347	0.000353592	0.000265492	0.000177134	8.86078e-05	0	
0	0.000101689	0.000203264	0.000304623	0.000405661	0.000506277	0.000606368	0.000705834	0.000804574	0.000902489	0.000999479	0.00109545	0.0011903	0.00128394	0.00137627	0.0014672	0.00155664	0.0016445	0.00173069	0.00181512	0.00189772	0.00197839	0.00205706	0.00213364	0.00220807	0.00228027	0.00235016	0.00241767	0.00248274	0.0025453	0.00260529	0.00266266	0.00271733	0.00276926	0.0028184	0.00286469	0.00290809	0.00294856	0.00298606	0.00302054	0.00305198	0.00308034	0.0031056	0.00312773	0.00314671	0.00316251	0.00317513	0.00318456	0.00319077	0.00319377	0.00319356	0.00319013	0.00318349	0.00317364	0.0031606	0.00314438	0.00312499	0.00310246	0.00307681	0.00304807	0.00301626	0.00298141	0.00294357	0.00290277	0.00285905	0.00281245	0.00276304	0.00271084	0.00265592	0.00259834	0.00253814	0.0024754	0.00241018	0.00234253	0.00227254	0.00220026	0.00212579	0.00204918	0.00197052	0.00188988	0.00180736	0.00172303	0.00163697	0.00154928	0.00146004	0.00136935	0.00127729	0.00118397	0.00108946	0.00099387	0.000897295	0.000799831	0.000701577	0.000602631	0.000503092	0.00040306	0.000302634	0.000201915	0.000101004	0	
0	0.000114064	0.000228001	0.000341694	0.000455028	0.000567889	0.000680161	0.000791732	0.000902489	0.00101232	0.00112111	0.00122876	0.00133516	0.00144019	0.00154376	0.00164575	0.00174608	0.00184463	0.00194131	0.00203602	0.00212867	0.00221916	0.0023074	0.00239331	0.00247679	0.00255777	0.00263617	0.0027119	0.00278489	0.00285507	0.00292236	0.0029867	0.00304803	0.00310628	0.0031614	0.00321332	0.00326201	0.0033074	0.00334946	0.00338814	0.00342341	0.00345522	0.00348356	0.00350838	0.00352967	0.0035474	0.00356155	0.00357212	0.00357909	0.00358246	0.00358222	0.00357837	0.00357092	0.00355988	0.00354525	0.00352705	0.00350531	0.00348004	0.00345127	0.00341902	0.00338334	0.00334425	0.00330181	0.00325604	0.003207	0.00315474	0.0030993	0.00304076	0.00297915	0.00291456	0.00284704	0.00277666	0.0027035	0.00262762	0.00254911	0.00246804	0.0023845	0.00229857	0.00221033	0.00211989	0.00202732	0.00193272	0.0018362	0.00173783	0.00163774	0.00153601	0.00143275	0.00132806	0.00122205	0.00111483	0.0010065	0.000897175	0.000786963	0.000675974	0.000564321	0.000452114	0.000339467	0.00022649	0.000113297	0	
0	0.000126322	0.000252504	0.000378416	0.00050393	0.00062892	0.000753258	0.00087682	0.000999479	0.00112111	0.0012416	0.00136082	0.00147865	0.00159497	0.00170967	0.00182263	0.00193373	0.00204288	0.00214994	0.00225483	0.00235744	0.00245765	0.00255538	0.00265052	0.00274298	0.00283266	0.00291948	0.00300335	0.00308419	0.00316191	0.00323643	0.00330769	0.00337561	0.00344012	0.00350116	0.00355867	0.00361259	0.00366286	0.00370944	0.00375228	0.00379133	0.00382657	0.00385795	0.00388544	0.00390901	0.00392865	0.00394433	0.00395603	0.00396375	0.00396748	0.00396721	0.00396295	0.0039547	0.00394247	0.00392627	0.00390612	0.00388204	0.00385405	0.00382219	0.00378648	0.00374696	0.00370368	0.00365667	0.00360598	0.00355167	0.00349379	0.0034324	0.00336756	0.00329934	0.0032278	0.00315303	0.00307509	0.00299406	0.00291003	0.00282308	0.0027333	0.00264078	0.00254561	0.00244789	0.00234772	0.00224521	0.00214045	0.00203354	0.00192461	0.00181376	0.00170109	0.00158673	0.00147079	0.00135339	0.00123465	0.00111468	0.000993601	0.000871544	0.000748627	0.000624973	0.000500707	0.000375952	0.000250833	0.000125474	0	
0	0.000138451	0.000276748	0.00041475	0.000552316	0.000689308	0.000825585	0.000961011	0.00109545	0.00122876	0.00136082	0.00149148	0.00162063	0.00174812	0.00187383	0.00199763	0.00211941	0.00223903	0.00235638	0.00247134	0.0025838	0.00269364	0.00280075	0.00290503	0.00300636	0.00310466	0.00319982	0.00329174	0.00338034	0.00346552	0.0035472	0.0036253	0.00369974	0.00377045	0.00383735	0.00390038	0.00395947	0.00401457	0.00406563	0.00411258	0.00415539	0.004194	0.0042284	0.00425853	0.00428436	0.00430589	0.00432307	0.0043359	0.00434436	0.00434845	0.00434816	0.00434349	0.00433444	0.00432104	0.00430328	0.0042812	0.00425481	0.00422413	0.00418921	0.00415007	0.00410676	0.00405932	0.00400779	0.00395224	0.00389271	0.00382928	0.00376199	0.00369093	0.00361615	0.00353775	0.00345579	0.00337037	0.00328156	0.00318946	0.00309416	0.00299576	0.00289435	0.00279005	0.00268295	0.00257316	0.0024608	0.00234598	0.00222881	0.00210942	0.00198792	0.00186444	0.0017391	0.00161203	0.00148335	0.00135321	0.00122171	0.00108901	0.000955235	0.000820515	0.000684987	0.000548788	0.000412054	0.00027492	0.000137523	0	
0	0.000150439	0.000300711	0.000450662	0.000600139	0.000748992	0.000897069	0.00104422	0.0011903	0.00133516	0.00147865	0.00162063	0.00176095	0.00189948	0.00203608	0.00217061	0.00230292	0.00243291	0.00256042	0.00268533	0.00280753	0.00292688	0.00304326	0.00315657	0.00326668	0.00337349	0.00347688	0.00357677	0.00367304	0.00376559	0.00385435	0.00393921	0.0040201	0.00409693	0.00416962	0.00423811	0.00430232	0.00436219	0.00441767	0.00446869	0.0045152	0.00455716	0.00459453	0.00462727	0.00465535	0.00467873	0.0046974	0.00471134	0.00472054	0.00472498	0.00472466	0.00471959	0.00470976	0.0046952	0.00467591	0.00465191	0.00462323	0.0045899	0.00455195	0.00450943	0.00446236	0.00441081	0.00435483	0.00429447	0.00422979	0.00416086	0.00408775	0.00401053	0.00392928	0.00384409	0.00375503	0.00366221	0.00356571	0.00346564	0.00336209	0.00325517	0.00314498	0.00303164	0.00291527	0.00279598	0.00267389	0.00254912	0.00242181	0.00229208	0.00216006	0.00202589	0.00188969	0.00175162	0.0016118	0.00147038	0.00132751	0.00118331	0.00103795	0.000891567	0.000744303	0.00059631	0.000447735	0.000298726	0.000149432	0	
0	0.000162274	0.000324367	0.000486114	0.00064735	0.000807913	0.000967639	0.00112637	0.00128394	0.00144019	0.00159497	0.00174812	0.00189948	0.00204891	0.00219625	0.00234136	0.00248409	0.0026243	0.00276184	0.00289659	0.00302839	0.00315713	0.00328267	0.00340489	0.00352367	0.00363888	0.00375041	0.00385815	0.00396199	0.00406183	0.00415757	0.00424911	0.00433636	0.00441923	0.00449764	0.00457152	0.00464078	0.00470537	0.0047652	0.00482024	0.00487041	0.00491567	0.00495598	0.0049913	0.00502158	0.00504681	0.00506695	0.00508199	0.00509191	0.0050967	0.00509636	0.00509088	0.00508029	0.00506457	0.00504376	0.00501788	0.00498694	0.00495099	0.00491006	0.00486419	0.00481342	0.00475782	0.00469743	0.00463232	0.00456255	0.0044882	0.00440933	0.00432604	0.0042384	0.00414651	0.00405045	0.00395032	0.00384624	0.00373829	0.00362659	0.00351126	0.0033924	0.00327015	0.00314462	0.00301595	0.00288425	0.00274967	0.00261234	0.00247241	0.00233	0.00218527	0.00203836	0.00188942	0.00173861	0.00158606	0.00143195	0.00127641	0.00111961	0.00096171	0.000802861	0.000643225	0.000482961	0.000322229	0.000161188	0	
0	0.000173943	0.000347692	0.000521071	0.000693902	0.000866011	0.00103722	0.00120737	0.00137627	0.00154376	0.00170967	0.00187383	0.00203608	0.00219625	0.00235419	0.00250974	0.00266273	0.00281302	0.00296046	0.00310489	0.00324617	0.00338417	0.00351874	0.00364975	0.00377707	0.00390056	0.00402012	0.00413561	0.00424692	0.00435394	0.00445656	0.00455468	0.0046482	0.00473704	0.00482109	0.00490028	0.00497452	0.00504375	0.00510789	0.00516688	0.00522067	0.00526918	0.00531239	0.00535025	0.00538271	0.00540975	0.00543134	0.00544746	0.00545809	0.00546323	0.00546286	0.005457	0.00544564	0.00542879	0.00540649	0.00537874	0.00534558	0.00530705	0.00526317	0.005214	0.00515958	0.00509998	0.00503525	0.00496546	0.00489067	0.00481097	0.00472644	0.00463715	0.00454321	0.00444471	0.00434174	0.00423442	0.00412284	0.00400713	0.0038874	0.00376377	0.00363637	0.00350533	0.00337077	0.00323284	0.00309168	0.00294742	0.00280022	0.00265021	0.00249757	0.00234243	0.00218496	0.00202531	0.00186365	0.00170013	0.00153493	0.00136821	0.00120013	0.00103088	0.000860602	0.000689485	0.000517695	0.000345403	0.000172781	0	
0	0.000185435	0.000370664	0.000555498	0.000739748	0.000923228	0.00110575	0.00128714	0.0014672	0.00164575	0.00182263	0.00199763	0.00217061	0.00234136	0.00250974	0.00267556	0.00283866	0.00299888	0.00315606	0.00331003	0.00346066	0.00360777	0.00375123	0.0038909	0.00402663	0.00415828	0.00428573	0.00440885	0.00452752	0.00464161	0.00475101	0.00485562	0.00495532	0.00505003	0.00513963	0.00522405	0.0053032	0.00537701	0.00544539	0.00550827	0.00556561	0.00561734	0.0056634	0.00570375	0.00573836	0.00576719	0.00579021	0.00580739	0.00581873	0.0058242	0.00582381	0.00581756	0.00580545	0.00578749	0.00576372	0.00573414	0.00569879	0.0056577	0.00561093	0.00555851	0.0055005	0.00543696	0.00536795	0.00529354	0.00521382	0.00512885	0.00503873	0.00494355	0.0048434	0.00473839	0.00462862	0.0045142	0.00439526	0.0042719	0.00414426	0.00401246	0.00387665	0.00373694	0.0035935	0.00344645	0.00329596	0.00314217	0.00298524	0.00282533	0.0026626	0.00249721	0.00232933	0.00215913	0.00198679	0.00181247	0.00163635	0.00145861	0.00127943	0.00109899	0.000917468	0.000735044	0.000551903	0.000368226	0.000184198	0	
0	0.000196739	0.000393259	0.00058936	0.000784842	0.000979507	0.00117316	0.0013656	0.00155664	0.00174608	0.00193373	0.00211941	0.00230292	0.00248409	0.00266273	0.00283866	0.00301171	0.00318169	0.00334845	0.00351182	0.00367162	0.0038277	0.00397991	0.00412809	0.00427209	0.00441178	0.004547	0.00467762	0.00480352	0.00492457	0.00504064	0.00515162	0.00525741	0.00535788	0.00545295	0.00554252	0.0056265	0.0057048	0.00577735	0.00584407	0.0059049	0.00595978	0.00600865	0.00605147	0.00608819	0.00611877	0.00614319	0.00616142	0.00617345	0.00617926	0.00617884	0.00617221	0.00615936	0.00614031	0.00611509	0.0060837	0.0060462	0.00600261	0.00595298	0.00589737	0.00583582	0.00576841	0.00569519	0.00561625	0.00553167	0.00544152	0.00534591	0.00524492	0.00513867	0.00502726	0.0049108	0.00478941	0.00466321	0.00453233	0.00439691	0.00425708	0.00411298	0.00396476	0.00381257	0.00365656	0.0034969	0.00333373	0.00316723	0.00299757	0.00282492	0.00264945	0.00247134	0.00229076	0.00210791	0.00192297	0.00173611	0.00154754	0.00135744	0.00116599	0.000973402	0.000779857	0.00058555	0.000390676	0.000195428	0	
0	0.000207843	0.000415455	0.000622624	0.000829139	0.00103479	0.00123937	0.00144268	0.0016445	0.00184463	0.00204288	0.00223903	0.00243291	0.0026243	0.00281302	0.00299888	0.00318169	0.00336128	0.00353745	0.00371003	0.00387885	0.00404375	0.00420455	0.00436109	0.00451322	0.00466079	0.00480364	0.00494164	0.00507465	0.00520253	0.00532515	0.0054424	0.00555415	0.0056603	0.00576074	0.00585536	0.00594408	0.0060268	0.00610344	0.00617393	0.00623819	0.00629617	0.0063478	0.00639303	0.00643183	0.00646414	0.00648994	0.0065092	0.0065219	0.00652804	0.0065276	0.0065206	0.00650702	0.0064869	0.00646025	0.00642709	0.00638747	0.00634142	0.006289	0.00623024	0.00616522	0.006094	0.00601666	0.00593326	0.0058439	0.00574867	0.00564766	0.00554097	0.00542872	0.00531102	0.00518799	0.00505974	0.00492642	0.00478816	0.0046451	0.00449737	0.00434514	0.00418855	0.00402777	0.00386296	0.00369428	0.00352191	0.00334601	0.00316677	0.00298438	0.002799	0.00261083	0.00242007	0.0022269	0.00203151	0.00183411	0.00163489	0.00143406	0.00123181	0.00102835	0.000823878	0.000618603	0.000412729	0.000206459	0	
0	0.000218736	0.000437229	0.000655256	0.000872595	0.00108903	0.00130433	0.00151829	0.00173069	0.00194131	0.00214994	0.00235638	0.00256042	0.00276184	0.00296046	0.00315606	0.00334845	0.00353745	0.00372285	0.00390448	0.00408215	0.00425569	0.00442492	0.00458967	0.00474977	0.00490507	0.00505541	0.00520065	0.00534062	0.00547521	0.00560426	0.00572765	0.00584526	0.00595697	0.00606267	0.00616226	0.00625562	0.00634268	0.00642334	0.00649753	0.00656516	0.00662618	0.00668051	0.00672812	0.00676894	0.00680295	0.0068301	0.00685037	0.00686374	0.0068702	0.00686974	0.00686237	0.00684808	0.0068269	0.00679885	0.00676396	0.00672227	0.00667381	0.00661863	0.0065568	0.00648837	0.00641342	0.00633202	0.00624425	0.00615021	0.00604998	0.00594368	0.0058314	0.00571327	0.0055894	0.00545991	0.00532495	0.00518464	0.00503913	0.00488857	0.0047331	0.00457289	0.0044081	0.00423889	0.00406544	0.00388792	0.00370651	0.0035214	0.00333276	0.0031408	0.00294571	0.00274768	0.00254692	0.00234362	0.002138	0.00193025	0.00172059	0.00150923	0.00129638	0.00108225	0.000867063	0.000651029	0.000434363	0.000217281	0	
0	0.000229407	0.00045856	0.000687223	0.000915165	0.00114216	0.00136796	0.00159236	0.00181512	0.00203602	0.00225483	0.00247134	0.00268533	0.00289659	0.00310489	0.00331003	0.00351182	0.00371003	0.00390448	0.00409497	0.00428131	0.00446332	0.0046408	0.00481359	0.0049815	0.00514438	0.00530206	0.00545438	0.00560118	0.00574233	0.00587768	0.0060071	0.00613044	0.00624761	0.00635846	0.00646291	0.00656083	0.00665213	0.00673673	0.00681453	0.00688547	0.00694946	0.00700645	0.00705638	0.00709919	0.00713486	0.00716333	0.00718459	0.00719862	0.00720539	0.00720491	0.00719718	0.0071822	0.00715999	0.00713057	0.00709398	0.00705024	0.00699942	0.00694155	0.0068767	0.00680494	0.00672633	0.00664095	0.00654891	0.00645027	0.00634516	0.00623367	0.00611592	0.00599202	0.00586211	0.00572631	0.00558476	0.0054376	0.00528499	0.00512708	0.00496403	0.00479601	0.00462317	0.00444571	0.0042638	0.00407761	0.00388735	0.00369321	0.00349537	0.00329405	0.00308944	0.00288175	0.00267119	0.00245797	0.00224231	0.00202443	0.00180454	0.00158287	0.00135963	0.00113506	0.00090937	0.000682794	0.000455557	0.000227883	0	
0	0.000239846	0.000479425	0.000718494	0.000956808	0.00119413	0.00143021	0.00166482	0.00189772	0.00212867	0.00235744	0.0025838	0.00280753	0.00302839	0.00324617	0.00346066	0.00367162	0.00387885	0.00408215	0.00428131	0.00447613	0.00466642	0.00485198	0.00503263	0.00520819	0.00537848	0.00554333	0.00570258	0.00585607	0.00600364	0.00614515	0.00628045	0.00640941	0.00653191	0.00664781	0.006757	0.00685938	0.00695484	0.00704329	0.00712463	0.0071988	0.0072657	0.00732528	0.00737748	0.00742225	0.00745954	0.00748931	0.00751154	0.0075262	0.00753328	0.00753278	0.00752469	0.00750903	0.00748581	0.00745506	0.0074168	0.00737108	0.00731794	0.00725744	0.00718964	0.00711461	0.00703242	0.00694316	0.00684693	0.00674381	0.00663391	0.00651735	0.00639423	0.0062647	0.00612887	0.00598689	0.0058389	0.00568505	0.0055255	0.00536041	0.00518993	0.00501426	0.00483356	0.00464802	0.00445783	0.00426318	0.00406426	0.00386128	0.00365444	0.00344396	0.00323003	0.00301289	0.00279275	0.00256983	0.00234436	0.00211656	0.00188666	0.0016549	0.00142151	0.00118671	0.000950754	0.000713868	0.000476289	0.000238254	0	
0	0.000250042	0.000499806	0.000749037	0.000997482	0.00124489	0.00149101	0.00173559	0.00197839	0.00221916	0.00245765	0.00269364	0.00292688	0.00315713	0.00338417	0.00360777	0.0038277	0.00404375	0.00425569	0.00446332	0.00466642	0.00486479	0.00505824	0.00524657	0.0054296	0.00560713	0.00577899	0.00594501	0.00610502	0.00625886	0.00640639	0.00654744	0.00668189	0.00680959	0.00693042	0.00704426	0.00715099	0.00725051	0.00734272	0.00742752	0.00750483	0.00757458	0.0076367	0.00769112	0.00773779	0.00777666	0.0078077	0.00783087	0.00784616	0.00785354	0.00785302	0.00784459	0.00782826	0.00780405	0.00777199	0.00773211	0.00768444	0.00762905	0.00756597	0.00749529	0.00741707	0.00733139	0.00723834	0.00713801	0.00703051	0.00691594	0.00679442	0.00666607	0.00653103	0.00638943	0.00624142	0.00608714	0.00592675	0.00576041	0.0055883	0.00541058	0.00522744	0.00503906	0.00484563	0.00464735	0.00444442	0.00423705	0.00402544	0.00380981	0.00359037	0.00336736	0.00314098	0.00291148	0.00267909	0.00244403	0.00220654	0.00196688	0.00172526	0.00148194	0.00123717	0.000991176	0.000744218	0.000496539	0.000248384	0	
0	0.000259984	0.00051968	0.000778821	0.00103715	0.00129439	0.0015503	0.0018046	0.00205706	0.0023074	0.00255538	0.00280075	0.00304326	0.00328267	0.00351874	0.00375123	0.00397991	0.00420455	0.00442492	0.0046408	0.00485198	0.00505824	0.00525939	0.00545521	0.0056455	0.00583009	0.00600879	0.00618141	0.00634779	0.00650775	0.00666114	0.00680781	0.0069476	0.00708038	0.00720602	0.00732438	0.00743536	0.00753883	0.00763471	0.00772288	0.00780327	0.0078758	0.00794038	0.00799696	0.00804549	0.00808591	0.00811818	0.00814228	0.00815817	0.00816585	0.00816531	0.00815654	0.00813956	0.00811439	0.00808106	0.00803959	0.00799003	0.00793243	0.00786685	0.00779336	0.00771202	0.00762294	0.00752619	0.00742187	0.00731009	0.00719097	0.00706462	0.00693117	0.00679076	0.00664352	0.00648962	0.00632921	0.00616244	0.00598949	0.00581053	0.00562574	0.00543532	0.00523945	0.00503833	0.00483217	0.00462117	0.00440555	0.00418552	0.00396132	0.00373316	0.00350127	0.0032659	0.00302727	0.00278563	0.00254122	0.0022943	0.0020451	0.00179387	0.00154088	0.00128637	0.00103059	0.000773815	0.000516286	0.000258262	0	
0	0.000269664	0.000539028	0.000807817	0.00107576	0.00134258	0.00160802	0.00187179	0.00213364	0.00239331	0.00265052	0.00290503	0.00315657	0.00340489	0.00364975	0.0038909	0.00412809	0.00436109	0.00458967	0.00481359	0.00503263	0.00524657	0.00545521	0.00565832	0.0058557	0.00604716	0.00623251	0.00641156	0.00658413	0.00675005	0.00690916	0.00706128	0.00720628	0.007344	0.00747432	0.00759709	0.0077122	0.00781953	0.00791897	0.00801043	0.00809381	0.00816904	0.00823603	0.00829472	0.00834505	0.00838697	0.00842045	0.00844544	0.00846193	0.00846989	0.00846933	0.00846024	0.00844263	0.00841652	0.00838195	0.00833893	0.00828753	0.00822778	0.00815976	0.00808353	0.00799917	0.00790677	0.00780642	0.00769822	0.00758228	0.00745872	0.00732766	0.00718924	0.00704361	0.00689089	0.00673126	0.00656487	0.0063919	0.0062125	0.00602688	0.00583522	0.0056377	0.00543454	0.00522593	0.00501209	0.00479324	0.00456959	0.00434137	0.00410882	0.00387216	0.00363164	0.0033875	0.00313999	0.00288936	0.00263585	0.00237973	0.00212125	0.00186067	0.00159825	0.00133427	0.00106897	0.00080263	0.00053551	0.000267879	0	
0	0.00027907	0.00055783	0.000835996	0.00111328	0.00138942	0.00166411	0.00193709	0.00220807	0.00247679	0.00274298	0.00300636	0.00326668	0.00352367	0.00377707	0.00402663	0.00427209	0.00451322	0.00474977	0.0049815	0.00520819	0.0054296	0.0056455	0.0058557	0.00605997	0.00625811	0.00644993	0.00663523	0.00681382	0.00698553	0.00715018	0.00730761	0.00745767	0.0076002	0.00773506	0.00786211	0.00798124	0.00809231	0.00819522	0.00828987	0.00837616	0.00845401	0.00852334	0.00858408	0.00863617	0.00867955	0.0087142	0.00874006	0.00875713	0.00876537	0.00876479	0.00875538	0.00873716	0.00871014	0.00867435	0.00862984	0.00857664	0.00851481	0.00844442	0.00836553	0.00827823	0.00818261	0.00807875	0.00796678	0.00784679	0.00771892	0.00758329	0.00744005	0.00728933	0.00713129	0.00696609	0.0067939	0.00661488	0.00642924	0.00623714	0.00603879	0.00583438	0.00562413	0.00540825	0.00518695	0.00496046	0.00472901	0.00449283	0.00425216	0.00400725	0.00375834	0.00350568	0.00324954	0.00299016	0.00272781	0.00246275	0.00219525	0.00192558	0.00165401	0.00138082	0.00110626	0.000830632	0.000554193	0.000277224	0	
0	0.000288195	0.000576069	0.000863329	0.00114968	0.00143484	0.00171852	0.00200042	0.00228027	0.00255777	0.00283266	0.00310466	0.00337349	0.00363888	0.00390056	0.00415828	0.00441178	0.00466079	0.00490507	0.00514438	0.00537848	0.00560713	0.00583009	0.00604716	0.00625811	0.00646274	0.00666082	0.00685218	0.00703661	0.00721393	0.00738397	0.00754655	0.00770151	0.0078487	0.00798797	0.00811918	0.0082422	0.00835691	0.00846319	0.00856093	0.00865005	0.00873044	0.00880204	0.00886476	0.00891855	0.00896336	0.00899913	0.00902585	0.00904347	0.00905198	0.00905138	0.00904166	0.00902284	0.00899494	0.00895799	0.00891202	0.00885708	0.00879323	0.00872054	0.00863907	0.00854892	0.00845016	0.00834291	0.00822728	0.00810337	0.00797132	0.00783126	0.00768333	0.00752768	0.00736447	0.00719387	0.00701605	0.00683118	0.00663947	0.00644109	0.00623625	0.00602516	0.00580804	0.00558509	0.00535656	0.00512266	0.00488364	0.00463974	0.00439121	0.00413829	0.00388124	0.00362032	0.0033558	0.00308794	0.00281701	0.00254328	0.00226704	0.00198855	0.0017081	0.00142597	0.00114244	0.000857794	0.000572316	0.00028629	0	
0	0.000297027	0.000593725	0.00088979	0.00118492	0.00147882	0.00177119	0.00206173	0.00235016	0.00263617	0.00291948	0.00319982	0.00347688	0.00375041	0.00402012	0.00428573	0.004547	0.00480364	0.00505541	0.00530206	0.00554333	0.00577899	0.00600879	0.00623251	0.00644993	0.00666082	0.00686498	0.0070622	0.00725229	0.00743505	0.00761029	0.00777786	0.00793757	0.00808927	0.00823281	0.00836804	0.00849484	0.00861306	0.00872259	0.00882334	0.00891518	0.00899804	0.00907183	0.00913648	0.00919192	0.0092381	0.00927497	0.0093025	0.00932066	0.00932944	0.00932882	0.0093188	0.00929941	0.00927066	0.00923257	0.00918519	0.00912857	0.00906276	0.00898784	0.00890388	0.00881096	0.00870918	0.00859864	0.00847946	0.00835176	0.00821566	0.0080713	0.00791884	0.00775842	0.00759021	0.00741438	0.00723111	0.00704058	0.00684298	0.00663853	0.00642741	0.00620985	0.00598607	0.00575629	0.00552075	0.00527969	0.00503334	0.00478197	0.00452581	0.00426514	0.00400021	0.0037313	0.00345866	0.00318259	0.00290336	0.00262124	0.00233653	0.00204951	0.00176046	0.00146968	0.00117746	0.000884089	0.00058986	0.000295066	0	
0	0.00030556	0.000610781	0.000915351	0.00121896	0.0015213	0.00182207	0.00212096	0.00241767	0.0027119	0.00300335	0.00329174	0.00357677	0.00385815	0.00413561	0.00440885	0.00467762	0.00494164	0.00520065	0.00545438	0.00570258	0.00594501	0.00618141	0.00641156	0.00663523	0.00685218	0.0070622	0.00726509	0.00746064	0.00764864	0.00782893	0.00800131	0.00816561	0.00832167	0.00846933	0.00860845	0.00873888	0.0088605	0.00897319	0.00907682	0.00917131	0.00925655	0.00933246	0.00939896	0.009456	0.0095035	0.00954143	0.00956976	0.00958844	0.00959747	0.00959683	0.00958653	0.00956658	0.009537	0.00949782	0.00944908	0.00939083	0.00932314	0.00924606	0.00915968	0.0090641	0.00895939	0.00884568	0.00872308	0.0085917	0.00845169	0.00830319	0.00814635	0.00798132	0.00780828	0.0076274	0.00743886	0.00724286	0.00703959	0.00682925	0.00661207	0.00638826	0.00615805	0.00592168	0.00567937	0.00543138	0.00517796	0.00491936	0.00465584	0.00438768	0.00411514	0.0038385	0.00355804	0.00327403	0.00298678	0.00269656	0.00240366	0.00210839	0.00181104	0.00151191	0.00121129	0.000909491	0.000606808	0.000303544	0	
0	0.000313784	0.000627219	0.000939987	0.00125177	0.00156225	0.00187111	0.00217804	0.00248274	0.00278489	0.00308419	0.00338034	0.00367304	0.00396199	0.00424692	0.00452752	0.00480352	0.00507465	0.00534062	0.00560118	0.00585607	0.00610502	0.00634779	0.00658413	0.00681382	0.00703661	0.00725229	0.00746064	0.00766144	0.00785451	0.00803965	0.00821667	0.00838539	0.00854566	0.00869729	0.00884016	0.0089741	0.00909899	0.00921471	0.00932114	0.00941816	0.0095057	0.00958365	0.00965195	0.00971052	0.0097593	0.00979826	0.00982734	0.00984653	0.0098558	0.00985514	0.00984457	0.00982408	0.0097937	0.00975347	0.00970342	0.0096436	0.00957409	0.00949494	0.00940624	0.00930808	0.00920055	0.00908378	0.00895788	0.00882297	0.00867919	0.00852669	0.00836563	0.00819616	0.00801846	0.00783271	0.0076391	0.00743782	0.00722907	0.00701308	0.00679005	0.00656022	0.00632382	0.00608108	0.00583225	0.00557758	0.00531734	0.00505178	0.00478117	0.00450579	0.00422591	0.00394183	0.00365381	0.00336217	0.00306718	0.00276914	0.00246837	0.00216515	0.00185979	0.00155261	0.0012439	0.000933973	0.000623143	0.000311715	0	
0	0.000321691	0.000643024	0.000963673	0.00128331	0.00160161	0.00191826	0.00223293	0.0025453	0.00285507	0.00316191	0.00346552	0.00376559	0.00406183	0.00435394	0.00464161	0.00492457	0.00520253	0.00547521	0.00574233	0.00600364	0.00625886	0.00650775	0.00675005	0.00698553	0.00721393	0.00743505	0.00764864	0.00785451	0.00805245	0.00824225	0.00842373	0.00859671	0.00876101	0.00891647	0.00906293	0.00920025	0.00932829	0.00944693	0.00955603	0.00965551	0.00974525	0.00982517	0.00989518	0.00995523	0.0100052	0.0100452	0.010075	0.0100947	0.0101042	0.0101035	0.0100927	0.0100717	0.0100405	0.00999927	0.00994796	0.00988663	0.00981537	0.00973422	0.00964329	0.00954265	0.00943242	0.00931271	0.00918363	0.00904532	0.00889792	0.00874158	0.00857646	0.00840272	0.00822054	0.00803011	0.00783162	0.00762526	0.00741126	0.00718982	0.00696118	0.00672555	0.00648319	0.00623433	0.00597923	0.00571815	0.00545135	0.00517909	0.00490167	0.00461935	0.00433242	0.00404117	0.0037459	0.0034469	0.00314448	0.00283893	0.00253058	0.00221972	0.00190667	0.00159174	0.00127525	0.000957513	0.000638848	0.000319571	0	
0	0.000329273	0.00065818	0.000986386	0.00131356	0.00163936	0.00196347	0.00228556	0.00260529	0.00292236	0.00323643	0.0035472	0.00385435	0.00415757	0.00445656	0.00475101	0.00504064	0.00532515	0.00560426	0.00587768	0.00614515	0.00640639	0.00666114	0.00690916	0.00715018	0.00738397	0.00761029	0.00782893	0.00803965	0.00824225	0.00843653	0.00862229	0.00879934	0.00896752	0.00912664	0.00927655	0.00941711	0.00954817	0.0096696	0.00978128	0.0098831	0.00997496	0.0100568	0.0101284	0.0101899	0.0102411	0.010282	0.0103125	0.0103326	0.0103423	0.0103417	0.0103306	0.0103091	0.0102772	0.010235	0.0101824	0.0101197	0.0100467	0.00996368	0.0098706	0.00976759	0.00965476	0.00953223	0.00940011	0.00925854	0.00910766	0.00894764	0.00877862	0.00860079	0.00841432	0.0082194	0.00801623	0.00780501	0.00758596	0.00735931	0.00712527	0.00688409	0.00663602	0.00638129	0.00612018	0.00585294	0.00557985	0.00530118	0.00501721	0.00472824	0.00443455	0.00413643	0.0038342	0.00352816	0.0032186	0.00290586	0.00259023	0.00227204	0.00195161	0.00162926	0.00130531	0.000980085	0.000653908	0.000327105	0	
0	0.000336523	0.000672671	0.0010081	0.00134248	0.00167546	0.0020067	0.00233588	0.00266266	0.0029867	0.00330769	0.0036253	0.00393921	0.00424911	0.00455468	0.00485562	0.00515162	0.0054424	0.00572765	0.0060071	0.00628045	0.00654744	0.00680781	0.00706128	0.00730761	0.00754655	0.00777786	0.00800131	0.00821667	0.00842373	0.00862229	0.00881214	0.00899309	0.00916497	0.00932759	0.00948081	0.00962446	0.00975841	0.00988251	0.00999665	0.0101007	0.0101946	0.0102782	0.0103514	0.0104143	0.0104666	0.0105084	0.0105396	0.0105601	0.0105701	0.0105694	0.010558	0.0105361	0.0105035	0.0104603	0.0104067	0.0103425	0.010268	0.0101831	0.0100879	0.00998267	0.00986736	0.00974212	0.00960709	0.00946241	0.00930821	0.00914466	0.00897193	0.00879018	0.0085996	0.00840039	0.00819274	0.00797688	0.00775301	0.00752136	0.00728217	0.00703568	0.00678214	0.00652181	0.00625495	0.00598183	0.00570272	0.00541791	0.0051277	0.00483236	0.0045322	0.00422752	0.00391863	0.00360585	0.00328948	0.00296985	0.00264727	0.00232208	0.00199459	0.00166514	0.00133406	0.00100167	0.000668308	0.000334308	0	
0	0.000343432	0.000686483	0.0010288	0.00137004	0.00170986	0.00204791	0.00238384	0.00271733	0.00304803	0.00337561	0.00369974	0.0040201	0.00433636	0.0046482	0.00495532	0.00525741	0.00555415	0.00584526	0.00613044	0.00640941	0.00668189	0.0069476	0.00720628	0.00745767	0.00770151	0.00793757	0.00816561	0.00838539	0.00859671	0.00879934	0.00899309	0.00917776	0.00935317	0.00951913	0.0096755	0.0098221	0.00995879	0.0100854	0.0102019	0.0103081	0.0104039	0.0104893	0.010564	0.0106281	0.0106815	0.0107241	0.010756	0.010777	0.0107871	0.0107864	0.0107748	0.0107524	0.0107192	0.0106751	0.0106204	0.0105549	0.0104788	0.0103922	0.0102951	0.0101877	0.01007	0.00994218	0.00980438	0.00965672	0.00949936	0.00933245	0.00915617	0.00897069	0.0087762	0.0085729	0.00836099	0.00814069	0.00791222	0.00767582	0.00743172	0.00718017	0.00692142	0.00665574	0.0063834	0.00610467	0.00581983	0.00552918	0.005233	0.0049316	0.00462527	0.00431434	0.00399911	0.0036799	0.00335704	0.00303084	0.00270164	0.00236977	0.00203555	0.00169934	0.00136145	0.00102224	0.000682033	0.000341174	0	
0	0.000349995	0.000699602	0.00104846	0.00139623	0.00174254	0.00208704	0.0024294	0.00276926	0.00310628	0.00344012	0.00377045	0.00409693	0.00441923	0.00473704	0.00505003	0.00535788	0.0056603	0.00595697	0.00624761	0.00653191	0.00680959	0.00708038	0.007344	0.0076002	0.0078487	0.00808927	0.00832167	0.00854566	0.00876101	0.00896752	0.00916497	0.00935317	0.00953192	0.00970106	0.00986042	0.0100098	0.0101491	0.0102782	0.0103969	0.0105051	0.0106028	0.0106897	0.0107659	0.0108312	0.0108857	0.0109291	0.0109616	0.010983	0.0109933	0.0109926	0.0109808	0.0109579	0.010924	0.0108792	0.0108233	0.0107566	0.0106791	0.0105908	0.0104919	0.0103824	0.0102625	0.0101322	0.00999177	0.0098413	0.00968093	0.00951083	0.00933118	0.00914215	0.00894394	0.00873676	0.0085208	0.00829629	0.00806345	0.00782253	0.00757377	0.00731741	0.00705372	0.00678296	0.00650541	0.00622136	0.00593107	0.00563486	0.00533302	0.00502586	0.00471368	0.00439681	0.00407555	0.00375024	0.0034212	0.00308877	0.00275328	0.00241506	0.00207446	0.00173182	0.00138748	0.00104178	0.00069507	0.000347696	0	
0	0.000356205	0.000712015	0.00106707	0.001421	0.00177345	0.00212407	0.00247251	0.0028184	0.0031614	0.00350116	0.00383735	0.00416962	0.00449764	0.00482109	0.00513963	0.00545295	0.00576074	0.00606267	0.00635846	0.00664781	0.00693042	0.00720602	0.00747432	0.00773506	0.00798797	0.00823281	0.00846933	0.00869729	0.00891647	0.00912664	0.00932759	0.00951913	0.00970106	0.00987321	0.0100354	0.0101874	0.0103292	0.0104606	0.0105814	0.0106916	0.0107909	0.0108794	0.010957	0.0110234	0.0110788	0.0111231	0.0111561	0.0111779	0.0111884	0.0111876	0.0111756	0.0111524	0.0111179	0.0110722	0.0110154	0.0109475	0.0108686	0.0107787	0.0106781	0.0105666	0.0104446	0.010312	0.0101691	0.0100159	0.00985272	0.00967961	0.00949676	0.00930439	0.00910266	0.0088918	0.00867201	0.00844351	0.00820655	0.00796135	0.00770817	0.00744726	0.00717889	0.00690333	0.00662086	0.00633176	0.00603633	0.00573486	0.00542767	0.00511505	0.00479733	0.00447483	0.00414788	0.0038168	0.00348192	0.00314359	0.00280214	0.00245792	0.00211128	0.00176256	0.0014121	0.00106027	0.000707406	0.000353866	0	
0	0.000362056	0.00072371	0.00108459	0.00144434	0.00180258	0.00215896	0.00251312	0.00286469	0.00321332	0.00355867	0.00390038	0.00423811	0.00457152	0.00490028	0.00522405	0.00554252	0.00585536	0.00616226	0.00646291	0.006757	0.00704426	0.00732438	0.00759709	0.00786211	0.00811918	0.00836804	0.00860845	0.00884016	0.00906293	0.00927655	0.00948081	0.0096755	0.00986042	0.0100354	0.0102002	0.0103548	0.0104989	0.0106324	0.0107552	0.0108672	0.0109682	0.0110581	0.0111369	0.0112045	0.0112608	0.0113058	0.0113393	0.0113615	0.0113722	0.0113714	0.0113592	0.0113356	0.0113005	0.0112541	0.0111964	0.0111273	0.0110471	0.0109558	0.0108535	0.0107402	0.0106161	0.0104814	0.0103361	0.0101805	0.0100146	0.00983862	0.00965277	0.00945723	0.00925219	0.00903787	0.00881447	0.00858222	0.00834136	0.00809214	0.0078348	0.0075696	0.00729683	0.00701674	0.00672963	0.00643578	0.00613549	0.00582908	0.00551683	0.00519908	0.00487615	0.00454835	0.00421602	0.0038795	0.00353912	0.00319523	0.00284818	0.0024983	0.00214596	0.00179151	0.0014353	0.00107769	0.000719028	0.00035968	0	
0	0.000367541	0.000734675	0.00110103	0.00146622	0.00182989	0.00219167	0.00255119	0.00290809	0.00326201	0.00361259	0.00395947	0.00430232	0.00464078	0.00497452	0.0053032	0.0056265	0.00594408	0.00625562	0.00656083	0.00685938	0.00715099	0.00743536	0.0077122	0.00798124	0.0082422	0.00849484	0.00873888	0.0089741	0.00920025	0.00941711	0.00962446	0.0098221	0.0100098	0.0101874	0.0103548	0.0105117	0.010658	0.0107935	0.0109182	0.0110318	0.0111344	0.0112257	0.0113057	0.0113743	0.0114314	0.0114771	0.0115111	0.0115336	0.0115445	0.0115437	0.0115313	0.0115073	0.0114718	0.0114246	0.011366	0.011296	0.0112145	0.0111218	0.0110179	0.010903	0.010777	0.0106402	0.0104928	0.0103347	0.0101663	0.0099877	0.00979904	0.00960054	0.0093924	0.00917482	0.00894804	0.00871227	0.00846776	0.00821476	0.00795352	0.00768431	0.0074074	0.00712307	0.00683161	0.00653331	0.00622847	0.00591741	0.00560044	0.00527787	0.00495004	0.00461727	0.00427991	0.00393829	0.00359276	0.00324365	0.00289134	0.00253616	0.00217849	0.00181866	0.00145705	0.00109402	0.000729925	0.000365131	0	
