0	0	0	0	0	0	0	0	0	0	0	0	0	0	0	0	0	0	0	0	0	0	0	0	0	0	0	0	0	0	0	0	0	0	0	0	0	0	0	0	0	0	0	0	0	0	0	0	0	0	0	0	0	0	0	0	0	0	0	0	0	0	0	0	0	0	0	0	0	0	0	0	0	0	0	0	0	0	0	0	0	0	0	0	0	0	0	0	0	0	0	0	0	0	0	0	0	0	0	0	
0	1.03848e-05	2.07577e-05	3.11081e-05	4.14256e-05	5.16996e-05	6.19197e-05	7.20756e-05	8.21571e-05	9.2154e-05	0.000102056	0.000111854	0.000121537	0.000131096	0.000140521	0.000149803	0.000158933	0.000167901	0.000176698	0.000185316	0.000193746	0.000201979	0.000210008	0.000217824	0.000225419	0.000232786	0.000239918	0.000246806	0.000253446	0.000259829	0.00026595	0.000271802	0.000277379	0.000282676	0.000287688	0.00029241	0.000296836	0.000300963	0.000304787	0.000308303	0.000311508	0.000314399	0.000316973	0.000319228	0.000321161	0.00032277	0.000324054	0.000325012	0.000325642	0.000325944	0.000325918	0.000325564	0.000324883	0.000323874	0.000322539	0.00032088	0.000318897	0.000316594	0.000313973	0.000311036	0.000307786	0.000304226	0.000300361	0.000296194	0.000291729	0.000286971	0.000281925	0.000276596	0.000270989	0.00026511	0.000258965	0.00025256	0.000245902	0.000238997	0.000231853	0.000224476	0.000216875	0.000209056	0.000201028	0.0001928	0.000184378	0.000175772	0.000166991	0.000158043	0.000148938	0.000139684	0.000130292	0.00012077	0.000111128	0.000101376	9.15239e-05	8.15814e-05	7.15586e-05	6.14655e-05	5.13122e-05	4.1109e-05	3.08659e-05	2.05933e-05	1.03012e-05	0	
0	2.07577e-05	4.14917e-05	6.21808e-05	8.28039e-05	0.00010334	0.000123769	0.000144069	0.000164221	0.000184203	0.000203996	0.00022358	0.000242936	0.000262043	0.000280883	0.000299436	0.000317685	0.000335611	0.000353196	0.000370422	0.000387272	0.000403729	0.000419777	0.0004354	0.000450582	0.000465308	0.000479563	0.000493333	0.000506604	0.000519363	0.000531598	0.000543295	0.000554444	0.000565032	0.000575051	0.000584489	0.000593337	0.000601586	0.000609229	0.000616257	0.000622663	0.000628442	0.000633588	0.000638094	0.000641958	0.000645175	0.000647741	0.000649656	0.000650915	0.00065152	0.000651468	0.00065076	0.000649398	0.000647381	0.000644713	0.000641396	0.000637434	0.000632831	0.000627591	0.00062172	0.000615224	0.000608109	0.000600383	0.000592053	0.000583129	0.000573618	0.000563532	0.000552879	0.000541672	0.000529921	0.000517637	0.000504835	0.000491526	0.000477724	0.000463444	0.000448699	0.000433505	0.000417877	0.00040183	0.000385382	0.000368548	0.000351346	0.000333794	0.000315909	0.000297708	0.000279211	0.000260437	0.000241404	0.000222131	0.000202638	0.000182945	0.000163071	0.000143037	0.000122862	0.000102567	8.21718e-05	6.16972e-05	4.11635e-05	2.05909e-05	0	
0	3.11081e-05	6.21808e-05	9.31861e-05	0.000124093	0.000154869	0.000185484	0.000215907	0.000246107	0.000276053	0.000305716	0.000335066	0.000364072	0.000392707	0.000420941	0.000448747	0.000476095	0.000502959	0.000529312	0.000555128	0.00058038	0.000605044	0.000629094	0.000652507	0.00067526	0.000697329	0.000718692	0.000739328	0.000759217	0.000778339	0.000796673	0.000814204	0.000830911	0.00084678	0.000861794	0.000875938	0.000889198	0.000901561	0.000913014	0.000923547	0.000933148	0.000941809	0.00094952	0.000956274	0.000962064	0.000966885	0.000970732	0.0009736	0.000975489	0.000976394	0.000976317	0.000975256	0.000973214	0.000970192	0.000966194	0.000961223	0.000955285	0.000948387	0.000940534	0.000931735	0.000922	0.000911337	0.000899758	0.000887276	0.000873901	0.000859649	0.000844532	0.000828568	0.000811772	0.000794161	0.000775753	0.000756567	0.000736622	0.000715938	0.000694537	0.00067244	0.000649669	0.000626248	0.0006022	0.00057755	0.000552322	0.000526543	0.000500238	0.000473434	0.000446159	0.000418439	0.000390303	0.000361779	0.000332896	0.000303683	0.00027417	0.000244386	0.000214362	0.000184127	0.000153712	0.000123147	9.24625e-05	6.16896e-05	3.08586e-05	0	
0	4.14256e-05	8.28039e-05	0.000124093	0.00016525	0.000206234	0.000247003	0.000287516	0.000327732	0.000367611	0.000407112	0.000446196	0.000484824	0.000522956	0.000560555	0.000597582	0.000634001	0.000669775	0.000704869	0.000739247	0.000772875	0.000805719	0.000837746	0.000868925	0.000899223	0.000928612	0.000957061	0.000984542	0.00101103	0.00103649	0.00106091	0.00108425	0.0011065	0.00112763	0.00114763	0.00116646	0.00118412	0.00120058	0.00121584	0.00122986	0.00124265	0.00125418	0.00126445	0.00127344	0.00128115	0.00128757	0.0012927	0.00129652	0.00129903	0.00130024	0.00130013	0.00129872	0.001296	0.00129198	0.00128665	0.00128003	0.00127213	0.00126294	0.00125248	0.00124077	0.0012278	0.0012136	0.00119818	0.00118156	0.00116375	0.00114477	0.00112464	0.00110338	0.00108102	0.00105756	0.00103305	0.0010075	0.00098094	0.000953396	0.000924897	0.000895471	0.000865147	0.000833958	0.000801934	0.000769108	0.000735514	0.000701184	0.000666155	0.000630461	0.000594139	0.000557225	0.000519757	0.000481772	0.000443309	0.000404407	0.000365106	0.000325443	0.000285461	0.000245198	0.000204694	0.000163992	0.00012313	8.21508e-05	4.10938e-05	0	
0	5.16996e-05	0.00010334	0.000154869	0.000206234	0.000257382	0.000308263	0.000358824	0.000409014	0.000458784	0.000508082	0.000556859	0.000605067	0.000652657	0.00069958	0.000745791	0.000791243	0.00083589	0.000879687	0.000922592	0.00096456	0.00100555	0.00104552	0.00108443	0.00112225	0.00115892	0.00119443	0.00122872	0.00126178	0.00129356	0.00132403	0.00135316	0.00138093	0.0014073	0.00143226	0.00145576	0.0014778	0.00149835	0.00151738	0.00153489	0.00155085	0.00156524	0.00157805	0.00158928	0.0015989	0.00160691	0.00161331	0.00161808	0.00162121	0.00162272	0.00162259	0.00162083	0.00161743	0.00161241	0.00160577	0.00159751	0.00158764	0.00157617	0.00156312	0.0015485	0.00153232	0.0015146	0.00149536	0.00147461	0.00145238	0.0014287	0.00140357	0.00137704	0.00134913	0.00131986	0.00128927	0.00125738	0.00122423	0.00118986	0.00115429	0.00111757	0.00107972	0.0010408	0.00100083	0.000959863	0.000917936	0.000875093	0.000831375	0.000786829	0.000741498	0.000695428	0.000648667	0.000601262	0.00055326	0.00050471	0.00045566	0.000406161	0.000356262	0.000306012	0.000255464	0.000204666	0.00015367	0.000102526	5.12861e-05	0	
0	6.19197e-05	0.000123769	0.000185484	0.000247003	0.000308263	0.000369202	0.000429758	0.00048987	0.000549478	0.000608522	0.000666943	0.00072468	0.000781678	0.000837878	0.000893224	0.000947661	0.00100113	0.00105359	0.00110498	0.00115524	0.00120433	0.00125221	0.00129881	0.0013441	0.00138803	0.00143055	0.00147163	0.00151122	0.00154928	0.00158578	0.00162067	0.00165393	0.00168551	0.0017154	0.00174355	0.00176995	0.00179456	0.00181735	0.00183832	0.00185743	0.00187467	0.00189002	0.00190346	0.00191499	0.00192459	0.00193224	0.00193795	0.00194171	0.00194351	0.00194336	0.00194125	0.00193718	0.00193117	0.00192321	0.00191332	0.0019015	0.00188777	0.00187214	0.00185462	0.00183524	0.00181402	0.00179097	0.00176613	0.00173951	0.00171114	0.00168105	0.00164927	0.00161584	0.00158078	0.00154414	0.00150595	0.00146625	0.00142508	0.00138248	0.0013385	0.00129317	0.00124655	0.00119869	0.00114962	0.00109941	0.00104809	0.000995732	0.000942379	0.000888087	0.00083291	0.000776905	0.000720128	0.000662636	0.000604488	0.000545742	0.000486457	0.000426693	0.000366509	0.000305968	0.000245127	0.00018405	0.000122795	6.14252e-05	0	
0	7.20756e-05	0.000144069	0.000215907	0.000287516	0.000358824	0.000429758	0.000500247	0.000570219	0.000639604	0.000708332	0.000776335	0.000843543	0.00090989	0.000975308	0.00103973	0.0011031	0.00116534	0.0012264	0.00128622	0.00134473	0.00140187	0.0014576	0.00151185	0.00156456	0.0016157	0.0016652	0.00171301	0.00175909	0.0018034	0.00184588	0.0018865	0.00192521	0.00196198	0.00199676	0.00202954	0.00206026	0.0020889	0.00211544	0.00213985	0.00216209	0.00218216	0.00220003	0.00221568	0.00222909	0.00224026	0.00224918	0.00225582	0.0022602	0.0022623	0.00226212	0.00225966	0.00225493	0.00224793	0.00223867	0.00222715	0.00221339	0.00219741	0.00217921	0.00215883	0.00213627	0.00211157	0.00208474	0.00205582	0.00202483	0.0019918	0.00195678	0.00191979	0.00188088	0.00184007	0.00179742	0.00175297	0.00170676	0.00165883	0.00160925	0.00155805	0.00150529	0.00145102	0.0013953	0.00133819	0.00127974	0.00122001	0.00115906	0.00109695	0.00103376	0.00096953	0.000904338	0.000838249	0.000771327	0.000703641	0.000635259	0.00056625	0.000496683	0.000426628	0.000356155	0.000285336	0.000214239	0.000142938	7.15008e-05	0	
0	8.21571e-05	0.000164221	0.000246107	0.000327732	0.000409014	0.00048987	0.000570219	0.000649979	0.000729069	0.000807411	0.000884926	0.000961535	0.00103716	0.00111173	0.00118517	0.0012574	0.00132835	0.00139795	0.00146613	0.00153282	0.00159796	0.00166148	0.00172332	0.00178341	0.0018417	0.00189812	0.00195262	0.00200515	0.00205565	0.00210408	0.00215038	0.0021945	0.00223642	0.00227607	0.00231343	0.00234845	0.0023811	0.00241135	0.00243917	0.00246453	0.0024874	0.00250777	0.0025256	0.0025409	0.00255363	0.00256379	0.00257137	0.00257636	0.00257875	0.00257854	0.00257574	0.00257035	0.00256237	0.00255181	0.00253868	0.002523	0.00250478	0.00248404	0.0024608	0.00243509	0.00240693	0.00237635	0.00234338	0.00230806	0.00227042	0.0022305	0.00218834	0.00214398	0.00209746	0.00204885	0.00199818	0.0019455	0.00189087	0.00183435	0.00177599	0.00171585	0.00165399	0.00159048	0.00152538	0.00145875	0.00139066	0.00132119	0.0012504	0.00117836	0.00110515	0.00103084	0.000955506	0.000879223	0.000802069	0.000724121	0.000645459	0.000566161	0.000486307	0.000405976	0.00032525	0.000244208	0.000162933	8.15028e-05	0	
0	9.2154e-05	0.000184203	0.000276053	0.000367611	0.000458784	0.000549478	0.000639604	0.000729069	0.000817784	0.000905659	0.000992606	0.00107854	0.00116337	0.00124701	0.00132938	0.0014104	0.00148999	0.00156806	0.00164453	0.00171934	0.00179241	0.00186366	0.00193302	0.00200042	0.0020658	0.00212909	0.00219023	0.00224915	0.0023058	0.00236011	0.00241205	0.00246154	0.00250855	0.00255303	0.00259494	0.00263422	0.00267084	0.00270478	0.00273598	0.00276442	0.00279008	0.00281293	0.00283293	0.00285009	0.00286437	0.00287577	0.00288427	0.00288986	0.00289255	0.00289232	0.00288918	0.00288313	0.00287417	0.00286233	0.00284761	0.00283002	0.00280958	0.00278632	0.00276025	0.00273141	0.00269982	0.00266552	0.00262854	0.00258892	0.0025467	0.00250192	0.00245463	0.00240487	0.0023527	0.00229817	0.00224133	0.00218224	0.00212097	0.00205757	0.0019921	0.00192465	0.00185526	0.00178402	0.001711	0.00163626	0.00155989	0.00148196	0.00140256	0.00132176	0.00123964	0.00115628	0.00107178	0.000986215	0.000899672	0.00081224	0.000724005	0.000635057	0.000545486	0.00045538	0.00036483	0.000273927	0.00018276	9.14211e-05	0	
0	0.000102056	0.000203996	0.000305716	0.000407112	0.000508082	0.000608522	0.000708332	0.000807411	0.000905659	0.00100298	0.00109927	0.00119443	0.00128838	0.00138101	0.00147223	0.00156196	0.00165009	0.00173655	0.00182125	0.0019041	0.00198502	0.00206392	0.00214074	0.00221538	0.00228779	0.00235788	0.00242558	0.00249084	0.00255357	0.00261373	0.00267124	0.00272606	0.00277812	0.00282738	0.00287378	0.00291729	0.00295785	0.00299543	0.00302998	0.00306148	0.0030899	0.0031152	0.00313736	0.00315636	0.00317217	0.00318479	0.00319421	0.0032004	0.00320337	0.00320312	0.00319964	0.00319294	0.00318303	0.00316991	0.00315361	0.00313413	0.00311149	0.00308573	0.00305687	0.00302493	0.00298995	0.00295196	0.00291101	0.00286713	0.00282037	0.00277078	0.0027184	0.0026633	0.00260552	0.00254513	0.00248218	0.00241675	0.00234889	0.00227867	0.00220618	0.00213147	0.00205463	0.00197573	0.00189486	0.0018121	0.00172752	0.00164122	0.00155328	0.00146379	0.00137285	0.00128054	0.00118696	0.0010922	0.000996353	0.000899525	0.000801809	0.000703302	0.000604105	0.000504316	0.000404036	0.000303364	0.0002024	0.000101246	0	
0	0.000111854	0.00022358	0.000335066	0.000446196	0.000556859	0.000666943	0.000776335	0.000884926	0.000992606	0.00109927	0.0012048	0.0013091	0.00141207	0.00151359	0.00161357	0.00171191	0.00180851	0.00190327	0.0019961	0.0020869	0.00217559	0.00226207	0.00234626	0.00242807	0.00250743	0.00258425	0.00265846	0.00272997	0.00279873	0.00286466	0.0029277	0.00298777	0.00304484	0.00309882	0.00314968	0.00319737	0.00324182	0.00328301	0.00332088	0.00335541	0.00338655	0.00341428	0.00343857	0.00345939	0.00347672	0.00349056	0.00350087	0.00350766	0.00351092	0.00351065	0.00350683	0.00349949	0.00348863	0.00347425	0.00345638	0.00343503	0.00341022	0.00338199	0.00335035	0.00331534	0.003277	0.00323537	0.00319049	0.0031424	0.00309115	0.00303679	0.00297939	0.002919	0.00285567	0.00278948	0.00272049	0.00264877	0.0025744	0.00249745	0.00241799	0.00233611	0.00225189	0.00216542	0.00207679	0.00198607	0.00189338	0.00179879	0.00170241	0.00160433	0.00150466	0.00140348	0.00130092	0.00119706	0.00109201	0.00098589	0.000878791	0.000770828	0.000662107	0.000552737	0.000442828	0.000332491	0.000221833	0.000110966	0	
0	0.000121537	0.000242936	0.000364072	0.000484824	0.000605067	0.00072468	0.000843543	0.000961535	0.00107854	0.00119443	0.0013091	0.00142243	0.00153431	0.00164463	0.00175327	0.00186012	0.00196508	0.00206804	0.00216891	0.00226757	0.00236394	0.00245791	0.00254938	0.00263828	0.00272451	0.00280798	0.00288861	0.00296632	0.00304103	0.00311266	0.00318116	0.00324644	0.00330844	0.0033671	0.00342237	0.00347418	0.00352248	0.00356723	0.00360839	0.0036459	0.00367974	0.00370987	0.00373626	0.00375888	0.00377772	0.00379275	0.00380396	0.00381134	0.00381488	0.00381458	0.00381044	0.00380246	0.00379065	0.00377503	0.00375561	0.00373242	0.00370546	0.00367478	0.00364041	0.00360237	0.00356071	0.00351548	0.0034667	0.00341445	0.00335877	0.00329971	0.00323733	0.00317171	0.0031029	0.00303098	0.00295602	0.0028781	0.00279728	0.00271367	0.00262733	0.00253836	0.00244686	0.0023529	0.00225659	0.00215802	0.0020573	0.00195453	0.0018498	0.00174323	0.00163493	0.00152499	0.00141355	0.0013007	0.00118656	0.00107125	0.000954876	0.000837565	0.000719431	0.000600593	0.000481168	0.000361278	0.00024104	0.000120574	0	
0	0.000131096	0.000262043	0.000392707	0.000522956	0.000652657	0.000781678	0.00090989	0.00103716	0.00116337	0.00128838	0.00141207	0.00153431	0.00165499	0.00177398	0.00189117	0.00200642	0.00211964	0.0022307	0.0023395	0.00244593	0.00254987	0.00265123	0.0027499	0.00284579	0.0029388	0.00302884	0.00311581	0.00319963	0.00328022	0.00335749	0.00343137	0.00350179	0.00356867	0.00363194	0.00369155	0.00374744	0.00379954	0.00384781	0.00389221	0.00393267	0.00396917	0.00400167	0.00403014	0.00405454	0.00407486	0.00409107	0.00410317	0.00411112	0.00411494	0.00411462	0.00411015	0.00410155	0.00408881	0.00407196	0.00405102	0.00402599	0.00399692	0.00396383	0.00392675	0.00388572	0.00384079	0.00379199	0.00373938	0.00368302	0.00362295	0.00355925	0.00349197	0.00342119	0.00334697	0.00326939	0.00318853	0.00310448	0.00301731	0.00292712	0.00283399	0.00273803	0.00263932	0.00253797	0.00243409	0.00232777	0.00221912	0.00210826	0.0019953	0.00188035	0.00176353	0.00164495	0.00152474	0.00140301	0.00127989	0.00115551	0.00102999	0.000903448	0.000776021	0.000647835	0.000519017	0.000389696	0.00026	0.000130058	0	
0	0.000140521	0.000280883	0.000420941	0.000560555	0.00069958	0.000837878	0.000975308	0.00111173	0.00124701	0.00138101	0.00151359	0.00164463	0.00177398	0.00190153	0.00202714	0.00215068	0.00227204	0.00239109	0.00250771	0.00262179	0.0027332	0.00284185	0.00294762	0.0030504	0.0031501	0.00324661	0.00333983	0.00342968	0.00351606	0.00359889	0.00367809	0.00375356	0.00382525	0.00389308	0.00395697	0.00401688	0.00407273	0.00412447	0.00417205	0.00421543	0.00425456	0.00428939	0.0043199	0.00434606	0.00436784	0.00438522	0.00439818	0.00440672	0.00441081	0.00441046	0.00440567	0.00439645	0.0043828	0.00436474	0.00434229	0.00431547	0.0042843	0.00424883	0.00420909	0.00416511	0.00411694	0.00406464	0.00400825	0.00394783	0.00388345	0.00381517	0.00374305	0.00366718	0.00358762	0.00350447	0.00341779	0.0033277	0.00323426	0.00313758	0.00303776	0.0029349	0.00282909	0.00272046	0.0026091	0.00249514	0.00237869	0.00225985	0.00213877	0.00201555	0.00189033	0.00176323	0.00163437	0.00150389	0.00137192	0.0012386	0.00110405	0.000968409	0.000831821	0.000694417	0.000556337	0.000417717	0.000278695	0.00013941	0	
0	0.000149803	0.000299436	0.000448747	0.000597582	0.000745791	0.000893224	0.00103973	0.00118517	0.00132938	0.00147223	0.00161357	0.00175327	0.00189117	0.00202714	0.00216104	0.00229275	0.00242212	0.00254904	0.00267336	0.00279497	0.00291375	0.00302958	0.00314233	0.00325191	0.00335819	0.00346107	0.00356046	0.00365624	0.00374833	0.00383663	0.00392105	0.00400152	0.00407794	0.00415025	0.00421836	0.00428223	0.00434177	0.00439693	0.00444765	0.00449389	0.0045356	0.00457274	0.00460527	0.00463316	0.00465638	0.0046749	0.00468872	0.00469782	0.00470218	0.00470181	0.00469671	0.00468687	0.00467232	0.00465307	0.00462914	0.00460054	0.00456732	0.00452951	0.00448714	0.00444025	0.00438891	0.00433315	0.00427303	0.00420863	0.00413999	0.00406719	0.00399032	0.00390943	0.00382462	0.00373597	0.00364357	0.00354752	0.00344791	0.00334485	0.00323843	0.00312878	0.00301598	0.00290017	0.00278146	0.00265997	0.00253582	0.00240914	0.00228006	0.0021487	0.00201521	0.00187971	0.00174234	0.00160324	0.00146255	0.00132042	0.00117698	0.00103238	0.000886773	0.000740293	0.00059309	0.000445312	0.000297107	0.00014862	0	
0	0.000158933	0.000317685	0.000476095	0.000634001	0.000791243	0.000947661	0.0011031	0.0012574	0.0014104	0.00156196	0.00171191	0.00186012	0.00200642	0.00215068	0.00229275	0.00243248	0.00256974	0.00270439	0.00283629	0.00296532	0.00309133	0.00321422	0.00333385	0.0034501	0.00356286	0.00367201	0.00377745	0.00387908	0.00397678	0.00407046	0.00416003	0.0042454	0.00432648	0.00440319	0.00447546	0.00454322	0.00460639	0.00466491	0.00471873	0.00476779	0.00481204	0.00485144	0.00488595	0.00491554	0.00494017	0.00495983	0.00497449	0.00498414	0.00498877	0.00498838	0.00498296	0.00497253	0.00495709	0.00493667	0.00491127	0.00488094	0.00484569	0.00480557	0.00476062	0.00471088	0.0046564	0.00459724	0.00453347	0.00446513	0.00439232	0.00431508	0.00423352	0.0041477	0.00405773	0.00396367	0.00386565	0.00376374	0.00365806	0.00354872	0.00343581	0.00331947	0.00319981	0.00307694	0.00295099	0.0028221	0.00269038	0.00255598	0.00241903	0.00227967	0.00213803	0.00199427	0.00184853	0.00170096	0.0015517	0.0014009	0.00124872	0.00109531	0.000940823	0.000785414	0.00062924	0.000472455	0.000315216	0.000157679	0	
0	0.000167901	0.000335611	0.000502959	0.000669775	0.00083589	0.00100113	0.00116534	0.00132835	0.00148999	0.00165009	0.00180851	0.00196508	0.00211964	0.00227204	0.00242212	0.00256974	0.00271475	0.00285699	0.00299634	0.00313264	0.00326577	0.00339559	0.00352197	0.00364478	0.0037639	0.00387922	0.00399061	0.00409797	0.00420118	0.00430015	0.00439477	0.00448496	0.00457062	0.00465166	0.00472801	0.00479959	0.00486632	0.00492815	0.004985	0.00503683	0.00508358	0.0051252	0.00516166	0.00519292	0.00521894	0.00523971	0.0052552	0.00526539	0.00527029	0.00526987	0.00526415	0.00525313	0.00523682	0.00521524	0.00518842	0.00515637	0.00511913	0.00507675	0.00502926	0.00497671	0.00491916	0.00485667	0.00478929	0.0047171	0.00464018	0.00455859	0.00447242	0.00438176	0.00428671	0.00418735	0.00408379	0.00397613	0.00386449	0.00374897	0.0036297	0.00350679	0.00338037	0.00325057	0.00311752	0.00298135	0.0028422	0.00270022	0.00255554	0.00240831	0.00225869	0.00210682	0.00195285	0.00179695	0.00163926	0.00147996	0.00131919	0.00115712	0.000993916	0.000829738	0.00066475	0.000499117	0.000333005	0.000166577	0	
0	0.000176698	0.000353196	0.000529312	0.000704869	0.000879687	0.00105359	0.0012264	0.00139795	0.00156806	0.00173655	0.00190327	0.00206804	0.0022307	0.00239109	0.00254904	0.00270439	0.00285699	0.00300669	0.00315334	0.00329679	0.00343689	0.00357351	0.00370651	0.00383576	0.00396113	0.00408248	0.00419971	0.00431269	0.00442132	0.00452547	0.00462505	0.00471997	0.00481011	0.0048954	0.00497575	0.00505108	0.00512131	0.00518638	0.00524621	0.00530075	0.00534995	0.00539376	0.00543213	0.00546503	0.00549241	0.00551427	0.00553057	0.0055413	0.00554645	0.00554601	0.00553999	0.00552839	0.00551123	0.00548852	0.00546029	0.00542656	0.00538738	0.00534277	0.00529279	0.00523749	0.00517693	0.00511116	0.00504025	0.00496428	0.00488332	0.00479746	0.00470678	0.00461137	0.00451133	0.00440677	0.00429778	0.00418448	0.00406699	0.00394542	0.0038199	0.00369055	0.00355751	0.00342091	0.00328088	0.00313758	0.00299114	0.00284171	0.00268945	0.00253451	0.00237705	0.00221722	0.00205518	0.00189111	0.00172516	0.00155751	0.00138832	0.00121776	0.001046	0.000873219	0.000699585	0.000525273	0.000350455	0.000175307	0	
0	0.000185316	0.000370422	0.000555128	0.000739247	0.000922592	0.00110498	0.00128622	0.00146613	0.00164453	0.00182125	0.0019961	0.00216891	0.0023395	0.00250771	0.00267336	0.00283629	0.00299634	0.00315334	0.00330714	0.00345759	0.00360452	0.00374781	0.0038873	0.00402285	0.00415433	0.0042816	0.00440455	0.00452304	0.00463696	0.0047462	0.00485064	0.00495018	0.00504472	0.00513417	0.00521844	0.00529744	0.0053711	0.00543934	0.00550209	0.0055593	0.0056109	0.00565684	0.00569708	0.00573158	0.00576031	0.00578323	0.00580032	0.00581158	0.00581698	0.00581652	0.0058102	0.00579804	0.00578004	0.00575622	0.00572662	0.00569124	0.00565015	0.00560337	0.00555095	0.00549296	0.00542944	0.00536046	0.0052861	0.00520642	0.00512151	0.00503146	0.00493635	0.00483629	0.00473138	0.00462171	0.00450741	0.00438859	0.00426537	0.00413787	0.00400622	0.00387057	0.00373103	0.00358777	0.00344091	0.00329062	0.00313704	0.00298032	0.00282064	0.00265814	0.00249299	0.00232537	0.00215543	0.00198336	0.00180931	0.00163348	0.00145604	0.00127716	0.00109702	0.000915813	0.00073371	0.000550895	0.00036755	0.000183858	0	
0	0.000193746	0.000387272	0.00058038	0.000772875	0.00096456	0.00115524	0.00134473	0.00153282	0.00171934	0.0019041	0.0020869	0.00226757	0.00244593	0.00262179	0.00279497	0.00296532	0.00313264	0.00329679	0.00345759	0.00361487	0.0037685	0.0039183	0.00406413	0.00420585	0.00434331	0.00447638	0.00460492	0.0047288	0.00484791	0.00496211	0.0050713	0.00517537	0.00527422	0.00536774	0.00545584	0.00553843	0.00561544	0.00568679	0.00575239	0.0058122	0.00586615	0.00591418	0.00595625	0.00599232	0.00602236	0.00604632	0.00606419	0.00607596	0.0060816	0.00608112	0.00607452	0.00606181	0.00604299	0.00601809	0.00598713	0.00595015	0.00590719	0.00585828	0.00580348	0.00574285	0.00567644	0.00560432	0.00552658	0.00544327	0.0053545	0.00526036	0.00516092	0.00505631	0.00494662	0.00483197	0.00471247	0.00458824	0.00445941	0.00432611	0.00418848	0.00404665	0.00390077	0.00375099	0.00359745	0.00344032	0.00327975	0.00311591	0.00294896	0.00277907	0.00260641	0.00243116	0.00225349	0.00207359	0.00189163	0.0017078	0.00152228	0.00133526	0.00114693	0.000957478	0.00076709	0.000575958	0.000384272	0.000192223	0	
0	0.000201979	0.000403729	0.000605044	0.000805719	0.00100555	0.00120433	0.00140187	0.00159796	0.00179241	0.00198502	0.00217559	0.00236394	0.00254987	0.0027332	0.00291375	0.00309133	0.00326577	0.00343689	0.00360452	0.0037685	0.00392865	0.00408482	0.00423685	0.00438459	0.00452789	0.00466662	0.00480062	0.00492977	0.00505393	0.00517299	0.00528682	0.00539532	0.00549836	0.00559585	0.0056877	0.00577381	0.00585409	0.00592846	0.00599686	0.00605921	0.00611545	0.00616553	0.00620939	0.00624699	0.0062783	0.00630328	0.00632191	0.00633418	0.00634006	0.00633957	0.00633268	0.00631943	0.00629981	0.00627385	0.00624158	0.00620303	0.00615824	0.00610725	0.00605013	0.00598691	0.00591768	0.0058425	0.00576145	0.00567461	0.00558207	0.00548392	0.00538026	0.0052712	0.00515685	0.00503733	0.00491275	0.00478324	0.00464894	0.00450997	0.00436649	0.00421864	0.00406656	0.00391041	0.00375035	0.00358654	0.00341915	0.00324834	0.00307429	0.00289718	0.00271719	0.00253449	0.00234927	0.00216172	0.00197202	0.00178038	0.00158698	0.00139201	0.00119568	0.000998173	0.000799693	0.000600438	0.000400605	0.000200393	0	
0	0.000210008	0.000419777	0.000629094	0.000837746	0.00104552	0.00125221	0.0014576	0.00166148	0.00186366	0.00206392	0.00226207	0.00245791	0.00265123	0.00284185	0.00302958	0.00321422	0.00339559	0.00357351	0.00374781	0.0039183	0.00408482	0.0042472	0.00440527	0.00455888	0.00470789	0.00485212	0.00499145	0.00512573	0.00525484	0.00537863	0.00549698	0.00560979	0.00571693	0.0058183	0.0059138	0.00600333	0.0060868	0.00616414	0.00623525	0.00630008	0.00635856	0.00641062	0.00645623	0.00649532	0.00652788	0.00655385	0.00657323	0.00658598	0.0065921	0.00659158	0.00658443	0.00657064	0.00655025	0.00652326	0.0064897	0.00644962	0.00640305	0.00635004	0.00629064	0.00622491	0.00615293	0.00607476	0.00599049	0.0059002	0.00580398	0.00570192	0.00559415	0.00548075	0.00536186	0.00523758	0.00510805	0.00497339	0.00483375	0.00468926	0.00454008	0.00438634	0.00422822	0.00406586	0.00389944	0.00372912	0.00355507	0.00337748	0.00319651	0.00301236	0.00282521	0.00263524	0.00244266	0.00224766	0.00205042	0.00185116	0.00165007	0.00144735	0.00124321	0.00103786	0.000831486	0.000624309	0.000416531	0.000208359	0	
0	0.000217824	0.0004354	0.000652507	0.000868925	0.00108443	0.00129881	0.00151185	0.00172332	0.00193302	0.00214074	0.00234626	0.00254938	0.0027499	0.00294762	0.00314233	0.00333385	0.00352197	0.00370651	0.0038873	0.00406413	0.00423685	0.00440527	0.00456923	0.00472856	0.00488311	0.00503271	0.00517723	0.00531651	0.00545042	0.00557881	0.00570158	0.00581858	0.00592971	0.00603486	0.00613391	0.00622677	0.00631335	0.00639356	0.00646732	0.00653457	0.00659522	0.00664922	0.00669653	0.00673708	0.00677084	0.00679779	0.00681788	0.00683111	0.00683746	0.00683692	0.0068295	0.0068152	0.00679405	0.00676605	0.00673125	0.00668968	0.00664137	0.00658639	0.00652478	0.00645661	0.00638195	0.00630087	0.00621346	0.0061198	0.00602	0.00591415	0.00580236	0.00568475	0.00556143	0.00543253	0.00529817	0.00515851	0.00501367	0.0048638	0.00470906	0.00454961	0.0043856	0.0042172	0.00404458	0.00386792	0.0036874	0.00350319	0.00331549	0.00312448	0.00293037	0.00273333	0.00253358	0.00233132	0.00212674	0.00192007	0.00171149	0.00150123	0.00128949	0.00107649	0.000862436	0.000647547	0.000432036	0.000216115	0	
0	0.000225419	0.000450582	0.00067526	0.000899223	0.00112225	0.0013441	0.00156456	0.00178341	0.00200042	0.00221538	0.00242807	0.00263828	0.00284579	0.0030504	0.00325191	0.0034501	0.00364478	0.00383576	0.00402285	0.00420585	0.00438459	0.00455888	0.00472856	0.00489345	0.00505339	0.00520821	0.00535776	0.0055019	0.00564048	0.00577335	0.0059004	0.00602148	0.00613649	0.0062453	0.00634781	0.00644391	0.00653351	0.00661651	0.00669285	0.00676244	0.0068252	0.00688109	0.00693004	0.00697201	0.00700695	0.00703484	0.00705563	0.00706932	0.00707589	0.00707534	0.00706766	0.00705286	0.00703097	0.007002	0.00696598	0.00692296	0.00687297	0.00681607	0.00675231	0.00668176	0.0066045	0.00652059	0.00643014	0.00633322	0.00622994	0.0061204	0.00600471	0.00588299	0.00575537	0.00562197	0.00548294	0.0053384	0.00518851	0.00503342	0.00487328	0.00470827	0.00453854	0.00436427	0.00418563	0.00400281	0.00381599	0.00362536	0.00343111	0.00323345	0.00303256	0.00282865	0.00262194	0.00241262	0.00220091	0.00198703	0.00177118	0.00155358	0.00133446	0.00111403	0.000892513	0.00067013	0.000447103	0.000223652	0	
0	0.000232786	0.000465308	0.000697329	0.000928612	0.00115892	0.00138803	0.0016157	0.0018417	0.0020658	0.00228779	0.00250743	0.00272451	0.0029388	0.0031501	0.00335819	0.00356286	0.0037639	0.00396113	0.00415433	0.00434331	0.00452789	0.00470789	0.00488311	0.00505339	0.00521855	0.00537843	0.00553287	0.00568172	0.00582483	0.00596205	0.00609325	0.00621829	0.00633705	0.00644942	0.00655528	0.00665452	0.00674705	0.00683277	0.0069116	0.00698346	0.00704828	0.007106	0.00715655	0.00719989	0.00723597	0.00726477	0.00728624	0.00730038	0.00730717	0.00730659	0.00729866	0.00728338	0.00726078	0.00723086	0.00719367	0.00714924	0.00709761	0.00703885	0.00697301	0.00690016	0.00682037	0.00673372	0.00664031	0.00654022	0.00643356	0.00632044	0.00620097	0.00607528	0.00594349	0.00580573	0.00566215	0.00551289	0.0053581	0.00519794	0.00503257	0.00486216	0.00468688	0.00450692	0.00432244	0.00413364	0.00394072	0.00374386	0.00354326	0.00333914	0.00313168	0.00292111	0.00270764	0.00249148	0.00227285	0.00205198	0.00182907	0.00160436	0.00137808	0.00115044	0.000921687	0.000692035	0.000461717	0.000230963	0	
0	0.000239918	0.000479563	0.000718692	0.000957061	0.00119443	0.00143055	0.0016652	0.00189812	0.00212909	0.00235788	0.00258425	0.00280798	0.00302884	0.00324661	0.00346107	0.00367201	0.00387922	0.00408248	0.0042816	0.00447638	0.00466662	0.00485212	0.00503271	0.00520821	0.00537843	0.00554321	0.00570239	0.0058558	0.00600329	0.00614471	0.00627993	0.0064088	0.00653121	0.00664702	0.00675612	0.0068584	0.00695376	0.00704211	0.00712336	0.00719742	0.00726423	0.00732371	0.00737581	0.00742048	0.00745767	0.00748735	0.00750948	0.00752405	0.00753105	0.00753046	0.00752228	0.00750654	0.00748324	0.0074524	0.00741407	0.00736828	0.00731508	0.00725451	0.00718666	0.00711157	0.00702934	0.00694004	0.00684376	0.00674061	0.00663068	0.0065141	0.00639097	0.00626142	0.00612559	0.00598361	0.00583563	0.0056818	0.00552227	0.0053572	0.00518677	0.00501114	0.00483049	0.00464501	0.00445488	0.0042603	0.00406146	0.00385857	0.00365183	0.00344145	0.00322764	0.00301062	0.0027906	0.00256782	0.00234249	0.00211485	0.00188511	0.00165352	0.0014203	0.0011857	0.000949928	0.00071324	0.000475865	0.00023804	0	
0	0.000246806	0.000493333	0.000739328	0.000984542	0.00122872	0.00147163	0.00171301	0.00195262	0.00219023	0.00242558	0.00265846	0.00288861	0.00311581	0.00333983	0.00356046	0.00377745	0.00399061	0.00419971	0.00440455	0.00460492	0.00480062	0.00499145	0.00517723	0.00535776	0.00553287	0.00570239	0.00586613	0.00602395	0.00617568	0.00632116	0.00646026	0.00659284	0.00671876	0.00683789	0.00695012	0.00705534	0.00715345	0.00724433	0.00732791	0.0074041	0.00747283	0.00753402	0.00758762	0.00763357	0.00767183	0.00770236	0.00772513	0.00774012	0.00774731	0.0077467	0.00773829	0.0077221	0.00769813	0.00766641	0.00762698	0.00757987	0.00752514	0.00746284	0.00739303	0.00731579	0.0072312	0.00713933	0.00704029	0.00693418	0.00682109	0.00670116	0.0065745	0.00644123	0.0063015	0.00615545	0.00600322	0.00584496	0.00568085	0.00551105	0.00533572	0.00515504	0.00496921	0.0047784	0.00458281	0.00438264	0.0041781	0.00396938	0.0037567	0.00354028	0.00332033	0.00309708	0.00287075	0.00264157	0.00240977	0.00217558	0.00193925	0.00170101	0.00146109	0.00121975	0.000977209	0.000733723	0.000489531	0.000244876	0	
0	0.000253446	0.000506604	0.000759217	0.00101103	0.00126178	0.00151122	0.00175909	0.00200515	0.00224915	0.00249084	0.00272997	0.00296632	0.00319963	0.00342968	0.00365624	0.00387908	0.00409797	0.00431269	0.00452304	0.0047288	0.00492977	0.00512573	0.00531651	0.0055019	0.00568172	0.0058558	0.00602395	0.00618601	0.00634182	0.00649122	0.00663406	0.0067702	0.00689951	0.00702185	0.0071371	0.00724516	0.0073459	0.00743923	0.00752506	0.0076033	0.00767387	0.00773671	0.00779175	0.00783894	0.00787823	0.00790958	0.00793296	0.00794835	0.00795574	0.00795512	0.00794648	0.00792985	0.00790524	0.00787267	0.00783217	0.0077838	0.0077276	0.00766362	0.00759193	0.00751262	0.00742574	0.00733141	0.0072297	0.00712073	0.00700461	0.00688145	0.00675138	0.00661453	0.00647104	0.00632106	0.00616473	0.00600222	0.00583369	0.00565932	0.00547927	0.00529374	0.0051029	0.00490696	0.00470611	0.00450056	0.00429051	0.00407618	0.00385778	0.00363553	0.00340966	0.0031804	0.00294798	0.00271264	0.0024746	0.00223412	0.00199143	0.00174678	0.00150041	0.00125257	0.0010035	0.000753465	0.000502703	0.000251465	0	
0	0.000259829	0.000519363	0.000778339	0.00103649	0.00129356	0.00154928	0.0018034	0.00205565	0.0023058	0.00255357	0.00279873	0.00304103	0.00328022	0.00351606	0.00374833	0.00397678	0.00420118	0.00442132	0.00463696	0.00484791	0.00505393	0.00525484	0.00545042	0.00564048	0.00582483	0.00600329	0.00617568	0.00634182	0.00650155	0.00665472	0.00680116	0.00694073	0.00707329	0.00719871	0.00731687	0.00742764	0.00753092	0.00762661	0.0077146	0.00779481	0.00786716	0.00793158	0.00798801	0.00803638	0.00807666	0.0081088	0.00813277	0.00814855	0.00815613	0.00815549	0.00814664	0.00812959	0.00810435	0.00807096	0.00802945	0.00797986	0.00792224	0.00785665	0.00778316	0.00770185	0.00761279	0.00751608	0.00741181	0.00730009	0.00718105	0.00705478	0.00692144	0.00678114	0.00663404	0.00648028	0.00632001	0.00615341	0.00598064	0.00580187	0.00561729	0.00542708	0.00523144	0.00503057	0.00482466	0.00461393	0.00439859	0.00417885	0.00395495	0.00372711	0.00349555	0.00326052	0.00302224	0.00278097	0.00253694	0.0022904	0.00204159	0.00179078	0.0015382	0.00128412	0.00102878	0.000772445	0.000515366	0.000257799	0	
0	0.00026595	0.000531598	0.000796673	0.00106091	0.00132403	0.00158578	0.00184588	0.00210408	0.00236011	0.00261373	0.00286466	0.00311266	0.00335749	0.00359889	0.00383663	0.00407046	0.00430015	0.00452547	0.0047462	0.00496211	0.00517299	0.00537863	0.00557881	0.00577335	0.00596205	0.00614471	0.00632116	0.00649122	0.00665472	0.00681149	0.00696138	0.00710424	0.00723992	0.0073683	0.00748924	0.00760263	0.00770834	0.00780628	0.00789634	0.00797844	0.0080525	0.00811844	0.00817619	0.00822571	0.00826694	0.00829983	0.00832437	0.00834052	0.00834828	0.00834762	0.00833857	0.00832111	0.00829528	0.00826111	0.00821862	0.00816786	0.00810888	0.00804175	0.00796653	0.0078833	0.00779214	0.00769315	0.00758643	0.00747208	0.00735023	0.00722099	0.0070845	0.0069409	0.00679033	0.00663295	0.00646891	0.00629838	0.00612154	0.00593856	0.00574963	0.00555494	0.00535469	0.00514908	0.00493833	0.00472263	0.00450222	0.00427731	0.00404813	0.00381492	0.00357791	0.00333734	0.00309345	0.00284649	0.00259671	0.00234436	0.0020897	0.00183297	0.00157444	0.00131437	0.00105302	0.000790645	0.000527509	0.000263874	0	
0	0.000271802	0.000543295	0.000814204	0.00108425	0.00135316	0.00162067	0.0018865	0.00215038	0.00241205	0.00267124	0.0029277	0.00318116	0.00343137	0.00367809	0.00392105	0.00416003	0.00439477	0.00462505	0.00485064	0.0050713	0.00528682	0.00549698	0.00570158	0.0059004	0.00609325	0.00627993	0.00646026	0.00663406	0.00680116	0.00696138	0.00711457	0.00726057	0.00739924	0.00753045	0.00765405	0.00776993	0.00787797	0.00797806	0.0080701	0.00815401	0.0082297	0.00829709	0.00835612	0.00840672	0.00844886	0.00848248	0.00850756	0.00852407	0.00853199	0.00853132	0.00852207	0.00850423	0.00847783	0.0084429	0.00839948	0.0083476	0.00828733	0.00821872	0.00814184	0.00805678	0.00796362	0.00786245	0.00775338	0.00763652	0.00751198	0.0073799	0.00724041	0.00709365	0.00693977	0.00677892	0.00661127	0.00643699	0.00625626	0.00606925	0.00587617	0.00567719	0.00547254	0.0052624	0.00504701	0.00482656	0.0046013	0.00437144	0.00413722	0.00389888	0.00365665	0.00341078	0.00316153	0.00290914	0.00265386	0.00239596	0.00213569	0.00187331	0.00160909	0.0013433	0.0010762	0.000808046	0.000539119	0.000269681	0	
0	0.000277379	0.000554444	0.000830911	0.0011065	0.00138093	0.00165393	0.00192521	0.0021945	0.00246154	0.00272606	0.00298777	0.00324644	0.00350179	0.00375356	0.00400152	0.0042454	0.00448496	0.00471997	0.00495018	0.00517537	0.00539532	0.00560979	0.00581858	0.00602148	0.00621829	0.0064088	0.00659284	0.0067702	0.00694073	0.00710424	0.00726057	0.00740957	0.00755109	0.00768499	0.00781113	0.00792938	0.00803964	0.00814179	0.00823572	0.00832135	0.00839859	0.00846736	0.0085276	0.00857925	0.00862225	0.00865656	0.00868215	0.008699	0.00870709	0.00870641	0.00869696	0.00867876	0.00865182	0.00861618	0.00857186	0.00851892	0.00845741	0.00838739	0.00830894	0.00822213	0.00812705	0.00802381	0.0079125	0.00779324	0.00766615	0.00753136	0.00738901	0.00723923	0.00708219	0.00691804	0.00674696	0.0065691	0.00638466	0.00619381	0.00599676	0.00579371	0.00558485	0.00537041	0.00515059	0.00492562	0.00469573	0.00446116	0.00422213	0.0039789	0.0037317	0.00348079	0.00322642	0.00296884	0.00270833	0.00244513	0.00217952	0.00191176	0.00164212	0.00137087	0.00109828	0.000824631	0.000550184	0.000275216	0	
0	0.000282676	0.000565032	0.00084678	0.00112763	0.0014073	0.00168551	0.00196198	0.00223642	0.00250855	0.00277812	0.00304484	0.00330844	0.00356867	0.00382525	0.00407794	0.00432648	0.00457062	0.00481011	0.00504472	0.00527422	0.00549836	0.00571693	0.00592971	0.00613649	0.00633705	0.00653121	0.00671876	0.00689951	0.00707329	0.00723992	0.00739924	0.00755109	0.00769531	0.00783177	0.00796031	0.00808083	0.00819319	0.00829729	0.00839302	0.00848029	0.008559	0.00862909	0.00869048	0.00874311	0.00878693	0.0088219	0.00884798	0.00886515	0.00887339	0.0088727	0.00886307	0.00884452	0.00881707	0.00878075	0.00873558	0.00868163	0.00861895	0.00854759	0.00846764	0.00837917	0.00828228	0.00817707	0.00806363	0.0079421	0.00781258	0.00767521	0.00753014	0.00737751	0.00721747	0.00705018	0.00687583	0.00669458	0.00650661	0.00631212	0.00611131	0.00590437	0.00569153	0.00547299	0.00524897	0.00501971	0.00478543	0.00454637	0.00430278	0.0040549	0.00380298	0.00354728	0.00328805	0.00302555	0.00276006	0.00249184	0.00222115	0.00194828	0.00167349	0.00139706	0.00111926	0.000840383	0.000560694	0.000280473	0	
0	0.000287688	0.000575051	0.000861794	0.00114763	0.00143226	0.0017154	0.00199676	0.00227607	0.00255303	0.00282738	0.00309882	0.0033671	0.00363194	0.00389308	0.00415025	0.00440319	0.00465166	0.0048954	0.00513417	0.00536774	0.00559585	0.0058183	0.00603486	0.0062453	0.00644942	0.00664702	0.00683789	0.00702185	0.00719871	0.0073683	0.00753045	0.00768499	0.00783177	0.00797064	0.00810147	0.00822412	0.00833848	0.00844442	0.00854185	0.00863066	0.00871077	0.0087821	0.00884458	0.00889815	0.00894275	0.00897834	0.00900488	0.00902235	0.00903074	0.00903004	0.00902024	0.00900136	0.00897342	0.00893645	0.00889049	0.00883558	0.00877179	0.00869917	0.0086178	0.00852776	0.00842915	0.00832207	0.00820663	0.00808293	0.00795112	0.00781132	0.00766367	0.00750833	0.00734546	0.00717521	0.00699776	0.00681329	0.00662199	0.00642406	0.00621968	0.00600908	0.00579246	0.00557004	0.00534206	0.00510873	0.00487029	0.004627	0.00437909	0.00412681	0.00387042	0.00361018	0.00334636	0.00307921	0.00280901	0.00253603	0.00226054	0.00198283	0.00170317	0.00142183	0.00113911	0.000855287	0.000570637	0.000285448	0	
0	0.00029241	0.000584489	0.000875938	0.00116646	0.00145576	0.00174355	0.00202954	0.00231343	0.00259494	0.00287378	0.00314968	0.00342237	0.00369155	0.00395697	0.00421836	0.00447546	0.00472801	0.00497575	0.00521844	0.00545584	0.0056877	0.0059138	0.00613391	0.00634781	0.00655528	0.00675612	0.00695012	0.0071371	0.00731687	0.00748924	0.00765405	0.00781113	0.00796031	0.00810147	0.00823444	0.00835911	0.00847534	0.00858303	0.00868205	0.00877232	0.00885375	0.00892625	0.00898976	0.0090442	0.00908953	0.00912571	0.00915269	0.00917045	0.00917898	0.00917826	0.0091683	0.00914911	0.00912072	0.00908314	0.00903642	0.00898061	0.00891577	0.00884196	0.00875925	0.00866774	0.00856752	0.00845868	0.00834134	0.00821561	0.00808164	0.00793954	0.00778947	0.00763158	0.00746603	0.00729299	0.00711263	0.00692513	0.0067307	0.00652951	0.00632178	0.00610772	0.00588755	0.00566148	0.00542975	0.00519259	0.00495024	0.00470295	0.00445097	0.00419455	0.00393396	0.00366945	0.00340129	0.00312976	0.00285512	0.00257766	0.00229765	0.00201538	0.00173113	0.00144517	0.00115781	0.000869328	0.000580005	0.000290134	0	
0	0.000296836	0.000593337	0.000889198	0.00118412	0.0014778	0.00176995	0.00206026	0.00234845	0.00263422	0.00291729	0.00319737	0.00347418	0.00374744	0.00401688	0.00428223	0.00454322	0.00479959	0.00505108	0.00529744	0.00553843	0.00577381	0.00600333	0.00622677	0.00644391	0.00665452	0.0068584	0.00705534	0.00724516	0.00742764	0.00760263	0.00776993	0.00792938	0.00808083	0.00822412	0.00835911	0.00848566	0.00860366	0.00871297	0.0088135	0.00890514	0.0089878	0.0090614	0.00912586	0.00918113	0.00922715	0.00926387	0.00929126	0.00930929	0.00931795	0.00931722	0.00930711	0.00928763	0.00925881	0.00922066	0.00917324	0.00911658	0.00905076	0.00897583	0.00889187	0.00879898	0.00869723	0.00858675	0.00846763	0.00834	0.008204	0.00805975	0.00790741	0.00774713	0.00757907	0.00740341	0.00722032	0.00702999	0.0068326	0.00662837	0.0064175	0.0062002	0.00597669	0.0057472	0.00551196	0.00527121	0.0050252	0.00477416	0.00451837	0.00425807	0.00399352	0.00372501	0.00345279	0.00317715	0.00289835	0.00261669	0.00233244	0.0020459	0.00175734	0.00146706	0.00117534	0.000882491	0.000588788	0.000294527	0	
