0	0	0	0	0	0	0	0	0	0	0	0	0	0	0	0	0	0	0	0	0	0	0	0	0	0	0	0	0	0	0	0	0	0	0	0	0	0	0	0	0	0	0	0	0	0	0	0	0	0	0	0	0	0	0	0	0	0	0	0	0	0	0	0	0	0	0	0	0	0	0	0	0	0	0	0	0	0	0	0	0	0	0	0	0	0	0	0	0	0	0	0	0	0	0	0	0	0	0	0	
0	8.01106e-06	1.60127e-05	2.39966e-05	3.19548e-05	3.98792e-05	4.77617e-05	5.55943e-05	6.33692e-05	7.10785e-05	7.87145e-05	8.62695e-05	9.37359e-05	0.000101106	0.000108373	0.000115529	0.000122568	0.000129481	0.000136263	0.000142906	0.000149404	0.00015575	0.000161938	0.000167962	0.000173815	0.000179492	0.000184988	0.000190296	0.000195412	0.00020033	0.000205045	0.000209553	0.00021385	0.00021793	0.00022179	0.000225427	0.000228835	0.000232013	0.000234956	0.000237663	0.000240129	0.000242354	0.000244334	0.000246068	0.000247554	0.00024879	0.000249776	0.00025051	0.000250991	0.00025122	0.000251196	0.000250919	0.000250389	0.000249608	0.000248575	0.000247292	0.00024576	0.000243981	0.000241957	0.000239689	0.000237181	0.000234434	0.000231452	0.000228237	0.000224792	0.000221122	0.00021723	0.00021312	0.000208796	0.000204263	0.000199525	0.000194587	0.000189453	0.00018413	0.000178623	0.000172937	0.000167078	0.000161051	0.000154864	0.000148522	0.000142032	0.0001354	0.000128633	0.000121738	0.000114722	0.000107592	0.000100355	9.30194e-05	8.55913e-05	7.80787e-05	7.04892e-05	6.28305e-05	5.51102e-05	4.73361e-05	3.95161e-05	3.16578e-05	2.37693e-05	1.58582e-05	7.93253e-06	0	
0	1.60127e-05	3.20065e-05	4.7965e-05	6.38721e-05	7.97115e-05	9.54672e-05	0.000111123	0.000126664	0.000142074	0.000157337	0.000172438	0.000187362	0.000202094	0.00021662	0.000230924	0.000244992	0.000258811	0.000272366	0.000285645	0.000298633	0.000311318	0.000323686	0.000335727	0.000347427	0.000358775	0.00036976	0.00038037	0.000390596	0.000400426	0.000409851	0.000418862	0.00042745	0.000435606	0.000443322	0.00045059	0.000457403	0.000463755	0.000469638	0.000475048	0.000479979	0.000484425	0.000488383	0.000491849	0.000494819	0.00049729	0.00049926	0.000500727	0.00050169	0.000502147	0.000502099	0.000501545	0.000500487	0.000498924	0.00049686	0.000494296	0.000491234	0.000487678	0.000483632	0.0004791	0.000474086	0.000468595	0.000462634	0.000456207	0.000449323	0.000441987	0.000434208	0.000425993	0.00041735	0.000408288	0.000398818	0.000388947	0.000378687	0.000368047	0.000357038	0.000345672	0.000333961	0.000321915	0.000309548	0.000296871	0.000283898	0.000270642	0.000257117	0.000243335	0.000229311	0.00021506	0.000200595	0.000185931	0.000171083	0.000156067	0.000140897	0.000125588	0.000110157	9.46176e-05	7.89865e-05	6.32792e-05	4.75112e-05	3.16982e-05	1.58559e-05	0	
0	2.39966e-05	4.7965e-05	7.18806e-05	9.5719e-05	0.000119456	0.000143068	0.00016653	0.000189819	0.000212913	0.000235786	0.000258417	0.000280782	0.00030286	0.000324628	0.000346065	0.000367148	0.000387857	0.000408171	0.00042807	0.000447535	0.000466544	0.00048508	0.000503124	0.000520658	0.000537665	0.000554126	0.000570027	0.000585351	0.000600083	0.000614208	0.000627712	0.000640582	0.000652805	0.000664368	0.00067526	0.000685471	0.000694989	0.000703806	0.000711914	0.000719303	0.000725966	0.000731898	0.000737092	0.000741542	0.000745246	0.000748198	0.000750397	0.00075184	0.000752525	0.000752453	0.000751623	0.000750037	0.000747695	0.000744601	0.000740758	0.00073617	0.000730842	0.000724778	0.000717986	0.000710472	0.000702243	0.00069331	0.000683679	0.000673362	0.000662369	0.00065071	0.000638399	0.000625447	0.000611867	0.000597674	0.000582882	0.000567506	0.000551561	0.000535063	0.00051803	0.000500479	0.000482427	0.000463893	0.000444896	0.000425455	0.000405589	0.000385319	0.000364666	0.00034365	0.000322292	0.000300615	0.00027864	0.000256389	0.000233885	0.000211151	0.000188209	0.000165083	0.000141796	0.000118371	9.48316e-05	7.12013e-05	4.75037e-05	2.37621e-05	0	
0	3.19548e-05	6.38721e-05	9.5719e-05	0.000127463	0.000159073	0.000190515	0.000221758	0.000252772	0.000283523	0.000313983	0.000344119	0.000373902	0.000403302	0.000432289	0.000460835	0.00048891	0.000516488	0.000543539	0.000570038	0.000595957	0.000621271	0.000645955	0.000669983	0.000693332	0.000715979	0.0007379	0.000759074	0.000779481	0.000799098	0.000817908	0.000835891	0.000853029	0.000869305	0.000884703	0.000899208	0.000912804	0.00092548	0.000937222	0.000948017	0.000957857	0.000966731	0.00097463	0.000981546	0.000987473	0.000992404	0.000996336	0.000999264	0.00100119	0.0010021	0.001002	0.0010009	0.000998784	0.000995666	0.000991547	0.000986429	0.000980319	0.000973224	0.000965149	0.000956104	0.000946098	0.000935141	0.000923244	0.00091042	0.000896681	0.000882042	0.000866518	0.000850123	0.000832876	0.000814792	0.000795892	0.000776194	0.000755718	0.000734485	0.000712517	0.000689835	0.000666463	0.000642424	0.000617744	0.000592446	0.000566557	0.000540103	0.000513111	0.000485608	0.000457621	0.000429181	0.000400314	0.000371051	0.000341421	0.000311454	0.00028118	0.000250629	0.000219834	0.000188823	0.000157629	0.000126283	9.48156e-05	6.32585e-05	3.16429e-05	0	
0	3.98792e-05	7.97115e-05	0.000119456	0.000159073	0.000198521	0.00023776	0.000276752	0.000315456	0.000353834	0.000391847	0.000429457	0.000466626	0.000503317	0.000539493	0.000575118	0.000610156	0.000644572	0.000678332	0.000711402	0.00074375	0.000775341	0.000806146	0.000836134	0.000865273	0.000893536	0.000920894	0.000947319	0.000972786	0.000997269	0.00102074	0.00104319	0.00106457	0.00108489	0.0011041	0.00112221	0.00113917	0.00115499	0.00116965	0.00118312	0.0011954	0.00120647	0.00121633	0.00122496	0.00123236	0.00123851	0.00124342	0.00124708	0.00124947	0.00125061	0.00125049	0.00124911	0.00124648	0.00124259	0.00123744	0.00123106	0.00122343	0.00121458	0.0012045	0.00119321	0.00118073	0.00116705	0.0011522	0.0011362	0.00111905	0.00110078	0.00108141	0.00106095	0.00103942	0.00101686	0.00099327	0.000968687	0.000943133	0.000916634	0.000889218	0.000860911	0.000831743	0.000801743	0.000770942	0.000739371	0.000707061	0.000674047	0.000640361	0.000606037	0.00057111	0.000535617	0.000499591	0.000463071	0.000426093	0.000388694	0.000350912	0.000312785	0.000274352	0.000235651	0.000196721	0.000157601	0.00011833	7.89468e-05	3.94905e-05	0	
0	4.77617e-05	9.54672e-05	0.000143068	0.000190515	0.00023776	0.000284756	0.000331455	0.00037781	0.000423774	0.0004693	0.000514344	0.00055886	0.000602804	0.000646131	0.000688797	0.000730761	0.000771981	0.000812414	0.000852021	0.000890762	0.000928599	0.000965493	0.00100141	0.00103631	0.00107016	0.00110292	0.00113457	0.00116507	0.00119439	0.00122251	0.00124939	0.001275	0.00129933	0.00132235	0.00134403	0.00136435	0.0013833	0.00140085	0.00141698	0.00143169	0.00144495	0.00145676	0.0014671	0.00147596	0.00148333	0.0014892	0.00149358	0.00149645	0.00149782	0.00149767	0.00149602	0.00149286	0.0014882	0.00148205	0.0014744	0.00146527	0.00145466	0.00144259	0.00142907	0.00141412	0.00139774	0.00137996	0.00136079	0.00134025	0.00131837	0.00129517	0.00127066	0.00124489	0.00121786	0.00118961	0.00116017	0.00112956	0.00109782	0.00106499	0.00103109	0.000996152	0.000960222	0.000923333	0.000885521	0.000846825	0.000807285	0.00076694	0.000725832	0.000684002	0.000641492	0.000598346	0.000554606	0.000510319	0.000465527	0.000420277	0.000374614	0.000328584	0.000282233	0.000235608	0.000188755	0.000141721	9.45525e-05	4.72967e-05	0	
0	5.55943e-05	0.000111123	0.00016653	0.000221758	0.000276752	0.000331455	0.000385812	0.000439769	0.000493271	0.000546264	0.000598695	0.000650512	0.000701662	0.000752095	0.000801759	0.000850605	0.000898584	0.000945649	0.000991752	0.00103685	0.00108089	0.00112383	0.00116564	0.00120626	0.00124566	0.0012838	0.00132064	0.00135614	0.00139028	0.001423	0.00145429	0.0014841	0.00151242	0.00153921	0.00156445	0.0015881	0.00161016	0.00163059	0.00164937	0.00166649	0.00168193	0.00169567	0.0017077	0.00171801	0.00172659	0.00173343	0.00173853	0.00174187	0.00174346	0.00174329	0.00174137	0.0017377	0.00173227	0.0017251	0.0017162	0.00170557	0.00169323	0.00167918	0.00166344	0.00164603	0.00162697	0.00160627	0.00158396	0.00156006	0.00153459	0.00150758	0.00147906	0.00144905	0.00141759	0.00138471	0.00135044	0.00131481	0.00127787	0.00123965	0.00120019	0.00115952	0.0011177	0.00107476	0.00103075	0.000985708	0.000939683	0.000892722	0.000844871	0.000796181	0.0007467	0.000696477	0.000645565	0.000594014	0.000541876	0.000489205	0.000436053	0.000382474	0.000328521	0.000274249	0.000219712	0.000164964	0.00011006	5.50538e-05	0	
0	6.33692e-05	0.000126664	0.000189819	0.000252772	0.000315456	0.00037781	0.000439769	0.000501272	0.000562257	0.000622661	0.000682425	0.000741489	0.000799793	0.000857278	0.000913888	0.000969566	0.00102426	0.0010779	0.00113045	0.00118185	0.00123206	0.00128101	0.00132866	0.00137496	0.00141987	0.00146335	0.00150534	0.00154581	0.00158471	0.00162202	0.00165768	0.00169167	0.00172394	0.00175448	0.00178325	0.00181021	0.00183535	0.00185863	0.00188004	0.00189956	0.00191716	0.00193282	0.00194654	0.00195829	0.00196807	0.00197587	0.00198167	0.00198549	0.0019873	0.00198711	0.00198491	0.00198073	0.00197454	0.00196637	0.00195622	0.00194411	0.00193004	0.00191402	0.00189609	0.00187624	0.00185452	0.00183092	0.00180549	0.00177825	0.00174921	0.00171843	0.00168592	0.00165171	0.00161585	0.00157837	0.00153931	0.0014987	0.00145659	0.00141302	0.00136804	0.00132169	0.00127402	0.00122508	0.00117491	0.00112357	0.00107111	0.00101758	0.000963035	0.000907535	0.000851133	0.000793887	0.000735854	0.000677093	0.000617664	0.000557626	0.000497041	0.000435968	0.000374469	0.000312607	0.000250442	0.000188037	0.000125453	6.27539e-05	0	
0	7.10785e-05	0.000142074	0.000212913	0.000283523	0.000353834	0.000423774	0.000493271	0.000562257	0.00063066	0.000698414	0.000765449	0.000831698	0.000897096	0.000961575	0.00102507	0.00108752	0.00114887	0.00120904	0.00126799	0.00132564	0.00138195	0.00143686	0.00149031	0.00154224	0.00159262	0.00164138	0.00168848	0.00173388	0.00177751	0.00181935	0.00185936	0.00189748	0.00193368	0.00196794	0.0020002	0.00203045	0.00205864	0.00208476	0.00210878	0.00213066	0.0021504	0.00216797	0.00218336	0.00219654	0.00220751	0.00221626	0.00222277	0.00222705	0.00222908	0.00222886	0.00222641	0.00222171	0.00221477	0.00220561	0.00219423	0.00218064	0.00216485	0.00214689	0.00212677	0.00210452	0.00208014	0.00205368	0.00202516	0.0019946	0.00196203	0.0019275	0.00189103	0.00185267	0.00181244	0.0017704	0.00172659	0.00168104	0.00163381	0.00158494	0.00153449	0.0014825	0.00142903	0.00137413	0.00131786	0.00126027	0.00120142	0.00114138	0.0010802	0.00101795	0.000954688	0.000890477	0.000825383	0.000759473	0.000692814	0.000625471	0.000557515	0.000489011	0.00042003	0.000350641	0.000280913	0.000210915	0.000140717	7.03891e-05	0	
0	7.87145e-05	0.000157337	0.000235786	0.000313983	0.000391847	0.0004693	0.000546264	0.000622661	0.000698414	0.000773447	0.000847684	0.000921051	0.000993474	0.00106488	0.0011352	0.00120436	0.0012723	0.00133893	0.00140421	0.00146806	0.00153042	0.00159123	0.00165042	0.00170794	0.00176372	0.00181772	0.00186989	0.00192015	0.00196848	0.00201482	0.00205912	0.00210133	0.00214143	0.00217936	0.00221509	0.00224859	0.00227981	0.00230874	0.00233533	0.00235957	0.00238143	0.00240089	0.00241793	0.00243253	0.00244468	0.00245437	0.00246158	0.00246631	0.00246856	0.00246833	0.0024656	0.0024604	0.00245272	0.00244257	0.00242997	0.00241492	0.00239744	0.00237755	0.00235527	0.00233062	0.00230363	0.00227432	0.00224273	0.00220889	0.00217283	0.00213458	0.0020942	0.00205171	0.00200717	0.00196061	0.00191209	0.00186165	0.00180934	0.00175522	0.00169935	0.00164178	0.00158256	0.00152176	0.00145944	0.00139567	0.0013305	0.00126401	0.00119626	0.00112732	0.00105726	0.000986149	0.000914062	0.000841071	0.00076725	0.000692672	0.000617414	0.000541551	0.000465159	0.000388315	0.000311095	0.000233576	0.000155836	7.79519e-05	0	
0	8.62695e-05	0.000172438	0.000258417	0.000344119	0.000429457	0.000514344	0.000598695	0.000682425	0.000765449	0.000847684	0.000929046	0.00100946	0.00108883	0.00116709	0.00124416	0.00131996	0.00139441	0.00146745	0.00153899	0.00160897	0.00167731	0.00174396	0.00180883	0.00187187	0.00193301	0.0019922	0.00204937	0.00210446	0.00215743	0.00220821	0.00225676	0.00230303	0.00234697	0.00238855	0.00242771	0.00246442	0.00249864	0.00253034	0.00255949	0.00258606	0.00261002	0.00263134	0.00265002	0.00266602	0.00267933	0.00268995	0.00269785	0.00270304	0.00270551	0.00270525	0.00270227	0.00269656	0.00268815	0.00267703	0.00266321	0.00264672	0.00262756	0.00260576	0.00258134	0.00255433	0.00252475	0.00249263	0.002458	0.00242091	0.00238139	0.00233948	0.00229521	0.00224865	0.00219983	0.0021488	0.00209562	0.00204034	0.00198301	0.0019237	0.00186247	0.00179937	0.00173447	0.00166783	0.00159953	0.00152964	0.00145822	0.00138534	0.00131109	0.00123553	0.00115874	0.00108081	0.0010018	0.000921805	0.000840898	0.000759162	0.00067668	0.000593535	0.00050981	0.000425589	0.000340957	0.000255997	0.000170795	8.54347e-05	0	
0	9.37359e-05	0.000187362	0.000280782	0.000373902	0.000466626	0.00055886	0.000650512	0.000741489	0.000831698	0.000921051	0.00100946	0.00109682	0.00118307	0.0012681	0.00135184	0.0014342	0.0015151	0.00159446	0.00167219	0.00174823	0.00182249	0.0018949	0.00196539	0.00203388	0.00210032	0.00216463	0.00222674	0.00228661	0.00234415	0.00239933	0.00245209	0.00250236	0.00255011	0.00259528	0.00263783	0.00267772	0.00271491	0.00274935	0.00278102	0.00280989	0.00283592	0.00285909	0.00287938	0.00289677	0.00291124	0.00292277	0.00293136	0.002937	0.00293968	0.0029394	0.00293616	0.00292996	0.00292082	0.00290873	0.00289372	0.0028758	0.00285498	0.0028313	0.00280477	0.00277541	0.00274327	0.00270837	0.00267075	0.00263045	0.00258751	0.00254197	0.00249387	0.00244328	0.00239023	0.00233479	0.00227701	0.00221694	0.00215465	0.00209021	0.00202367	0.00195511	0.00188459	0.00181219	0.00173798	0.00166204	0.00158443	0.00150525	0.00142457	0.00134247	0.00125904	0.00117436	0.00108851	0.00100159	0.000913683	0.000824872	0.000735251	0.000644909	0.000553938	0.000462427	0.000370469	0.000278156	0.000185579	9.28298e-05	0	
0	0.000101106	0.000202094	0.00030286	0.000403302	0.000503317	0.000602804	0.000701662	0.000799793	0.000897096	0.000993474	0.00108883	0.00118307	0.0012761	0.00136782	0.00145814	0.00154698	0.00163424	0.00171984	0.00180368	0.0018857	0.0019658	0.0020439	0.00211993	0.00219381	0.00226547	0.00233484	0.00240184	0.00246641	0.00252848	0.002588	0.0026449	0.00269913	0.00275064	0.00279936	0.00284526	0.00288828	0.00292839	0.00296554	0.0029997	0.00303084	0.00305892	0.00308391	0.0031058	0.00312455	0.00314016	0.0031526	0.00316187	0.00316795	0.00317084	0.00317054	0.00316704	0.00316036	0.00315049	0.00313746	0.00312127	0.00310194	0.00307948	0.00305394	0.00302532	0.00299366	0.00295899	0.00292135	0.00288077	0.0028373	0.00279098	0.00274186	0.00268998	0.00263541	0.00257819	0.00251839	0.00245606	0.00239127	0.00232409	0.00225457	0.0021828	0.00210885	0.00203279	0.0019547	0.00187465	0.00179273	0.00170903	0.00162362	0.00153659	0.00144804	0.00135805	0.00126671	0.00117411	0.00108036	0.000985533	0.000889739	0.00079307	0.000695624	0.000597498	0.000498792	0.000399603	0.00030003	0.000200173	0.00010013	0	
0	0.000108373	0.00021662	0.000324628	0.000432289	0.000539493	0.000646131	0.000752095	0.000857278	0.000961575	0.00106488	0.00116709	0.0012681	0.00136782	0.00146613	0.00156295	0.00165817	0.0017517	0.00184345	0.00193333	0.00202124	0.00210709	0.00219081	0.00227231	0.0023515	0.00242831	0.00250266	0.00257448	0.00264369	0.00271023	0.00277402	0.00283502	0.00289314	0.00294835	0.00300057	0.00304977	0.00309589	0.00313888	0.0031787	0.00321532	0.00324869	0.00327879	0.00330558	0.00332904	0.00334914	0.00336587	0.00337921	0.00338914	0.00339566	0.00339876	0.00339843	0.00339469	0.00338752	0.00337695	0.00336298	0.00334562	0.0033249	0.00330084	0.00327345	0.00324278	0.00320884	0.00317168	0.00313133	0.00308784	0.00304124	0.00299159	0.00293894	0.00288334	0.00282484	0.00276351	0.00269941	0.0026326	0.00256316	0.00249114	0.00241663	0.00233971	0.00226044	0.00217891	0.0020952	0.0020094	0.0019216	0.00183187	0.00174033	0.00164705	0.00155213	0.00145567	0.00135776	0.00125851	0.00115801	0.00105638	0.000953695	0.000850078	0.000745627	0.000640448	0.000534647	0.000428328	0.000321597	0.000214562	0.000107328	0	
0	0.000115529	0.000230924	0.000346065	0.000460835	0.000575118	0.000688797	0.000801759	0.000913888	0.00102507	0.0011352	0.00124416	0.00135184	0.00145814	0.00156295	0.00166616	0.00176767	0.00186738	0.00196519	0.002061	0.00215471	0.00224624	0.00233548	0.00242236	0.00250678	0.00258867	0.00266793	0.00274449	0.00281827	0.0028892	0.00295721	0.00302223	0.0030842	0.00314305	0.00319872	0.00325117	0.00330033	0.00334616	0.00338862	0.00342765	0.00346323	0.00349531	0.00352387	0.00354888	0.00357031	0.00358815	0.00360236	0.00361295	0.0036199	0.0036232	0.00362286	0.00361886	0.00361123	0.00359996	0.00358506	0.00356656	0.00354447	0.00351882	0.00348962	0.00345692	0.00342075	0.00338113	0.00333812	0.00329175	0.00324208	0.00318915	0.00313302	0.00307375	0.00301139	0.00294601	0.00287768	0.00280646	0.00273242	0.00265565	0.00257623	0.00249422	0.00240971	0.0023228	0.00223357	0.0021421	0.0020485	0.00195285	0.00185526	0.00175582	0.00165463	0.0015518	0.00144743	0.00134162	0.00123449	0.00112614	0.00101668	0.000906218	0.00079487	0.000682745	0.000569956	0.000456615	0.000342836	0.000228732	0.000114416	0	
0	0.000122568	0.000244992	0.000367148	0.00048891	0.000610156	0.000730761	0.000850605	0.000969566	0.00108752	0.00120436	0.00131996	0.0014342	0.00154698	0.00165817	0.00176767	0.00187536	0.00198115	0.00208492	0.00218656	0.00228599	0.00238309	0.00247778	0.00256995	0.00265951	0.00274638	0.00283047	0.0029117	0.00298998	0.00306523	0.00313738	0.00320636	0.00327211	0.00333454	0.00339361	0.00344925	0.00350141	0.00355003	0.00359507	0.00363649	0.00367423	0.00370827	0.00373857	0.00376511	0.00378784	0.00380676	0.00382184	0.00383308	0.00384045	0.00384395	0.00384359	0.00383935	0.00383125	0.00381929	0.00380349	0.00378386	0.00376043	0.00373321	0.00370224	0.00366755	0.00362916	0.00358714	0.0035415	0.00349231	0.00343961	0.00338346	0.00332391	0.00326103	0.00319487	0.0031255	0.00305301	0.00297745	0.00289891	0.00281746	0.00273319	0.00264619	0.00255653	0.00246433	0.00236965	0.00227262	0.00217331	0.00207183	0.0019683	0.0018628	0.00175544	0.00164635	0.00153562	0.00142337	0.00130971	0.00119475	0.00107862	0.000961434	0.000843301	0.000724345	0.000604684	0.000484437	0.000363726	0.000242669	0.000121387	0	
0	0.000129481	0.000258811	0.000387857	0.000516488	0.000644572	0.000771981	0.000898584	0.00102426	0.00114887	0.0012723	0.00139441	0.0015151	0.00163424	0.0017517	0.00186738	0.00198115	0.0020929	0.00220252	0.0023099	0.00241493	0.00251752	0.00261754	0.00271491	0.00280953	0.0029013	0.00299014	0.00307594	0.00315863	0.00323813	0.00331436	0.00338723	0.00345668	0.00352264	0.00358504	0.00364382	0.00369892	0.00375028	0.00379787	0.00384162	0.00388149	0.00391745	0.00394946	0.00397749	0.00400151	0.0040215	0.00403743	0.0040493	0.00405709	0.00406079	0.0040604	0.00405593	0.00404737	0.00403473	0.00401804	0.00399731	0.00397255	0.0039438	0.00391108	0.00387443	0.00383388	0.00378949	0.00374128	0.00368931	0.00363364	0.00357432	0.00351141	0.00344498	0.00337509	0.00330181	0.00322523	0.00314541	0.00306243	0.00297639	0.00288737	0.00279546	0.00270075	0.00260334	0.00250333	0.00240082	0.00229591	0.00218871	0.00207933	0.00196788	0.00185447	0.00173922	0.00162225	0.00150366	0.00138359	0.00126215	0.00113947	0.00101567	0.000890874	0.000765207	0.000638796	0.000511766	0.000384245	0.000256359	0.000128235	0	
0	0.000136263	0.000272366	0.000408171	0.000543539	0.000678332	0.000812414	0.000945649	0.0010779	0.00120904	0.00133893	0.00146745	0.00159446	0.00171984	0.00184345	0.00196519	0.00208492	0.00220252	0.00231788	0.00243089	0.00254142	0.00264938	0.00275464	0.00285711	0.00295669	0.00305327	0.00314675	0.00323705	0.00332408	0.00340774	0.00348796	0.00356465	0.00363774	0.00370715	0.00377282	0.00383467	0.00389266	0.00394672	0.00399679	0.00404284	0.0040848	0.00412264	0.00415633	0.00418583	0.00421111	0.00423214	0.00424891	0.0042614	0.00426959	0.00427349	0.00427308	0.00426837	0.00425937	0.00424607	0.00422851	0.00420668	0.00418063	0.00415037	0.00411594	0.00407737	0.0040347	0.00398798	0.00393725	0.00388256	0.00382397	0.00376155	0.00369534	0.00362543	0.00355188	0.00347476	0.00339417	0.00331016	0.00322285	0.0031323	0.00303861	0.00294189	0.00284222	0.00273971	0.00263446	0.00252657	0.00241617	0.00230336	0.00218825	0.00207096	0.00195161	0.00183032	0.00170722	0.00158243	0.00145607	0.00132827	0.00119916	0.00106887	0.00093754	0.000805291	0.000672257	0.000538574	0.000404373	0.000269788	0.000134953	0	
0	0.000142906	0.000285645	0.00042807	0.000570038	0.000711402	0.000852021	0.000991752	0.00113045	0.00126799	0.00140421	0.00153899	0.00167219	0.00180368	0.00193333	0.002061	0.00218656	0.0023099	0.00243089	0.0025494	0.00266533	0.00277854	0.00288894	0.00299641	0.00310084	0.00320213	0.00330017	0.00339487	0.00348614	0.00357388	0.00365801	0.00373844	0.00381509	0.00388789	0.00395676	0.00402163	0.00408245	0.00413914	0.00419166	0.00423994	0.00428395	0.00432364	0.00435897	0.00438991	0.00441642	0.00443848	0.00445607	0.00446916	0.00447776	0.00448184	0.00448142	0.00447648	0.00446703	0.00445309	0.00443467	0.00441178	0.00438446	0.00435273	0.00431662	0.00427617	0.00423142	0.00418242	0.00412921	0.00407186	0.00401041	0.00394494	0.00387551	0.00380219	0.00372505	0.00364418	0.00355965	0.00347156	0.00337998	0.00328502	0.00318677	0.00308532	0.00298079	0.00287328	0.0027629	0.00264976	0.00253397	0.00241566	0.00229494	0.00217193	0.00204677	0.00191957	0.00179046	0.00165958	0.00152706	0.00139303	0.00125763	0.00112099	0.000983253	0.000844555	0.000705036	0.000564834	0.00042409	0.000282943	0.000141533	0	
0	0.000149404	0.000298633	0.000447535	0.000595957	0.00074375	0.000890762	0.00103685	0.00118185	0.00132564	0.00146806	0.00160897	0.00174823	0.0018857	0.00202124	0.00215471	0.00228599	0.00241493	0.00254142	0.00266533	0.00278652	0.00290489	0.00302031	0.00313266	0.00324184	0.00334773	0.00345023	0.00354924	0.00364466	0.00373639	0.00382435	0.00390843	0.00398857	0.00406468	0.00413668	0.0042045	0.00426808	0.00432735	0.00438226	0.00443274	0.00447875	0.00452025	0.00455719	0.00458953	0.00461724	0.00464031	0.00465869	0.00467239	0.00468137	0.00468565	0.0046852	0.00468004	0.00467016	0.00465559	0.00463633	0.0046124	0.00458383	0.00455066	0.00451291	0.00447062	0.00442383	0.0043726	0.00431698	0.00425702	0.00419278	0.00412433	0.00405174	0.00397509	0.00389445	0.00380989	0.00372152	0.00362942	0.00353368	0.0034344	0.00333168	0.00322562	0.00311634	0.00300394	0.00288854	0.00277026	0.00264921	0.00252551	0.0023993	0.0022707	0.00213984	0.00200686	0.00187188	0.00173505	0.0015965	0.00145638	0.00131482	0.00117197	0.00102797	0.000882962	0.000737098	0.00059052	0.000443375	0.00029581	0.000147969	0	
0	0.00015575	0.000311318	0.000466544	0.000621271	0.000775341	0.000928599	0.00108089	0.00123206	0.00138195	0.00153042	0.00167731	0.00182249	0.0019658	0.00210709	0.00224624	0.00238309	0.00251752	0.00264938	0.00277854	0.00290489	0.00302828	0.0031486	0.00326573	0.00337955	0.00348994	0.00359679	0.00370001	0.00379948	0.00389511	0.0039868	0.00407446	0.004158	0.00423734	0.0043124	0.00438311	0.00444939	0.00451118	0.00456841	0.00462104	0.00466901	0.00471226	0.00475077	0.00478449	0.00481338	0.00483742	0.00485659	0.00487087	0.00488023	0.00488469	0.00488422	0.00487884	0.00486855	0.00485335	0.00483327	0.00480833	0.00477855	0.00474397	0.00470461	0.00466053	0.00461176	0.00455835	0.00450036	0.00443786	0.00437089	0.00429953	0.00422386	0.00414395	0.00405988	0.00397174	0.00387961	0.0037836	0.00368379	0.00358029	0.00347321	0.00336265	0.00324873	0.00313155	0.00301125	0.00288794	0.00276175	0.0026328	0.00250123	0.00236716	0.00223075	0.00209211	0.0019514	0.00180876	0.00166433	0.00151825	0.00137068	0.00122176	0.00107164	0.000920472	0.000768411	0.000615607	0.000462211	0.000308376	0.000154255	0	
0	0.000161938	0.000323686	0.00048508	0.000645955	0.000806146	0.000965493	0.00112383	0.00128101	0.00143686	0.00159123	0.00174396	0.0018949	0.0020439	0.00219081	0.00233548	0.00247778	0.00261754	0.00275464	0.00288894	0.00302031	0.0031486	0.0032737	0.00339548	0.00351382	0.0036286	0.0037397	0.00384702	0.00395045	0.00404987	0.00414521	0.00423635	0.00432321	0.0044057	0.00448374	0.00455726	0.00462617	0.00469042	0.00474993	0.00480465	0.00485452	0.0048995	0.00493953	0.00497459	0.00500463	0.00502963	0.00504956	0.0050644	0.00507414	0.00507877	0.00507829	0.00507269	0.00506199	0.00504619	0.00502532	0.00499938	0.00496842	0.00493246	0.00489155	0.00484571	0.004795	0.00473947	0.00467918	0.00461419	0.00454456	0.00447037	0.00439169	0.00430861	0.0042212	0.00412955	0.00403377	0.00393394	0.00383016	0.00372255	0.00361122	0.00349626	0.00337781	0.00325598	0.0031309	0.00300269	0.00287148	0.00273741	0.00260061	0.00246122	0.00231938	0.00217524	0.00202894	0.00188063	0.00173046	0.00157858	0.00142514	0.0012703	0.00111422	0.000957048	0.000798945	0.000640069	0.000480578	0.00032063	0.000160385	0	
0	0.000167962	0.000335727	0.000503124	0.000669983	0.000836134	0.00100141	0.00116564	0.00132866	0.00149031	0.00165042	0.00180883	0.00196539	0.00211993	0.00227231	0.00242236	0.00256995	0.00271491	0.00285711	0.00299641	0.00313266	0.00326573	0.00339548	0.00352179	0.00364454	0.00376358	0.00387882	0.00399013	0.0040974	0.00420053	0.00429941	0.00439394	0.00448403	0.00456959	0.00465054	0.00472679	0.00479827	0.0048649	0.00492663	0.00498338	0.00503511	0.00508176	0.00512329	0.00515965	0.00519081	0.00521673	0.00523741	0.0052528	0.00526291	0.00526771	0.00526721	0.0052614	0.0052503	0.00523392	0.00521226	0.00518537	0.00515325	0.00511596	0.00507352	0.00502597	0.00497338	0.00491579	0.00485325	0.00478584	0.00471363	0.00463668	0.00455507	0.00446889	0.00437823	0.00428318	0.00418383	0.00408029	0.00397265	0.00386104	0.00374556	0.00362633	0.00350347	0.00337711	0.00324738	0.0031144	0.00297831	0.00283925	0.00269736	0.00255279	0.00240567	0.00225617	0.00210442	0.00195059	0.00179484	0.00163731	0.00147816	0.00131756	0.00115567	0.000992654	0.000828669	0.000663882	0.000498457	0.000332559	0.000166352	0	
0	0.000173815	0.000347427	0.000520658	0.000693332	0.000865273	0.00103631	0.00120626	0.00137496	0.00154224	0.00170794	0.00187187	0.00203388	0.00219381	0.0023515	0.00250678	0.00265951	0.00280953	0.00295669	0.00310084	0.00324184	0.00337955	0.00351382	0.00364454	0.00377155	0.00389475	0.004014	0.00412919	0.0042402	0.00434693	0.00444925	0.00454708	0.00464031	0.00472886	0.00481262	0.00489153	0.0049655	0.00503446	0.00509833	0.00515707	0.0052106	0.00525887	0.00530185	0.00533947	0.00537172	0.00539855	0.00541994	0.00543588	0.00544633	0.0054513	0.00545078	0.00544478	0.00543329	0.00541633	0.00539393	0.00536609	0.00533286	0.00529427	0.00525034	0.00520115	0.00514672	0.00508712	0.0050224	0.00495265	0.00487791	0.00479828	0.00471383	0.00462465	0.00453083	0.00443246	0.00432965	0.0042225	0.00411112	0.00399561	0.00387611	0.00375272	0.00362558	0.00349482	0.00336056	0.00322295	0.00308212	0.00293821	0.00279138	0.00264176	0.00248952	0.0023348	0.00217777	0.00201858	0.0018574	0.00169437	0.00152968	0.00136349	0.00119595	0.00102725	0.000857552	0.000687022	0.000515831	0.000344151	0.00017215	0	
0	0.000179492	0.000358775	0.000537665	0.000715979	0.000893536	0.00107016	0.00124566	0.00141987	0.00159262	0.00176372	0.00193301	0.00210032	0.00226547	0.00242831	0.00258867	0.00274638	0.0029013	0.00305327	0.00320213	0.00334773	0.00348994	0.0036286	0.00376358	0.00389475	0.00402197	0.00414512	0.00426407	0.00437871	0.00448892	0.00459459	0.00469561	0.00479189	0.00488332	0.00496983	0.00505131	0.0051277	0.00519891	0.00526487	0.00532552	0.0053808	0.00543066	0.00547503	0.00551389	0.00554719	0.0055749	0.00559699	0.00561344	0.00562424	0.00562937	0.00562884	0.00562264	0.00561077	0.00559326	0.00557013	0.00554138	0.00550707	0.00546721	0.00542185	0.00537105	0.00531484	0.00525329	0.00518647	0.00511443	0.00503726	0.00495502	0.00486782	0.00477572	0.00467884	0.00457726	0.00447109	0.00436044	0.00424541	0.00412614	0.00400273	0.00387531	0.00374402	0.00360899	0.00347034	0.00332823	0.0031828	0.00303419	0.00288256	0.00272806	0.00257085	0.00241108	0.00224892	0.00208453	0.00191807	0.00174973	0.00157965	0.00140803	0.00123502	0.00106081	0.000885567	0.000709466	0.000532683	0.000355394	0.000177774	0	
0	0.000184988	0.00036976	0.000554126	0.0007379	0.000920894	0.00110292	0.0012838	0.00146335	0.00164138	0.00181772	0.0019922	0.00216463	0.00233484	0.00250266	0.00266793	0.00283047	0.00299014	0.00314675	0.00330017	0.00345023	0.00359679	0.0037397	0.00387882	0.004014	0.00414512	0.00427204	0.00439464	0.00451278	0.00462636	0.00473527	0.00483939	0.00493861	0.00503285	0.005122	0.00520598	0.00528471	0.0053581	0.00542608	0.00548859	0.00554556	0.00559694	0.00564268	0.00568273	0.00571704	0.0057456	0.00576837	0.00578533	0.00579645	0.00580175	0.00580119	0.0057948	0.00578258	0.00576453	0.00574068	0.00571106	0.00567569	0.00563461	0.00558787	0.00553551	0.00547758	0.00541415	0.00534528	0.00527104	0.0051915	0.00510675	0.00501687	0.00492196	0.00482211	0.00471742	0.004608	0.00449395	0.00437541	0.00425248	0.0041253	0.00399398	0.00385867	0.0037195	0.00357661	0.00343015	0.00328026	0.0031271	0.00297083	0.0028116	0.00264957	0.00248491	0.00231778	0.00214836	0.00197681	0.00180331	0.00162803	0.00145115	0.00127284	0.0010933	0.000912685	0.000731191	0.000548995	0.000366277	0.000183218	0	
0	0.000190296	0.00038037	0.000570027	0.000759074	0.000947319	0.00113457	0.00132064	0.00150534	0.00168848	0.00186989	0.00204937	0.00222674	0.00240184	0.00257448	0.00274449	0.0029117	0.00307594	0.00323705	0.00339487	0.00354924	0.00370001	0.00384702	0.00399013	0.00412919	0.00426407	0.00439464	0.00452075	0.00464229	0.00475913	0.00487116	0.00497826	0.00508034	0.00517728	0.00526899	0.00535538	0.00543636	0.00551186	0.0055818	0.0056461	0.00570471	0.00575756	0.00580461	0.00584581	0.00588111	0.00591049	0.00593391	0.00595135	0.0059628	0.00596824	0.00596768	0.0059611	0.00594852	0.00592996	0.00590543	0.00587496	0.00583857	0.00579632	0.00574823	0.00569437	0.00563478	0.00556953	0.00549868	0.00542231	0.00534049	0.0052533	0.00516085	0.00506321	0.00496049	0.0048528	0.00474024	0.00462293	0.00450098	0.00437452	0.00424369	0.0041086	0.00396941	0.00382624	0.00367925	0.00352859	0.0033744	0.00321685	0.00305609	0.00289229	0.00272561	0.00255622	0.0023843	0.00221001	0.00203354	0.00185506	0.00167475	0.00149279	0.00130937	0.00112467	0.00093888	0.000752177	0.000564751	0.000376789	0.000188477	0	
0	0.000195412	0.000390596	0.000585351	0.000779481	0.000972786	0.00116507	0.00135614	0.00154581	0.00173388	0.00192015	0.00210446	0.00228661	0.00246641	0.00264369	0.00281827	0.00298998	0.00315863	0.00332408	0.00348614	0.00364466	0.00379948	0.00395045	0.0040974	0.0042402	0.00437871	0.00451278	0.00464229	0.00476709	0.00488707	0.00500212	0.0051121	0.00521692	0.00531647	0.00541064	0.00549936	0.00558252	0.00566005	0.00573186	0.00579789	0.00585808	0.00591235	0.00596067	0.00600297	0.00603922	0.00606939	0.00609344	0.00611135	0.00612311	0.0061287	0.00612812	0.00612137	0.00610845	0.00608939	0.0060642	0.00603291	0.00599555	0.00595216	0.00590278	0.00584747	0.00578628	0.00571927	0.00564652	0.00556809	0.00548407	0.00539454	0.0052996	0.00519934	0.00509386	0.00498327	0.00486768	0.00474722	0.00462199	0.00449214	0.00435778	0.00421907	0.00407613	0.00392912	0.00377817	0.00362346	0.00346513	0.00330334	0.00313826	0.00297005	0.00279889	0.00262495	0.00244841	0.00226943	0.00208822	0.00190494	0.00171978	0.00153293	0.00134458	0.00115491	0.000964124	0.000772401	0.000579936	0.00038692	0.000193544	0	
0	0.00020033	0.000400426	0.000600083	0.000799098	0.000997269	0.00119439	0.00139028	0.00158471	0.00177751	0.00196848	0.00215743	0.00234415	0.00252848	0.00271023	0.0028892	0.00306523	0.00323813	0.00340774	0.00357388	0.00373639	0.00389511	0.00404987	0.00420053	0.00434693	0.00448892	0.00462636	0.00475913	0.00488707	0.00501008	0.00512802	0.00524077	0.00534823	0.00545028	0.00554683	0.00563777	0.00572303	0.00580251	0.00587613	0.00594382	0.00600552	0.00606116	0.00611069	0.00615406	0.00619123	0.00622216	0.00624681	0.00626518	0.00627723	0.00628296	0.00628236	0.00627544	0.0062622	0.00624266	0.00621684	0.00618476	0.00614645	0.00610197	0.00605135	0.00599465	0.00593192	0.00586322	0.00578864	0.00570824	0.00562211	0.00553033	0.005433	0.00533021	0.00522208	0.0051087	0.00499021	0.00486671	0.00473833	0.00460521	0.00446747	0.00432526	0.00417873	0.00402802	0.00387328	0.00371467	0.00355235	0.00338649	0.00321725	0.00304481	0.00286935	0.00269103	0.00251004	0.00232656	0.00214078	0.00195289	0.00176307	0.00157152	0.00137842	0.00118399	0.000988393	0.000791844	0.000594534	0.00039666	0.000198416	0	
0	0.000205045	0.000409851	0.000614208	0.000817908	0.00102074	0.00122251	0.001423	0.00162202	0.00181935	0.00201482	0.00220821	0.00239933	0.002588	0.00277402	0.00295721	0.00313738	0.00331436	0.00348796	0.00365801	0.00382435	0.0039868	0.00414521	0.00429941	0.00444925	0.00459459	0.00473527	0.00487116	0.00500212	0.00512802	0.00524873	0.00536414	0.00547412	0.00557858	0.0056774	0.00577049	0.00585775	0.0059391	0.00601446	0.00608374	0.00614689	0.00620385	0.00625454	0.00629893	0.00633697	0.00636863	0.00639387	0.00641266	0.006425	0.00643086	0.00643025	0.00642317	0.00640962	0.00638962	0.00636319	0.00633035	0.00629115	0.00624562	0.00619381	0.00613577	0.00607156	0.00600125	0.00592491	0.00584262	0.00575446	0.00566052	0.00556089	0.00545569	0.00534501	0.00522897	0.00510768	0.00498128	0.00484988	0.00471362	0.00457264	0.00442709	0.0042771	0.00412284	0.00396446	0.00380212	0.00363598	0.00346621	0.00329299	0.00311649	0.0029369	0.00275438	0.00256913	0.00238133	0.00219118	0.00199886	0.00180458	0.00160852	0.00141088	0.00121186	0.00101166	0.000810487	0.000608532	0.000405998	0.000203088	0	
0	0.000209553	0.000418862	0.000627712	0.000835891	0.00104319	0.00124939	0.00145429	0.00165768	0.00185936	0.00205912	0.00225676	0.00245209	0.0026449	0.00283502	0.00302223	0.00320636	0.00338723	0.00356465	0.00373844	0.00390843	0.00407446	0.00423635	0.00439394	0.00454708	0.00469561	0.00483939	0.00497826	0.0051121	0.00524077	0.00536414	0.00548208	0.00559449	0.00570124	0.00580223	0.00589737	0.00598655	0.00606969	0.0061467	0.00621751	0.00628205	0.00634026	0.00639207	0.00643744	0.00647631	0.00650866	0.00653446	0.00655367	0.00656627	0.00657227	0.00657164	0.0065644	0.00655056	0.00653012	0.0065031	0.00646955	0.00642948	0.00638295	0.00633	0.00627069	0.00620507	0.00613321	0.00605519	0.00597109	0.00588099	0.00578499	0.00568317	0.00557566	0.00546254	0.00534395	0.00522	0.00509081	0.00495652	0.00481727	0.00467319	0.00452444	0.00437115	0.0042135	0.00405164	0.00388572	0.00371593	0.00354243	0.00336541	0.00318503	0.00300148	0.00281495	0.00262562	0.0024337	0.00223936	0.00204282	0.00184426	0.00164389	0.0014419	0.00123851	0.00103391	0.00082831	0.000621914	0.000414927	0.000207554	0	
0	0.00021385	0.00042745	0.000640582	0.000853029	0.00106457	0.001275	0.0014841	0.00169167	0.00189748	0.00210133	0.00230303	0.00250236	0.00269913	0.00289314	0.0030842	0.00327211	0.00345668	0.00363774	0.00381509	0.00398857	0.004158	0.00432321	0.00448403	0.00464031	0.00479189	0.00493861	0.00508034	0.00521692	0.00534823	0.00547412	0.00559449	0.0057092	0.00581814	0.0059212	0.00601829	0.0061093	0.00619414	0.00627273	0.006345	0.00641086	0.00647026	0.00652313	0.00656943	0.00660911	0.00664212	0.00666844	0.00668805	0.00670091	0.00670703	0.00670639	0.00669901	0.00668487	0.00666401	0.00663645	0.0066022	0.00656132	0.00651383	0.0064598	0.00639927	0.0063323	0.00625897	0.00617936	0.00609353	0.00600158	0.00590361	0.00579971	0.00568999	0.00557455	0.00545353	0.00532704	0.0051952	0.00505816	0.00491605	0.00476902	0.00461721	0.00446079	0.0042999	0.00413472	0.0039654	0.00379213	0.00361507	0.00343442	0.00325034	0.00306303	0.00287267	0.00267947	0.0024836	0.00228529	0.00208471	0.00188208	0.0016776	0.00147147	0.00126391	0.00105511	0.000845296	0.000634667	0.000423436	0.00021181	0	
0	0.00021793	0.000435606	0.000652805	0.000869305	0.00108489	0.00129933	0.00151242	0.00172394	0.00193368	0.00214143	0.00234697	0.00255011	0.00275064	0.00294835	0.00314305	0.00333454	0.00352264	0.00370715	0.00388789	0.00406468	0.00423734	0.0044057	0.00456959	0.00472886	0.00488332	0.00503285	0.00517728	0.00531647	0.00545028	0.00557858	0.00570124	0.00581814	0.00592916	0.00603419	0.00613313	0.00622588	0.00631234	0.00639243	0.00646607	0.0065332	0.00659373	0.00664761	0.00669479	0.00673522	0.00676887	0.00679569	0.00681567	0.00682878	0.00683502	0.00683437	0.00682684	0.00681244	0.00679118	0.00676309	0.00672819	0.00668652	0.00663813	0.00658307	0.00652138	0.00645314	0.00637841	0.00629728	0.00620981	0.00611611	0.00601627	0.00591038	0.00579857	0.00568093	0.0055576	0.00542869	0.00529434	0.00515469	0.00500987	0.00486003	0.00470533	0.00454592	0.00438196	0.00421362	0.00404108	0.0038645	0.00368406	0.00349996	0.00331237	0.00312148	0.00292749	0.0027306	0.002531	0.0023289	0.00212449	0.001918	0.00170961	0.00149955	0.00128803	0.00107525	0.000861428	0.000646779	0.000431517	0.000215853	0	
0	0.00022179	0.000443322	0.000664368	0.000884703	0.0011041	0.00132235	0.00153921	0.00175448	0.00196794	0.00217936	0.00238855	0.00259528	0.00279936	0.00300057	0.00319872	0.00339361	0.00358504	0.00377282	0.00395676	0.00413668	0.0043124	0.00448374	0.00465054	0.00481262	0.00496983	0.005122	0.00526899	0.00541064	0.00554683	0.0056774	0.00580223	0.0059212	0.00603419	0.00614108	0.00624178	0.00633617	0.00642416	0.00650567	0.00658062	0.00664893	0.00671053	0.00676537	0.00681339	0.00685454	0.00688878	0.00691608	0.00693641	0.00694975	0.0069561	0.00695544	0.00694778	0.00693312	0.00691149	0.0068829	0.00684738	0.00680498	0.00675573	0.00669969	0.00663691	0.00656746	0.00649141	0.00640883	0.00631982	0.00622446	0.00612285	0.00601509	0.00590129	0.00578157	0.00565606	0.00552487	0.00538814	0.00524601	0.00509862	0.00494613	0.00478868	0.00462645	0.00445959	0.00428827	0.00411267	0.00393296	0.00374933	0.00356196	0.00337105	0.00317678	0.00297936	0.00277898	0.00257584	0.00237016	0.00216213	0.00195198	0.0017399	0.00152612	0.00131085	0.0010943	0.00087669	0.000658238	0.000439162	0.000219677	0	
0	0.000225427	0.00045059	0.00067526	0.000899208	0.00112221	0.00134403	0.00156445	0.00178325	0.0020002	0.00221509	0.00242771	0.00263783	0.00284526	0.00304977	0.00325117	0.00344925	0.00364382	0.00383467	0.00402163	0.0042045	0.00438311	0.00455726	0.00472679	0.00489153	0.00505131	0.00520598	0.00535538	0.00549936	0.00563777	0.00577049	0.00589737	0.00601829	0.00613313	0.00624178	0.00634412	0.00644006	0.00652949	0.00661234	0.00668852	0.00675795	0.00682056	0.0068763	0.0069251	0.00696693	0.00700173	0.00702948	0.00705014	0.00706371	0.00707016	0.00706949	0.0070617	0.0070468	0.00702481	0.00699576	0.00695966	0.00691656	0.0068665	0.00680954	0.00674574	0.00667515	0.00659785	0.00651392	0.00642345	0.00632652	0.00622325	0.00611372	0.00599806	0.00587638	0.0057488	0.00561546	0.00547649	0.00533203	0.00518223	0.00502723	0.00486721	0.00470231	0.00453272	0.00435859	0.00418011	0.00399745	0.00381081	0.00362037	0.00342633	0.00322888	0.00302821	0.00282455	0.00261808	0.00240902	0.00219759	0.00198399	0.00176843	0.00155115	0.00133234	0.00111224	0.000891066	0.000669033	0.000446364	0.000223279	0	
0	0.000228835	0.000457403	0.000685471	0.000912804	0.00113917	0.00136435	0.0015881	0.00181021	0.00203045	0.00224859	0.00246442	0.00267772	0.00288828	0.00309589	0.00330033	0.00350141	0.00369892	0.00389266	0.00408245	0.00426808	0.00444939	0.00462617	0.00479827	0.0049655	0.0051277	0.00528471	0.00543636	0.00558252	0.00572303	0.00585775	0.00598655	0.0061093	0.00622588	0.00633617	0.00644006	0.00653744	0.00662823	0.00671234	0.00678966	0.00686015	0.00692371	0.00698029	0.00702983	0.00707229	0.00710762	0.00713578	0.00715676	0.00717053	0.00717708	0.0071764	0.00716849	0.00715337	0.00713105	0.00710155	0.00706491	0.00702116	0.00697035	0.00691252	0.00684775	0.0067761	0.00669763	0.00661243	0.00652059	0.0064222	0.00631736	0.00620618	0.00608877	0.00596525	0.00583574	0.00570038	0.00555931	0.00541267	0.0052606	0.00510326	0.00494082	0.00477343	0.00460127	0.00442451	0.00424333	0.00405791	0.00386845	0.00367513	0.00347815	0.00327771	0.00307401	0.00286727	0.00265768	0.00244546	0.00223083	0.00201399	0.00179518	0.00157461	0.00135249	0.00112907	0.000904543	0.000679152	0.000453115	0.000226656	0	
