0	0	0	0	0	0	0	0	0	0	0	0	0	0	0	0	0	0	0	0	0	0	0	0	0	0	0	0	0	0	0	0	0	0	0	0	0	0	0	0	0	0	0	0	0	0	0	0	0	0	0	0	0	0	0	0	0	0	0	0	0	0	0	0	0	0	0	0	0	0	0	0	0	0	0	0	0	0	0	0	0	0	0	0	0	0	0	0	0	0	0	0	0	0	0	0	0	0	0	0	
0	7.61425e-06	1.52194e-05	2.28078e-05	3.03716e-05	3.79032e-05	4.53949e-05	5.28391e-05	6.02284e-05	6.75553e-05	7.48125e-05	8.19926e-05	8.90885e-05	9.6093e-05	0.000102999	0.0001098	0.000116489	0.000123059	0.000129504	0.000135817	0.000141992	0.000148022	0.000153903	0.000159627	0.000165189	0.000170584	0.000175806	0.00018085	0.000185711	0.000190384	0.000194865	0.000199149	0.000203231	0.000207108	0.000210775	0.00021423	0.000217469	0.000220488	0.000223284	0.000225855	0.000228199	0.000230312	0.000232193	0.00023384	0.000235251	0.000236425	0.000237361	0.000238057	0.000238514	0.000238731	0.000238707	0.000238443	0.000237939	0.000237195	0.000236213	0.000234993	0.000233536	0.000231845	0.000229921	0.000227765	0.000225381	0.00022277	0.000219935	0.000216879	0.000213605	0.000210117	0.000206418	0.000202512	0.000198403	0.000194094	0.000189591	0.000184898	0.00018002	0.000174961	0.000169727	0.000164323	0.000158755	0.000153029	0.000147149	0.000141122	0.000134955	0.000128653	0.000122223	0.000115671	0.000109004	0.000102229	9.53528e-05	8.8382e-05	8.13238e-05	7.41855e-05	6.69741e-05	5.9697e-05	5.23615e-05	4.4975e-05	3.75448e-05	3.00785e-05	2.25834e-05	1.5067e-05	7.53669e-06	0	
0	1.52194e-05	3.04208e-05	4.55886e-05	6.07072e-05	7.57615e-05	9.0736e-05	0.000105616	0.000120386	0.000135031	0.000149537	0.000163888	0.000178072	0.000192073	0.000205877	0.000219471	0.000232841	0.000245973	0.000258855	0.000271473	0.000283816	0.00029587	0.000307624	0.000319066	0.000330184	0.000340967	0.000351405	0.000361488	0.000371204	0.000380545	0.000389501	0.000398063	0.000406223	0.000413972	0.000421303	0.000428209	0.000434682	0.000440717	0.000446306	0.000451446	0.00045613	0.000460354	0.000464113	0.000467405	0.000470226	0.000472572	0.000474443	0.000475835	0.000476748	0.000477181	0.000477134	0.000476606	0.000475598	0.000474112	0.000472148	0.00046971	0.000466799	0.000463418	0.000459572	0.000455263	0.000450497	0.000445278	0.000439612	0.000433504	0.00042696	0.000419988	0.000412594	0.000404786	0.000396572	0.000387961	0.00037896	0.000369579	0.000359828	0.000349717	0.000339256	0.000328455	0.000317325	0.000305878	0.000294126	0.00028208	0.000269752	0.000257155	0.000244303	0.000231207	0.000217881	0.000204339	0.000190594	0.000176661	0.000162553	0.000148284	0.00013387	0.000119325	0.000104662	8.98977e-05	7.5046e-05	6.0122e-05	4.51405e-05	3.01164e-05	1.50647e-05	0	
0	2.28078e-05	4.55886e-05	6.8319e-05	9.09758e-05	0.000113536	0.000135977	0.000158276	0.00018041	0.000202357	0.000224096	0.000245604	0.000266859	0.000287841	0.000308528	0.0003289	0.000348936	0.000368616	0.000387921	0.000406831	0.000425328	0.000443392	0.000461007	0.000478153	0.000494815	0.000510975	0.000526618	0.000541728	0.000556289	0.000570287	0.000583708	0.00059654	0.000608768	0.000620381	0.000631368	0.000641717	0.000651418	0.000660461	0.000668838	0.00067654	0.000683559	0.000689889	0.000695523	0.000700457	0.000704684	0.0007082	0.000711003	0.00071309	0.000714459	0.000715108	0.000715036	0.000714245	0.000712735	0.000710508	0.000707565	0.000703911	0.000699549	0.000694482	0.000688718	0.000682261	0.000675119	0.000667297	0.000658806	0.000649652	0.000639846	0.000629398	0.000618317	0.000606617	0.000594307	0.000581402	0.000567913	0.000553855	0.000539242	0.000524089	0.000508412	0.000492225	0.000475546	0.000458392	0.00044078	0.000422727	0.000404253	0.000385376	0.000366115	0.000346489	0.000326519	0.000306225	0.000285627	0.000264746	0.000243604	0.000222221	0.00020062	0.000178821	0.000156848	0.000134722	0.000112465	9.00999e-05	6.76484e-05	4.5133e-05	2.25762e-05	0	
0	3.03716e-05	6.07072e-05	9.09758e-05	0.000121146	0.000151189	0.000181072	0.000210766	0.000240241	0.000269467	0.000298414	0.000327055	0.000355359	0.0003833	0.000410848	0.000437975	0.000464656	0.000490864	0.000516571	0.000541753	0.000566383	0.000590439	0.000613895	0.000636728	0.000658916	0.000680435	0.000701266	0.000721386	0.000740776	0.000759417	0.00077729	0.000794377	0.00081066	0.000826125	0.000840755	0.000854536	0.000867454	0.000879497	0.000890652	0.000900908	0.000910256	0.000918685	0.000926188	0.000932757	0.000938386	0.000943069	0.000946802	0.000949581	0.000951403	0.000952267	0.000952172	0.000951119	0.000949108	0.000946142	0.000942224	0.000937357	0.000931548	0.000924802	0.000917126	0.000908528	0.000899016	0.000888601	0.000877294	0.000865105	0.000852047	0.000838133	0.000823378	0.000807797	0.000791405	0.000774219	0.000756258	0.000737538	0.000718079	0.0006979	0.000677023	0.000655469	0.000633258	0.000610415	0.000586962	0.000562923	0.000538321	0.000513184	0.000487535	0.0004614	0.000434807	0.000407783	0.000380354	0.000352548	0.000324394	0.00029592	0.000267155	0.000238127	0.000208867	0.000179402	0.000149764	0.000119981	9.0084e-05	6.01015e-05	3.00636e-05	0	
0	3.79032e-05	7.57615e-05	0.000113536	0.000151189	0.000188681	0.000225974	0.000263032	0.000299816	0.00033629	0.000372416	0.000408159	0.000443483	0.000478352	0.000512732	0.000546587	0.000579885	0.000612591	0.000644673	0.0006761	0.000706839	0.00073686	0.000766133	0.000794628	0.000822318	0.000849175	0.000875171	0.000900281	0.00092448	0.000947743	0.000970048	0.000991372	0.00101169	0.00103099	0.00104925	0.00106645	0.00108257	0.0010976	0.00111152	0.00112432	0.00113599	0.00114651	0.00115587	0.00116407	0.00117109	0.00117694	0.0011816	0.00118507	0.00118734	0.00118842	0.0011883	0.00118699	0.00118448	0.00118077	0.00117588	0.00116981	0.00116256	0.00115414	0.00114456	0.00113383	0.00112196	0.00110897	0.00109485	0.00107964	0.00106335	0.00104598	0.00102757	0.00100812	0.000987666	0.000966218	0.000943802	0.00092044	0.000896155	0.000870973	0.000844919	0.000818019	0.000790301	0.000761793	0.000732523	0.000702522	0.000671821	0.000640449	0.000608439	0.000575824	0.000542636	0.00050891	0.000474679	0.000439978	0.000404842	0.000369306	0.000333407	0.000297181	0.000260664	0.000223893	0.000186905	0.000149736	0.000112424	7.50064e-05	3.75193e-05	0	
0	4.53949e-05	9.0736e-05	0.000135977	0.000181072	0.000225974	0.00027064	0.000315022	0.000359077	0.00040276	0.000446027	0.000488835	0.000531141	0.000572902	0.000614077	0.000654624	0.000694504	0.000733675	0.000772099	0.000809737	0.000846552	0.000882507	0.000917566	0.000951694	0.000984857	0.00101702	0.00104816	0.00107823	0.00110721	0.00113507	0.00116179	0.00118733	0.00121167	0.00123478	0.00125665	0.00127725	0.00129655	0.00131455	0.00133123	0.00134656	0.00136053	0.00137313	0.00138434	0.00139416	0.00140257	0.00140957	0.00141515	0.00141931	0.00142203	0.00142332	0.00142318	0.00142161	0.0014186	0.00141417	0.00140831	0.00140104	0.00139236	0.00138227	0.0013708	0.00135795	0.00134373	0.00132817	0.00131126	0.00129305	0.00127353	0.00125273	0.00123068	0.00120739	0.00118289	0.0011572	0.00113036	0.00110238	0.00107329	0.00104313	0.00101193	0.000979711	0.000946514	0.000912371	0.000877316	0.000841386	0.000804615	0.000767043	0.000728706	0.000689644	0.000649896	0.000609503	0.000568506	0.000526946	0.000484865	0.000442306	0.000399311	0.000355924	0.000312189	0.00026815	0.00022385	0.000179334	0.000134647	8.98329e-05	4.49357e-05	0	
0	5.28391e-05	0.000105616	0.000158276	0.000210766	0.000263032	0.000315022	0.000366683	0.000417962	0.000468809	0.000519172	0.000569	0.000618244	0.000666854	0.000714781	0.000761978	0.000808398	0.000853993	0.000898718	0.000942529	0.000985381	0.00102723	0.00106804	0.00110777	0.00114637	0.00118381	0.00122005	0.00125505	0.00128879	0.00132122	0.00135232	0.00138204	0.00141037	0.00143728	0.00146273	0.00148671	0.00150918	0.00153014	0.00154954	0.00156739	0.00158365	0.00159831	0.00161137	0.0016228	0.00163259	0.00164074	0.00164723	0.00165207	0.00165524	0.00165674	0.00165658	0.00165475	0.00165125	0.00164609	0.00163927	0.0016308	0.0016207	0.00160896	0.00159561	0.00158065	0.0015641	0.00154598	0.00152631	0.0015051	0.00148238	0.00145818	0.00143251	0.0014054	0.00137688	0.00134698	0.00131573	0.00128316	0.00124931	0.0012142	0.00117788	0.00114038	0.00110174	0.001062	0.00102119	0.000979371	0.000936571	0.000892837	0.000848213	0.000802745	0.000756479	0.000709462	0.000661741	0.000613365	0.000564383	0.000514844	0.000464798	0.000414296	0.000363389	0.000312127	0.000260562	0.000208746	0.00015673	0.000104566	5.23053e-05	0	
0	6.02284e-05	0.000120386	0.00018041	0.000240241	0.000299816	0.000359077	0.000417962	0.000476413	0.000534371	0.000591777	0.000648574	0.000704705	0.000760113	0.000814743	0.000868541	0.000921452	0.000973423	0.0010244	0.00107434	0.00112319	0.00117089	0.00121741	0.00126269	0.00130669	0.00134936	0.00139067	0.00143057	0.00146903	0.00150599	0.00154144	0.00157532	0.00160762	0.00163828	0.0016673	0.00169463	0.00172025	0.00174413	0.00176625	0.00178659	0.00180513	0.00182184	0.00183672	0.00184975	0.00186091	0.0018702	0.0018776	0.00188311	0.00188673	0.00188844	0.00188825	0.00188617	0.00188218	0.0018763	0.00186853	0.00185888	0.00184736	0.00183398	0.00181876	0.00180171	0.00178284	0.00176219	0.00173977	0.00171559	0.0016897	0.00166211	0.00163285	0.00160195	0.00156944	0.00153536	0.00149974	0.00146262	0.00142403	0.00138401	0.00134261	0.00129987	0.00125582	0.00121052	0.00116401	0.00111634	0.00106755	0.0010177	0.000966839	0.000915013	0.000862276	0.000808684	0.000754289	0.000699148	0.000643315	0.000586848	0.000529803	0.000472238	0.000414211	0.00035578	0.000297004	0.000237941	0.00017865	0.00011919	5.96207e-05	0	
0	6.75553e-05	0.000135031	0.000202357	0.000269467	0.00033629	0.00040276	0.000468809	0.000534371	0.00059938	0.00066377	0.000727476	0.000790436	0.000852585	0.000913861	0.000974204	0.00103355	0.00109185	0.00114903	0.00120504	0.00125983	0.00131334	0.00136551	0.0014163	0.00146566	0.00151352	0.00155986	0.00160461	0.00164775	0.00168921	0.00172897	0.00176697	0.00180319	0.00183759	0.00187014	0.00190079	0.00192953	0.00195631	0.00198113	0.00200394	0.00202473	0.00204348	0.00206017	0.00207479	0.00208731	0.00209772	0.00210603	0.00211221	0.00211626	0.00211819	0.00211798	0.00211563	0.00211116	0.00210456	0.00209585	0.00208503	0.0020721	0.0020571	0.00204002	0.0020209	0.00199974	0.00197658	0.00195142	0.00192431	0.00189527	0.00186432	0.0018315	0.00179684	0.00176038	0.00172215	0.0016822	0.00164056	0.00159728	0.00155239	0.00150596	0.00145801	0.00140861	0.0013578	0.00130563	0.00125216	0.00119743	0.00114152	0.00108447	0.00102633	0.000967182	0.000907069	0.000846057	0.000784207	0.000721582	0.000658246	0.000594261	0.000529692	0.000464606	0.000399066	0.000333138	0.00026689	0.000200385	0.000133692	6.68745e-05	0	
0	7.48125e-05	0.000149537	0.000224096	0.000298414	0.000372416	0.000446027	0.000519172	0.000591777	0.00066377	0.000735077	0.000805628	0.000875351	0.000944177	0.00101204	0.00107886	0.00114459	0.00120914	0.00127247	0.0013345	0.00139517	0.00145443	0.00151221	0.00156846	0.00162311	0.00167612	0.00172743	0.001777	0.00182476	0.00187068	0.00191471	0.0019568	0.00199691	0.00203501	0.00207105	0.00210499	0.00213682	0.00216648	0.00219396	0.00221923	0.00224225	0.00226302	0.0022815	0.00229768	0.00231155	0.00232309	0.00233228	0.00233913	0.00234362	0.00234575	0.00234551	0.00234292	0.00233797	0.00233066	0.00232101	0.00230902	0.00229471	0.0022781	0.00225919	0.00223801	0.00221458	0.00218892	0.00216107	0.00213105	0.00209888	0.00206461	0.00202826	0.00198988	0.0019495	0.00190717	0.00186292	0.00181681	0.00176888	0.00171917	0.00166775	0.00161465	0.00155994	0.00150367	0.0014459	0.00138668	0.00132608	0.00126416	0.00120097	0.0011366	0.00107109	0.00100452	0.000936953	0.000868459	0.000799106	0.000728964	0.000658105	0.0005866	0.000514521	0.00044194	0.00036893	0.000295563	0.000221914	0.000148055	7.40594e-05	0	
0	8.19926e-05	0.000163888	0.000245604	0.000327055	0.000408159	0.000488835	0.000569	0.000648574	0.000727476	0.000805628	0.00088295	0.000959365	0.0010348	0.00110917	0.00118241	0.00125444	0.00132519	0.0013946	0.00146258	0.00152908	0.00159402	0.00165735	0.001719	0.0017789	0.001837	0.00189323	0.00194755	0.0019999	0.00205023	0.00209848	0.00214461	0.00218858	0.00223033	0.00226983	0.00230703	0.00234191	0.00237442	0.00240454	0.00243223	0.00245746	0.00248022	0.00250048	0.00251822	0.00253341	0.00254606	0.00255614	0.00256364	0.00256856	0.00257089	0.00257064	0.0025678	0.00256237	0.00255436	0.00254378	0.00253065	0.00251496	0.00249675	0.00247603	0.00245282	0.00242714	0.00239902	0.00236849	0.00233559	0.00230033	0.00226277	0.00222294	0.00218087	0.00213662	0.00209022	0.00204173	0.00199119	0.00193866	0.00188418	0.00182782	0.00176963	0.00170967	0.00164799	0.00158468	0.00151978	0.00145336	0.00138549	0.00131625	0.00124569	0.0011739	0.00110094	0.00102689	0.000951817	0.000875807	0.000798934	0.000721273	0.000642905	0.000563907	0.00048436	0.000404342	0.000323933	0.000243215	0.000162266	8.11681e-05	0	
0	8.90885e-05	0.000178072	0.000266859	0.000355359	0.000443483	0.000531141	0.000618244	0.000704705	0.000790436	0.000875351	0.000959365	0.00104239	0.00112435	0.00120516	0.00128474	0.00136301	0.00143988	0.00151529	0.00158916	0.00166142	0.00173198	0.00180079	0.00186777	0.00193285	0.00199598	0.00205709	0.00211611	0.00217299	0.00222767	0.0022801	0.00233022	0.00237799	0.00242336	0.00246627	0.0025067	0.0025446	0.00257992	0.00261265	0.00264273	0.00267015	0.00269488	0.00271689	0.00273616	0.00275268	0.00276641	0.00277736	0.00278552	0.00279086	0.0027934	0.00279312	0.00279003	0.00278414	0.00277544	0.00276394	0.00274967	0.00273263	0.00271284	0.00269033	0.0026651	0.0026372	0.00260665	0.00257348	0.00253773	0.00249943	0.00245861	0.00241533	0.00236962	0.00232154	0.00227113	0.00221844	0.00216353	0.00210645	0.00204726	0.00198602	0.00192279	0.00185764	0.00179063	0.00172183	0.00165131	0.00157915	0.00150541	0.00143017	0.00135351	0.0012755	0.00119622	0.00111576	0.0010342	0.00095161	0.000868083	0.000783701	0.00069855	0.000612715	0.000526282	0.000439339	0.000351971	0.000264266	0.000176311	8.81935e-05	0	
0	9.6093e-05	0.000192073	0.000287841	0.0003833	0.000478352	0.000572902	0.000666854	0.000760113	0.000852585	0.000944177	0.0010348	0.00112435	0.00121276	0.00129992	0.00138576	0.00147018	0.0015531	0.00163444	0.00171412	0.00179205	0.00186816	0.00194238	0.00201463	0.00208483	0.00215292	0.00221883	0.0022825	0.00234385	0.00240283	0.00245938	0.00251345	0.00256497	0.0026139	0.00266019	0.0027038	0.00274468	0.00278278	0.00281808	0.00285053	0.00288011	0.00290678	0.00293052	0.00295131	0.00296912	0.00298394	0.00299575	0.00300454	0.00301031	0.00301304	0.00301275	0.00300941	0.00300305	0.00299367	0.00298127	0.00296588	0.0029475	0.00292615	0.00290187	0.00287466	0.00284457	0.00281162	0.00277584	0.00273727	0.00269596	0.00265193	0.00260525	0.00255595	0.00250409	0.00244971	0.00239288	0.00233365	0.00227208	0.00220823	0.00214218	0.00207398	0.00200371	0.00193143	0.00185722	0.00178116	0.00170332	0.00162378	0.00154263	0.00145994	0.00137579	0.00129029	0.0012035	0.00111552	0.00102644	0.000936343	0.000845326	0.000753479	0.000660895	0.000567666	0.000473886	0.000379648	0.000285046	0.000190175	9.51286e-05	0	
0	0.000102999	0.000205877	0.000308528	0.000410848	0.000512732	0.000614077	0.000714781	0.000814743	0.000913861	0.00101204	0.00110917	0.00120516	0.00129992	0.00139335	0.00148535	0.00157584	0.00166472	0.00175191	0.00183731	0.00192085	0.00200243	0.00208199	0.00215943	0.00223468	0.00230766	0.00237831	0.00244655	0.00251231	0.00257553	0.00263615	0.0026941	0.00274932	0.00280177	0.00285139	0.00289813	0.00294195	0.00298279	0.00302062	0.00305541	0.00308711	0.0031157	0.00314115	0.00316343	0.00318252	0.0031984	0.00321107	0.00322049	0.00322667	0.00322961	0.00322929	0.00322571	0.0032189	0.00320884	0.00319555	0.00317905	0.00315935	0.00313647	0.00311044	0.00308128	0.00304902	0.0030137	0.00297535	0.00293401	0.00288973	0.00284254	0.0027925	0.00273966	0.00268407	0.00262578	0.00256487	0.00250138	0.00243539	0.00236695	0.00229615	0.00222305	0.00214772	0.00207025	0.00199071	0.00190918	0.00182575	0.00174049	0.00165351	0.00156487	0.00147468	0.00138303	0.00129	0.0011957	0.00110022	0.00100364	0.000906086	0.000807638	0.000708399	0.000608469	0.000507948	0.000406936	0.000305535	0.000203845	0.000101966	0	
0	0.0001098	0.000219471	0.0003289	0.000437975	0.000546587	0.000654624	0.000761978	0.000868541	0.000974204	0.00107886	0.00118241	0.00128474	0.00138576	0.00148535	0.00158343	0.0016799	0.00177465	0.00186759	0.00195863	0.00204769	0.00213466	0.00221946	0.00230202	0.00238223	0.00246004	0.00253535	0.0026081	0.0026782	0.0027456	0.00281022	0.00287199	0.00293087	0.00298678	0.00303968	0.0030895	0.00313621	0.00317975	0.00322008	0.00325716	0.00329096	0.00332144	0.00334857	0.00337232	0.00339267	0.0034096	0.0034231	0.00343315	0.00343974	0.00344287	0.00344253	0.00343872	0.00343145	0.00342073	0.00340656	0.00338897	0.00336797	0.00334358	0.00331583	0.00328475	0.00325036	0.00321271	0.00317183	0.00312776	0.00308055	0.00303025	0.0029769	0.00292057	0.00286131	0.00279918	0.00273424	0.00266656	0.00259621	0.00252325	0.00244777	0.00236985	0.00228955	0.00220696	0.00212217	0.00203525	0.00194631	0.00185543	0.0017627	0.00166821	0.00157206	0.00147436	0.00137519	0.00127466	0.00117287	0.00106992	0.000965921	0.000860972	0.000755179	0.00064865	0.000541491	0.000433809	0.000325712	0.000217306	0.0001087	0	
0	0.000116489	0.000232841	0.000348936	0.000464656	0.000579885	0.000694504	0.000808398	0.000921452	0.00103355	0.00114459	0.00125444	0.00136301	0.00147018	0.00157584	0.0016799	0.00178224	0.00188276	0.00198137	0.00207796	0.00217243	0.0022647	0.00235468	0.00244226	0.00252736	0.00260991	0.00268981	0.00276699	0.00284136	0.00291286	0.00298142	0.00304696	0.00310942	0.00316874	0.00322486	0.00327772	0.00332727	0.00337347	0.00341626	0.0034556	0.00349145	0.00352379	0.00355257	0.00357777	0.00359936	0.00361733	0.00363165	0.00364231	0.0036493	0.00365261	0.00365225	0.00364821	0.0036405	0.00362913	0.0036141	0.00359544	0.00357316	0.00354728	0.00351784	0.00348486	0.00344838	0.00340843	0.00336506	0.00331831	0.00326823	0.00321486	0.00315827	0.0030985	0.00303563	0.00296971	0.00290082	0.00282901	0.00275438	0.00267698	0.0025969	0.00251423	0.00242904	0.00234142	0.00225146	0.00215925	0.00206489	0.00196847	0.00187009	0.00176984	0.00166784	0.00156418	0.00145897	0.00135232	0.00124433	0.00113511	0.00102477	0.000913427	0.000801189	0.00068817	0.000574482	0.00046024	0.000345557	0.000230546	0.000115323	0	
0	0.000123059	0.000245973	0.000368616	0.000490864	0.000612591	0.000733675	0.000853993	0.000973423	0.00109185	0.00120914	0.00132519	0.00143988	0.0015531	0.00166472	0.00177465	0.00188276	0.00198895	0.00209312	0.00219516	0.00229497	0.00239244	0.00248749	0.00258001	0.00266992	0.00275712	0.00284152	0.00292305	0.00300163	0.00307716	0.00314958	0.00321882	0.00328481	0.00334747	0.00340676	0.0034626	0.00351495	0.00356375	0.00360895	0.00365051	0.00368839	0.00372255	0.00375295	0.00377957	0.00380238	0.00382136	0.00383649	0.00384775	0.00385514	0.00385864	0.00385826	0.00385399	0.00384585	0.00383383	0.00381795	0.00379824	0.0037747	0.00374737	0.00371627	0.00368143	0.00364289	0.00360069	0.00355487	0.00350548	0.00345257	0.00339619	0.00333641	0.00327327	0.00320686	0.00313722	0.00306444	0.00298859	0.00290974	0.00282798	0.00274338	0.00265604	0.00256605	0.00247349	0.00237845	0.00228105	0.00218136	0.0020795	0.00197557	0.00186968	0.00176192	0.00165241	0.00154127	0.0014286	0.00131452	0.00119914	0.00108258	0.000964951	0.000846383	0.000726989	0.000606888	0.000486201	0.000365049	0.000243551	0.000121828	0	
0	0.000129504	0.000258855	0.000387921	0.000516571	0.000644673	0.000772099	0.000898718	0.0010244	0.00114903	0.00127247	0.0013946	0.00151529	0.00163444	0.00175191	0.00186759	0.00198137	0.00209312	0.00220274	0.00231013	0.00241516	0.00251774	0.00261777	0.00271513	0.00280975	0.00290152	0.00299035	0.00307615	0.00315883	0.00323832	0.00331454	0.0033874	0.00345685	0.00352279	0.00358518	0.00364395	0.00369904	0.00375039	0.00379796	0.0038417	0.00388156	0.00391751	0.00394951	0.00397752	0.00400153	0.0040215	0.00403742	0.00404927	0.00405705	0.00406074	0.00406033	0.00405584	0.00404727	0.00403463	0.00401792	0.00399717	0.0039724	0.00394364	0.00391091	0.00387424	0.00383369	0.00378928	0.00374106	0.00368908	0.0036334	0.00357407	0.00351116	0.00344471	0.00337482	0.00330153	0.00322494	0.00314512	0.00306214	0.0029761	0.00288707	0.00279516	0.00270045	0.00260304	0.00250303	0.00240052	0.00229561	0.00218842	0.00207905	0.0019676	0.0018542	0.00173896	0.001622	0.00150343	0.00138337	0.00126194	0.00113928	0.00101549	0.000890715	0.000765067	0.000638676	0.000511668	0.00038417	0.000256308	0.000128209	0	
0	0.000135817	0.000271473	0.000406831	0.000541753	0.0006761	0.000809737	0.000942529	0.00107434	0.00120504	0.0013345	0.00146258	0.00158916	0.00171412	0.00183731	0.00195863	0.00207796	0.00219516	0.00231013	0.00242274	0.0025329	0.00264048	0.00274538	0.0028475	0.00294672	0.00304297	0.00313612	0.00322611	0.00331283	0.00339619	0.00347612	0.00355254	0.00362537	0.00369453	0.00375996	0.00382159	0.00387937	0.00393323	0.00398312	0.00402899	0.00407079	0.00410849	0.00414205	0.00417143	0.00419661	0.00421755	0.00423425	0.00424668	0.00425483	0.0042587	0.00425828	0.00425357	0.00424458	0.00423132	0.0042138	0.00419204	0.00416606	0.00413589	0.00410157	0.00406312	0.00402058	0.00397401	0.00392344	0.00386893	0.00381054	0.00374831	0.00368233	0.00361265	0.00353935	0.00346249	0.00338216	0.00329845	0.00321143	0.00312119	0.00302782	0.00293143	0.0028321	0.00272994	0.00262506	0.00251755	0.00240753	0.00229511	0.00218041	0.00206353	0.0019446	0.00182374	0.00170107	0.00157672	0.00145081	0.00132347	0.00119482	0.001065	0.000934141	0.000802367	0.000669814	0.000536614	0.0004029	0.000268804	0.00013446	0	
0	0.000141992	0.000283816	0.000425328	0.000566383	0.000706839	0.000846552	0.000985381	0.00112319	0.00125983	0.00139517	0.00152908	0.00166142	0.00179205	0.00192085	0.00204769	0.00217243	0.00229497	0.00241516	0.0025329	0.00264806	0.00276053	0.0028702	0.00297696	0.0030807	0.00318132	0.00327872	0.00337279	0.00346345	0.00355061	0.00363417	0.00371407	0.0037902	0.00386251	0.00393092	0.00399535	0.00405576	0.00411206	0.00416422	0.00421218	0.00425588	0.0042953	0.00433038	0.0043611	0.00438742	0.00440932	0.00442677	0.00443977	0.00444829	0.00445234	0.0044519	0.00444697	0.00443757	0.00442371	0.00440539	0.00438264	0.00435549	0.00432395	0.00428806	0.00424786	0.00420339	0.0041547	0.00410183	0.00404485	0.0039838	0.00391875	0.00384976	0.00377691	0.00370028	0.00361993	0.00353595	0.00344842	0.00335745	0.0032631	0.0031655	0.00306472	0.00296088	0.00285407	0.00274442	0.00263202	0.002517	0.00239947	0.00227955	0.00215736	0.00203302	0.00190667	0.00177842	0.00164842	0.00151678	0.00138365	0.00124915	0.00111343	0.000976617	0.000838852	0.000700271	0.000561015	0.00042122	0.000281027	0.000140574	0	
0	0.000148022	0.00029587	0.000443392	0.000590439	0.00073686	0.000882507	0.00102723	0.00117089	0.00131334	0.00145443	0.00159402	0.00173198	0.00186816	0.00200243	0.00213466	0.0022647	0.00239244	0.00251774	0.00264048	0.00276053	0.00287778	0.00299211	0.00310341	0.00321155	0.00331644	0.00341798	0.00351605	0.00361056	0.00370142	0.00378853	0.00387182	0.00395119	0.00402657	0.00409788	0.00416505	0.00422802	0.00428672	0.00434109	0.00439109	0.00443665	0.00447774	0.00451431	0.00454633	0.00457377	0.0045966	0.0046148	0.00462835	0.00463723	0.00464145	0.00464099	0.00463586	0.00462606	0.00461161	0.00459251	0.0045688	0.00454049	0.00450761	0.0044702	0.00442829	0.00438193	0.00433117	0.00427606	0.00421665	0.00415301	0.0040852	0.00401328	0.00393734	0.00385745	0.00377369	0.00368614	0.0035949	0.00350006	0.00340171	0.00329995	0.0031949	0.00308664	0.0029753	0.00286099	0.00274382	0.00262392	0.00250139	0.00237638	0.002249	0.00211938	0.00198766	0.00185396	0.00171844	0.00158121	0.00144242	0.00130221	0.00116073	0.0010181	0.000874484	0.000730017	0.000584845	0.000439113	0.000292965	0.000146546	0	
0	0.000153903	0.000307624	0.000461007	0.000613895	0.000766133	0.000917566	0.00106804	0.00121741	0.00136551	0.00151221	0.00165735	0.00180079	0.00194238	0.00208199	0.00221946	0.00235468	0.00248749	0.00261777	0.00274538	0.0028702	0.00299211	0.00311098	0.0032267	0.00333914	0.0034482	0.00355377	0.00365573	0.003754	0.00384847	0.00393905	0.00402564	0.00410817	0.00418654	0.00426068	0.00433053	0.004396	0.00445703	0.00451356	0.00456554	0.00461291	0.00465564	0.00469366	0.00472696	0.00475548	0.00477922	0.00479814	0.00481223	0.00482147	0.00482585	0.00482537	0.00482004	0.00480985	0.00479482	0.00477497	0.00475031	0.00472088	0.00468669	0.0046478	0.00460423	0.00455603	0.00450325	0.00444595	0.00438418	0.00431801	0.0042475	0.00417273	0.00409377	0.0040107	0.00392362	0.00383259	0.00373773	0.00363912	0.00353686	0.00343106	0.00332183	0.00320928	0.00309351	0.00297466	0.00285284	0.00272817	0.00260077	0.00247079	0.00233835	0.00220358	0.00206663	0.00192763	0.00178671	0.00164403	0.00149973	0.00135395	0.00120684	0.00105855	0.000909229	0.000759023	0.000608083	0.00045656	0.000304605	0.000152368	0	
0	0.000159627	0.000319066	0.000478153	0.000636728	0.000794628	0.000951694	0.00110777	0.00126269	0.0014163	0.00156846	0.001719	0.00186777	0.00201463	0.00215943	0.00230202	0.00244226	0.00258001	0.00271513	0.0028475	0.00297696	0.00310341	0.0032267	0.00334672	0.00346334	0.00357646	0.00368595	0.00379171	0.00389363	0.00399162	0.00408556	0.00417538	0.00426097	0.00434226	0.00441916	0.0044916	0.00455951	0.00462281	0.00468145	0.00473536	0.0047845	0.00482881	0.00486825	0.00490278	0.00493237	0.00495699	0.00497662	0.00499123	0.00500081	0.00500536	0.00500486	0.00499933	0.00498876	0.00497318	0.00495258	0.00492701	0.00489648	0.00486102	0.00482068	0.00477549	0.0047255	0.00467076	0.00461133	0.00454726	0.00447863	0.0044055	0.00432794	0.00424605	0.00415989	0.00406956	0.00397515	0.00387676	0.00377448	0.00366842	0.00355869	0.0034454	0.00332865	0.00320859	0.00308531	0.00295896	0.00282965	0.00269752	0.0025627	0.00242533	0.00228555	0.00214351	0.00199933	0.00185318	0.00170519	0.00155552	0.00140432	0.00125174	0.00109793	0.000943052	0.000787258	0.000630703	0.000473544	0.000315936	0.000158036	0	
0	0.000165189	0.000330184	0.000494815	0.000658916	0.000822318	0.000984857	0.00114637	0.00130669	0.00146566	0.00162311	0.0017789	0.00193285	0.00208483	0.00223468	0.00238223	0.00252736	0.00266992	0.00280975	0.00294672	0.0030807	0.00321155	0.00333914	0.00346334	0.00358403	0.00370109	0.0038144	0.00392384	0.00402932	0.00413072	0.00422794	0.00432088	0.00440946	0.00449358	0.00457316	0.00464813	0.0047184	0.00478391	0.00484459	0.00490038	0.00495123	0.00499708	0.0050379	0.00507364	0.00510426	0.00512974	0.00515004	0.00516516	0.00517508	0.00517979	0.00517928	0.00517355	0.00516262	0.00514649	0.00512518	0.00509871	0.00506712	0.00503043	0.00498868	0.00494191	0.00489018	0.00483353	0.00477203	0.00470573	0.0046347	0.00455903	0.00447877	0.00439402	0.00430486	0.00421139	0.00411369	0.00401186	0.00390602	0.00379627	0.00368271	0.00356547	0.00344466	0.00332041	0.00319283	0.00306208	0.00292826	0.00279153	0.00265201	0.00250986	0.00236521	0.00221821	0.00206901	0.00191776	0.00176462	0.00160973	0.00145326	0.00129536	0.00113619	0.000975918	0.000814695	0.000652684	0.000490048	0.000326947	0.000163544	0	
0	0.000170584	0.000340967	0.000510975	0.000680435	0.000849175	0.00101702	0.00118381	0.00134936	0.00151352	0.00167612	0.001837	0.00199598	0.00215292	0.00230766	0.00246004	0.00260991	0.00275712	0.00290152	0.00304297	0.00318132	0.00331644	0.0034482	0.00357646	0.00370109	0.00382197	0.00393898	0.004052	0.00416092	0.00426563	0.00436603	0.00446201	0.00455348	0.00464035	0.00472253	0.00479994	0.00487251	0.00494016	0.00500282	0.00506043	0.00511294	0.0051603	0.00520245	0.00523935	0.00527097	0.00529728	0.00531825	0.00533387	0.00534411	0.00534897	0.00534844	0.00534253	0.00533124	0.00531458	0.00529258	0.00526525	0.00523262	0.00519473	0.00515162	0.00510332	0.0050499	0.0049914	0.00492789	0.00485943	0.00478608	0.00470793	0.00462506	0.00453754	0.00444547	0.00434894	0.00424805	0.0041429	0.0040336	0.00392026	0.003803	0.00368193	0.00355717	0.00342886	0.00329712	0.00316209	0.00302391	0.00288271	0.00273864	0.00259184	0.00244246	0.00229066	0.00213659	0.0019804	0.00182225	0.00166231	0.00150073	0.00133767	0.00117331	0.0010078	0.000841306	0.000674004	0.000506055	0.000337627	0.000168886	0	
0	0.000175806	0.000351405	0.000526618	0.000701266	0.000875171	0.00104816	0.00122005	0.00139067	0.00155986	0.00172743	0.00189323	0.00205709	0.00221883	0.00237831	0.00253535	0.00268981	0.00284152	0.00299035	0.00313612	0.00327872	0.00341798	0.00355377	0.00368595	0.0038144	0.00393898	0.00405957	0.00417605	0.00428831	0.00439622	0.00449969	0.00459861	0.00469288	0.00478241	0.00486711	0.00494689	0.00502168	0.0050914	0.00515598	0.00521536	0.00526948	0.00531828	0.00536172	0.00539976	0.00543235	0.00545946	0.00548108	0.00549717	0.00550772	0.00551273	0.00551219	0.00550609	0.00549446	0.00547729	0.00545461	0.00542645	0.00539282	0.00535377	0.00530934	0.00525957	0.00520451	0.00514422	0.00507877	0.00500821	0.00493262	0.00485207	0.00476666	0.00467646	0.00458158	0.00448209	0.00437811	0.00426974	0.0041571	0.00404029	0.00391943	0.00379465	0.00366608	0.00353384	0.00339807	0.00325891	0.00311649	0.00297097	0.00282248	0.00267119	0.00251724	0.0023608	0.00220201	0.00204104	0.00187805	0.00171321	0.00154668	0.00137863	0.00120923	0.00103865	0.000867066	0.000694641	0.000521549	0.000347965	0.000174058	0	
0	0.00018085	0.000361488	0.000541728	0.000721386	0.000900281	0.00107823	0.00125505	0.00143057	0.00160461	0.001777	0.00194755	0.00211611	0.0022825	0.00244655	0.0026081	0.00276699	0.00292305	0.00307615	0.00322611	0.00337279	0.00351605	0.00365573	0.00379171	0.00392384	0.004052	0.00417605	0.00429588	0.00441135	0.00452236	0.0046288	0.00473056	0.00482754	0.00491964	0.00500676	0.00508884	0.00516577	0.00523749	0.00530393	0.00536501	0.00542068	0.00547088	0.00551557	0.00555469	0.00558822	0.00561611	0.00563835	0.0056549	0.00566576	0.00567091	0.00567035	0.00566408	0.00565211	0.00563446	0.00561113	0.00558215	0.00554756	0.00550739	0.00546169	0.00541049	0.00535385	0.00529183	0.0052245	0.00515191	0.00507416	0.0049913	0.00490344	0.00481065	0.00471304	0.0046107	0.00450374	0.00439226	0.00427638	0.00415622	0.0040319	0.00390354	0.00377128	0.00363524	0.00349558	0.00335242	0.00320592	0.00305622	0.00290348	0.00274784	0.00258948	0.00242854	0.00226519	0.0020996	0.00193194	0.00176237	0.00159106	0.00141819	0.00124393	0.00106846	0.000891947	0.000714574	0.000536516	0.00035795	0.000179052	0	
0	0.000185711	0.000371204	0.000556289	0.000740776	0.00092448	0.00110721	0.00128879	0.00146903	0.00164775	0.00182476	0.0019999	0.00217299	0.00234385	0.00251231	0.0026782	0.00284136	0.00300163	0.00315883	0.00331283	0.00346345	0.00361056	0.003754	0.00389363	0.00402932	0.00416092	0.00428831	0.00441135	0.00452993	0.00464393	0.00475323	0.00485772	0.0049573	0.00505188	0.00514135	0.00522563	0.00530463	0.00537828	0.0054465	0.00550923	0.00556639	0.00561795	0.00566383	0.00570401	0.00573844	0.00576708	0.00578991	0.00580691	0.00581806	0.00582335	0.00582278	0.00581634	0.00580405	0.00578592	0.00576196	0.00573221	0.00569669	0.00565544	0.00560851	0.00555593	0.00549777	0.00543409	0.00536494	0.00529041	0.00521056	0.00512548	0.00503525	0.00493997	0.00483974	0.00473465	0.00462481	0.00451034	0.00439134	0.00426795	0.00414029	0.00400848	0.00387266	0.00373297	0.00358955	0.00344254	0.0032921	0.00313838	0.00298153	0.00282171	0.00265909	0.00249383	0.00232609	0.00215605	0.00198388	0.00180975	0.00163383	0.00145632	0.00127737	0.00109718	0.000915926	0.000733785	0.00055094	0.000367573	0.000183866	0	
0	0.000190384	0.000380545	0.000570287	0.000759417	0.000947743	0.00113507	0.00132122	0.00150599	0.00168921	0.00187068	0.00205023	0.00222767	0.00240283	0.00257553	0.0027456	0.00291286	0.00307716	0.00323832	0.00339619	0.00355061	0.00370142	0.00384847	0.00399162	0.00413072	0.00426563	0.00439622	0.00452236	0.00464393	0.00476079	0.00487284	0.00497997	0.00508206	0.00517901	0.00527074	0.00535714	0.00543813	0.00551363	0.00558357	0.00564787	0.00570647	0.00575932	0.00580637	0.00584756	0.00588285	0.00591222	0.00593562	0.00595305	0.00596448	0.0059699	0.00596932	0.00596272	0.00595012	0.00593153	0.00590697	0.00587647	0.00584005	0.00579777	0.00574965	0.00569575	0.00563613	0.00557084	0.00549996	0.00542355	0.00534169	0.00525447	0.00516197	0.0050643	0.00496154	0.0048538	0.0047412	0.00462385	0.00450186	0.00437536	0.00424448	0.00410936	0.00397012	0.00382692	0.00367989	0.00352918	0.00337496	0.00321736	0.00305657	0.00289273	0.00272601	0.00255659	0.00238463	0.00221031	0.00203381	0.00185529	0.00167495	0.00149297	0.00130952	0.0011248	0.000938978	0.000752253	0.000564806	0.000376824	0.000188494	0	
0	0.000194865	0.000389501	0.000583708	0.00077729	0.000970048	0.00116179	0.00135232	0.00154144	0.00172897	0.00191471	0.00209848	0.0022801	0.00245938	0.00263615	0.00281022	0.00298142	0.00314958	0.00331454	0.00347612	0.00363417	0.00378853	0.00393905	0.00408556	0.00422794	0.00436603	0.00449969	0.0046288	0.00475323	0.00487284	0.00498753	0.00509718	0.00520167	0.00530091	0.00539479	0.00548322	0.00556612	0.0056434	0.00571498	0.0057808	0.00584078	0.00589488	0.00594303	0.00598519	0.00602131	0.00605137	0.00607533	0.00609317	0.00610486	0.00611042	0.00610981	0.00610306	0.00609016	0.00607114	0.006046	0.00601478	0.00597751	0.00593423	0.00588498	0.00582981	0.00576879	0.00570196	0.00562941	0.0055512	0.00546742	0.00537814	0.00528347	0.0051835	0.00507832	0.00496805	0.0048528	0.00473268	0.00460782	0.00447835	0.00434439	0.00420608	0.00406357	0.00391699	0.0037665	0.00361225	0.0034544	0.00329309	0.00312851	0.00296082	0.00279018	0.00261677	0.00244076	0.00226234	0.00208168	0.00189896	0.00171438	0.00152811	0.00134035	0.00115127	0.000961081	0.00076996	0.000578101	0.000385694	0.000192931	0	
0	0.000199149	0.000398063	0.00059654	0.000794377	0.000991372	0.00118733	0.00138204	0.00157532	0.00176697	0.0019568	0.00214461	0.00233022	0.00251345	0.0026941	0.00287199	0.00304696	0.00321882	0.0033874	0.00355254	0.00371407	0.00387182	0.00402564	0.00417538	0.00432088	0.00446201	0.00459861	0.00473056	0.00485772	0.00497997	0.00509718	0.00520923	0.00531602	0.00541744	0.00551339	0.00560377	0.00568849	0.00576746	0.00584062	0.00590789	0.00596919	0.00602447	0.00607368	0.00611677	0.00615369	0.0061844	0.00620889	0.00622712	0.00623908	0.00624475	0.00624414	0.00623723	0.00622405	0.00620461	0.00617892	0.00614702	0.00610893	0.00606469	0.00601436	0.00595798	0.00589561	0.00582732	0.00575317	0.00567325	0.00558762	0.00549638	0.00539963	0.00529746	0.00518997	0.00507727	0.00495949	0.00483673	0.00470913	0.00457681	0.0044399	0.00429856	0.00415291	0.00400311	0.00384931	0.00369167	0.00353034	0.0033655	0.0031973	0.00302591	0.00285152	0.0026743	0.00249442	0.00231208	0.00212745	0.00194072	0.00175207	0.00156171	0.00136982	0.00117659	0.000982212	0.000786889	0.000590812	0.000394175	0.000197173	0	
0	0.000203231	0.000406223	0.000608768	0.00081066	0.00101169	0.00121167	0.00141037	0.00160762	0.00180319	0.00199691	0.00218858	0.00237799	0.00256497	0.00274932	0.00293087	0.00310942	0.00328481	0.00345685	0.00362537	0.0037902	0.00395119	0.00410817	0.00426097	0.00440946	0.00455348	0.00469288	0.00482754	0.0049573	0.00508206	0.00520167	0.00531602	0.005425	0.0055285	0.00562641	0.00571865	0.0058051	0.0058857	0.00596036	0.006029	0.00609156	0.00614798	0.0061982	0.00624217	0.00627984	0.00631119	0.00633618	0.00635478	0.00636698	0.00637277	0.00637215	0.0063651	0.00635165	0.00633181	0.00630559	0.00627304	0.00623417	0.00618903	0.00613766	0.00608013	0.00601648	0.00594679	0.00587112	0.00578955	0.00570217	0.00560907	0.00551033	0.00540606	0.00529637	0.00518136	0.00506116	0.00493589	0.00480567	0.00467064	0.00453093	0.00438668	0.00423805	0.00408518	0.00392823	0.00376736	0.00360272	0.0034345	0.00326285	0.00308795	0.00290999	0.00272913	0.00254557	0.00235948	0.00217106	0.0019805	0.00178799	0.00159373	0.0013979	0.00120071	0.00100235	0.000803022	0.000602925	0.000402256	0.000201215	0	
0	0.000207108	0.000413972	0.000620381	0.000826125	0.00103099	0.00123478	0.00143728	0.00163828	0.00183759	0.00203501	0.00223033	0.00242336	0.0026139	0.00280177	0.00298678	0.00316874	0.00334747	0.00352279	0.00369453	0.00386251	0.00402657	0.00418654	0.00434226	0.00449358	0.00464035	0.00478241	0.00491964	0.00505188	0.00517901	0.00530091	0.00541744	0.0055285	0.00563397	0.00573376	0.00582775	0.00591585	0.00599799	0.00607407	0.00614402	0.00620778	0.00626527	0.00631645	0.00636126	0.00639965	0.0064316	0.00645706	0.00647602	0.00648846	0.00649436	0.00649372	0.00648654	0.00647283	0.00645261	0.0064259	0.00639272	0.00635311	0.00630711	0.00625476	0.00619613	0.00613127	0.00606025	0.00598314	0.00590001	0.00581097	0.00571608	0.00561546	0.0055092	0.00539742	0.00528022	0.00515773	0.00503006	0.00489736	0.00475975	0.00461738	0.00447038	0.00431891	0.00416313	0.00400318	0.00383924	0.00367146	0.00350002	0.0033251	0.00314687	0.00296551	0.0027812	0.00259414	0.0024045	0.00221249	0.00201829	0.00182211	0.00162414	0.00142457	0.00122362	0.00102148	0.000818345	0.000614429	0.000409932	0.000205055	0	
0	0.000210775	0.000421303	0.000631368	0.000840755	0.00104925	0.00125665	0.00146273	0.0016673	0.00187014	0.00207105	0.00226983	0.00246627	0.00266019	0.00285139	0.00303968	0.00322486	0.00340676	0.00358518	0.00375996	0.00393092	0.00409788	0.00426068	0.00441916	0.00457316	0.00472253	0.00486711	0.00500676	0.00514135	0.00527074	0.00539479	0.00551339	0.00562641	0.00573376	0.0058353	0.00593096	0.00602063	0.00610422	0.00618165	0.00625284	0.00631772	0.00637624	0.00642832	0.00647392	0.006513	0.00654551	0.00657142	0.00659072	0.00660337	0.00660938	0.00660873	0.00660143	0.00658748	0.0065669	0.00653971	0.00650594	0.00646563	0.00641881	0.00636554	0.00630587	0.00623986	0.00616758	0.00608911	0.00600451	0.00591389	0.00581732	0.00571492	0.00560678	0.00549302	0.00537374	0.00524908	0.00511916	0.0049841	0.00484406	0.00469916	0.00454956	0.00439541	0.00423686	0.00407408	0.00390724	0.00373649	0.00356202	0.003384	0.00320261	0.00301803	0.00283046	0.00264008	0.00244709	0.00225168	0.00205404	0.00185438	0.00165291	0.00144981	0.00124529	0.00103957	0.00083284	0.000625313	0.000417193	0.000208687	0	
0	0.00021423	0.000428209	0.000641717	0.000854536	0.00106645	0.00127725	0.00148671	0.00169463	0.00190079	0.00210499	0.00230703	0.0025067	0.0027038	0.00289813	0.0030895	0.00327772	0.0034626	0.00364395	0.00382159	0.00399535	0.00416505	0.00433053	0.0044916	0.00464813	0.00479994	0.00494689	0.00508884	0.00522563	0.00535714	0.00548322	0.00560377	0.00571865	0.00582775	0.00593096	0.00602818	0.00611932	0.00620428	0.00628298	0.00635534	0.00642129	0.00648076	0.0065337	0.00658005	0.00661976	0.00665281	0.00667915	0.00669876	0.00671162	0.00671773	0.00671707	0.00670964	0.00669547	0.00667455	0.00664692	0.0066126	0.00657162	0.00652404	0.0064699	0.00640925	0.00634216	0.00626869	0.00618893	0.00610295	0.00601084	0.00591269	0.00580861	0.0056987	0.00558307	0.00546184	0.00533513	0.00520308	0.00506581	0.00492347	0.0047762	0.00462415	0.00446747	0.00430632	0.00414088	0.00397129	0.00379775	0.00362042	0.00343948	0.00325511	0.00306751	0.00287687	0.00268337	0.00248721	0.00228859	0.00208772	0.00188479	0.00168	0.00147358	0.00126571	0.00105661	0.000846495	0.000635565	0.000424033	0.000212108	0	
0	0.000217469	0.000434682	0.000651418	0.000867454	0.00108257	0.00129655	0.00150918	0.00172025	0.00192953	0.00213682	0.00234191	0.0025446	0.00274468	0.00294195	0.00313621	0.00332727	0.00351495	0.00369904	0.00387937	0.00405576	0.00422802	0.004396	0.00455951	0.0047184	0.00487251	0.00502168	0.00516577	0.00530463	0.00543813	0.00556612	0.00568849	0.0058051	0.00591585	0.00602063	0.00611932	0.00621184	0.00629808	0.00637797	0.00645143	0.00651837	0.00657874	0.00663248	0.00667953	0.00671985	0.00675339	0.00678013	0.00680004	0.0068131	0.00681929	0.00681862	0.00681109	0.0067967	0.00677546	0.00674741	0.00671257	0.00667098	0.00662268	0.00656772	0.00650615	0.00643805	0.00636347	0.0062825	0.00619522	0.00610172	0.00600209	0.00589643	0.00578486	0.00566748	0.00554442	0.0054158	0.00528175	0.00514241	0.00499791	0.00484841	0.00469406	0.00453502	0.00437143	0.00420349	0.00403134	0.00385517	0.00367516	0.00349148	0.00330433	0.00311389	0.00292037	0.00272394	0.00252482	0.0023232	0.00211929	0.00191329	0.00170541	0.00149586	0.00128485	0.00107259	0.000859294	0.000645175	0.000430445	0.000215316	0	
