0	0	0	0	0	0	0	0	0	0	0	0	0	0	0	0	0	0	0	0	0	0	0	0	0	0	0	0	0	0	0	0	0	0	0	0	0	0	0	0	0	0	0	0	0	0	0	0	0	0	0	0	0	0	0	0	0	0	0	0	0	0	0	0	0	0	0	0	0	0	0	0	0	0	0	0	0	0	0	0	0	0	0	0	0	0	0	0	0	0	0	0	0	0	0	0	0	0	0	0	
0	6.88729e-06	1.37663e-05	2.06299e-05	2.74712e-05	3.42832e-05	4.1059e-05	4.77917e-05	5.44746e-05	6.1101e-05	6.76642e-05	7.41575e-05	8.05746e-05	8.69089e-05	9.31542e-05	9.93041e-05	0.000105353	0.000111294	0.000117121	0.000122829	0.000128413	0.000133866	0.000139182	0.000144358	0.000149387	0.000154264	0.000158986	0.000163546	0.000167941	0.000172165	0.000176216	0.000180088	0.000183778	0.000187282	0.000190597	0.00019372	0.000196647	0.000199376	0.000201903	0.000204226	0.000206344	0.000208253	0.000209952	0.00021144	0.000212714	0.000213774	0.000214618	0.000215247	0.000215658	0.000215852	0.000215829	0.000215589	0.000215132	0.000214458	0.000213568	0.000212463	0.000211145	0.000209614	0.000207873	0.000205922	0.000203765	0.000201403	0.000198838	0.000196074	0.000193113	0.000189958	0.000186613	0.00018308	0.000179363	0.000175467	0.000171395	0.000167151	0.000162739	0.000158165	0.000153432	0.000148546	0.000143512	0.000138334	0.000133017	0.000127568	0.000121992	0.000116295	0.000110481	0.000104558	9.85306e-05	9.24057e-05	8.61893e-05	7.98877e-05	7.35072e-05	6.70543e-05	6.05355e-05	5.39575e-05	4.73268e-05	4.06501e-05	3.39342e-05	2.71856e-05	2.04112e-05	1.36176e-05	6.81165e-06	0	
0	1.37663e-05	2.7516e-05	4.1235e-05	5.49093e-05	6.85252e-05	8.20686e-05	9.55261e-05	0.000108884	0.000122129	0.000135247	0.000148226	0.000161053	0.000173714	0.000186197	0.00019849	0.000210579	0.000222454	0.000234102	0.000245512	0.000256672	0.000267571	0.000278199	0.000288543	0.000298595	0.000308345	0.000317782	0.000326897	0.000335681	0.000344125	0.000352221	0.000359961	0.000367337	0.000374341	0.000380968	0.000387209	0.00039306	0.000398513	0.000403565	0.000408209	0.000412441	0.000416257	0.000419654	0.000422627	0.000425174	0.000427293	0.000428981	0.000430237	0.00043106	0.000431448	0.000431402	0.000430921	0.000430007	0.00042866	0.000426881	0.000424674	0.000422039	0.000418979	0.000415498	0.0004116	0.000407288	0.000402566	0.00039744	0.000391915	0.000385997	0.000379691	0.000373003	0.000365942	0.000358513	0.000350725	0.000342586	0.000334103	0.000325285	0.000316142	0.000306683	0.000296916	0.000286853	0.000276503	0.000265877	0.000254985	0.00024384	0.000232451	0.000220831	0.000208992	0.000196944	0.000184702	0.000172277	0.000159681	0.000146927	0.000134029	0.000121	0.000107851	9.45978e-05	8.12523e-05	6.78283e-05	5.43391e-05	4.07983e-05	2.72192e-05	1.36153e-05	0	
0	2.06299e-05	4.1235e-05	6.17941e-05	8.22863e-05	0.000102691	0.000122987	0.000143154	0.000163172	0.000183021	0.00020268	0.00022213	0.000241352	0.000260326	0.000279033	0.000297455	0.000315572	0.000333368	0.000350824	0.000367923	0.000384647	0.00040098	0.000416906	0.000432409	0.000447473	0.000462083	0.000476225	0.000489885	0.000503049	0.000515703	0.000527836	0.000539435	0.000550488	0.000560986	0.000570916	0.000580269	0.000589037	0.00059721	0.00060478	0.00061174	0.000618082	0.000623801	0.000628891	0.000633347	0.000637164	0.000640339	0.000642869	0.000644751	0.000645984	0.000646565	0.000646496	0.000645776	0.000644406	0.000642388	0.000639722	0.000636414	0.000632465	0.00062788	0.000622664	0.000616822	0.000610359	0.000603284	0.000595602	0.000587323	0.000578453	0.000569003	0.000558981	0.000548399	0.000537267	0.000525596	0.000513398	0.000500686	0.000487472	0.00047377	0.000459594	0.000444958	0.000429877	0.000414367	0.000398442	0.000382121	0.000365418	0.000348351	0.000330937	0.000313195	0.000295141	0.000276794	0.000258174	0.000239298	0.000220185	0.000200856	0.00018133	0.000161626	0.000141764	0.000121765	0.000101648	8.14329e-05	6.11405e-05	4.07909e-05	2.0404e-05	0	
0	2.74712e-05	5.49093e-05	8.22863e-05	0.000109574	0.000136745	0.000163772	0.000190627	0.000217284	0.000243715	0.000269894	0.000295794	0.00032139	0.000346657	0.000371568	0.000396098	0.000420224	0.000443922	0.000467166	0.000489936	0.000512206	0.000533956	0.000555164	0.000575808	0.000595867	0.000615323	0.000634155	0.000652345	0.000669874	0.000686725	0.000702881	0.000718327	0.000733046	0.000747025	0.000760248	0.000772704	0.000784379	0.000795262	0.000805342	0.00081461	0.000823056	0.000830672	0.00083745	0.000843383	0.000848466	0.000852694	0.000856063	0.000858569	0.000860211	0.000860986	0.000860894	0.000859935	0.000858111	0.000855423	0.000851874	0.000847468	0.000842209	0.000836104	0.000829158	0.000821378	0.000812773	0.000803351	0.000793122	0.000782097	0.000770286	0.000757702	0.000744357	0.000730265	0.000715441	0.0006999	0.000683657	0.000666729	0.000649133	0.000630887	0.000612009	0.00059252	0.000572438	0.000551784	0.000530579	0.000508844	0.000486602	0.000463876	0.000440687	0.00041706	0.000393019	0.000368589	0.000343793	0.000318657	0.000293206	0.000267467	0.000241466	0.000215227	0.000188779	0.000162147	0.000135358	0.000108439	8.14171e-05	5.43187e-05	2.71708e-05	0	
0	3.42832e-05	6.85252e-05	0.000102691	0.000136745	0.000170654	0.000204383	0.000237898	0.000271164	0.000304149	0.00033682	0.000369143	0.000401087	0.000432618	0.000463707	0.000494321	0.000524429	0.000554003	0.000583012	0.000611427	0.000639221	0.000666364	0.000692831	0.000718594	0.000743628	0.000767908	0.00079141	0.000814111	0.000835987	0.000857017	0.000877179	0.000896455	0.000914824	0.000932269	0.000948772	0.000964316	0.000978886	0.000992468	0.00100505	0.00101661	0.00102715	0.00103666	0.00104512	0.00105252	0.00105887	0.00106414	0.00106835	0.00107148	0.00107352	0.00107449	0.00107438	0.00107318	0.0010709	0.00106755	0.00106312	0.00105762	0.00105106	0.00104344	0.00103477	0.00102506	0.00101432	0.00100256	0.000989799	0.00097604	0.0009613	0.000945595	0.000928941	0.000911356	0.000892855	0.00087346	0.000853189	0.000832063	0.000810104	0.000787333	0.000763775	0.000739452	0.000714391	0.000688615	0.000662151	0.000635027	0.00060727	0.000578907	0.000549969	0.000520483	0.000490481	0.000459992	0.000429047	0.000397678	0.000365916	0.000333795	0.000301345	0.0002686	0.000235593	0.000202357	0.000168925	0.00013533	0.000101607	6.7789e-05	3.39087e-05	0	
0	4.1059e-05	8.20686e-05	0.000122987	0.000163772	0.000204383	0.000244778	0.000284917	0.000324759	0.000364263	0.000403391	0.000442103	0.00048036	0.000518124	0.000555357	0.000592021	0.000628081	0.0006635	0.000698243	0.000732274	0.000765561	0.00079807	0.000829767	0.000860623	0.000890605	0.000919684	0.000947831	0.000975019	0.00100122	0.0010264	0.00105055	0.00107364	0.00109564	0.00111653	0.0011363	0.00115491	0.00117236	0.00118863	0.0012037	0.00121755	0.00123017	0.00124155	0.00125169	0.00126055	0.00126815	0.00127447	0.00127951	0.00128325	0.00128571	0.00128686	0.00128673	0.00128529	0.00128257	0.00127855	0.00127325	0.00126666	0.0012588	0.00124968	0.00123929	0.00122767	0.0012148	0.00120072	0.00118543	0.00116895	0.0011513	0.00113249	0.00111255	0.00109149	0.00106933	0.0010461	0.00102182	0.000996522	0.000970222	0.000942951	0.000914736	0.000885607	0.000855591	0.000824721	0.000793027	0.000760542	0.000727298	0.00069333	0.000658672	0.000623358	0.000587426	0.000550911	0.00051385	0.000476281	0.000438241	0.000399771	0.000360907	0.00032169	0.000282159	0.000242354	0.000202314	0.000162079	0.000121691	8.1188e-05	4.06111e-05	0	
0	4.77917e-05	9.55261e-05	0.000143154	0.000190627	0.000237898	0.000284917	0.000331638	0.000378013	0.000423995	0.00046954	0.0005146	0.00055913	0.000603087	0.000646425	0.000689102	0.000731076	0.000772303	0.000812743	0.000852355	0.0008911	0.00092894	0.000965835	0.00100175	0.00103665	0.0010705	0.00110326	0.00113491	0.0011654	0.00119472	0.00122283	0.0012497	0.00127531	0.00129962	0.00132263	0.0013443	0.00136461	0.00138355	0.00140108	0.00141721	0.0014319	0.00144515	0.00145694	0.00146727	0.00147611	0.00148347	0.00148933	0.00149369	0.00149654	0.00149789	0.00149773	0.00149606	0.00149289	0.00148821	0.00148204	0.00147437	0.00146523	0.0014546	0.00144252	0.00142899	0.00141402	0.00139762	0.00137983	0.00136065	0.0013401	0.00131821	0.00129499	0.00127047	0.00124468	0.00121765	0.00118939	0.00115994	0.00112933	0.00109758	0.00106474	0.00103083	0.000995897	0.000959965	0.000923074	0.000885261	0.000846566	0.000807028	0.000766686	0.000725582	0.000683757	0.000641254	0.000598115	0.000554385	0.000510108	0.000465329	0.000420092	0.000374444	0.00032843	0.000282097	0.000235491	0.000188659	0.000141647	9.45023e-05	4.7271e-05	0	
0	5.44746e-05	0.000108884	0.000163172	0.000217284	0.000271164	0.000324759	0.000378013	0.000430873	0.000483286	0.000535199	0.00058656	0.000637318	0.000687421	0.00073682	0.000785466	0.000833308	0.000880301	0.000926396	0.000971548	0.00101571	0.00105884	0.0011009	0.00114184	0.00118161	0.0012202	0.00125754	0.00129361	0.00132837	0.00136179	0.00139383	0.00142446	0.00145365	0.00148137	0.00150759	0.00153229	0.00155544	0.00157702	0.00159701	0.00161539	0.00163214	0.00164724	0.00166068	0.00167245	0.00168253	0.00169091	0.0016976	0.00170257	0.00170582	0.00170736	0.00170718	0.00170527	0.00170166	0.00169633	0.00168929	0.00168055	0.00167013	0.00165802	0.00164425	0.00162882	0.00161175	0.00159307	0.00157279	0.00155092	0.0015275	0.00150255	0.00147608	0.00144814	0.00141874	0.00138793	0.00135572	0.00132215	0.00128725	0.00125107	0.00121364	0.00117499	0.00113517	0.00109421	0.00105216	0.00100906	0.000964953	0.000919886	0.000873902	0.00082705	0.000779376	0.000730929	0.000681759	0.000631913	0.000581445	0.000530403	0.000478841	0.000426809	0.00037436	0.000321548	0.000268424	0.000215043	0.000161456	0.000107718	5.38818e-05	0	
0	6.1101e-05	0.000122129	0.000183021	0.000243715	0.000304149	0.000364263	0.000423995	0.000483286	0.000542075	0.000600303	0.000657912	0.000714844	0.000771043	0.000826451	0.000881014	0.000934676	0.000987385	0.00103909	0.00108973	0.00113927	0.00118765	0.00123482	0.00128074	0.00132535	0.00136863	0.00141052	0.00145097	0.00148996	0.00152745	0.00156338	0.00159774	0.00163048	0.00166157	0.00169098	0.00171869	0.00174466	0.00176886	0.00179128	0.0018119	0.00183069	0.00184763	0.0018627	0.0018759	0.00188721	0.00189661	0.0019041	0.00190968	0.00191333	0.00191505	0.00191485	0.00191272	0.00190866	0.00190268	0.00189479	0.00188499	0.00187329	0.00185971	0.00184427	0.00182696	0.00180782	0.00178687	0.00176411	0.00173959	0.00171332	0.00168533	0.00165565	0.00162431	0.00159133	0.00155677	0.00152064	0.00148299	0.00144385	0.00140326	0.00136128	0.00131793	0.00127326	0.00122732	0.00118015	0.00113181	0.00108234	0.00103179	0.000980213	0.000927661	0.000874188	0.000819848	0.000764695	0.000708787	0.000652178	0.000594928	0.000537093	0.000478731	0.000419902	0.000360665	0.000301079	0.000241203	0.000181098	0.000120823	6.04368e-05	0	
0	6.76642e-05	0.000135247	0.00020268	0.000269894	0.00033682	0.000403391	0.00046954	0.000535199	0.000600303	0.000664786	0.000728583	0.000791631	0.000853867	0.000915227	0.000975651	0.00103508	0.00109345	0.00115071	0.00120679	0.00126165	0.00131522	0.00136746	0.00141831	0.00146772	0.00151565	0.00156203	0.00160684	0.00165002	0.00169152	0.00173132	0.00176937	0.00180562	0.00184006	0.00187263	0.00190331	0.00193207	0.00195888	0.00198371	0.00200653	0.00202734	0.0020461	0.00206279	0.00207741	0.00208993	0.00210035	0.00210865	0.00211482	0.00211886	0.00212077	0.00212055	0.00211819	0.00211369	0.00210707	0.00209833	0.00208748	0.00207453	0.00205949	0.00204238	0.00202322	0.00200202	0.00197881	0.00195362	0.00192646	0.00189737	0.00186637	0.0018335	0.00179879	0.00176228	0.001724	0.00168399	0.00164229	0.00159895	0.00155401	0.00150751	0.0014595	0.00141004	0.00135916	0.00130693	0.00125339	0.00119861	0.00114263	0.00108551	0.00102731	0.000968097	0.000907919	0.000846842	0.000784928	0.000722238	0.000658838	0.00059479	0.000530159	0.000465011	0.00039941	0.000333423	0.000267115	0.000200553	0.000133802	6.69294e-05	0	
0	7.41575e-05	0.000148226	0.00022213	0.000295794	0.000369143	0.000442103	0.0005146	0.00058656	0.000657912	0.000728583	0.000798503	0.000867602	0.00093581	0.00100306	0.00106928	0.00113441	0.00119839	0.00126114	0.0013226	0.00138273	0.00144144	0.00149869	0.00155442	0.00160858	0.0016611	0.00171194	0.00176105	0.00180837	0.00185386	0.00189747	0.00193917	0.00197891	0.00201664	0.00205234	0.00208597	0.00211749	0.00214687	0.00217408	0.0021991	0.0022219	0.00224246	0.00226076	0.00227678	0.0022905	0.00230192	0.00231101	0.00231778	0.00232221	0.0023243	0.00232406	0.00232147	0.00231654	0.00230929	0.00229971	0.00228781	0.00227362	0.00225714	0.00223839	0.00221739	0.00219416	0.00216872	0.00214111	0.00211135	0.00207946	0.00204549	0.00200947	0.00197143	0.00193141	0.00188945	0.0018456	0.0017999	0.0017524	0.00170315	0.00165219	0.00159957	0.00154536	0.0014896	0.00143236	0.00137369	0.00131364	0.00125229	0.00118969	0.00112591	0.00106101	0.000995055	0.000928117	0.00086026	0.000791555	0.000722069	0.000651874	0.000581041	0.00050964	0.000437743	0.000365423	0.000292752	0.000219801	0.000146644	7.33531e-05	0	
0	8.05746e-05	0.000161053	0.000241352	0.00032139	0.000401087	0.00048036	0.00055913	0.000637318	0.000714844	0.000791631	0.000867602	0.00094268	0.00101679	0.00108986	0.00116181	0.00123258	0.00130209	0.00137027	0.00143706	0.00150238	0.00156618	0.00162839	0.00168894	0.00174778	0.00180485	0.00186009	0.00191344	0.00196486	0.00201429	0.00206168	0.00210698	0.00215016	0.00219116	0.00222995	0.00226648	0.00230073	0.00233265	0.00236222	0.00238941	0.00241418	0.00243652	0.0024564	0.00247381	0.00248872	0.00250112	0.002511	0.00251836	0.00252317	0.00252545	0.00252518	0.00252236	0.00251701	0.00250913	0.00249872	0.0024858	0.00247038	0.00245247	0.0024321	0.00240928	0.00238404	0.0023564	0.0023264	0.00229406	0.00225942	0.00222251	0.00218336	0.00214203	0.00209855	0.00205296	0.00200532	0.00195567	0.00190406	0.00185054	0.00179517	0.001738	0.0016791	0.00161851	0.00155632	0.00149257	0.00142733	0.00136066	0.00129265	0.00122335	0.00115283	0.00108117	0.00100844	0.000934708	0.000860057	0.000784558	0.000708289	0.000631326	0.000553746	0.000475627	0.000397048	0.000318087	0.000238824	0.000159335	7.97014e-05	0	
0	8.69089e-05	0.000173714	0.000260326	0.000346657	0.000432618	0.000518124	0.000603087	0.000687421	0.000771043	0.000853867	0.00093581	0.00101679	0.00109673	0.00117554	0.00125315	0.00132948	0.00140446	0.001478	0.00155004	0.0016205	0.00168931	0.00175641	0.00182172	0.00188519	0.00194674	0.00200632	0.00206387	0.00211933	0.00217265	0.00222376	0.00227263	0.0023192	0.00236343	0.00240526	0.00244467	0.00248161	0.00251604	0.00254794	0.00257726	0.00260398	0.00262808	0.00264952	0.0026683	0.00268438	0.00269776	0.00270842	0.00271635	0.00272154	0.00272399	0.0027237	0.00272067	0.0027149	0.0027064	0.00269517	0.00268123	0.0026646	0.00264528	0.00262331	0.0025987	0.00257147	0.00254166	0.0025093	0.00247442	0.00243705	0.00239724	0.00235502	0.00231044	0.00226354	0.00221437	0.00216298	0.00210942	0.00205375	0.00199603	0.0019363	0.00187464	0.00181111	0.00174576	0.00167868	0.00160991	0.00153954	0.00146764	0.00139428	0.00131953	0.00124347	0.00116617	0.00108772	0.0010082	0.000927677	0.000846243	0.000763977	0.000680963	0.000597283	0.000513023	0.000428266	0.000343097	0.000257601	0.000171863	8.59679e-05	0	
0	9.31542e-05	0.000186197	0.000279033	0.000371568	0.000463707	0.000555357	0.000646425	0.00073682	0.000826451	0.000915227	0.00100306	0.00108986	0.00117554	0.00126002	0.00134321	0.00142502	0.00150538	0.00158421	0.00166143	0.00173695	0.00181071	0.00188263	0.00195264	0.00202066	0.00208664	0.00215051	0.00221219	0.00227164	0.00232878	0.00238357	0.00243595	0.00248587	0.00253327	0.00257812	0.00262036	0.00265995	0.00269686	0.00273104	0.00276247	0.00279112	0.00281694	0.00283993	0.00286005	0.00287729	0.00289163	0.00290306	0.00291156	0.00291712	0.00291975	0.00291944	0.00291619	0.00291001	0.00290089	0.00288886	0.00287392	0.00285609	0.00283539	0.00281183	0.00278545	0.00275627	0.00272432	0.00268963	0.00265224	0.00261219	0.00256952	0.00252427	0.00247648	0.00242621	0.00237351	0.00231842	0.00226102	0.00220135	0.00213947	0.00207546	0.00200937	0.00194127	0.00187123	0.00179932	0.00172561	0.00165019	0.00157312	0.00149448	0.00141436	0.00133283	0.00124998	0.00116589	0.00108065	0.000994347	0.00090706	0.000818883	0.000729902	0.000640209	0.000549893	0.000459045	0.000367755	0.000276115	0.000184215	9.21464e-05	0	
0	9.93041e-05	0.00019849	0.000297455	0.000396098	0.000494321	0.000592021	0.000689102	0.000785466	0.000881014	0.000975651	0.00106928	0.00116181	0.00125315	0.00134321	0.00143189	0.00151911	0.00160477	0.0016888	0.00177112	0.00185163	0.00193026	0.00200692	0.00208155	0.00215407	0.00222441	0.00229249	0.00235825	0.00242162	0.00248253	0.00254094	0.00259678	0.00264999	0.00270053	0.00274833	0.00279336	0.00283557	0.00287491	0.00291136	0.00294486	0.0029754	0.00300293	0.00302743	0.00304888	0.00306726	0.00308255	0.00309473	0.00310379	0.00310972	0.00311253	0.0031122	0.00310873	0.00310214	0.00309242	0.00307959	0.00306367	0.00304466	0.00302259	0.00299748	0.00296936	0.00293825	0.00290419	0.00286721	0.00282736	0.00278466	0.00273917	0.00269093	0.00263999	0.0025864	0.00253022	0.0024715	0.0024103	0.00234669	0.00228073	0.00221249	0.00214204	0.00206944	0.00199477	0.00191812	0.00183955	0.00175914	0.00167698	0.00159315	0.00150774	0.00142083	0.00133251	0.00124287	0.00115201	0.00106	0.000966951	0.000872951	0.000778095	0.00068248	0.000586201	0.000489354	0.000392037	0.000294346	0.000196378	9.82307e-05	0	
0	0.000105353	0.000210579	0.000315572	0.000420224	0.000524429	0.000628081	0.000731076	0.000833308	0.000934676	0.00103508	0.00113441	0.00123258	0.00132948	0.00142502	0.00151911	0.00161164	0.00170252	0.00179167	0.001879	0.00196441	0.00204783	0.00212917	0.00220834	0.00228528	0.0023599	0.00243213	0.00250189	0.00256912	0.00263375	0.00269572	0.00275496	0.00281141	0.00286502	0.00291574	0.00296351	0.00300829	0.00305003	0.00308869	0.00312424	0.00315663	0.00318584	0.00321184	0.0032346	0.0032541	0.00327031	0.00328324	0.00329285	0.00329915	0.00330212	0.00330177	0.00329809	0.0032911	0.00328079	0.00326718	0.00325028	0.00323012	0.00320671	0.00318007	0.00315023	0.00311723	0.0030811	0.00304187	0.00299958	0.00295429	0.00290602	0.00285484	0.0028008	0.00274395	0.00268434	0.00262205	0.00255712	0.00248964	0.00241966	0.00234726	0.00227252	0.0021955	0.00211628	0.00203496	0.0019516	0.0018663	0.00177913	0.0016902	0.00159959	0.00150738	0.00141368	0.00131858	0.00122218	0.00112457	0.00102585	0.000926127	0.000825494	0.000724054	0.00062191	0.000519164	0.000415919	0.000312277	0.000208341	0.000104215	0	
0	0.000111294	0.000222454	0.000333368	0.000443922	0.000554003	0.0006635	0.000772303	0.000880301	0.000987385	0.00109345	0.00119839	0.00130209	0.00140446	0.00150538	0.00160477	0.00170252	0.00179853	0.00189271	0.00198496	0.00207519	0.00216332	0.00224924	0.00233288	0.00241416	0.00249298	0.00256929	0.00264298	0.00271401	0.00278228	0.00284774	0.00291032	0.00296996	0.00302659	0.00308017	0.00313064	0.00317794	0.00322204	0.00326288	0.00330043	0.00333465	0.00336551	0.00339297	0.00341701	0.00343761	0.00345474	0.00346839	0.00347855	0.0034852	0.00348834	0.00348797	0.00348409	0.0034767	0.00346581	0.00345144	0.00343359	0.00341228	0.00338755	0.00335941	0.00332789	0.00329303	0.00325486	0.00321342	0.00316875	0.0031209	0.00306991	0.00301585	0.00295875	0.0028987	0.00283573	0.00276992	0.00270134	0.00263005	0.00255612	0.00247964	0.00240068	0.00231932	0.00223564	0.00214972	0.00206167	0.00197155	0.00187947	0.00178552	0.0016898	0.0015924	0.00149341	0.00139295	0.00129111	0.00118799	0.00108371	0.00097836	0.000872051	0.00076489	0.000656985	0.000548445	0.000439376	0.000329889	0.000220091	0.000110092	0	
0	0.000117121	0.000234102	0.000350824	0.000467166	0.000583012	0.000698243	0.000812743	0.000926396	0.00103909	0.00115071	0.00126114	0.00137027	0.001478	0.00158421	0.0016888	0.00179167	0.00189271	0.00199182	0.0020889	0.00218386	0.0022766	0.00236702	0.00245504	0.00254057	0.00262353	0.00270382	0.00278138	0.00285612	0.00292797	0.00299686	0.00306272	0.00312548	0.00318508	0.00324146	0.00329457	0.00334436	0.00339076	0.00343374	0.00347326	0.00350927	0.00354175	0.00357065	0.00359595	0.00361762	0.00363565	0.00365002	0.00366071	0.00366771	0.00367101	0.00367062	0.00366654	0.00365876	0.0036473	0.00363217	0.00361339	0.00359097	0.00356494	0.00353533	0.00350216	0.00346547	0.0034253	0.00338169	0.00333468	0.00328433	0.00323067	0.00317377	0.00311369	0.00305049	0.00298423	0.00291497	0.0028428	0.00276777	0.00268998	0.00260949	0.0025264	0.00244077	0.00235271	0.0022623	0.00216963	0.0020748	0.0019779	0.00187903	0.00177829	0.00167579	0.00157162	0.0014659	0.00135872	0.00125021	0.00114046	0.00102959	0.000917719	0.000804946	0.000691391	0.000577166	0.000462386	0.000347165	0.000231618	0.000115858	0	
0	0.000122829	0.000245512	0.000367923	0.000489936	0.000611427	0.000732274	0.000852355	0.000971548	0.00108973	0.00120679	0.0013226	0.00143706	0.00155004	0.00166143	0.00177112	0.001879	0.00198496	0.0020889	0.00219072	0.0022903	0.00238756	0.00248239	0.0025747	0.0026644	0.0027514	0.00283561	0.00291695	0.00299533	0.00307069	0.00314293	0.003212	0.00327782	0.00334033	0.00339946	0.00345516	0.00350736	0.00355603	0.00360111	0.00364255	0.00368032	0.00371438	0.00374469	0.00377122	0.00379395	0.00381286	0.00382793	0.00383914	0.00384648	0.00384995	0.00384954	0.00384525	0.0038371	0.00382508	0.00380921	0.00378951	0.003766	0.00373871	0.00370765	0.00367286	0.00363439	0.00359226	0.00354652	0.00349722	0.00344441	0.00338814	0.00332847	0.00326546	0.00319918	0.00312969	0.00305706	0.00298136	0.00290268	0.0028211	0.00273669	0.00264954	0.00255974	0.00246739	0.00237257	0.00227538	0.00217593	0.00207431	0.00197062	0.00186497	0.00175747	0.00164823	0.00153735	0.00142495	0.00131115	0.00119605	0.00107978	0.000962453	0.000844183	0.000725093	0.0006053	0.000484925	0.000364088	0.000242908	0.000121505	0	
0	0.000128413	0.000256672	0.000384647	0.000512206	0.000639221	0.000765561	0.0008911	0.00101571	0.00113927	0.00126165	0.00138273	0.00150238	0.0016205	0.00173695	0.00185163	0.00196441	0.00207519	0.00218386	0.0022903	0.00239441	0.00249609	0.00259524	0.00269174	0.00278552	0.00287648	0.00296451	0.00304955	0.0031315	0.00321027	0.0032858	0.00335801	0.00342682	0.00349217	0.00355399	0.00361222	0.0036668	0.00371768	0.00376481	0.00380814	0.00384762	0.00388323	0.00391492	0.00394266	0.00396642	0.00398619	0.00400194	0.00401366	0.00402134	0.00402496	0.00402453	0.00402006	0.00401153	0.00399897	0.00398238	0.00396178	0.0039372	0.00390867	0.0038762	0.00383983	0.00379961	0.00375556	0.00370775	0.00365621	0.00360099	0.00354217	0.00347978	0.00341391	0.00334461	0.00327196	0.00319603	0.0031169	0.00303464	0.00294934	0.0028611	0.00276999	0.00267611	0.00257956	0.00248043	0.00237882	0.00227485	0.00216861	0.0020602	0.00194975	0.00183737	0.00172316	0.00160724	0.00148973	0.00137075	0.00125043	0.00112887	0.00100621	0.000882562	0.000758057	0.000632818	0.000506971	0.00038064	0.000253951	0.000127029	0	
0	0.000133866	0.000267571	0.00040098	0.000533956	0.000666364	0.00079807	0.00092894	0.00105884	0.00118765	0.00131522	0.00144144	0.00156618	0.00168931	0.00181071	0.00193026	0.00204783	0.00216332	0.0022766	0.00238756	0.00249609	0.00260209	0.00270544	0.00280605	0.00290381	0.00299863	0.0030904	0.00317905	0.00326448	0.0033466	0.00342534	0.00350061	0.00357235	0.00364047	0.00370491	0.00376562	0.00382252	0.00387556	0.00392469	0.00396985	0.00401102	0.00404813	0.00408117	0.00411009	0.00413486	0.00415547	0.00417189	0.00418411	0.00419211	0.00419589	0.00419544	0.00419077	0.00418188	0.00416879	0.00415149	0.00413003	0.0041044	0.00407465	0.0040408	0.00400289	0.00396096	0.00391505	0.0038652	0.00381147	0.00375392	0.00369259	0.00362756	0.00355889	0.00348665	0.00341091	0.00333176	0.00324926	0.00316351	0.00307459	0.0029826	0.00288762	0.00278976	0.0026891	0.00258577	0.00247985	0.00237146	0.0022607	0.0021477	0.00203255	0.00191539	0.00179633	0.0016755	0.001553	0.00142897	0.00130353	0.00117681	0.00104894	0.000920043	0.000790251	0.000659694	0.000528502	0.000396806	0.000264736	0.000132424	0	
0	0.000139182	0.000278199	0.000416906	0.000555164	0.000692831	0.000829767	0.000965835	0.0011009	0.00123482	0.00136746	0.00149869	0.00162839	0.00175641	0.00188263	0.00200692	0.00212917	0.00224924	0.00236702	0.00248239	0.00259524	0.00270544	0.0028129	0.0029175	0.00301915	0.00311773	0.00321315	0.00330532	0.00339414	0.00347953	0.00356139	0.00363966	0.00371424	0.00378507	0.00385207	0.00391519	0.00397435	0.00402949	0.00408057	0.00412754	0.00417033	0.00420893	0.00424327	0.00427334	0.0042991	0.00432053	0.0043376	0.0043503	0.00435862	0.00436255	0.00436209	0.00435723	0.00434799	0.00433437	0.00431639	0.00429407	0.00426743	0.0042365	0.00420131	0.00416189	0.00411829	0.00407056	0.00401873	0.00396287	0.00390303	0.00383926	0.00377165	0.00370025	0.00362514	0.0035464	0.0034641	0.00337833	0.00328917	0.00319672	0.00310107	0.00300232	0.00290057	0.00279592	0.00268848	0.00257835	0.00246565	0.0023505	0.00223301	0.00211329	0.00199148	0.00186769	0.00174205	0.00161469	0.00148573	0.00135531	0.00122356	0.00109061	0.00095659	0.000821642	0.000685899	0.000549496	0.000412568	0.000275253	0.000137685	0	
0	0.000144358	0.000288543	0.000432409	0.000575808	0.000718594	0.000860623	0.00100175	0.00114184	0.00128074	0.00141831	0.00155442	0.00168894	0.00182172	0.00195264	0.00208155	0.00220834	0.00233288	0.00245504	0.0025747	0.00269174	0.00280605	0.0029175	0.003026	0.00313142	0.00323367	0.00333264	0.00342823	0.00352036	0.00360892	0.00369383	0.003775	0.00385236	0.00392583	0.00399532	0.00406078	0.00412214	0.00417934	0.00423232	0.00428103	0.00432542	0.00436545	0.00440107	0.00443226	0.00445897	0.0044812	0.0044989	0.00451208	0.00452071	0.00452478	0.0045243	0.00451927	0.00450968	0.00449556	0.00447691	0.00445376	0.00442613	0.00439405	0.00435755	0.00431667	0.00427145	0.00422194	0.00416818	0.00411024	0.00404817	0.00398204	0.00391191	0.00383786	0.00375996	0.00367828	0.00359292	0.00350396	0.00341149	0.0033156	0.0032164	0.00311398	0.00300844	0.0028999	0.00278846	0.00267424	0.00255735	0.00243791	0.00231605	0.00219188	0.00206554	0.00193715	0.00180684	0.00167474	0.00154099	0.00140571	0.00126906	0.00113117	0.000992166	0.0008522	0.000711408	0.000569932	0.000427912	0.00028549	0.000142805	0	
0	0.000149387	0.000298595	0.000447473	0.000595867	0.000743628	0.000890605	0.00103665	0.00118161	0.00132535	0.00146772	0.00160858	0.00174778	0.00188519	0.00202066	0.00215407	0.00228528	0.00241416	0.00254057	0.0026644	0.00278552	0.00290381	0.00301915	0.00313142	0.00324052	0.00334633	0.00344875	0.00354767	0.00364301	0.00373465	0.00382252	0.00390652	0.00398658	0.0040626	0.00413452	0.00420226	0.00426576	0.00432495	0.00437978	0.00443018	0.00447612	0.00451754	0.0045544	0.00458668	0.00461432	0.00463732	0.00465565	0.00466928	0.00467821	0.00468243	0.00468193	0.00467672	0.0046668	0.00465219	0.00463289	0.00460893	0.00458034	0.00454714	0.00450937	0.00446706	0.00442027	0.00436903	0.0043134	0.00425344	0.00418921	0.00412078	0.00404821	0.00397157	0.00389096	0.00380644	0.0037181	0.00362604	0.00353035	0.00343112	0.00332846	0.00322247	0.00311326	0.00300093	0.00288561	0.00276741	0.00264645	0.00252286	0.00239675	0.00226825	0.00213751	0.00200464	0.00186979	0.00173309	0.00159468	0.00145469	0.00131328	0.00117058	0.00102674	0.000881893	0.000736195	0.00058979	0.000442822	0.000295437	0.000147781	0	
0	0.000154264	0.000308345	0.000462083	0.000615323	0.000767908	0.000919684	0.0010705	0.0012202	0.00136863	0.00151565	0.0016611	0.00180485	0.00194674	0.00208664	0.00222441	0.0023599	0.00249298	0.00262353	0.0027514	0.00287648	0.00299863	0.00311773	0.00323367	0.00334633	0.00345559	0.00356136	0.00366351	0.00376196	0.0038566	0.00394734	0.00403408	0.00411675	0.00419525	0.00426952	0.00433948	0.00440505	0.00446617	0.00452279	0.00457484	0.00462228	0.00466505	0.00470312	0.00473644	0.004765	0.00478875	0.00480767	0.00482175	0.00483097	0.00483533	0.00483481	0.00482943	0.00481919	0.0048041	0.00478417	0.00475943	0.0047299	0.00469562	0.00465662	0.00461293	0.00456461	0.0045117	0.00445425	0.00439234	0.00432601	0.00425534	0.0041804	0.00410126	0.00401801	0.00393073	0.00383952	0.00374445	0.00364563	0.00354317	0.00343715	0.0033277	0.00321492	0.00309893	0.00297984	0.00285778	0.00273287	0.00260524	0.00247501	0.00234232	0.00220731	0.0020701	0.00193085	0.00178968	0.00164675	0.0015022	0.00135617	0.00120881	0.00106026	0.000910691	0.000760237	0.00060905	0.000457283	0.000305085	0.000152607	0	
0	0.000158986	0.000317782	0.000476225	0.000634155	0.00079141	0.000947831	0.00110326	0.00125754	0.00141052	0.00156203	0.00171194	0.00186009	0.00200632	0.00215051	0.00229249	0.00243213	0.00256929	0.00270382	0.00283561	0.00296451	0.0030904	0.00321315	0.00333264	0.00344875	0.00356136	0.00367036	0.00377564	0.0038771	0.00397464	0.00406815	0.00415755	0.00424275	0.00432366	0.0044002	0.00447229	0.00453987	0.00460287	0.00466122	0.00471486	0.00476375	0.00480783	0.00484707	0.00488141	0.00491084	0.00493532	0.00495482	0.00496933	0.00497883	0.00498332	0.00498279	0.00497725	0.00496669	0.00495114	0.0049306	0.00490511	0.00487468	0.00483934	0.00479914	0.00475412	0.00470432	0.00464979	0.00459059	0.00452678	0.00445842	0.00438559	0.00430835	0.00422679	0.004141	0.00405105	0.00395704	0.00385906	0.00375722	0.00365162	0.00354236	0.00342956	0.00331332	0.00319378	0.00307105	0.00294525	0.00281652	0.00268498	0.00255077	0.00241402	0.00227487	0.00213347	0.00198995	0.00184446	0.00169716	0.00154818	0.00139768	0.00124581	0.00109272	0.000938567	0.000783507	0.000627693	0.00047128	0.000314424	0.000157279	0	
0	0.000163546	0.000326897	0.000489885	0.000652345	0.000814111	0.000975019	0.00113491	0.00129361	0.00145097	0.00160684	0.00176105	0.00191344	0.00206387	0.00221219	0.00235825	0.00250189	0.00264298	0.00278138	0.00291695	0.00304955	0.00317905	0.00330532	0.00342823	0.00354767	0.00366351	0.00377564	0.00388394	0.00398831	0.00408865	0.00418485	0.00427681	0.00436445	0.00444768	0.00452642	0.00460058	0.0046701	0.0047349	0.00479492	0.00485011	0.0049004	0.00494575	0.00498611	0.00502144	0.00505171	0.00507689	0.00509695	0.00511188	0.00512165	0.00512627	0.00512573	0.00512002	0.00510917	0.00509317	0.00507204	0.00504581	0.00501451	0.00497816	0.00493681	0.0048905	0.00483927	0.00478317	0.00472227	0.00465663	0.00458631	0.00451139	0.00443194	0.00434804	0.00425979	0.00416726	0.00407055	0.00396976	0.003865	0.00375637	0.00364397	0.00352794	0.00340837	0.0032854	0.00315915	0.00302974	0.00289732	0.00276201	0.00262394	0.00248327	0.00234013	0.00219467	0.00204704	0.00189738	0.00174584	0.00159259	0.00143777	0.00128155	0.00112407	0.000965493	0.000805984	0.0006457	0.0004848	0.000323444	0.000161791	0	
0	0.000167941	0.000335681	0.000503049	0.000669874	0.000835987	0.00100122	0.0011654	0.00132837	0.00148996	0.00165002	0.00180837	0.00196486	0.00211933	0.00227164	0.00242162	0.00256912	0.00271401	0.00285612	0.00299533	0.0031315	0.00326448	0.00339414	0.00352036	0.00364301	0.00376196	0.0038771	0.00398831	0.00409549	0.00419852	0.0042973	0.00439174	0.00448174	0.0045672	0.00464806	0.00472421	0.0047956	0.00486214	0.00492378	0.00498044	0.00503209	0.00507865	0.0051201	0.00515638	0.00518746	0.00521332	0.00523392	0.00524925	0.00525929	0.00526403	0.00526347	0.00525762	0.00524647	0.00523004	0.00520834	0.00518141	0.00514927	0.00511194	0.00506948	0.00502192	0.00496931	0.00491171	0.00484918	0.00478177	0.00470956	0.00463263	0.00455104	0.00446489	0.00437426	0.00427925	0.00417994	0.00407645	0.00396887	0.00385732	0.0037419	0.00362275	0.00349997	0.00337369	0.00324405	0.00311117	0.00297518	0.00283623	0.00269446	0.00255001	0.00240302	0.00225365	0.00210205	0.00194837	0.00179276	0.00163539	0.00147641	0.00131599	0.00115428	0.000991441	0.000827646	0.000663054	0.000497829	0.000332136	0.000166139	0	
0	0.000172165	0.000344125	0.000515703	0.000686725	0.000857017	0.0010264	0.00119472	0.00136179	0.00152745	0.00169152	0.00185386	0.00201429	0.00217265	0.00232878	0.00248253	0.00263375	0.00278228	0.00292797	0.00307069	0.00321027	0.0033466	0.00347953	0.00360892	0.00373465	0.0038566	0.00397464	0.00408865	0.00419852	0.00430414	0.00440541	0.00450222	0.00459448	0.0046821	0.00476499	0.00484306	0.00491624	0.00498446	0.00504765	0.00510574	0.00515868	0.00520642	0.00524891	0.0052861	0.00531797	0.00534447	0.00536559	0.00538131	0.0053916	0.00539646	0.00539589	0.00538989	0.00537846	0.00536161	0.00533938	0.00531177	0.00527881	0.00524055	0.00519702	0.00514826	0.00509433	0.00503528	0.00497117	0.00490207	0.00482805	0.00474918	0.00466554	0.00457722	0.00448431	0.00438691	0.0042851	0.004179	0.00406872	0.00395436	0.00383604	0.00371389	0.00358802	0.00345857	0.00332567	0.00318944	0.00305003	0.00290759	0.00276225	0.00261416	0.00246348	0.00231035	0.00215494	0.00199739	0.00183787	0.00167654	0.00151356	0.0013491	0.00118332	0.00101639	0.000848469	0.000679736	0.000510355	0.000340493	0.000170319	0	
0	0.000176216	0.000352221	0.000527836	0.000702881	0.000877179	0.00105055	0.00122283	0.00139383	0.00156338	0.00173132	0.00189747	0.00206168	0.00222376	0.00238357	0.00254094	0.00269572	0.00284774	0.00299686	0.00314293	0.0032858	0.00342534	0.00356139	0.00369383	0.00382252	0.00394734	0.00406815	0.00418485	0.0042973	0.00440541	0.00450906	0.00460815	0.00470258	0.00479226	0.0048771	0.00495701	0.00503191	0.00510174	0.00516641	0.00522587	0.00528006	0.00532892	0.00537241	0.00541048	0.00544309	0.00547022	0.00549184	0.00550792	0.00551846	0.00552343	0.00552285	0.0055167	0.00550501	0.00548777	0.005465	0.00543675	0.00540302	0.00536385	0.0053193	0.0052694	0.0052142	0.00515376	0.00508814	0.00501742	0.00494165	0.00486092	0.00477532	0.00468492	0.00458983	0.00449013	0.00438593	0.00427733	0.00416445	0.00404741	0.00392631	0.00380128	0.00367245	0.00353995	0.00340392	0.00326449	0.0031218	0.002976	0.00282725	0.00267567	0.00252145	0.00236472	0.00220564	0.00204439	0.00188111	0.00171599	0.00154917	0.00138084	0.00121116	0.0010403	0.000868434	0.000695731	0.000522364	0.000348505	0.000174327	0	
0	0.000180088	0.000359961	0.000539435	0.000718327	0.000896455	0.00107364	0.0012497	0.00142446	0.00159774	0.00176937	0.00193917	0.00210698	0.00227263	0.00243595	0.00259678	0.00275496	0.00291032	0.00306272	0.003212	0.00335801	0.00350061	0.00363966	0.003775	0.00390652	0.00403408	0.00415755	0.00427681	0.00439174	0.00450222	0.00460815	0.00470942	0.00480593	0.00489758	0.00498428	0.00506594	0.00514249	0.00521385	0.00527995	0.00534072	0.00539609	0.00544603	0.00549047	0.00552938	0.00556271	0.00559044	0.00561253	0.00562897	0.00563973	0.00564482	0.00564422	0.00563794	0.00562599	0.00560837	0.00558511	0.00555623	0.00552176	0.00548174	0.0054362	0.0053852	0.00532879	0.00526702	0.00519996	0.00512768	0.00505025	0.00496775	0.00488027	0.00478788	0.0046907	0.00458881	0.00448232	0.00437134	0.00425598	0.00413636	0.0040126	0.00388482	0.00375316	0.00361775	0.00347873	0.00333623	0.00319041	0.00304141	0.00288938	0.00273448	0.00257686	0.00241669	0.00225412	0.00208932	0.00192246	0.0017537	0.00158322	0.00141119	0.00123778	0.00106317	0.000887521	0.000711022	0.000533845	0.000356165	0.000178158	0	
0	0.000183778	0.000367337	0.000550488	0.000733046	0.000914824	0.00109564	0.00127531	0.00145365	0.00163048	0.00180562	0.00197891	0.00215016	0.0023192	0.00248587	0.00264999	0.00281141	0.00296996	0.00312548	0.00327782	0.00342682	0.00357235	0.00371424	0.00385236	0.00398658	0.00411675	0.00424275	0.00436445	0.00448174	0.00459448	0.00470258	0.00480593	0.00490441	0.00499794	0.00508642	0.00516976	0.00524788	0.0053207	0.00538815	0.00545016	0.00550667	0.00555763	0.00560299	0.00564269	0.00567671	0.005705	0.00572755	0.00574432	0.00575531	0.0057605	0.00575989	0.00575348	0.00574128	0.0057233	0.00569956	0.00567009	0.00563492	0.00559407	0.00554761	0.00549556	0.00543799	0.00537496	0.00530653	0.00523277	0.00515375	0.00506956	0.00498028	0.004886	0.00478683	0.00468285	0.00457418	0.00446092	0.0043432	0.00422113	0.00409483	0.00396443	0.00383008	0.00369189	0.00355002	0.00340461	0.0032558	0.00310374	0.0029486	0.00279052	0.00262967	0.00246622	0.00230031	0.00213214	0.00196186	0.00178964	0.00161567	0.00144011	0.00126315	0.00108496	0.000905711	0.000725595	0.000544786	0.000363465	0.00018181	0	
0	0.000187282	0.000374341	0.000560986	0.000747025	0.000932269	0.00111653	0.00129962	0.00148137	0.00166157	0.00184006	0.00201664	0.00219116	0.00236343	0.00253327	0.00270053	0.00286502	0.00302659	0.00318508	0.00334033	0.00349217	0.00364047	0.00378507	0.00392583	0.0040626	0.00419525	0.00432366	0.00444768	0.0045672	0.0046821	0.00479226	0.00489758	0.00499794	0.00509325	0.00518342	0.00526835	0.00534796	0.00542217	0.0054909	0.0055541	0.00561169	0.00566362	0.00570984	0.0057503	0.00578496	0.0058138	0.00583677	0.00585387	0.00586507	0.00587036	0.00586973	0.0058632	0.00585077	0.00583245	0.00580826	0.00577822	0.00574238	0.00570076	0.0056534	0.00560037	0.0055417	0.00547747	0.00540773	0.00533256	0.00525204	0.00516624	0.00507526	0.00497919	0.00487812	0.00477216	0.00466141	0.004546	0.00442603	0.00430163	0.00417292	0.00404004	0.00390312	0.0037623	0.00361773	0.00346954	0.00331789	0.00316294	0.00300483	0.00284374	0.00267983	0.00251325	0.00234419	0.0021728	0.00199927	0.00182378	0.00164648	0.00146758	0.00128724	0.00110565	0.000922985	0.000739434	0.000555177	0.000370397	0.000185277	0	
0	0.000190597	0.000380968	0.000570916	0.000760248	0.000948772	0.0011363	0.00132263	0.00150759	0.00169098	0.00187263	0.00205234	0.00222995	0.00240526	0.00257812	0.00274833	0.00291574	0.00308017	0.00324146	0.00339946	0.00355399	0.00370491	0.00385207	0.00399532	0.00413452	0.00426952	0.0044002	0.00452642	0.00464806	0.00476499	0.0048771	0.00498428	0.00508642	0.00518342	0.00527518	0.00536161	0.00544263	0.00551815	0.00558811	0.00565242	0.00571103	0.00576388	0.00581092	0.0058521	0.00588738	0.00591672	0.0059401	0.0059575	0.0059689	0.00597428	0.00597365	0.005967	0.00595435	0.0059357	0.00591109	0.00588052	0.00584404	0.00580168	0.00575349	0.00569951	0.00563981	0.00557444	0.00550347	0.00542697	0.00534502	0.0052577	0.00516511	0.00506734	0.00496448	0.00485664	0.00474394	0.00462648	0.00450439	0.00437779	0.0042468	0.00411157	0.00397222	0.00382891	0.00368177	0.00353096	0.00337663	0.00321893	0.00305803	0.00289409	0.00272727	0.00255775	0.00238569	0.00221127	0.00203467	0.00185607	0.00167564	0.00149356	0.00131003	0.00112522	0.000939327	0.000752526	0.000565006	0.000376955	0.000188558	0	
0	0.00019372	0.000387209	0.000580269	0.000772704	0.000964316	0.00115491	0.0013443	0.00153229	0.00171869	0.00190331	0.00208597	0.00226648	0.00244467	0.00262036	0.00279336	0.00296351	0.00313064	0.00329457	0.00345516	0.00361222	0.00376562	0.00391519	0.00406078	0.00420226	0.00433948	0.00447229	0.00460058	0.00472421	0.00484306	0.00495701	0.00506594	0.00516976	0.00526835	0.00536161	0.00544946	0.00553181	0.00560857	0.00567967	0.00574504	0.00580461	0.00585832	0.00590613	0.00594799	0.00598384	0.00601367	0.00603743	0.00605512	0.0060667	0.00607217	0.00607153	0.00606477	0.00605191	0.00603296	0.00600794	0.00597688	0.0059398	0.00589674	0.00584776	0.0057929	0.00573222	0.00566578	0.00559364	0.00551589	0.0054326	0.00534385	0.00524975	0.00515037	0.00504583	0.00493622	0.00482167	0.00470229	0.0045782	0.00444952	0.00431639	0.00417894	0.00403731	0.00389165	0.00374211	0.00358882	0.00343196	0.00327168	0.00310814	0.00294151	0.00277196	0.00259966	0.00242478	0.00224751	0.00206801	0.00188648	0.00170309	0.00151804	0.0013315	0.00114366	0.00095472	0.000764857	0.000574265	0.000383132	0.000191648	0	
0	0.000196647	0.00039306	0.000589037	0.000784379	0.000978886	0.00117236	0.00136461	0.00155544	0.00174466	0.00193207	0.00211749	0.00230073	0.00248161	0.00265995	0.00283557	0.00300829	0.00317794	0.00334436	0.00350736	0.0036668	0.00382252	0.00397435	0.00412214	0.00426576	0.00440505	0.00453987	0.0046701	0.0047956	0.00491624	0.00503191	0.00514249	0.00524788	0.00534796	0.00544263	0.00553181	0.0056154	0.00569332	0.00576549	0.00583185	0.00589232	0.00594685	0.00599538	0.00603787	0.00607426	0.00610454	0.00612867	0.00614662	0.00615837	0.00616393	0.00616328	0.00615642	0.00614337	0.00612413	0.00609873	0.00606719	0.00602956	0.00598585	0.00593613	0.00588044	0.00581884	0.0057514	0.00567817	0.00559925	0.0055147	0.00542461	0.00532908	0.0052282	0.00512208	0.00501082	0.00489454	0.00477335	0.00464738	0.00451676	0.00438162	0.00424209	0.00409833	0.00395046	0.00379866	0.00364306	0.00348383	0.00332112	0.00315511	0.00298597	0.00281385	0.00263895	0.00246143	0.00228147	0.00209927	0.00191499	0.00172883	0.00154098	0.00135162	0.00116095	0.000969148	0.000776417	0.000582944	0.000388923	0.000194544	0	
