0	0	0	0	0	0	0	0	0	0	0	0	0	0	0	0	0	0	0	0	0	0	0	0	0	0	0	0	0	0	0	0	0	0	0	0	0	0	0	0	0	0	0	0	0	0	0	0	0	0	0	0	0	0	0	0	0	0	0	0	0	0	0	0	0	0	0	0	0	0	0	0	0	0	0	0	0	0	0	0	0	0	0	0	0	0	0	0	0	0	0	0	0	0	0	0	0	0	0	0	
0	5.94564e-06	1.18839e-05	1.78088e-05	2.37142e-05	2.95941e-05	3.54426e-05	4.12537e-05	4.70216e-05	5.27406e-05	5.84048e-05	6.40086e-05	6.95464e-05	7.50127e-05	8.04019e-05	8.57087e-05	9.09278e-05	9.6054e-05	0.000101082	0.000106007	0.000110824	0.000115529	0.000120116	0.000124581	0.000128919	0.000133127	0.000137199	0.000141133	0.000144923	0.000148567	0.00015206	0.0001554	0.000158582	0.000161604	0.000164463	0.000167155	0.000169679	0.000172031	0.000174209	0.000176212	0.000178037	0.000179682	0.000181146	0.000182427	0.000183525	0.000184437	0.000185163	0.000185703	0.000186056	0.000186222	0.000186199	0.00018599	0.000185593	0.00018501	0.00018424	0.000183285	0.000182145	0.000180823	0.000179318	0.000177634	0.000175771	0.000173731	0.000171517	0.00016913	0.000166574	0.000163851	0.000160963	0.000157914	0.000154706	0.000151344	0.00014783	0.000144167	0.000140361	0.000136414	0.00013233	0.000128114	0.000123771	0.000119303	0.000114717	0.000110016	0.000105206	0.000100291	9.52757e-05	9.01663e-05	8.49675e-05	7.96845e-05	7.43228e-05	6.88877e-05	6.33848e-05	5.78196e-05	5.21978e-05	4.6525e-05	4.0807e-05	3.50496e-05	2.92584e-05	2.34394e-05	1.75982e-05	1.17407e-05	5.87275e-06	0	
0	1.18839e-05	2.37532e-05	3.55956e-05	4.73991e-05	5.91517e-05	7.08415e-05	8.24567e-05	9.39855e-05	0.000105416	0.000116738	0.000127939	0.000139008	0.000149933	0.000160705	0.000171313	0.000181744	0.000191991	0.000202041	0.000211885	0.000221513	0.000230916	0.000240085	0.000249009	0.00025768	0.00026609	0.000274231	0.000282093	0.000289669	0.000296952	0.000303935	0.00031061	0.00031697	0.000323011	0.000328725	0.000334106	0.00033915	0.000343852	0.000348206	0.000352209	0.000355856	0.000359145	0.000362071	0.000364632	0.000366825	0.000368649	0.000370101	0.00037118	0.000371885	0.000372216	0.000372172	0.000371753	0.00037096	0.000369794	0.000368255	0.000366346	0.000364069	0.000361425	0.000358418	0.000355051	0.000351327	0.00034725	0.000342825	0.000338055	0.000332946	0.000327502	0.00032173	0.000315636	0.000309225	0.000302503	0.000295479	0.000288159	0.000280551	0.000272661	0.000264499	0.000256073	0.000247391	0.000238461	0.000229294	0.000219898	0.000210283	0.000200459	0.000190436	0.000180223	0.000169832	0.000159272	0.000148555	0.000137692	0.000126693	0.000115569	0.000104332	9.29938e-05	8.15648e-05	7.00569e-05	5.84816e-05	4.68505e-05	3.51752e-05	2.34674e-05	1.17384e-05	0	
0	1.78088e-05	3.55956e-05	5.33423e-05	7.10306e-05	8.86427e-05	0.000106161	0.000123567	0.000140844	0.000157974	0.00017494	0.000191725	0.000208312	0.000224686	0.000240828	0.000256724	0.000272357	0.000287711	0.000302772	0.000317524	0.000331953	0.000346044	0.000359784	0.000373157	0.000386152	0.000398755	0.000410954	0.000422736	0.00043409	0.000445004	0.000455468	0.000465471	0.000475003	0.000484055	0.000492617	0.000500682	0.000508241	0.000515287	0.000521812	0.000527811	0.000533277	0.000538204	0.00054259	0.000546427	0.000549714	0.000552447	0.000554623	0.000556241	0.000557297	0.000557793	0.000557727	0.000557099	0.000555911	0.000554163	0.000551857	0.000548996	0.000545584	0.000541622	0.000537116	0.00053207	0.00052649	0.00052038	0.000513748	0.0005066	0.000498944	0.000490786	0.000482137	0.000473003	0.000463396	0.000453324	0.000442798	0.000431828	0.000420426	0.000408603	0.000396372	0.000383744	0.000370733	0.000357352	0.000343615	0.000329534	0.000315126	0.000300403	0.000285383	0.000270078	0.000254506	0.000238682	0.000222622	0.000206342	0.000189859	0.00017319	0.00015635	0.000139359	0.000122231	0.000104986	8.76394e-05	7.02094e-05	5.2713e-05	3.51678e-05	1.75911e-05	0	
0	2.37142e-05	4.73991e-05	7.10306e-05	9.45845e-05	0.000118037	0.000141364	0.000164542	0.000187548	0.000210358	0.000232951	0.000255302	0.00027739	0.000299193	0.000320688	0.000341855	0.000362672	0.000383118	0.000403173	0.000422818	0.000442031	0.000460795	0.000479091	0.000496899	0.000514203	0.000530986	0.00054723	0.000562919	0.000578038	0.000592571	0.000606505	0.000619825	0.000632518	0.000644572	0.000655973	0.000666713	0.000676778	0.00068616	0.000694849	0.000702837	0.000710116	0.000716678	0.000722517	0.000727628	0.000732005	0.000735644	0.000738542	0.000740695	0.000742103	0.000742762	0.000742674	0.000741839	0.000740256	0.000737929	0.000734859	0.000731049	0.000726505	0.00072123	0.000715229	0.00070851	0.000701079	0.000692944	0.000684113	0.000674594	0.000664399	0.000653537	0.000642019	0.000629857	0.000617063	0.000603651	0.000589634	0.000575027	0.000559844	0.000544101	0.000527814	0.000510999	0.000493673	0.000475855	0.000457561	0.000438812	0.000419625	0.000400021	0.000380019	0.00035964	0.000338904	0.000317832	0.000296446	0.000274768	0.000252819	0.000230622	0.000208199	0.000185572	0.000162765	0.000139801	0.000116702	9.34921e-05	7.01937e-05	4.68302e-05	2.34246e-05	0	
0	2.95941e-05	5.91517e-05	8.86427e-05	0.000118037	0.000147304	0.000176415	0.00020534	0.000234051	0.000262517	0.000290711	0.000318605	0.00034617	0.000373379	0.000400204	0.000426619	0.000452598	0.000478114	0.000503143	0.000527658	0.000551636	0.000575052	0.000597884	0.000620109	0.000641704	0.000662647	0.000682919	0.000702499	0.000721366	0.000739504	0.000756892	0.000773515	0.000789356	0.000804398	0.000818627	0.000832029	0.00084459	0.000856299	0.000867143	0.000877111	0.000886195	0.000894384	0.000901671	0.000908049	0.000913511	0.000918053	0.000921669	0.000924357	0.000926113	0.000926937	0.000926827	0.000925784	0.000923809	0.000920904	0.000917073	0.000912319	0.000906648	0.000900065	0.000892577	0.000884192	0.000874918	0.000864766	0.000853745	0.000841866	0.000829143	0.000815587	0.000801213	0.000786036	0.00077007	0.000753332	0.00073584	0.000717611	0.000698663	0.000679016	0.00065869	0.000637706	0.000616084	0.000593848	0.000571019	0.00054762	0.000523676	0.000499211	0.000474249	0.000448817	0.000422939	0.000396643	0.000369954	0.0003429	0.000315509	0.000287808	0.000259824	0.000231587	0.000203125	0.000174467	0.00014564	0.000116675	8.75994e-05	5.84425e-05	2.92332e-05	0	
0	3.54426e-05	7.08415e-05	0.000106161	0.000141364	0.000176415	0.000211279	0.000245921	0.000280305	0.000314398	0.000348164	0.00038157	0.000414583	0.000447169	0.000479296	0.000510932	0.000542045	0.000572604	0.000602578	0.000631939	0.000660655	0.0006887	0.000716044	0.000742661	0.000768524	0.000793606	0.000817884	0.000841334	0.00086393	0.000885652	0.000906477	0.000926385	0.000945356	0.000963372	0.000980413	0.000996464	0.00101151	0.00102553	0.00103852	0.00105046	0.00106133	0.00107114	0.00107987	0.00108751	0.00109405	0.00109949	0.00110382	0.00110704	0.00110914	0.00111013	0.00111	0.00110875	0.00110638	0.0011029	0.00109832	0.00109262	0.00108583	0.00107795	0.00106898	0.00105894	0.00104783	0.00103567	0.00102247	0.00100825	0.000993008	0.000976774	0.000959559	0.000941382	0.000922261	0.000902216	0.000881266	0.000859435	0.000836742	0.000813213	0.00078887	0.000763738	0.000737843	0.000711212	0.000683871	0.000655848	0.000627172	0.000597872	0.000567977	0.000537518	0.000506527	0.000475033	0.00044307	0.00041067	0.000377865	0.000344689	0.000311175	0.000277358	0.000243271	0.000208948	0.000174425	0.000139735	0.000104913	6.99931e-05	3.50108e-05	0	
0	4.12537e-05	8.24567e-05	0.000123567	0.000164542	0.00020534	0.000245921	0.000286243	0.000326265	0.000365947	0.00040525	0.000444134	0.000482559	0.000520488	0.000557883	0.000594706	0.000630921	0.00066649	0.00070138	0.000735554	0.00076898	0.000801623	0.000833451	0.000864432	0.000894535	0.000923731	0.00095199	0.000979284	0.00100559	0.00103087	0.00105511	0.00107828	0.00110036	0.00112133	0.00114117	0.00115985	0.00117736	0.00119368	0.0012088	0.0012227	0.00123536	0.00124677	0.00125693	0.00126582	0.00127344	0.00127977	0.00128481	0.00128856	0.00129101	0.00129215	0.001292	0.00129055	0.00128779	0.00128374	0.0012784	0.00127178	0.00126387	0.0012547	0.00124426	0.00123257	0.00121964	0.00120549	0.00119012	0.00117357	0.00115583	0.00113693	0.0011169	0.00109574	0.00107348	0.00105015	0.00102577	0.00100035	0.000973942	0.000946554	0.00091822	0.000888967	0.000858827	0.000827829	0.000796005	0.000763387	0.000730009	0.000695905	0.000661108	0.000625655	0.000589582	0.000552925	0.000515721	0.000478008	0.000439824	0.000401208	0.000362199	0.000322837	0.00028316	0.00024321	0.000203026	0.000162647	0.000122116	8.14703e-05	4.07517e-05	0	
0	4.70216e-05	9.39855e-05	0.000140844	0.000187548	0.000234051	0.000280305	0.000326265	0.000371883	0.000417114	0.000461912	0.000506233	0.000550031	0.000593263	0.000635887	0.000677859	0.000719137	0.00075968	0.000799448	0.000838401	0.0008765	0.000913707	0.000949985	0.000985298	0.00101961	0.00105289	0.0010851	0.00111621	0.00114619	0.00117501	0.00120264	0.00122905	0.00125422	0.00127812	0.00130073	0.00132202	0.00134198	0.00136059	0.00137782	0.00139366	0.00140809	0.0014211	0.00143268	0.00144282	0.00145149	0.00145871	0.00146446	0.00146873	0.00147152	0.00147283	0.00147265	0.001471	0.00146786	0.00146324	0.00145716	0.0014496	0.00144059	0.00143013	0.00141823	0.00140491	0.00139018	0.00137405	0.00135653	0.00133766	0.00131744	0.0012959	0.00127307	0.00124895	0.00122358	0.00119699	0.00116919	0.00114023	0.00111012	0.00107891	0.00104661	0.00101327	0.000978913	0.000943581	0.000907307	0.000870129	0.000832084	0.000793211	0.000753549	0.000713139	0.000672021	0.000630238	0.000587832	0.000544846	0.000501323	0.000457308	0.000412845	0.000367979	0.000322755	0.000277218	0.000231415	0.00018539	0.000139191	9.28623e-05	4.64501e-05	0	
0	5.27406e-05	0.000105416	0.000157974	0.000210358	0.000262517	0.000314398	0.000365947	0.000417114	0.000467846	0.000518093	0.000567804	0.00061693	0.000665421	0.000713229	0.000760305	0.000806604	0.000852079	0.000896684	0.000940375	0.000983108	0.00102484	0.00106553	0.00110514	0.00114363	0.00118095	0.00121708	0.00125197	0.0012856	0.00131792	0.00134891	0.00137854	0.00140677	0.00143358	0.00145894	0.00148282	0.00150521	0.00152608	0.0015454	0.00156317	0.00157936	0.00159395	0.00160694	0.00161831	0.00162804	0.00163614	0.00164258	0.00164737	0.0016505	0.00165197	0.00165177	0.00164991	0.0016464	0.00164122	0.00163439	0.00162592	0.00161581	0.00160408	0.00159074	0.00157579	0.00155927	0.00154117	0.00152153	0.00150036	0.00147769	0.00145353	0.00142791	0.00140086	0.00137241	0.00134258	0.00131141	0.00127892	0.00124515	0.00121014	0.00117391	0.00113651	0.00109798	0.00105835	0.00101767	0.000975965	0.000933293	0.000889691	0.000845205	0.00079988	0.000753762	0.000706897	0.000659333	0.000611118	0.000562302	0.000512933	0.000463061	0.000412738	0.000362013	0.000310938	0.000259563	0.000207941	0.000156122	0.000104158	5.21002e-05	0	
0	5.84048e-05	0.000116738	0.00017494	0.000232951	0.000290711	0.000348164	0.00040525	0.000461912	0.000518093	0.000573737	0.000628787	0.000683189	0.000736888	0.00078983	0.000841963	0.000893235	0.000943594	0.000992989	0.00104137	0.0010887	0.00113491	0.00117997	0.00122383	0.00126645	0.00130779	0.0013478	0.00138644	0.00142368	0.00145947	0.00149379	0.0015266	0.00155786	0.00158755	0.00161563	0.00164208	0.00166687	0.00168998	0.00171138	0.00173106	0.00174899	0.00176515	0.00177953	0.00179212	0.0018029	0.00181186	0.001819	0.0018243	0.00182777	0.0018294	0.00182918	0.00182712	0.00182323	0.00181749	0.00180993	0.00180055	0.00178936	0.00177637	0.00176159	0.00174504	0.00172674	0.0017067	0.00168495	0.00166151	0.0016364	0.00160964	0.00158128	0.00155132	0.00151981	0.00148678	0.00145226	0.00141628	0.00137889	0.00134011	0.0013	0.00125858	0.00121591	0.00117202	0.00112697	0.00108079	0.00103353	0.00098525	0.000935986	0.000885793	0.000834721	0.000782822	0.00073015	0.000676757	0.000622697	0.000568026	0.000512798	0.000457069	0.000400896	0.000344335	0.000287443	0.000230276	0.000172891	0.000115346	5.76964e-05	0	
0	6.40086e-05	0.000127939	0.000191725	0.000255302	0.000318605	0.00038157	0.000444134	0.000506233	0.000567804	0.000628787	0.000689119	0.000748741	0.000807593	0.000865616	0.000922751	0.000978942	0.00103413	0.00108827	0.00114129	0.00119316	0.00124381	0.00129319	0.00134126	0.00138797	0.00143327	0.00147712	0.00151947	0.00156028	0.00159951	0.00163713	0.00167308	0.00170734	0.00173988	0.00177066	0.00179965	0.00182682	0.00185214	0.0018756	0.00189716	0.00191681	0.00193452	0.00195028	0.00196408	0.00197589	0.00198572	0.00199354	0.00199935	0.00200315	0.00200493	0.0020047	0.00200244	0.00199817	0.00199189	0.0019836	0.00197332	0.00196105	0.00194682	0.00193062	0.00191248	0.00189243	0.00187047	0.00184663	0.00182094	0.00179342	0.0017641	0.00173301	0.00170018	0.00166565	0.00162944	0.00159161	0.00155218	0.0015112	0.0014687	0.00142474	0.00137935	0.00133258	0.00128449	0.00123511	0.0011845	0.00113271	0.00107979	0.0010258	0.00097079	0.000914818	0.000857939	0.000800213	0.000741696	0.000682449	0.000622532	0.000562005	0.000500929	0.000439366	0.000377377	0.000315025	0.000252373	0.000189481	0.000126414	6.32329e-05	0	
0	6.95464e-05	0.000139008	0.000208312	0.00027739	0.00034617	0.000414583	0.000482559	0.000550031	0.00061693	0.000683189	0.000748741	0.000813522	0.000877465	0.000940508	0.00100259	0.00106364	0.00112361	0.00118243	0.00124004	0.00129639	0.00135142	0.00140508	0.00145731	0.00150806	0.00155728	0.00160492	0.00165094	0.00169528	0.0017379	0.00177877	0.00181784	0.00185506	0.00189042	0.00192386	0.00195535	0.00198487	0.00201239	0.00203788	0.0020613	0.00208265	0.0021019	0.00211902	0.00213401	0.00214685	0.00215753	0.00216602	0.00217234	0.00217647	0.00217841	0.00217815	0.0021757	0.00217106	0.00216423	0.00215523	0.00214406	0.00213073	0.00211526	0.00209766	0.00207796	0.00205616	0.0020323	0.0020064	0.00197849	0.00194859	0.00191673	0.00188295	0.00184728	0.00180976	0.00177043	0.00172932	0.00168648	0.00164195	0.00159578	0.00154801	0.0014987	0.00144788	0.00139562	0.00134197	0.00128698	0.00123071	0.00117322	0.00111456	0.00105479	0.000993972	0.000932172	0.000869451	0.000805871	0.000741498	0.000676397	0.000610633	0.000544272	0.000477382	0.00041003	0.000342283	0.00027421	0.000205877	0.000137352	6.87043e-05	0	
0	7.50127e-05	0.000149933	0.000224686	0.000299193	0.000373379	0.000447169	0.000520488	0.000593263	0.000665421	0.000736888	0.000807593	0.000877465	0.000946435	0.00101443	0.00108139	0.00114724	0.00121192	0.00127537	0.00133751	0.00139829	0.00145765	0.00151552	0.00157186	0.0016266	0.00167969	0.00173107	0.00178071	0.00182853	0.00187451	0.00191859	0.00196072	0.00200088	0.00203901	0.00207508	0.00210905	0.00214089	0.00217057	0.00219806	0.00222333	0.00224636	0.00226711	0.00228559	0.00230175	0.0023156	0.00232711	0.00233628	0.0023431	0.00234755	0.00234964	0.00234936	0.00234672	0.00234171	0.00233435	0.00232464	0.00231259	0.00229821	0.00228153	0.00226255	0.00224129	0.00221779	0.00219205	0.00216412	0.00213401	0.00210176	0.00206739	0.00203096	0.00199249	0.00195202	0.00190959	0.00186525	0.00181904	0.00177102	0.00172121	0.00166969	0.0016165	0.00156169	0.00150533	0.00144746	0.00138815	0.00132745	0.00126544	0.00120217	0.0011377	0.0010721	0.00100545	0.000937795	0.000869218	0.000799785	0.000729566	0.000658633	0.000587056	0.000514908	0.000442262	0.00036919	0.000295765	0.00022206	0.00014815	7.41051e-05	0	
0	8.04019e-05	0.000160705	0.000240828	0.000320688	0.000400204	0.000479296	0.000557883	0.000635887	0.000713229	0.00078983	0.000865616	0.000940508	0.00101443	0.00108732	0.00115909	0.00122967	0.001299	0.001367	0.00143361	0.00149875	0.00156238	0.00162441	0.00168479	0.00174347	0.00180037	0.00185545	0.00190865	0.00195991	0.00200919	0.00205643	0.0021016	0.00214464	0.00218551	0.00222417	0.00226058	0.00229471	0.00232652	0.00235599	0.00238307	0.00240775	0.00243	0.0024498	0.00246713	0.00248197	0.00249431	0.00250414	0.00251144	0.00251622	0.00251846	0.00251816	0.00251532	0.00250996	0.00250207	0.00249166	0.00247875	0.00246334	0.00244545	0.00242511	0.00240233	0.00237713	0.00234955	0.00231961	0.00228733	0.00225277	0.00221594	0.00217688	0.00213565	0.00209227	0.0020468	0.00199927	0.00194974	0.00189826	0.00184488	0.00178966	0.00173265	0.0016739	0.00161349	0.00155146	0.00148789	0.00142283	0.00135636	0.00128854	0.00121944	0.00114914	0.00107769	0.00100518	0.000931673	0.000857251	0.000781987	0.000705957	0.000629237	0.000551906	0.00047404	0.000395717	0.000317016	0.000238016	0.000158795	7.94299e-05	0	
0	8.57087e-05	0.000171313	0.000256724	0.000341855	0.000426619	0.000510932	0.000594706	0.000677859	0.000760305	0.000841963	0.000922751	0.00100259	0.00108139	0.00115909	0.00123559	0.00131084	0.00138474	0.00145723	0.00152823	0.00159768	0.0016655	0.00173163	0.001796	0.00185855	0.00191921	0.00197792	0.00203463	0.00208928	0.00214181	0.00219217	0.00224032	0.0022862	0.00232977	0.00237098	0.0024098	0.00244618	0.00248009	0.0025115	0.00254037	0.00256668	0.0025904	0.00261151	0.00262998	0.0026458	0.00265896	0.00266943	0.00267722	0.00268231	0.00268469	0.00268438	0.00268136	0.00267564	0.00266723	0.00265613	0.00264236	0.00262594	0.00260687	0.00258519	0.0025609	0.00253404	0.00250464	0.00247272	0.00243832	0.00240147	0.00236221	0.00232058	0.00227662	0.00223038	0.0021819	0.00213124	0.00207844	0.00202357	0.00196666	0.00190779	0.00184702	0.0017844	0.00171999	0.00165387	0.0015861	0.00151675	0.0014459	0.0013736	0.00129994	0.00122499	0.00114883	0.00107153	0.000993173	0.000913839	0.000833607	0.000752558	0.000670774	0.000588338	0.000505332	0.000421839	0.000337943	0.000253728	0.000169277	8.46733e-05	0	
0	9.09278e-05	0.000181744	0.000272357	0.000362672	0.000452598	0.000542045	0.000630921	0.000719137	0.000806604	0.000893235	0.000978942	0.00106364	0.00114724	0.00122967	0.00131084	0.00139066	0.00146906	0.00154597	0.0016213	0.00169497	0.00176693	0.00183708	0.00190537	0.00197173	0.00203608	0.00209837	0.00215853	0.00221651	0.00227224	0.00232567	0.00237675	0.00242542	0.00247164	0.00251537	0.00255655	0.00259515	0.00263112	0.00266444	0.00269508	0.00272299	0.00274815	0.00277054	0.00279014	0.00280693	0.00282088	0.002832	0.00284026	0.00284565	0.00284819	0.00284785	0.00284465	0.00283858	0.00282966	0.00281788	0.00280328	0.00278585	0.00276563	0.00274262	0.00271686	0.00268836	0.00265717	0.00262331	0.00258681	0.00254771	0.00250606	0.0024619	0.00241526	0.00236621	0.00231478	0.00226103	0.00220502	0.0021468	0.00208643	0.00202398	0.0019595	0.00189306	0.00182474	0.00175459	0.0016827	0.00160912	0.00153395	0.00145725	0.00137911	0.00129959	0.00121879	0.00113679	0.00105366	0.000969492	0.000884374	0.000798389	0.000711625	0.000624168	0.000536107	0.00044753	0.000358525	0.000269181	0.000179586	8.98301e-05	0	
0	9.6054e-05	0.000191991	0.000287711	0.000383118	0.000478114	0.000572604	0.00066649	0.00075968	0.000852079	0.000943594	0.00103413	0.00112361	0.00121192	0.001299	0.00138474	0.00146906	0.00155189	0.00163313	0.0017127	0.00179053	0.00186654	0.00194065	0.00201279	0.00208289	0.00215087	0.00221667	0.00228023	0.00234147	0.00240035	0.00245679	0.00251075	0.00256217	0.00261099	0.00265718	0.00270068	0.00274146	0.00277947	0.00281467	0.00284702	0.00287651	0.00290309	0.00292675	0.00294745	0.00296518	0.00297993	0.00299167	0.00300039	0.00300609	0.00300877	0.00300841	0.00300503	0.00299862	0.00298919	0.00297676	0.00296133	0.00294292	0.00292156	0.00289725	0.00287004	0.00283994	0.00280698	0.00277121	0.00273265	0.00269136	0.00264736	0.0026007	0.00255144	0.00249961	0.00244529	0.00238851	0.00232934	0.00226784	0.00220407	0.00213809	0.00206998	0.0019998	0.00192762	0.00185352	0.00177757	0.00169985	0.00162044	0.00153941	0.00145686	0.00137287	0.00128751	0.00120088	0.00111307	0.00102415	0.000934238	0.000843405	0.000751749	0.000659361	0.000566335	0.000472763	0.00037874	0.000284358	0.000189712	9.48951e-05	0	
0	0.000101082	0.000202041	0.000302772	0.000403173	0.000503143	0.000602578	0.00070138	0.000799448	0.000896684	0.000992989	0.00108827	0.00118243	0.00127537	0.001367	0.00145723	0.00154597	0.00163313	0.00171862	0.00180236	0.00188427	0.00196426	0.00204225	0.00211816	0.00219193	0.00226347	0.00233272	0.0023996	0.00246405	0.00252601	0.0025854	0.00264219	0.0026963	0.00274768	0.00279629	0.00284207	0.00288498	0.00292497	0.00296201	0.00299607	0.0030271	0.00305507	0.00307997	0.00310175	0.00312041	0.00313593	0.00314828	0.00315746	0.00316346	0.00316628	0.00316591	0.00316234	0.0031556	0.00314568	0.00313259	0.00311636	0.00309699	0.0030745	0.00304893	0.00302029	0.00298861	0.00295393	0.00291629	0.00287571	0.00283225	0.00278595	0.00273685	0.00268501	0.00263047	0.0025733	0.00251355	0.00245129	0.00238656	0.00231945	0.00225002	0.00217835	0.00210449	0.00202853	0.00195055	0.00187063	0.00178884	0.00170527	0.00162001	0.00153313	0.00144474	0.00135491	0.00126375	0.00117134	0.00107777	0.000983148	0.00088756	0.000791105	0.000693881	0.000595985	0.000497514	0.000398569	0.000299246	0.000199645	9.98633e-05	0	
0	0.000106007	0.000211885	0.000317524	0.000422818	0.000527658	0.000631939	0.000735554	0.000838401	0.000940375	0.00104137	0.00114129	0.00124004	0.00133751	0.00143361	0.00152823	0.0016213	0.0017127	0.00180236	0.00189018	0.00197608	0.00205997	0.00214176	0.00222137	0.00229873	0.00237376	0.00244638	0.00251652	0.00258411	0.00264909	0.00271138	0.00277093	0.00282768	0.00288157	0.00293254	0.00298055	0.00302555	0.0030675	0.00310634	0.00314206	0.0031746	0.00320394	0.00323004	0.00325289	0.00327246	0.00328873	0.00330169	0.00331132	0.00331761	0.00332056	0.00332017	0.00331644	0.00330936	0.00329896	0.00328524	0.00326821	0.0032479	0.00322431	0.00319749	0.00316746	0.00313424	0.00309787	0.00305839	0.00301584	0.00297026	0.0029217	0.00287021	0.00281584	0.00275865	0.00269869	0.00263603	0.00257073	0.00250286	0.00243248	0.00235966	0.00228449	0.00220704	0.00212738	0.0020456	0.00196178	0.00187601	0.00178837	0.00169895	0.00160784	0.00151514	0.00142094	0.00132533	0.00122842	0.00113029	0.00103106	0.000930811	0.000829656	0.000727694	0.000625027	0.000521758	0.000417991	0.000313828	0.000209373	0.00010473	0	
0	0.000110824	0.000221513	0.000331953	0.000442031	0.000551636	0.000660655	0.00076898	0.0008765	0.000983108	0.0010887	0.00119316	0.00129639	0.00139829	0.00149875	0.00159768	0.00169497	0.00179053	0.00188427	0.00197608	0.00206588	0.00215358	0.00223909	0.00232232	0.0024032	0.00248163	0.00255756	0.00263088	0.00270155	0.00276947	0.0028346	0.00289685	0.00295618	0.00301252	0.00306581	0.003116	0.00316305	0.0032069	0.00324751	0.00328485	0.00331887	0.00334954	0.00337683	0.00340072	0.00342118	0.00343819	0.00345173	0.0034618	0.00346838	0.00347147	0.00347106	0.00346715	0.00345976	0.00344888	0.00343454	0.00341673	0.0033955	0.00337084	0.0033428	0.0033114	0.00327667	0.00323865	0.00319738	0.0031529	0.00310525	0.00305448	0.00300065	0.00294381	0.00288402	0.00282134	0.00275583	0.00268756	0.0026166	0.00254302	0.0024669	0.00238831	0.00230734	0.00222406	0.00213857	0.00205094	0.00196127	0.00186964	0.00177616	0.00168091	0.001584	0.00148552	0.00138556	0.00128424	0.00118166	0.00107792	0.000973114	0.000867362	0.000760766	0.000653433	0.000545471	0.000436988	0.000328091	0.000218889	0.00010949	0	
0	0.000115529	0.000230916	0.000346044	0.000460795	0.000575052	0.0006887	0.000801623	0.000913707	0.00102484	0.00113491	0.00124381	0.00135142	0.00145765	0.00156238	0.0016655	0.00176693	0.00186654	0.00196426	0.00205997	0.00215358	0.002245	0.00233414	0.00242091	0.00250522	0.00258698	0.00266613	0.00274257	0.00281623	0.00288704	0.00295493	0.00301983	0.00308167	0.0031404	0.00319596	0.00324828	0.00329732	0.00334304	0.00338537	0.00342429	0.00345976	0.00349173	0.00352018	0.00354508	0.00356641	0.00358414	0.00359827	0.00360876	0.00361562	0.00361884	0.00361841	0.00361434	0.00360663	0.00359529	0.00358034	0.00356178	0.00353964	0.00351394	0.00348471	0.00345198	0.00341578	0.00337614	0.00333312	0.00328674	0.00323707	0.00318415	0.00312804	0.00306878	0.00300645	0.00294111	0.00287282	0.00280165	0.00272768	0.00265098	0.00257163	0.00248971	0.00240529	0.00231848	0.00222936	0.00213801	0.00204453	0.00194901	0.00185156	0.00175227	0.00165124	0.00154858	0.00144439	0.00133877	0.00123183	0.00112368	0.00101443	0.000904185	0.000793064	0.000681174	0.000568629	0.00045554	0.00034202	0.000228182	0.000114138	0	
0	0.000120116	0.000240085	0.000359784	0.000479091	0.000597884	0.000716044	0.000833451	0.000949985	0.00106553	0.00117997	0.00129319	0.00140508	0.00151552	0.00162441	0.00173163	0.00183708	0.00194065	0.00204225	0.00214176	0.00223909	0.00233414	0.00242682	0.00251703	0.00260469	0.0026897	0.00277199	0.00285146	0.00292805	0.00300167	0.00307226	0.00313973	0.00320403	0.00326509	0.00332285	0.00337726	0.00342825	0.00347577	0.00351979	0.00356026	0.00359713	0.00363037	0.00365996	0.00368585	0.00370802	0.00372646	0.00374114	0.00375205	0.00375918	0.00376253	0.00376208	0.00375785	0.00374984	0.00373805	0.0037225	0.00370321	0.00368019	0.00365347	0.00362308	0.00358905	0.00355141	0.0035102	0.00346546	0.00341725	0.00336561	0.00331059	0.00325224	0.00319064	0.00312583	0.0030579	0.00298689	0.0029129	0.00283599	0.00275625	0.00267374	0.00258857	0.0025008	0.00241054	0.00231788	0.0022229	0.00212571	0.00202641	0.00192509	0.00182185	0.00171681	0.00161007	0.00150174	0.00139193	0.00128074	0.0011683	0.00105471	0.000940089	0.000824555	0.000708223	0.000591209	0.000473629	0.000355602	0.000237243	0.00011867	0	
0	0.000124581	0.000249009	0.000373157	0.000496899	0.000620109	0.000742661	0.000864432	0.000985298	0.00110514	0.00122383	0.00134126	0.00145731	0.00157186	0.00168479	0.001796	0.00190537	0.00201279	0.00211816	0.00222137	0.00232232	0.00242091	0.00251703	0.0026106	0.00270151	0.00278969	0.00287503	0.00295746	0.0030369	0.00311326	0.00318647	0.00325645	0.00332314	0.00338647	0.00344638	0.0035028	0.00355569	0.00360498	0.00365064	0.00369261	0.00373085	0.00376533	0.00379601	0.00382286	0.00384586	0.00386499	0.00388021	0.00389153	0.00389893	0.0039024	0.00390194	0.00389755	0.00388924	0.00387701	0.00386088	0.00384087	0.003817	0.00378929	0.00375777	0.00372247	0.00368343	0.00364069	0.00359429	0.00354429	0.00349072	0.00343366	0.00337314	0.00330925	0.00324203	0.00317157	0.00309793	0.00302119	0.00294142	0.00285871	0.00277314	0.0026848	0.00259377	0.00250016	0.00240405	0.00230554	0.00220474	0.00210174	0.00199665	0.00188958	0.00178064	0.00166993	0.00155757	0.00144367	0.00132835	0.00121173	0.00109392	0.000975038	0.00085521	0.000734553	0.000613188	0.000491237	0.000368822	0.000246063	0.000123082	0	
0	0.000128919	0.00025768	0.000386152	0.000514203	0.000641704	0.000768524	0.000894535	0.00101961	0.00114363	0.00126645	0.00138797	0.00150806	0.0016266	0.00174347	0.00185855	0.00197173	0.00208289	0.00219193	0.00229873	0.0024032	0.00250522	0.00260469	0.00270151	0.00279559	0.00288684	0.00297516	0.00306046	0.00314266	0.00322168	0.00329744	0.00336986	0.00343887	0.00350441	0.0035664	0.00362479	0.00367952	0.00373053	0.00377777	0.00382121	0.00386078	0.00389646	0.00392821	0.003956	0.0039798	0.00399959	0.00401535	0.00402706	0.00403471	0.0040383	0.00403783	0.00403329	0.00402469	0.00401203	0.00399535	0.00397464	0.00394993	0.00392126	0.00388864	0.00385211	0.00381171	0.00376748	0.00371947	0.00366772	0.00361229	0.00355324	0.00349062	0.0034245	0.00335495	0.00328203	0.00320582	0.00312641	0.00304386	0.00295827	0.00286972	0.0027783	0.00268411	0.00258723	0.00248777	0.00238584	0.00228152	0.00217494	0.00206619	0.00195539	0.00184265	0.00172809	0.00161182	0.00149395	0.00137462	0.00125393	0.00113202	0.001009	0.000884996	0.000760136	0.000634545	0.000508347	0.000381668	0.000254633	0.000127369	0	
0	0.000133127	0.00026609	0.000398755	0.000530986	0.000662647	0.000793606	0.000923731	0.00105289	0.00118095	0.00130779	0.00143327	0.00155728	0.00167969	0.00180037	0.00191921	0.00203608	0.00215087	0.00226347	0.00237376	0.00248163	0.00258698	0.0026897	0.00278969	0.00288684	0.00298106	0.00307226	0.00316035	0.00324523	0.00332683	0.00340506	0.00347985	0.00355111	0.00361879	0.00368281	0.0037431	0.00379962	0.00385229	0.00390108	0.00394593	0.0039868	0.00402364	0.00405643	0.00408512	0.0041097	0.00413014	0.00414641	0.0041585	0.00416641	0.00417011	0.00416962	0.00416493	0.00415605	0.00414299	0.00412575	0.00410437	0.00407886	0.00404925	0.00401556	0.00397784	0.00393613	0.00389045	0.00384087	0.00378744	0.0037302	0.00366922	0.00360456	0.00353628	0.00346445	0.00338916	0.00331046	0.00322846	0.00314322	0.00305483	0.00296339	0.00286899	0.00277172	0.00267168	0.00256898	0.00246371	0.00235599	0.00224593	0.00213363	0.00201922	0.0019028	0.0017845	0.00166443	0.00154272	0.00141949	0.00129486	0.00116897	0.00104193	0.000913884	0.000784949	0.000655258	0.00052494	0.000394126	0.000262945	0.000131527	0	
0	0.000137199	0.000274231	0.000410954	0.00054723	0.000682919	0.000817884	0.00095199	0.0010851	0.00121708	0.0013478	0.00147712	0.00160492	0.00173107	0.00185545	0.00197792	0.00209837	0.00221667	0.00233272	0.00244638	0.00255756	0.00266613	0.00277199	0.00287503	0.00297516	0.00307226	0.00316625	0.00325703	0.00334452	0.00342861	0.00350924	0.00358631	0.00365975	0.0037295	0.00379548	0.00385762	0.00391586	0.00397015	0.00402043	0.00406665	0.00410877	0.00414674	0.00418053	0.0042101	0.00423543	0.00425649	0.00427326	0.00428573	0.00429387	0.00429769	0.00429719	0.00429236	0.0042832	0.00426974	0.00425198	0.00422994	0.00420365	0.00417313	0.00413842	0.00409954	0.00405655	0.00400948	0.00395838	0.00390331	0.00384432	0.00378148	0.00371484	0.00364447	0.00357045	0.00349285	0.00341175	0.00332723	0.00323938	0.00314829	0.00305405	0.00295676	0.00285652	0.00275342	0.00264757	0.00253909	0.00242808	0.00231465	0.00219891	0.002081	0.00196102	0.00183909	0.00171535	0.00158992	0.00146292	0.00133448	0.00120473	0.00107381	0.000941845	0.000808965	0.000675306	0.000541002	0.000406185	0.000270991	0.000135551	0	
0	0.000141133	0.000282093	0.000422736	0.000562919	0.000702499	0.000841334	0.000979284	0.00111621	0.00125197	0.00138644	0.00151947	0.00165094	0.00178071	0.00190865	0.00203463	0.00215853	0.00228023	0.0023996	0.00251652	0.00263088	0.00274257	0.00285146	0.00295746	0.00306046	0.00316035	0.00325703	0.00335042	0.00344041	0.00352692	0.00360985	0.00368913	0.00376469	0.00383643	0.0039043	0.00396822	0.00402813	0.00408398	0.0041357	0.00418325	0.00422657	0.00426564	0.00430039	0.00433082	0.00435687	0.00437854	0.00439579	0.00440861	0.00441699	0.00442092	0.0044204	0.00441543	0.00440601	0.00439216	0.00437389	0.00435122	0.00432418	0.00429278	0.00425708	0.00421709	0.00417286	0.00412444	0.00407188	0.00401523	0.00395455	0.0038899	0.00382135	0.00374897	0.00367282	0.003593	0.00350957	0.00342263	0.00333227	0.00323856	0.00314162	0.00304154	0.00293842	0.00283237	0.00272349	0.00261189	0.0024977	0.00238101	0.00226196	0.00214067	0.00201725	0.00189183	0.00176454	0.00163551	0.00150487	0.00137275	0.00123928	0.0011046	0.000968852	0.000832162	0.00069467	0.000556515	0.000417832	0.000278761	0.000139438	0	
0	0.000144923	0.000289669	0.00043409	0.000578038	0.000721366	0.00086393	0.00100559	0.00114619	0.0012856	0.00142368	0.00156028	0.00169528	0.00182853	0.00195991	0.00208928	0.00221651	0.00234147	0.00246405	0.00258411	0.00270155	0.00281623	0.00292805	0.0030369	0.00314266	0.00324523	0.00334452	0.00344041	0.00353282	0.00362165	0.00370681	0.00378822	0.0038658	0.00393948	0.00400917	0.00407481	0.00413633	0.00419367	0.00424679	0.00429561	0.0043401	0.00438021	0.0044159	0.00444714	0.0044739	0.00449614	0.00451386	0.00452702	0.00453563	0.00453967	0.00453913	0.00453403	0.00452436	0.00451014	0.00449138	0.0044681	0.00444033	0.00440809	0.00437142	0.00433036	0.00428495	0.00423523	0.00418125	0.00412308	0.00406077	0.00399439	0.00392399	0.00384967	0.00377148	0.00368951	0.00360384	0.00351457	0.00342177	0.00332555	0.00322601	0.00312324	0.00301735	0.00290845	0.00279665	0.00268205	0.00256479	0.00244497	0.00232272	0.00219817	0.00207143	0.00194264	0.00181194	0.00167944	0.00154529	0.00140962	0.00127257	0.00113427	0.000994877	0.000854515	0.000713331	0.000571464	0.000429056	0.000286249	0.000143184	0	
0	0.000148567	0.000296952	0.000445004	0.000592571	0.000739504	0.000885652	0.00103087	0.00117501	0.00131792	0.00145947	0.00159951	0.0017379	0.00187451	0.00200919	0.00214181	0.00227224	0.00240035	0.00252601	0.00264909	0.00276947	0.00288704	0.00300167	0.00311326	0.00322168	0.00332683	0.00342861	0.00352692	0.00362165	0.00371271	0.00380001	0.00388347	0.00396301	0.00403853	0.00410997	0.00417726	0.00424033	0.00429912	0.00435357	0.00440362	0.00444923	0.00449035	0.00452694	0.00455896	0.00458639	0.0046092	0.00462736	0.00464085	0.00464968	0.00465381	0.00465327	0.00464803	0.00463812	0.00462354	0.00460431	0.00458045	0.00455198	0.00451893	0.00448134	0.00443925	0.00439269	0.00434172	0.00428639	0.00422676	0.00416288	0.00409483	0.00402266	0.00394647	0.00386631	0.00378228	0.00369446	0.00360294	0.00350782	0.00340918	0.00330713	0.00320178	0.00309323	0.00298159	0.00286697	0.0027495	0.00262928	0.00250645	0.00238113	0.00225344	0.00212352	0.00199149	0.0018575	0.00172167	0.00158415	0.00144507	0.00130457	0.0011628	0.00101989	0.000876004	0.000731269	0.000585835	0.000439846	0.000293448	0.000146784	0	
0	0.00015206	0.000303935	0.000455468	0.000606505	0.000756892	0.000906477	0.00105511	0.00120264	0.00134891	0.00149379	0.00163713	0.00177877	0.00191859	0.00205643	0.00219217	0.00232567	0.00245679	0.0025854	0.00271138	0.0028346	0.00295493	0.00307226	0.00318647	0.00329744	0.00340506	0.00350924	0.00360985	0.00370681	0.00380001	0.00388937	0.0039748	0.0040562	0.0041335	0.00420662	0.00427549	0.00434005	0.00440022	0.00445595	0.00450717	0.00455386	0.00459594	0.00463339	0.00466617	0.00469424	0.00471759	0.00473617	0.00474999	0.00475902	0.00476325	0.00476269	0.00475734	0.00474719	0.00473227	0.00471259	0.00468816	0.00465902	0.0046252	0.00458673	0.00454364	0.00449599	0.00444382	0.00438719	0.00432616	0.00426078	0.00419112	0.00411726	0.00403927	0.00395723	0.00387123	0.00378134	0.00368767	0.00359031	0.00348935	0.0033849	0.00327707	0.00316597	0.0030517	0.00293439	0.00281415	0.00269111	0.0025654	0.00243713	0.00230644	0.00217346	0.00203833	0.00190118	0.00176216	0.0016214	0.00147905	0.00133525	0.00119014	0.00104388	0.000896605	0.000748467	0.000599612	0.00045019	0.000300349	0.000150236	0	
0	0.0001554	0.00031061	0.000465471	0.000619825	0.000773515	0.000926385	0.00107828	0.00122905	0.00137854	0.0015266	0.00167308	0.00181784	0.00196072	0.0021016	0.00224032	0.00237675	0.00251075	0.00264219	0.00277093	0.00289685	0.00301983	0.00313973	0.00325645	0.00336986	0.00347985	0.00358631	0.00368913	0.00378822	0.00388347	0.0039748	0.0040621	0.00414529	0.00422428	0.00429901	0.0043694	0.00443537	0.00449686	0.00455381	0.00460617	0.00465387	0.00469689	0.00473516	0.00476866	0.00479735	0.0048212	0.0048402	0.00485431	0.00486354	0.00486787	0.0048673	0.00486183	0.00485146	0.00483621	0.00481609	0.00479113	0.00476135	0.00472679	0.00468747	0.00464344	0.00459474	0.00454143	0.00448355	0.00442118	0.00435436	0.00428318	0.0042077	0.00412799	0.00404415	0.00395626	0.0038644	0.00376867	0.00366917	0.00356599	0.00345925	0.00334905	0.00323551	0.00311873	0.00299884	0.00287597	0.00275022	0.00262174	0.00249066	0.0023571	0.0022212	0.0020831	0.00194294	0.00180087	0.00165702	0.00151154	0.00136458	0.00121629	0.00106681	0.0009163	0.000764907	0.000612783	0.000460079	0.000306946	0.000153537	0	
0	0.000158582	0.00031697	0.000475003	0.000632518	0.000789356	0.000945356	0.00110036	0.00125422	0.00140677	0.00155786	0.00170734	0.00185506	0.00200088	0.00214464	0.0022862	0.00242542	0.00256217	0.0026963	0.00282768	0.00295618	0.00308167	0.00320403	0.00332314	0.00343887	0.00355111	0.00365975	0.00376469	0.0038658	0.00396301	0.0040562	0.00414529	0.00423018	0.0043108	0.00438706	0.00445888	0.00452621	0.00458896	0.00464707	0.0047005	0.00474919	0.00479308	0.00483213	0.00486632	0.0048956	0.00491994	0.00493932	0.00495373	0.00496315	0.00496757	0.00496698	0.0049614	0.00495082	0.00493526	0.00491473	0.00488926	0.00485887	0.00482359	0.00478347	0.00473854	0.00468884	0.00463444	0.00457538	0.00451173	0.00444354	0.0043709	0.00429387	0.00421254	0.00412698	0.00403728	0.00394354	0.00384585	0.00374431	0.00363903	0.0035301	0.00341764	0.00330177	0.00318261	0.00306026	0.00293487	0.00280655	0.00267544	0.00254167	0.00240537	0.00226669	0.00212577	0.00198274	0.00183775	0.00169096	0.0015425	0.00139253	0.0012412	0.00108866	0.000935067	0.000780574	0.000625334	0.000469502	0.000313233	0.000156681	0	
0	0.000161604	0.000323011	0.000484055	0.000644572	0.000804398	0.000963372	0.00112133	0.00127812	0.00143358	0.00158755	0.00173988	0.00189042	0.00203901	0.00218551	0.00232977	0.00247164	0.00261099	0.00274768	0.00288157	0.00301252	0.0031404	0.00326509	0.00338647	0.00350441	0.00361879	0.0037295	0.00383643	0.00393948	0.00403853	0.0041335	0.00422428	0.0043108	0.00439295	0.00447066	0.00454386	0.00461247	0.00467641	0.00473564	0.00479008	0.00483969	0.00488442	0.00492423	0.00495906	0.0049889	0.0050137	0.00503346	0.00504814	0.00505774	0.00506224	0.00506164	0.00505595	0.00504517	0.00502931	0.0050084	0.00498244	0.00495147	0.00491552	0.00487464	0.00482885	0.00477821	0.00472276	0.00466258	0.00459771	0.00452823	0.0044542	0.00437571	0.00429282	0.00420563	0.00411423	0.0040187	0.00391915	0.00381568	0.00370838	0.00359738	0.00348278	0.0033647	0.00324326	0.00311859	0.00299081	0.00286004	0.00272643	0.00259011	0.00245122	0.00230989	0.00216628	0.00202053	0.00187278	0.00172318	0.0015719	0.00141907	0.00126485	0.00110941	0.00095289	0.000795452	0.000637253	0.000478451	0.000319204	0.000159668	0	
0	0.000164463	0.000328725	0.000492617	0.000655973	0.000818627	0.000980413	0.00114117	0.00130073	0.00145894	0.00161563	0.00177066	0.00192386	0.00207508	0.00222417	0.00237098	0.00251537	0.00265718	0.00279629	0.00293254	0.00306581	0.00319596	0.00332285	0.00344638	0.0035664	0.00368281	0.00379548	0.0039043	0.00400917	0.00410997	0.00420662	0.00429901	0.00438706	0.00447066	0.00454975	0.00462424	0.00469406	0.00475914	0.00481941	0.00487482	0.00492531	0.00497083	0.00501134	0.00504679	0.00507715	0.0051024	0.0051225	0.00513745	0.00514721	0.0051518	0.00515119	0.0051454	0.00513443	0.00511829	0.005097	0.00507058	0.00503907	0.00500249	0.00496087	0.00491427	0.00486274	0.00480632	0.00474507	0.00467905	0.00460834	0.004533	0.00445312	0.00436877	0.00428004	0.00418702	0.0040898	0.00398849	0.00388318	0.00377399	0.00366102	0.0035444	0.00342423	0.00330064	0.00317376	0.00304372	0.00291064	0.00277467	0.00263594	0.00249459	0.00235076	0.00220461	0.00205627	0.00190591	0.00175367	0.00159971	0.00144418	0.00128723	0.00112904	0.000969749	0.000809525	0.000648528	0.000486916	0.000324851	0.000162493	0	
0	0.000167155	0.000334106	0.000500682	0.000666713	0.000832029	0.000996464	0.00115985	0.00132202	0.00148282	0.00164208	0.00179965	0.00195535	0.00210905	0.00226058	0.0024098	0.00255655	0.00270068	0.00284207	0.00298055	0.003116	0.00324828	0.00337726	0.0035028	0.00362479	0.0037431	0.00385762	0.00396822	0.00407481	0.00417726	0.00427549	0.0043694	0.00445888	0.00454386	0.00462424	0.00469995	0.00477092	0.00483706	0.00489832	0.00495464	0.00500595	0.00505222	0.00509339	0.00512942	0.00516028	0.00518594	0.00520637	0.00522156	0.00523149	0.00523614	0.00523553	0.00522964	0.00521849	0.00520209	0.00518045	0.0051536	0.00512157	0.00508439	0.0050421	0.00499474	0.00494236	0.00488501	0.00482276	0.00475566	0.00468379	0.00460722	0.00452603	0.0044403	0.00435012	0.00425557	0.00415676	0.00405379	0.00394676	0.00383578	0.00372097	0.00360243	0.0034803	0.00335469	0.00322573	0.00309356	0.0029583	0.0028201	0.0026791	0.00253543	0.00238925	0.00224071	0.00208994	0.00193712	0.00178239	0.0016259	0.00146782	0.00130831	0.00114753	0.000985628	0.000822781	0.000659147	0.000494889	0.000330171	0.000165153	0	
0	0.000169679	0.00033915	0.000508241	0.000676778	0.00084459	0.00101151	0.00117736	0.00134198	0.00150521	0.00166687	0.00182682	0.00198487	0.00214089	0.00229471	0.00244618	0.00259515	0.00274146	0.00288498	0.00302555	0.00316305	0.00329732	0.00342825	0.00355569	0.00367952	0.00379962	0.00391586	0.00402813	0.00413633	0.00424033	0.00434005	0.00443537	0.00452621	0.00461247	0.00469406	0.00477092	0.00484295	0.00491009	0.00497228	0.00502944	0.00508154	0.0051285	0.00517029	0.00520687	0.0052382	0.00526424	0.00528498	0.0053004	0.00531048	0.0053152	0.00531458	0.00530861	0.00529729	0.00528064	0.00525867	0.00523142	0.0051989	0.00516116	0.00511823	0.00507015	0.00501698	0.00495877	0.00489558	0.00482747	0.00475452	0.00467679	0.00459437	0.00450735	0.0044158	0.00431983	0.00421953	0.004115	0.00400636	0.0038937	0.00377715	0.00365683	0.00353285	0.00340534	0.00327444	0.00314027	0.00300297	0.00286268	0.00271955	0.00257372	0.00242533	0.00227454	0.0021215	0.00196637	0.0018093	0.00165045	0.00148999	0.00132807	0.00116485	0.00100051	0.000835206	0.000669101	0.000502363	0.000335157	0.000167647	0	
