0	0	0	0	0	0	0	0	0	0	0	0	0	0	0	0	0	0	0	0	0	0	0	0	0	0	0	0	0	0	0	0	0	0	0	0	0	0	0	0	0	0	0	0	0	0	0	0	0	0	0	0	0	0	0	0	0	0	0	0	0	0	0	0	0	0	0	0	0	0	0	0	0	0	0	0	0	0	0	0	0	0	0	0	0	0	0	0	0	0	0	0	0	0	0	0	0	0	0	0	
0	5.40245e-06	1.07981e-05	1.61815e-05	2.15471e-05	2.68894e-05	3.2203e-05	3.74826e-05	4.27229e-05	4.79185e-05	5.30643e-05	5.81552e-05	6.31859e-05	6.81516e-05	7.30472e-05	7.78678e-05	8.26087e-05	8.7265e-05	9.18323e-05	9.63058e-05	0.000100681	0.000104954	0.00010912	0.000113175	0.000117115	0.000120937	0.000124635	0.000128207	0.00013165	0.000134958	0.000138131	0.000141163	0.000144053	0.000146797	0.000149392	0.000151836	0.000154127	0.000156263	0.00015824	0.000160058	0.000161714	0.000163207	0.000164536	0.000165698	0.000166694	0.000167521	0.000168179	0.000168668	0.000168987	0.000169136	0.000169115	0.000168923	0.000168561	0.00016803	0.00016733	0.000166461	0.000165425	0.000164222	0.000162855	0.000161323	0.00015963	0.000157776	0.000155764	0.000153596	0.000151273	0.000148799	0.000146175	0.000143405	0.000140491	0.000137436	0.000134244	0.000130917	0.000127459	0.000123874	0.000120164	0.000116335	0.00011239	0.000108332	0.000104167	9.98971e-05	9.55283e-05	9.10645e-05	8.65102e-05	8.18701e-05	7.71488e-05	7.23513e-05	6.74823e-05	6.25468e-05	5.75498e-05	5.24964e-05	4.73917e-05	4.22408e-05	3.7049e-05	3.18214e-05	2.65634e-05	2.12801e-05	1.59769e-05	1.0659e-05	5.3316e-06	0	
0	1.07981e-05	2.15827e-05	3.23428e-05	4.30672e-05	5.37452e-05	6.43658e-05	7.49185e-05	8.53925e-05	9.57774e-05	0.000106063	0.000116238	0.000126293	0.000136218	0.000146004	0.000155639	0.000165115	0.000174422	0.000183551	0.000192492	0.000201237	0.000209778	0.000218105	0.00022621	0.000234086	0.000241723	0.000249116	0.000256256	0.000263136	0.00026975	0.00027609	0.000282151	0.000287927	0.000293411	0.000298599	0.000303485	0.000308064	0.000312332	0.000316285	0.000319918	0.000323228	0.000326213	0.000328868	0.000331191	0.000333181	0.000334834	0.000336151	0.000337128	0.000337766	0.000338064	0.000338021	0.000337638	0.000336915	0.000335852	0.000334452	0.000332716	0.000330645	0.000328242	0.000325508	0.000322448	0.000319063	0.000315358	0.000311336	0.000307002	0.000302359	0.000297414	0.000292169	0.000286632	0.000280808	0.000274702	0.000268321	0.000261672	0.00025476	0.000247594	0.00024018	0.000232527	0.000224641	0.000216531	0.000208205	0.000199671	0.000190939	0.000182017	0.000172914	0.000163639	0.000154203	0.000144614	0.000134882	0.000125017	0.000115029	0.000104928	9.47252e-05	8.44298e-05	7.40526e-05	6.36039e-05	5.30943e-05	4.25343e-05	3.19343e-05	2.1305e-05	1.06567e-05	0	
0	1.61815e-05	3.23428e-05	4.84672e-05	6.45383e-05	8.05398e-05	9.64555e-05	0.000112269	0.000127965	0.000143527	0.00015894	0.000174189	0.000189257	0.000204131	0.000218794	0.000233233	0.000247434	0.000261381	0.000275061	0.00028846	0.000301566	0.000314364	0.000326842	0.000338989	0.000350791	0.000362236	0.000373314	0.000384014	0.000394325	0.000404236	0.000413737	0.00042282	0.000431475	0.000439694	0.000447468	0.00045479	0.000461652	0.000468048	0.000473971	0.000479416	0.000484377	0.000488849	0.000492828	0.00049631	0.000499291	0.000501769	0.000503742	0.000505206	0.000506162	0.000506608	0.000506544	0.00050597	0.000504886	0.000503295	0.000501197	0.000498595	0.000495491	0.000491889	0.000487793	0.000483207	0.000478135	0.000472583	0.000466556	0.000460061	0.000453104	0.000445692	0.000437834	0.000429536	0.000420808	0.000411658	0.000402096	0.000392131	0.000381774	0.000371035	0.000359925	0.000348455	0.000336638	0.000324484	0.000312007	0.000299219	0.000286134	0.000272763	0.000259122	0.000245224	0.000231082	0.000216713	0.000202129	0.000187346	0.000172378	0.000157242	0.000141952	0.000126524	0.000110973	9.53148e-05	7.95654e-05	6.37405e-05	4.78558e-05	3.1927e-05	1.59698e-05	0	
0	2.15471e-05	4.30672e-05	6.45383e-05	8.59385e-05	0.000107246	0.000128439	0.000149497	0.000170397	0.00019112	0.000211644	0.000231949	0.000252014	0.000271819	0.000291345	0.000310572	0.000329481	0.000348053	0.000366269	0.000384112	0.000401563	0.000418605	0.000435222	0.000451396	0.000467111	0.000482352	0.000497104	0.000511352	0.000525081	0.000538278	0.000550931	0.000563025	0.00057455	0.000585494	0.000595846	0.000605596	0.000614734	0.000623251	0.000631138	0.000638388	0.000644994	0.000650949	0.000656248	0.000660884	0.000664854	0.000668154	0.000670781	0.000672731	0.000674004	0.000674598	0.000674512	0.000673748	0.000672305	0.000670186	0.000667392	0.000663927	0.000659795	0.000654999	0.000649544	0.000643437	0.000636683	0.00062929	0.000621265	0.000612616	0.000603352	0.000593483	0.000583018	0.000571969	0.000560347	0.000548163	0.00053543	0.000522161	0.00050837	0.00049407	0.000479276	0.000464003	0.000448267	0.000432083	0.000415469	0.000398441	0.000381016	0.000363212	0.000345047	0.00032654	0.00030771	0.000288575	0.000269155	0.00024947	0.000229539	0.000209384	0.000189024	0.000168479	0.000147772	0.000126922	0.00010595	8.48773e-05	6.37251e-05	4.25142e-05	2.12656e-05	0	
0	2.68894e-05	5.37452e-05	8.05398e-05	0.000107246	0.000133836	0.000160284	0.000186563	0.000212646	0.000238506	0.000264119	0.000289458	0.000314499	0.000339215	0.000363582	0.000387576	0.000411174	0.00043435	0.000457083	0.00047935	0.000501128	0.000522396	0.000543132	0.000563317	0.000582929	0.000601949	0.000620358	0.000638138	0.000655272	0.000671742	0.000687531	0.000702625	0.000717008	0.000730665	0.000743584	0.000755751	0.000767154	0.000777783	0.000787626	0.000796674	0.000804918	0.00081235	0.000818962	0.000824748	0.000829702	0.00083382	0.000837098	0.000839532	0.000841121	0.000841862	0.000841755	0.000840801	0.000839001	0.000836356	0.00083287	0.000828546	0.000823389	0.000817404	0.000810597	0.000802975	0.000794547	0.000785321	0.000775306	0.000764512	0.000752951	0.000740635	0.000727576	0.000713788	0.000699283	0.000684079	0.000668189	0.00065163	0.000634419	0.000616573	0.000598111	0.000579051	0.000559414	0.000539217	0.000518484	0.000497233	0.000475488	0.00045327	0.000430601	0.000407506	0.000384006	0.000360127	0.000335892	0.000311326	0.000286454	0.000261301	0.000235892	0.000210254	0.000184412	0.000158392	0.00013222	0.000105923	7.95261e-05	5.30559e-05	2.65385e-05	0	
0	3.2203e-05	6.43658e-05	9.64555e-05	0.000128439	0.000160284	0.000191959	0.00022343	0.000254668	0.000285639	0.000316313	0.00034666	0.000376648	0.000406249	0.000435432	0.000464168	0.000492429	0.000520186	0.000547411	0.000574078	0.00060016	0.000625631	0.000650465	0.000674638	0.000698126	0.000720905	0.000742952	0.000764247	0.000784766	0.000804491	0.0008234	0.000841477	0.000858702	0.000875058	0.00089053	0.000905102	0.000918759	0.000931488	0.000943276	0.000954112	0.000963985	0.000972886	0.000980804	0.000987734	0.000993668	0.0009986	0.00100253	0.00100544	0.00100734	0.00100823	0.0010081	0.00100696	0.0010048	0.00100164	0.000997462	0.000992283	0.000986107	0.000978939	0.000970787	0.00096166	0.000951566	0.000940516	0.000928522	0.000915596	0.00090175	0.000887	0.00087136	0.000854847	0.000837477	0.000819267	0.000800237	0.000780406	0.000759793	0.000738421	0.000716311	0.000693485	0.000669966	0.000645779	0.000620947	0.000595498	0.000569455	0.000542846	0.000515698	0.000488038	0.000459895	0.000431296	0.000402272	0.000372851	0.000343064	0.00031294	0.000282511	0.000251806	0.000220857	0.000189695	0.000158351	0.000126856	9.52426e-05	6.35412e-05	3.17833e-05	0	
0	3.74826e-05	7.49185e-05	0.000112269	0.000149497	0.000186563	0.00022343	0.000260062	0.000296421	0.00033247	0.000368173	0.000403495	0.000438401	0.000472855	0.000506822	0.00054027	0.000573164	0.000605472	0.000637161	0.0006682	0.000698559	0.000728205	0.000757112	0.000785248	0.000812587	0.0008391	0.000864763	0.000889548	0.000913432	0.00093639	0.000958401	0.000979441	0.00099949	0.00101853	0.00103654	0.0010535	0.00106939	0.00108421	0.00109793	0.00111054	0.00112204	0.0011324	0.00114161	0.00114968	0.00115659	0.00116233	0.00116689	0.00117029	0.0011725	0.00117354	0.00117339	0.00117206	0.00116955	0.00116586	0.001161	0.00115497	0.00114779	0.00113944	0.00112995	0.00111933	0.00110758	0.00109472	0.00108076	0.00106571	0.0010496	0.00103243	0.00101423	0.000995005	0.000974787	0.000953591	0.000931441	0.000908359	0.000884367	0.000859491	0.000833755	0.000807186	0.000779812	0.000751659	0.000722757	0.000693134	0.000662822	0.00063185	0.000600251	0.000568056	0.000535298	0.000502011	0.000468228	0.000433984	0.000399313	0.00036425	0.000328831	0.000293092	0.000257069	0.000220797	0.000184314	0.000147656	0.000110859	7.39597e-05	3.69946e-05	0	
0	4.27229e-05	8.53925e-05	0.000127965	0.000170397	0.000212646	0.000254668	0.000296421	0.000337862	0.000378952	0.000419647	0.000459908	0.000499693	0.000538964	0.000577681	0.000615805	0.000653298	0.000690123	0.000726243	0.000761622	0.000796224	0.000830016	0.000862964	0.000895034	0.000926195	0.000956416	0.000985666	0.00101392	0.00104114	0.00106731	0.0010924	0.00111638	0.00113923	0.00116093	0.00118146	0.00120079	0.00121891	0.0012358	0.00125144	0.00126581	0.00127891	0.00129072	0.00130122	0.00131042	0.00131829	0.00132483	0.00133004	0.00133391	0.00133643	0.00133761	0.00133744	0.00133593	0.00133307	0.00132886	0.00132332	0.00131645	0.00130826	0.00129875	0.00128794	0.00127583	0.00126244	0.00124778	0.00123186	0.00121471	0.00119635	0.00117678	0.00115603	0.00113412	0.00111107	0.00108692	0.00106167	0.00103536	0.00100801	0.000979659	0.000950326	0.000920042	0.000888841	0.000856752	0.000823808	0.000790044	0.000755494	0.000720192	0.000684175	0.000647479	0.000610141	0.0005722	0.000533694	0.000494662	0.000455143	0.000415178	0.000374807	0.000334071	0.000293012	0.000251669	0.000210085	0.000168301	0.000126359	8.43007e-05	4.21672e-05	0	
0	4.79185e-05	9.57774e-05	0.000143527	0.00019112	0.000238506	0.000285639	0.00033247	0.000378952	0.000425038	0.000470683	0.00051584	0.000560464	0.000604511	0.000647936	0.000690697	0.00073275	0.000774054	0.000814566	0.000854248	0.000893059	0.000930961	0.000967916	0.00100389	0.00103884	0.00107273	0.00110554	0.00113723	0.00116776	0.00119711	0.00122525	0.00125215	0.00127778	0.00130212	0.00132514	0.00134683	0.00136715	0.00138609	0.00140363	0.00141976	0.00143445	0.00144769	0.00145948	0.00146979	0.00147862	0.00148596	0.0014918	0.00149614	0.00149897	0.00150029	0.0015001	0.0014984	0.00149519	0.00149048	0.00148427	0.00147656	0.00146737	0.0014567	0.00144457	0.00143099	0.00141597	0.00139953	0.00138168	0.00136245	0.00134185	0.0013199	0.00129662	0.00127205	0.0012462	0.00121911	0.00119079	0.00116128	0.00113061	0.00109881	0.00106591	0.00103194	0.000996942	0.000960951	0.000924001	0.000886131	0.000847378	0.000807783	0.000767385	0.000726226	0.000684348	0.000641792	0.000598603	0.000554824	0.000510499	0.000465674	0.000420393	0.000374703	0.000328649	0.000282278	0.000235636	0.000188771	0.000141728	9.45539e-05	4.72959e-05	0	
0	5.30643e-05	0.000106063	0.00015894	0.000211644	0.000264119	0.000316313	0.000368173	0.000419647	0.000470683	0.000521229	0.000571236	0.000620652	0.00066943	0.000717519	0.000764871	0.000811441	0.00085718	0.000902044	0.000945987	0.000988966	0.00103094	0.00107186	0.0011117	0.0011504	0.00118794	0.00122427	0.00125936	0.00129317	0.00132567	0.00135683	0.00138662	0.00141501	0.00144196	0.00146745	0.00149147	0.00151397	0.00153495	0.00155437	0.00157223	0.0015885	0.00160317	0.00161622	0.00162763	0.00163741	0.00164554	0.00165201	0.00165681	0.00165995	0.00166141	0.0016612	0.00165932	0.00165577	0.00165055	0.00164367	0.00163513	0.00162496	0.00161315	0.00159971	0.00158467	0.00156804	0.00154983	0.00153007	0.00150877	0.00148595	0.00146165	0.00143587	0.00140866	0.00138004	0.00135003	0.00131867	0.001286	0.00125203	0.00121681	0.00118038	0.00114276	0.00110401	0.00106415	0.00102323	0.000981297	0.000938383	0.000894535	0.000849799	0.00080422	0.000757844	0.000710718	0.000662891	0.00061441	0.000565325	0.000515685	0.000465542	0.000414945	0.000363945	0.000312594	0.000260943	0.000209044	0.000156949	0.000104709	5.23755e-05	0	
0	5.81552e-05	0.000116238	0.000174189	0.000231949	0.000289458	0.00034666	0.000403495	0.000459908	0.00051584	0.000571236	0.00062604	0.000680198	0.000733655	0.000786358	0.000838254	0.000889291	0.000939419	0.000988587	0.00103675	0.00108385	0.00112985	0.0011747	0.00121835	0.00126077	0.00130191	0.00134173	0.00138018	0.00141724	0.00145286	0.00148701	0.00151966	0.00155076	0.0015803	0.00160825	0.00163456	0.00165923	0.00168221	0.0017035	0.00172307	0.0017409	0.00175698	0.00177128	0.00178379	0.00179451	0.00180342	0.00181051	0.00181577	0.00181921	0.00182081	0.00182058	0.00181852	0.00181463	0.00180891	0.00180137	0.00179201	0.00178086	0.00176792	0.00175319	0.00173671	0.00171848	0.00169853	0.00167687	0.00165352	0.00162852	0.00160188	0.00157364	0.00154382	0.00151245	0.00147956	0.00144519	0.00140938	0.00137216	0.00133356	0.00129363	0.00125241	0.00120993	0.00116625	0.00112141	0.00107545	0.00102842	0.000980361	0.000931333	0.000881381	0.000830556	0.000778909	0.000726492	0.00067336	0.000619566	0.000565164	0.000510209	0.000454757	0.000398865	0.000342587	0.00028598	0.000229102	0.000172008	0.000114756	5.74008e-05	0	
0	6.31859e-05	0.000126293	0.000189257	0.000252014	0.000314499	0.000376648	0.000438401	0.000499693	0.000560464	0.000620652	0.000680198	0.000739041	0.000797122	0.000854385	0.00091077	0.000966223	0.00102069	0.00107411	0.00112643	0.00117761	0.00122759	0.00127632	0.00132375	0.00136984	0.00141454	0.0014578	0.00149958	0.00153985	0.00157855	0.00161565	0.00165112	0.00168492	0.00171702	0.00174738	0.00177597	0.00180277	0.00182774	0.00185088	0.00187214	0.00189151	0.00190898	0.00192451	0.00193811	0.00194976	0.00195943	0.00196714	0.00197286	0.00197659	0.00197833	0.00197808	0.00197584	0.00197161	0.0019654	0.00195721	0.00194704	0.00193493	0.00192086	0.00190487	0.00188696	0.00186715	0.00184547	0.00182194	0.00179657	0.00176941	0.00174046	0.00170978	0.00167737	0.00164329	0.00160756	0.00157022	0.00153131	0.00149086	0.00144893	0.00140554	0.00136075	0.00131461	0.00126715	0.00121842	0.00116849	0.00111739	0.00106518	0.00101191	0.000957632	0.00090241	0.000846295	0.000789344	0.000731615	0.000673167	0.000614059	0.00055435	0.000494101	0.000433372	0.000372226	0.000310722	0.000248923	0.00018689	0.000124684	6.2367e-05	0	
0	6.81516e-05	0.000136218	0.000204131	0.000271819	0.000339215	0.000406249	0.000472855	0.000538964	0.000604511	0.00066943	0.000733655	0.000797122	0.000859769	0.000921531	0.000982348	0.00104216	0.0011009	0.00115852	0.00121496	0.00127016	0.00132407	0.00137663	0.00142779	0.0014775	0.00152571	0.00157237	0.00161744	0.00166086	0.00170261	0.00174263	0.00178089	0.00181734	0.00185196	0.00188471	0.00191555	0.00194445	0.00197139	0.00199634	0.00201927	0.00204017	0.00205901	0.00207577	0.00209043	0.00210299	0.00211343	0.00212174	0.00212791	0.00213194	0.00213382	0.00213355	0.00213113	0.00212657	0.00211986	0.00211103	0.00210007	0.002087	0.00207183	0.00205458	0.00203526	0.0020139	0.00199051	0.00196513	0.00193777	0.00190847	0.00187725	0.00184415	0.00180921	0.00177244	0.00173391	0.00169363	0.00165166	0.00160804	0.0015628	0.00151601	0.0014677	0.00141793	0.00136674	0.00131419	0.00126032	0.00120521	0.00114889	0.00109144	0.0010329	0.000973335	0.00091281	0.000851383	0.000789117	0.000726075	0.000662321	0.00059792	0.000532935	0.000467434	0.000401482	0.000335144	0.000268488	0.000201579	0.000134484	6.7269e-05	0	
0	7.30472e-05	0.000146004	0.000218794	0.000291345	0.000363582	0.000435432	0.000506822	0.000577681	0.000647936	0.000717519	0.000786358	0.000854385	0.000921531	0.000987731	0.00105292	0.00111702	0.00117999	0.00124175	0.00130224	0.00136141	0.00141919	0.00147552	0.00153036	0.00158364	0.00163531	0.00168532	0.00173363	0.00178018	0.00182492	0.00186782	0.00190882	0.0019479	0.001985	0.0020201	0.00205316	0.00208414	0.00211301	0.00213975	0.00216434	0.00218673	0.00220692	0.00222489	0.00224061	0.00225407	0.00226526	0.00227416	0.00228078	0.00228509	0.00228711	0.00228682	0.00228423	0.00227934	0.00227215	0.00226268	0.00225094	0.00223693	0.00222067	0.00220217	0.00218147	0.00215857	0.00213351	0.0021063	0.00207698	0.00204557	0.00201211	0.00197664	0.00193918	0.00189977	0.00185847	0.0018153	0.00177031	0.00172356	0.00167508	0.00162492	0.00157314	0.00151979	0.00146492	0.0014086	0.00135087	0.00129179	0.00123143	0.00116985	0.0011071	0.00104326	0.000978387	0.000912547	0.000845808	0.000778237	0.000709903	0.000640875	0.000571222	0.000501016	0.000430325	0.000359222	0.000287777	0.000216061	0.000144146	7.21018e-05	0	
0	7.78678e-05	0.000155639	0.000233233	0.000310572	0.000387576	0.000464168	0.00054027	0.000615805	0.000690697	0.000764871	0.000838254	0.00091077	0.000982348	0.00105292	0.0011224	0.00119074	0.00125786	0.0013237	0.00138818	0.00145126	0.00151285	0.0015729	0.00163136	0.00168815	0.00174324	0.00179655	0.00184804	0.00189766	0.00194536	0.00199109	0.0020348	0.00207645	0.00211601	0.00215342	0.00218866	0.00222168	0.00225247	0.00228097	0.00230718	0.00233105	0.00235257	0.00237172	0.00238848	0.00240283	0.00241476	0.00242425	0.0024313	0.0024359	0.00243805	0.00243774	0.00243498	0.00242977	0.00242211	0.00241201	0.00239949	0.00238456	0.00236723	0.00234751	0.00232544	0.00230104	0.00227432	0.00224531	0.00221406	0.00218058	0.00214491	0.00210709	0.00206716	0.00202516	0.00198112	0.00193511	0.00188715	0.00183731	0.00178563	0.00173216	0.00167697	0.0016201	0.00156161	0.00150156	0.00144002	0.00137705	0.0013127	0.00124706	0.00118017	0.00111212	0.00104296	0.000972775	0.000901632	0.000829601	0.000756757	0.000683173	0.000608924	0.000534083	0.000458727	0.000382931	0.00030677	0.000230321	0.00015366	7.68607e-05	0	
0	8.26087e-05	0.000165115	0.000247434	0.000329481	0.000411174	0.000492429	0.000573164	0.000653298	0.00073275	0.000811441	0.000889291	0.000966223	0.00104216	0.00111702	0.00119074	0.00126324	0.00133445	0.00140429	0.00147271	0.00153962	0.00160496	0.00166867	0.00173068	0.00179094	0.00184938	0.00190594	0.00196057	0.00201321	0.00206381	0.00211232	0.00215869	0.00220288	0.00224484	0.00228454	0.00232192	0.00235696	0.00238961	0.00241985	0.00244765	0.00247298	0.00249582	0.00251613	0.00253391	0.00254913	0.00256179	0.00257186	0.00257934	0.00258422	0.0025865	0.00258617	0.00258324	0.00257771	0.00256959	0.00255888	0.00254559	0.00252975	0.00251136	0.00249045	0.00246703	0.00244114	0.00241279	0.00238203	0.00234887	0.00231335	0.00227551	0.00223539	0.00219303	0.00214847	0.00210175	0.00205293	0.00200206	0.00194918	0.00189435	0.00183763	0.00177908	0.00171874	0.00165669	0.00159299	0.0015277	0.00146089	0.00139263	0.00132299	0.00125203	0.00117983	0.00110647	0.00103201	0.000956532	0.000880116	0.000802836	0.000724772	0.000646001	0.000566604	0.000486659	0.000406248	0.00032545	0.000244346	0.000163016	8.15409e-05	0	
0	8.7265e-05	0.000174422	0.000261381	0.000348053	0.00043435	0.000520186	0.000605472	0.000690123	0.000774054	0.00085718	0.000939419	0.00102069	0.0011009	0.00117999	0.00125786	0.00133445	0.00140967	0.00148345	0.00155572	0.0016264	0.00169543	0.00176273	0.00182824	0.00189189	0.00195362	0.00201337	0.00207108	0.00212669	0.00218014	0.00223139	0.00228038	0.00232706	0.00237139	0.00241332	0.00245281	0.00248982	0.00252431	0.00255626	0.00258563	0.00261238	0.00263651	0.00265797	0.00267675	0.00269283	0.0027062	0.00271683	0.00272474	0.00272989	0.0027323	0.00273195	0.00272886	0.00272302	0.00271444	0.00270312	0.00268909	0.00267235	0.00265293	0.00263084	0.0026061	0.00257875	0.00254881	0.0025163	0.00248127	0.00244375	0.00240378	0.0023614	0.00231665	0.00226958	0.00222023	0.00216866	0.00211492	0.00205906	0.00200114	0.00194122	0.00187936	0.00181563	0.00175008	0.00168279	0.00161382	0.00154325	0.00147114	0.00139757	0.00132261	0.00124634	0.00116884	0.00109018	0.00101045	0.00092973	0.000848095	0.00076563	0.000682419	0.000598545	0.000514094	0.00042915	0.000343797	0.000258121	0.000172206	8.61378e-05	0	
0	9.18323e-05	0.000183551	0.000275061	0.000366269	0.000457083	0.000547411	0.000637161	0.000726243	0.000814566	0.000902044	0.000988587	0.00107411	0.00115852	0.00124175	0.0013237	0.00140429	0.00148345	0.0015611	0.00163715	0.00171153	0.00178417	0.00185499	0.00192393	0.00199091	0.00205588	0.00211875	0.00217948	0.002238	0.00229425	0.00234818	0.00239973	0.00244886	0.00249551	0.00253963	0.00258119	0.00262014	0.00265644	0.00269006	0.00272096	0.00274912	0.0027745	0.00279709	0.00281685	0.00283377	0.00284784	0.00285904	0.00286735	0.00287278	0.00287531	0.00287495	0.00287169	0.00286554	0.00285651	0.00284461	0.00282984	0.00281223	0.00279179	0.00276854	0.00274251	0.00271372	0.00268221	0.00264801	0.00261115	0.00257166	0.0025296	0.002485	0.00243791	0.00238837	0.00233644	0.00228217	0.00222562	0.00216683	0.00210588	0.00204283	0.00197773	0.00191066	0.00184169	0.00177087	0.00169829	0.00162403	0.00154814	0.00147072	0.00139184	0.00131158	0.00123002	0.00114725	0.00106334	0.000978395	0.000892487	0.000805705	0.000718139	0.000629875	0.000541004	0.000451613	0.000361793	0.000271632	0.00018122	9.06466e-05	0	
0	9.63058e-05	0.000192492	0.00028846	0.000384112	0.00047935	0.000574078	0.0006682	0.000761622	0.000854248	0.000945987	0.00103675	0.00112643	0.00121496	0.00130224	0.00138818	0.00147271	0.00155572	0.00163715	0.0017169	0.00179491	0.00187109	0.00194536	0.00201766	0.0020879	0.00215603	0.00222197	0.00228566	0.00234703	0.00240602	0.00246258	0.00251664	0.00256816	0.00261708	0.00266335	0.00270693	0.00274778	0.00278585	0.00282111	0.00285352	0.00288305	0.00290967	0.00293335	0.00295408	0.00297183	0.00298658	0.00299832	0.00300704	0.00301273	0.00301539	0.00301501	0.00301159	0.00300515	0.00299567	0.00298319	0.0029677	0.00294923	0.0029278	0.00290342	0.00287612	0.00284593	0.00281289	0.00277702	0.00273836	0.00269695	0.00265284	0.00260606	0.00255668	0.00250473	0.00245027	0.00239335	0.00233404	0.0022724	0.00220848	0.00214235	0.00207409	0.00200375	0.00193141	0.00185715	0.00178103	0.00170315	0.00162357	0.00154237	0.00145965	0.00137548	0.00128995	0.00120314	0.00111515	0.00102606	0.000935969	0.000844959	0.000753127	0.000660563	0.000567362	0.000473616	0.00037942	0.000284866	0.00019005	9.5063e-05	0	
0	0.000100681	0.000201237	0.000301566	0.000401563	0.000501128	0.00060016	0.000698559	0.000796224	0.000893059	0.000988966	0.00108385	0.00117761	0.00127016	0.00136141	0.00145126	0.00153962	0.0016264	0.00171153	0.00179491	0.00187646	0.0019561	0.00203375	0.00210933	0.00218277	0.00225399	0.00232293	0.00238951	0.00245367	0.00251534	0.00257446	0.00263098	0.00268484	0.00273598	0.00278436	0.00282992	0.00287263	0.00291243	0.00294929	0.00298317	0.00301404	0.00304187	0.00306663	0.0030883	0.00310685	0.00312227	0.00313455	0.00314367	0.00314962	0.00315239	0.003152	0.00314842	0.00314169	0.00313178	0.00311873	0.00310254	0.00308323	0.00306082	0.00303533	0.0030068	0.00297524	0.00294069	0.00290319	0.00286278	0.00281949	0.00277337	0.00272447	0.00267284	0.00261853	0.0025616	0.0025021	0.00244009	0.00237565	0.00230882	0.00223969	0.00216833	0.00209479	0.00201917	0.00194153	0.00186196	0.00178053	0.00169733	0.00161245	0.00152597	0.00143797	0.00134856	0.00125781	0.00116582	0.00107268	0.000978496	0.000883352	0.000787347	0.000690578	0.000593142	0.000495136	0.00039666	0.00029781	0.000198685	9.93826e-05	0	
0	0.000104954	0.000209778	0.000314364	0.000418605	0.000522396	0.000625631	0.000728205	0.000830016	0.000930961	0.00103094	0.00112985	0.00122759	0.00132407	0.00141919	0.00151285	0.00160496	0.00169543	0.00178417	0.00187109	0.0019561	0.00203912	0.00212006	0.00219885	0.00227541	0.00234965	0.00242151	0.00249092	0.0025578	0.00262209	0.00268373	0.00274265	0.00279879	0.0028521	0.00290253	0.00295003	0.00299455	0.00303604	0.00307446	0.00310978	0.00314196	0.00317097	0.00319678	0.00321937	0.00323871	0.00325479	0.00326759	0.00327709	0.00328329	0.00328619	0.00328577	0.00328205	0.00327503	0.0032647	0.0032511	0.00323422	0.00321409	0.00319073	0.00316416	0.00313441	0.00310152	0.0030655	0.00302641	0.00298428	0.00293916	0.00289108	0.00284011	0.00278628	0.00272967	0.00267032	0.0026083	0.00254366	0.00247648	0.00240682	0.00233475	0.00226036	0.0021837	0.00210487	0.00202393	0.00194099	0.0018561	0.00176938	0.00168089	0.00159074	0.00149901	0.0014058	0.00131119	0.0012153	0.00111821	0.00102003	0.000920846	0.000820766	0.000719889	0.000618317	0.000516152	0.000413496	0.000310451	0.000207118	0.000103601	0	
0	0.00010912	0.000218105	0.000326842	0.000435222	0.000543132	0.000650465	0.000757112	0.000862964	0.000967916	0.00107186	0.0011747	0.00127632	0.00137663	0.00147552	0.0015729	0.00166867	0.00176273	0.00185499	0.00194536	0.00203375	0.00212006	0.00220422	0.00228614	0.00236573	0.00244292	0.00251764	0.0025898	0.00265934	0.00272618	0.00279026	0.00285152	0.00290989	0.00296532	0.00301776	0.00306714	0.00311342	0.00315656	0.00319651	0.00323323	0.00326669	0.00329685	0.00332369	0.00334717	0.00336728	0.003384	0.0033973	0.00340718	0.00341363	0.00341664	0.00341621	0.00341234	0.00340504	0.0033943	0.00338016	0.00336261	0.00334168	0.00331739	0.00328977	0.00325884	0.00322464	0.0031872	0.00314655	0.00310275	0.00305583	0.00300585	0.00295285	0.00289689	0.00283803	0.00277633	0.00271184	0.00264464	0.00257479	0.00250236	0.00242744	0.00235009	0.00227039	0.00218843	0.00210428	0.00201804	0.00192979	0.00183962	0.00174762	0.00165389	0.00155852	0.0014616	0.00136325	0.00126355	0.00116261	0.00106052	0.000957402	0.000853349	0.000748468	0.000642864	0.000536643	0.000429912	0.000322776	0.000215341	0.000107714	0	
0	0.000113175	0.00022621	0.000338989	0.000451396	0.000563317	0.000674638	0.000785248	0.000895034	0.00100389	0.0011117	0.00121835	0.00132375	0.00142779	0.00153036	0.00163136	0.00173068	0.00182824	0.00192393	0.00201766	0.00210933	0.00219885	0.00228614	0.0023711	0.00245365	0.00253371	0.00261121	0.00268605	0.00275817	0.0028275	0.00289396	0.0029575	0.00301804	0.00307553	0.00312991	0.00318112	0.00322913	0.00327387	0.0033153	0.00335339	0.00338809	0.00341938	0.00344721	0.00347157	0.00349242	0.00350976	0.00352356	0.00353381	0.0035405	0.00354362	0.00354317	0.00353916	0.00353158	0.00352045	0.00350578	0.00348758	0.00346588	0.00344069	0.00341204	0.00337996	0.00334448	0.00330565	0.00326349	0.00321806	0.0031694	0.00311756	0.0030626	0.00300456	0.00294351	0.00287951	0.00281263	0.00274293	0.00267048	0.00259537	0.00251766	0.00243743	0.00235477	0.00226976	0.00218249	0.00209304	0.00200151	0.00190799	0.00181257	0.00171536	0.00161644	0.00151593	0.00141391	0.00131051	0.00120582	0.00109994	0.000992986	0.000885066	0.000776287	0.000666758	0.000556589	0.000445891	0.000334772	0.000223345	0.000111717	0	
0	0.000117115	0.000234086	0.000350791	0.000467111	0.000582929	0.000698126	0.000812587	0.000926195	0.00103884	0.0011504	0.00126077	0.00136984	0.0014775	0.00158364	0.00168815	0.00179094	0.00189189	0.00199091	0.0020879	0.00218277	0.00227541	0.00236573	0.00245365	0.00253908	0.00262193	0.00270212	0.00277957	0.0028542	0.00292594	0.00299472	0.00306047	0.00312312	0.00318261	0.00323888	0.00329188	0.00334156	0.00338785	0.00343073	0.00347014	0.00350606	0.00353843	0.00356723	0.00359244	0.00361402	0.00363196	0.00364624	0.00365685	0.00366377	0.003667	0.00366654	0.00366238	0.00365454	0.00364303	0.00362784	0.00360901	0.00358655	0.00356048	0.00353083	0.00349764	0.00346093	0.00342074	0.00337712	0.00333011	0.00327976	0.00322611	0.00316923	0.00310917	0.003046	0.00297977	0.00291056	0.00283843	0.00276346	0.00268573	0.00260532	0.0025223	0.00243676	0.00234879	0.00225848	0.00216592	0.0020712	0.00197442	0.00187568	0.00177508	0.00167272	0.00156871	0.00146315	0.00135614	0.0012478	0.00113824	0.00102756	0.000915883	0.000803316	0.000689974	0.000575969	0.000461416	0.000346429	0.000231122	0.000115607	0	
0	0.000120937	0.000241723	0.000362236	0.000482352	0.000601949	0.000720905	0.0008391	0.000956416	0.00107273	0.00118794	0.00130191	0.00141454	0.00152571	0.00163531	0.00174324	0.00184938	0.00195362	0.00205588	0.00215603	0.00225399	0.00234965	0.00244292	0.00253371	0.00262193	0.00270748	0.00279029	0.00287027	0.00294733	0.00302141	0.00309244	0.00316033	0.00322502	0.00328646	0.00334457	0.0033993	0.00345059	0.0034984	0.00354268	0.00358338	0.00362046	0.00365389	0.00368363	0.00370966	0.00373195	0.00375047	0.00376522	0.00377617	0.00378332	0.00378665	0.00378618	0.00378189	0.00377379	0.0037619	0.00374622	0.00372678	0.00370358	0.00367666	0.00364605	0.00361177	0.00357386	0.00353237	0.00348732	0.00343877	0.00338678	0.00333138	0.00327265	0.00321063	0.00314539	0.003077	0.00300553	0.00293105	0.00285364	0.00277337	0.00269033	0.0026046	0.00251628	0.00242544	0.00233218	0.0022366	0.00213879	0.00203885	0.00193689	0.00183301	0.00172731	0.0016199	0.00151089	0.00140039	0.00128852	0.00117538	0.00106109	0.000945771	0.000829531	0.00071249	0.000594765	0.000476474	0.000357734	0.000238664	0.00011938	0	
0	0.000124635	0.000249116	0.000373314	0.000497104	0.000620358	0.000742952	0.000864763	0.000985666	0.00110554	0.00122427	0.00134173	0.0014578	0.00157237	0.00168532	0.00179655	0.00190594	0.00201337	0.00211875	0.00222197	0.00232293	0.00242151	0.00251764	0.00261121	0.00270212	0.00279029	0.00287563	0.00295805	0.00303748	0.00311382	0.00318702	0.00325699	0.00332366	0.00338697	0.00344686	0.00350326	0.00355613	0.0036054	0.00365103	0.00369297	0.00373119	0.00376564	0.0037963	0.00382312	0.00384609	0.00386518	0.00388038	0.00389167	0.00389903	0.00390247	0.00390198	0.00389756	0.00388922	0.00387696	0.0038608	0.00384076	0.00381686	0.00378911	0.00375756	0.00372224	0.00368317	0.0036404	0.00359398	0.00354395	0.00349036	0.00343327	0.00337274	0.00330883	0.00324159	0.00317111	0.00309746	0.0030207	0.00294092	0.0028582	0.00277262	0.00268427	0.00259324	0.00249962	0.00240351	0.002305	0.0022042	0.00210121	0.00199613	0.00188907	0.00178014	0.00166945	0.0015571	0.00144323	0.00132793	0.00121133	0.00109355	0.000974699	0.000854904	0.000734283	0.000612957	0.000491048	0.000368676	0.000245964	0.000123032	0	
0	0.000128207	0.000256256	0.000384014	0.000511352	0.000638138	0.000764247	0.000889548	0.00101392	0.00113723	0.00125936	0.00138018	0.00149958	0.00161744	0.00173363	0.00184804	0.00196057	0.00207108	0.00217948	0.00228566	0.00238951	0.00249092	0.0025898	0.00268605	0.00277957	0.00287027	0.00295805	0.00304284	0.00312454	0.00320307	0.00327837	0.00335034	0.00341893	0.00348405	0.00354566	0.00360368	0.00365806	0.00370874	0.00375568	0.00379882	0.00383814	0.00387358	0.00390511	0.0039327	0.00395633	0.00397597	0.0039916	0.00400321	0.00401079	0.00401433	0.00401382	0.00400928	0.00400069	0.00398809	0.00397147	0.00395085	0.00392626	0.00389772	0.00386527	0.00382893	0.00378874	0.00374475	0.003697	0.00364553	0.00359041	0.00353168	0.00346942	0.00340367	0.00333451	0.00326201	0.00318624	0.00310729	0.00302522	0.00294013	0.00285209	0.00276121	0.00266757	0.00257127	0.0024724	0.00237108	0.00226739	0.00216144	0.00205335	0.00194322	0.00183117	0.0017173	0.00160174	0.0014846	0.001366	0.00124605	0.00112489	0.00100264	0.00087941	0.000755331	0.000630528	0.000505124	0.000379245	0.000253015	0.000126558	0	
0	0.00013165	0.000263136	0.000394325	0.000525081	0.000655272	0.000784766	0.000913432	0.00104114	0.00116776	0.00129317	0.00141724	0.00153985	0.00166086	0.00178018	0.00189766	0.00201321	0.00212669	0.002238	0.00234703	0.00245367	0.0025578	0.00265934	0.00275817	0.0028542	0.00294733	0.00303748	0.00312454	0.00320843	0.00328908	0.00336639	0.0034403	0.00351073	0.0035776	0.00364086	0.00370044	0.00375628	0.00380832	0.00385652	0.00390083	0.00394119	0.00397759	0.00400997	0.0040383	0.00406256	0.00408273	0.00409878	0.0041107	0.00411848	0.00412212	0.0041216	0.00411693	0.00410812	0.00409517	0.0040781	0.00405694	0.00403169	0.00400238	0.00396906	0.00393174	0.00389048	0.0038453	0.00379627	0.00374342	0.00368682	0.00362652	0.00356258	0.00349506	0.00342405	0.0033496	0.0032718	0.00319072	0.00310645	0.00301907	0.00292868	0.00283535	0.0027392	0.00264031	0.00253879	0.00243474	0.00232827	0.00221948	0.00210849	0.0019954	0.00188034	0.00176341	0.00164475	0.00152446	0.00140268	0.00127951	0.0011551	0.00102956	0.000903024	0.000775614	0.000647459	0.000518688	0.000389429	0.000259809	0.000129957	0	
0	0.000134958	0.00026975	0.000404236	0.000538278	0.000671742	0.000804491	0.00093639	0.00106731	0.00119711	0.00132567	0.00145286	0.00157855	0.00170261	0.00182492	0.00194536	0.00206381	0.00218014	0.00229425	0.00240602	0.00251534	0.00262209	0.00272618	0.0028275	0.00292594	0.00302141	0.00311382	0.00320307	0.00328908	0.00337175	0.00345101	0.00352677	0.00359897	0.00366753	0.00373237	0.00379345	0.00385069	0.00390405	0.00395346	0.00399888	0.00404026	0.00407757	0.00411076	0.00413981	0.00416468	0.00418535	0.00420181	0.00421403	0.00422201	0.00422573	0.0042252	0.00422041	0.00421138	0.00419811	0.00418061	0.00415891	0.00413303	0.00410299	0.00406882	0.00403057	0.00398827	0.00394196	0.00389169	0.00383752	0.00377949	0.00371767	0.00365213	0.00358292	0.00351012	0.0034338	0.00335404	0.00327093	0.00318454	0.00309496	0.00300229	0.00290663	0.00280806	0.00270668	0.00260261	0.00249595	0.0023868	0.00227527	0.00216149	0.00204556	0.0019276	0.00180774	0.00168609	0.00156278	0.00143794	0.00131168	0.00118414	0.00105544	0.000925724	0.000795111	0.000663735	0.000531727	0.000399218	0.00026634	0.000133224	0	
0	0.000138131	0.00027609	0.000413737	0.000550931	0.000687531	0.0008234	0.000958401	0.0010924	0.00122525	0.00135683	0.00148701	0.00161565	0.00174263	0.00186782	0.00199109	0.00211232	0.00223139	0.00234818	0.00246258	0.00257446	0.00268373	0.00279026	0.00289396	0.00299472	0.00309244	0.00318702	0.00327837	0.00336639	0.00345101	0.00353213	0.00360968	0.00368357	0.00375374	0.00382011	0.00388262	0.00394121	0.00399582	0.00404639	0.00409288	0.00413523	0.00417342	0.00420739	0.00423712	0.00426258	0.00428374	0.00430058	0.00431309	0.00432125	0.00432506	0.00432452	0.00431962	0.00431038	0.00429679	0.00427889	0.00425668	0.00423018	0.00419944	0.00416447	0.00412532	0.00408202	0.00403462	0.00398318	0.00392773	0.00386834	0.00380507	0.00373798	0.00366714	0.00359263	0.00351452	0.00343289	0.00334782	0.0032594	0.00316772	0.00307287	0.00297495	0.00287407	0.00277031	0.00266379	0.00255462	0.0024429	0.00232876	0.0022123	0.00209365	0.00197292	0.00185024	0.00172573	0.00159952	0.00147174	0.00134251	0.00121198	0.00108026	0.000947487	0.000813803	0.000679339	0.000544227	0.000408603	0.000272602	0.000136356	0	
0	0.000141163	0.000282151	0.00042282	0.000563025	0.000702625	0.000841477	0.000979441	0.00111638	0.00125215	0.00138662	0.00151966	0.00165112	0.00178089	0.00190882	0.0020348	0.00215869	0.00228038	0.00239973	0.00251664	0.00263098	0.00274265	0.00285152	0.0029575	0.00306047	0.00316033	0.00325699	0.00335034	0.0034403	0.00352677	0.00360968	0.00368892	0.00376444	0.00383615	0.00390398	0.00396786	0.00402774	0.00408354	0.00413523	0.00418273	0.00422602	0.00426504	0.00429976	0.00433014	0.00435616	0.00437779	0.004395	0.00440778	0.00441613	0.00442002	0.00441947	0.00441446	0.00440501	0.00439113	0.00437283	0.00435013	0.00432306	0.00429164	0.0042559	0.00421589	0.00417164	0.00412321	0.00407063	0.00401396	0.00395327	0.00388861	0.00382005	0.00374766	0.00367151	0.00359168	0.00350826	0.00342132	0.00333096	0.00323727	0.00314034	0.00304027	0.00293717	0.00283114	0.00272228	0.00261071	0.00249654	0.00237989	0.00226087	0.00213961	0.00201624	0.00189086	0.00176362	0.00163464	0.00150405	0.00137199	0.00123859	0.00110397	0.000968291	0.000831672	0.000694255	0.000556177	0.000417575	0.000278587	0.00013935	0	
0	0.000144053	0.000287927	0.000431475	0.00057455	0.000717008	0.000858702	0.00099949	0.00113923	0.00127778	0.00141501	0.00155076	0.00168492	0.00181734	0.0019479	0.00207645	0.00220288	0.00232706	0.00244886	0.00256816	0.00268484	0.00279879	0.00290989	0.00301804	0.00312312	0.00322502	0.00332366	0.00341893	0.00351073	0.00359897	0.00368357	0.00376444	0.0038415	0.00391468	0.0039839	0.00404909	0.00411019	0.00416714	0.00421988	0.00426836	0.00431253	0.00435235	0.00438778	0.00441879	0.00444534	0.00446741	0.00448497	0.00449802	0.00450653	0.00451051	0.00450994	0.00450483	0.00449519	0.00448102	0.00446235	0.00443919	0.00441156	0.00437949	0.00434303	0.0043022	0.00425705	0.00420762	0.00415396	0.00409614	0.0040342	0.00396822	0.00389825	0.00382438	0.00374667	0.00366521	0.00358008	0.00349136	0.00339915	0.00330354	0.00320463	0.00310251	0.0029973	0.0028891	0.00277801	0.00266416	0.00254765	0.00242861	0.00230716	0.00218342	0.00205751	0.00192957	0.00179973	0.00166811	0.00153485	0.00140008	0.00126394	0.00112658	0.000988115	0.000848699	0.000708469	0.000567564	0.000426124	0.000284291	0.000142203	0	
0	0.000146797	0.000293411	0.000439694	0.000585494	0.000730665	0.000875058	0.00101853	0.00116093	0.00130212	0.00144196	0.0015803	0.00171702	0.00185196	0.001985	0.00211601	0.00224484	0.00237139	0.00249551	0.00261708	0.00273598	0.0028521	0.00296532	0.00307553	0.00318261	0.00328646	0.00338697	0.00348405	0.0035776	0.00366753	0.00375374	0.00383615	0.00391468	0.00398925	0.00405979	0.00412622	0.00418849	0.00424652	0.00430027	0.00434967	0.00439468	0.00443526	0.00447137	0.00450296	0.00453002	0.00455251	0.00457041	0.0045837	0.00459238	0.00459643	0.00459585	0.00459065	0.00458082	0.00456639	0.00454736	0.00452375	0.0044956	0.00446292	0.00442576	0.00438415	0.00433814	0.00428777	0.00423309	0.00417417	0.00411105	0.00404381	0.00397251	0.00389723	0.00381805	0.00373503	0.00364828	0.00355787	0.00346391	0.00336647	0.00326568	0.00316162	0.0030544	0.00294413	0.00283093	0.00271491	0.00259618	0.00247488	0.00235111	0.00222501	0.00209671	0.00196633	0.00183401	0.00169989	0.00156409	0.00142675	0.00128802	0.00114804	0.00100694	0.000864868	0.000721966	0.000578376	0.000434242	0.000289707	0.000144912	0	
0	0.000149392	0.000298599	0.000447468	0.000595846	0.000743584	0.00089053	0.00103654	0.00118146	0.00132514	0.00146745	0.00160825	0.00174738	0.00188471	0.0020201	0.00215342	0.00228454	0.00241332	0.00253963	0.00266335	0.00278436	0.00290253	0.00301776	0.00312991	0.00323888	0.00334457	0.00344686	0.00354566	0.00364086	0.00373237	0.00382011	0.00390398	0.0039839	0.00405979	0.00413157	0.00419918	0.00426255	0.00432161	0.0043763	0.00442658	0.00447239	0.00451369	0.00455043	0.00458259	0.00461012	0.00463301	0.00465122	0.00466475	0.00467358	0.0046777	0.00467712	0.00467182	0.00466182	0.00464713	0.00462776	0.00460374	0.00457509	0.00454184	0.00450402	0.00446168	0.00441485	0.00436359	0.00430795	0.00424798	0.00418375	0.00411532	0.00404276	0.00396615	0.00388556	0.00380108	0.00371279	0.00362079	0.00352516	0.003426	0.00332342	0.00321752	0.00310841	0.00299619	0.00288099	0.00276292	0.00264209	0.00251864	0.00239269	0.00226436	0.00213379	0.0020011	0.00186644	0.00172995	0.00159174	0.00145198	0.0013108	0.00116834	0.00102475	0.000880162	0.000734733	0.000588604	0.000441922	0.00029483	0.000147475	0	
0	0.000151836	0.000303485	0.00045479	0.000605596	0.000755751	0.000905102	0.0010535	0.00120079	0.00134683	0.00149147	0.00163456	0.00177597	0.00191555	0.00205316	0.00218866	0.00232192	0.00245281	0.00258119	0.00270693	0.00282992	0.00295003	0.00306714	0.00318112	0.00329188	0.0033993	0.00350326	0.00360368	0.00370044	0.00379345	0.00388262	0.00396786	0.00404909	0.00412622	0.00419918	0.0042679	0.0043323	0.00439233	0.00444792	0.00449902	0.00454558	0.00458755	0.0046249	0.00465758	0.00468556	0.00470882	0.00472734	0.00474109	0.00475006	0.00475425	0.00475365	0.00474827	0.00473811	0.00472318	0.00470349	0.00467908	0.00464996	0.00461616	0.00457773	0.00453469	0.0044871	0.004435	0.00437844	0.00431749	0.00425221	0.00418266	0.00410892	0.00403105	0.00394915	0.00386328	0.00377355	0.00368004	0.00358285	0.00348207	0.00337781	0.00327018	0.00315928	0.00304523	0.00292814	0.00280813	0.00268533	0.00255986	0.00243184	0.00230142	0.00216871	0.00203385	0.00189699	0.00175826	0.00161779	0.00147575	0.00133225	0.00118746	0.00104152	0.000894567	0.000746758	0.000598238	0.000449154	0.000299655	0.000149888	0	
