0	0	0	0	0	0	0	0	0	0	0	0	0	0	0	0	0	0	0	0	0	0	0	0	0	0	0	0	0	0	0	0	0	0	0	0	0	0	0	0	0	0	0	0	0	0	0	0	0	0	0	0	0	0	0	0	0	0	0	0	0	0	0	0	0	0	0	0	0	0	0	0	0	0	0	0	0	0	0	0	0	0	0	0	0	0	0	0	0	0	0	0	0	0	0	0	0	0	0	0	
0	5.15424e-06	1.0302e-05	1.54379e-05	2.05568e-05	2.56534e-05	3.07226e-05	3.57593e-05	4.07584e-05	4.57149e-05	5.06237e-05	5.54801e-05	6.02792e-05	6.5016e-05	6.9686e-05	7.42845e-05	7.88068e-05	8.32484e-05	8.7605e-05	9.18721e-05	9.60456e-05	0.000100121	0.000104095	0.000107963	0.000111721	0.000115366	0.000118893	0.000122301	0.000125584	0.000128739	0.000131765	0.000134657	0.000137413	0.00014003	0.000142505	0.000144836	0.000147021	0.000149057	0.000150943	0.000152676	0.000154255	0.000155679	0.000156945	0.000158053	0.000159002	0.00015979	0.000160418	0.000160884	0.000161187	0.000161329	0.000161308	0.000161124	0.000160778	0.000160271	0.000159602	0.000158773	0.000157784	0.000156636	0.000155331	0.00015387	0.000152254	0.000150486	0.000148566	0.000146497	0.000144281	0.00014192	0.000139417	0.000136775	0.000133995	0.000131081	0.000128035	0.000124862	0.000121563	0.000118143	0.000114605	0.000110952	0.000107189	0.000103319	9.93455e-05	9.52732e-05	9.11062e-05	8.68486e-05	8.25047e-05	7.8079e-05	7.3576e-05	6.90003e-05	6.43565e-05	5.96493e-05	5.48835e-05	5.00639e-05	4.51955e-05	4.02831e-05	3.53317e-05	3.03462e-05	2.53318e-05	2.02934e-05	1.5236e-05	1.01646e-05	5.08429e-06	0	
0	1.0302e-05	2.05909e-05	3.08563e-05	4.10876e-05	5.12744e-05	6.14065e-05	7.14736e-05	8.14655e-05	9.13723e-05	0.000101184	0.000110891	0.000120483	0.000129951	0.000139285	0.000148476	0.000157515	0.000166393	0.0001751	0.000183629	0.000191971	0.000200117	0.00020806	0.000215791	0.000223302	0.000230587	0.000237638	0.000244448	0.00025101	0.000257318	0.000263365	0.000269146	0.000274654	0.000279884	0.000284831	0.000289491	0.000293858	0.000297928	0.000301697	0.000305161	0.000308317	0.000311163	0.000313694	0.000315909	0.000317805	0.000319381	0.000320636	0.000321567	0.000322174	0.000322456	0.000322414	0.000322047	0.000321356	0.000320342	0.000319005	0.000317348	0.000315371	0.000313077	0.000310469	0.000307548	0.000304319	0.000300784	0.000296947	0.000292811	0.000288382	0.000283664	0.000278661	0.000273379	0.000267822	0.000261998	0.000255911	0.000249568	0.000242975	0.000236139	0.000229067	0.000221767	0.000214245	0.000206509	0.000198567	0.000190428	0.000182099	0.000173589	0.000164907	0.000156061	0.000147061	0.000137915	0.000128633	0.000119225	0.000109699	0.000100066	9.0335e-05	8.05163e-05	7.06196e-05	6.0655e-05	5.06323e-05	4.05617e-05	3.04532e-05	2.03167e-05	1.01623e-05	0	
0	1.54379e-05	3.08563e-05	4.62394e-05	6.15714e-05	7.68369e-05	9.20202e-05	0.000107106	0.00012208	0.000136925	0.000151629	0.000166175	0.000180549	0.000194737	0.000208725	0.000222498	0.000236043	0.000249347	0.000262396	0.000275177	0.000287678	0.000299885	0.000311788	0.000323373	0.00033463	0.000345546	0.000356113	0.000366318	0.000376151	0.000385604	0.000394666	0.000403328	0.000411582	0.00041942	0.000426834	0.000433816	0.00044036	0.000446459	0.000452107	0.000457299	0.000462029	0.000466293	0.000470086	0.000473406	0.000476247	0.000478609	0.000480489	0.000481884	0.000482793	0.000483217	0.000483154	0.000482604	0.000481568	0.000480048	0.000478045	0.000475562	0.000472599	0.000469162	0.000465253	0.000460877	0.000456037	0.00045074	0.00044499	0.000438793	0.000432156	0.000425085	0.000417588	0.000409672	0.000401346	0.000392617	0.000383496	0.00037399	0.000364111	0.000353867	0.000343269	0.000332329	0.000321057	0.000309465	0.000297564	0.000285366	0.000272885	0.000260133	0.000247122	0.000233866	0.000220378	0.000206673	0.000192764	0.000178665	0.00016439	0.000149954	0.000135372	0.000120658	0.000105828	9.08951e-05	7.58756e-05	6.07842e-05	4.5636e-05	3.04459e-05	1.52289e-05	0	
0	2.05568e-05	4.10876e-05	6.15714e-05	8.19873e-05	0.000102315	0.000122533	0.000142621	0.000162559	0.000182328	0.000201906	0.000221276	0.000240416	0.000259309	0.000277935	0.000296275	0.000314312	0.000332027	0.000349403	0.000366422	0.000383068	0.000399323	0.000415172	0.000430599	0.000445589	0.000460125	0.000474195	0.000487784	0.000500878	0.000513465	0.000525532	0.000537067	0.000548058	0.000558495	0.000568367	0.000577665	0.000586379	0.0005945	0.000602021	0.000608934	0.000615233	0.000620911	0.000625962	0.000630382	0.000634166	0.000637311	0.000639813	0.000641671	0.000642883	0.000643446	0.000643362	0.00064263	0.000641252	0.000639228	0.00063656	0.000633253	0.000629309	0.000624731	0.000619526	0.000613699	0.000607255	0.000600201	0.000592544	0.000584292	0.000575454	0.000566039	0.000556056	0.000545516	0.000534428	0.000522806	0.00051066	0.000498002	0.000484847	0.000471206	0.000457095	0.000442527	0.000427517	0.000412081	0.000396233	0.000379992	0.000363372	0.000346391	0.000329066	0.000311414	0.000293454	0.000275205	0.000256683	0.000237909	0.000218901	0.000199678	0.000180261	0.000160668	0.00014092	0.000121036	0.000101036	8.09402e-05	6.07688e-05	4.05417e-05	2.02788e-05	0	
0	2.56534e-05	5.12744e-05	7.68369e-05	0.000102315	0.000127682	0.000152912	0.000177981	0.000202863	0.000227533	0.000251966	0.000276138	0.000300024	0.000323601	0.000346845	0.000369732	0.000392241	0.000414349	0.000436033	0.000457272	0.000478045	0.00049833	0.000518109	0.000537361	0.000556067	0.000574208	0.000591766	0.000608724	0.000625065	0.000640773	0.000655831	0.000670226	0.000683943	0.000696967	0.000709287	0.00072089	0.000731764	0.0007419	0.000751285	0.000759913	0.000767773	0.000774858	0.000781162	0.000786678	0.0007914	0.000795325	0.000798448	0.000800767	0.000802278	0.000802982	0.000802877	0.000801964	0.000800243	0.000797717	0.000794389	0.000790261	0.000785339	0.000779627	0.000773132	0.000765859	0.000757817	0.000749014	0.000739459	0.000729162	0.000718132	0.000706383	0.000693925	0.000680771	0.000666935	0.00065243	0.000637273	0.000621477	0.00060506	0.000588037	0.000570427	0.000552247	0.000533516	0.000514252	0.000494476	0.000474207	0.000453467	0.000432275	0.000410655	0.000388627	0.000366214	0.000343439	0.000320326	0.000296897	0.000273176	0.000249187	0.000224956	0.000200505	0.00017586	0.000151046	0.000126087	0.000101009	7.58363e-05	5.0594e-05	2.53069e-05	0	
0	3.07226e-05	6.14065e-05	9.20202e-05	0.000122533	0.000152912	0.000183129	0.000213152	0.00024295	0.000272495	0.000301756	0.000330705	0.000359311	0.000387547	0.000415384	0.000442795	0.000469752	0.000496228	0.000522198	0.000547634	0.000572511	0.000596806	0.000620493	0.000643549	0.000665952	0.000687678	0.000708706	0.000729015	0.000748585	0.000767397	0.000785432	0.000802671	0.000819098	0.000834697	0.000849451	0.000863347	0.00087637	0.000888508	0.000899749	0.000910081	0.000919494	0.00092798	0.000935529	0.000942135	0.000947791	0.000952491	0.000956232	0.000959008	0.000960819	0.000961662	0.000961536	0.000960442	0.000958382	0.000955357	0.000951371	0.000946427	0.000940533	0.000933692	0.000925913	0.000917203	0.000907572	0.00089703	0.000885586	0.000873254	0.000860045	0.000845974	0.000831054	0.000815301	0.00079873	0.00078136	0.000763207	0.00074429	0.000724628	0.000704242	0.000683152	0.000661379	0.000638946	0.000615876	0.000592192	0.000567918	0.000543079	0.0005177	0.000491807	0.000465426	0.000438584	0.000411309	0.000383628	0.000355568	0.00032716	0.000298431	0.000269411	0.000240128	0.000210613	0.000180896	0.000151005	0.000120971	9.08232e-05	6.05925e-05	3.03082e-05	0	
0	3.57593e-05	7.14736e-05	0.000107106	0.000142621	0.000177981	0.000213152	0.000248097	0.000282781	0.000317169	0.000351228	0.000384922	0.000418219	0.000451084	0.000483485	0.00051539	0.000546766	0.000577583	0.00060781	0.000637417	0.000666373	0.000694651	0.000722221	0.000749058	0.000775133	0.000800421	0.000824896	0.000848535	0.000871314	0.00089321	0.000914201	0.000934267	0.000953388	0.000971544	0.000988717	0.00100489	0.00102005	0.00103418	0.00104726	0.00105929	0.00107024	0.00108012	0.00108891	0.0010966	0.00110318	0.00110865	0.001113	0.00111624	0.00111834	0.00111933	0.00111918	0.00111791	0.00111551	0.00111199	0.00110735	0.00110159	0.00109473	0.00108677	0.00107772	0.00106758	0.00105637	0.0010441	0.00103078	0.00101642	0.00100105	0.000984671	0.000967305	0.000948969	0.000929682	0.000909464	0.000888335	0.000866316	0.000843431	0.000819703	0.000795155	0.000769813	0.000743702	0.00071685	0.000689282	0.000661029	0.000632117	0.000602577	0.000572439	0.000541733	0.000510491	0.000478744	0.000446524	0.000413865	0.000380799	0.00034736	0.000313582	0.000279499	0.000245144	0.000210554	0.000175763	0.000140804	0.000105714	7.0527e-05	3.52774e-05	0	
0	4.07584e-05	8.14655e-05	0.00012208	0.000162559	0.000202863	0.00024295	0.000282781	0.000322314	0.00036151	0.00040033	0.000438735	0.000476687	0.000514147	0.000551078	0.000587443	0.000623206	0.000658332	0.000692784	0.00072653	0.000759535	0.000791766	0.000823191	0.000853779	0.0008835	0.000912323	0.000940221	0.000967165	0.000993128	0.00101809	0.00104201	0.00106488	0.00108668	0.00110737	0.00112694	0.00114538	0.00116266	0.00117876	0.00119367	0.00120738	0.00121987	0.00123113	0.00124114	0.00124991	0.00125741	0.00126365	0.00126861	0.00127229	0.0012747	0.00127581	0.00127565	0.0012742	0.00127146	0.00126745	0.00126216	0.0012556	0.00124778	0.00123871	0.00122839	0.00121683	0.00120406	0.00119007	0.00117489	0.00115853	0.001141	0.00112233	0.00110254	0.00108164	0.00105966	0.00103661	0.00101253	0.000987434	0.000961349	0.000934303	0.000906324	0.000877438	0.000847677	0.000817071	0.00078565	0.000753446	0.000720492	0.000686823	0.000652471	0.000617472	0.000581862	0.000545676	0.000508952	0.000471727	0.000434038	0.000395924	0.000357424	0.000318575	0.000279418	0.000239992	0.000200336	0.000160491	0.000120494	8.03876e-05	4.02097e-05	0	
0	4.57149e-05	9.13723e-05	0.000136925	0.000182328	0.000227533	0.000272495	0.000317169	0.00036151	0.000405473	0.000449014	0.00049209	0.000534657	0.000576672	0.000618095	0.000658882	0.000698995	0.000738392	0.000777035	0.000814884	0.000851903	0.000888054	0.000923301	0.000957609	0.000990944	0.00102327	0.00105456	0.00108478	0.0011139	0.0011419	0.00116873	0.00119439	0.00121883	0.00124204	0.001264	0.00128467	0.00130405	0.00132211	0.00133884	0.00135421	0.00136822	0.00138085	0.00139208	0.00140191	0.00141033	0.00141732	0.00142289	0.00142702	0.00142972	0.00143097	0.00143078	0.00142916	0.00142609	0.00142159	0.00141566	0.0014083	0.00139953	0.00138935	0.00137778	0.00136482	0.00135049	0.0013348	0.00131777	0.00129942	0.00127976	0.00125883	0.00123663	0.00121318	0.00118853	0.00116268	0.00113567	0.00110752	0.00107826	0.00104793	0.00101655	0.000984148	0.000950768	0.000916439	0.000881196	0.000845076	0.000808115	0.000770351	0.000731822	0.000692567	0.000652626	0.00061204	0.000570849	0.000529097	0.000486825	0.000444076	0.000400893	0.00035732	0.000313401	0.00026918	0.000224701	0.000180009	0.000135149	9.01644e-05	4.51e-05	0	
0	5.06237e-05	0.000101184	0.000151629	0.000201906	0.000251966	0.000301756	0.000351228	0.00040033	0.000449014	0.000497231	0.000544932	0.00059207	0.000638598	0.000684468	0.000729636	0.000774056	0.000817684	0.000860477	0.000902391	0.000943385	0.000983418	0.00102245	0.00106044	0.00109736	0.00113316	0.00116781	0.00120127	0.00123352	0.00126452	0.00129424	0.00132265	0.00134971	0.00137542	0.00139973	0.00142263	0.00144409	0.00146409	0.00148261	0.00149964	0.00151515	0.00152913	0.00154157	0.00155246	0.00156178	0.00156953	0.00157569	0.00158026	0.00158325	0.00158464	0.00158443	0.00158263	0.00157923	0.00157425	0.00156768	0.00155954	0.00154982	0.00153855	0.00152573	0.00151138	0.00149551	0.00147814	0.00145928	0.00143896	0.0014172	0.00139401	0.00136942	0.00134347	0.00131616	0.00128754	0.00125763	0.00122645	0.00119406	0.00116046	0.00112571	0.00108983	0.00105287	0.00101485	0.000975827	0.000935828	0.000894898	0.000853078	0.000810411	0.000766941	0.000722711	0.000677766	0.000632153	0.000585917	0.000539105	0.000491765	0.000443945	0.000395693	0.000347057	0.000298087	0.000248832	0.000199341	0.000149663	9.98475e-05	4.99435e-05	0	
0	5.54801e-05	0.000110891	0.000166175	0.000221276	0.000276138	0.000330705	0.000384922	0.000438735	0.00049209	0.000544932	0.00059721	0.00064887	0.000699861	0.000750132	0.000799634	0.000848315	0.000896129	0.000943026	0.000988962	0.00103389	0.00107776	0.00112054	0.00116218	0.00120263	0.00124187	0.00127984	0.00131652	0.00135186	0.00138583	0.0014184	0.00144954	0.0014792	0.00150737	0.00153402	0.00155911	0.00158263	0.00160455	0.00162485	0.00164351	0.00166051	0.00167583	0.00168947	0.0017014	0.00171161	0.0017201	0.00172686	0.00173187	0.00173514	0.00173666	0.00173644	0.00173446	0.00173074	0.00172528	0.00171808	0.00170915	0.00169851	0.00168615	0.00167211	0.00165638	0.00163899	0.00161995	0.00159928	0.00157701	0.00155316	0.00152775	0.0015008	0.00147235	0.00144243	0.00141106	0.00137828	0.00134412	0.00130861	0.0012718	0.00123371	0.00119439	0.00115388	0.00111222	0.00106945	0.00102561	0.000980753	0.000934922	0.000888162	0.000840521	0.000792047	0.000742791	0.000692801	0.00064213	0.000590827	0.000538945	0.000486537	0.000433656	0.000380354	0.000326686	0.000272706	0.000218466	0.000164022	0.000109427	5.47352e-05	0	
0	6.02792e-05	0.000120483	0.000180549	0.000240416	0.000300024	0.000359311	0.000418219	0.000476687	0.000534657	0.00059207	0.00064887	0.000704999	0.000760401	0.000815021	0.000868804	0.000921697	0.000973647	0.0010246	0.00107451	0.00112332	0.00117099	0.00121747	0.00126271	0.00130667	0.00134929	0.00139055	0.0014304	0.0014688	0.00150571	0.0015411	0.00157493	0.00160716	0.00163777	0.00166672	0.00169398	0.00171954	0.00174335	0.00176541	0.00178568	0.00180415	0.0018208	0.00183562	0.00184858	0.00185968	0.0018689	0.00187624	0.00188169	0.00188524	0.00188689	0.00188665	0.0018845	0.00188046	0.00187452	0.0018667	0.001857	0.00184544	0.00183202	0.00181675	0.00179966	0.00178077	0.00176008	0.00173763	0.00171343	0.00168752	0.00165991	0.00163063	0.00159972	0.00156721	0.00153313	0.00149751	0.00146039	0.00142181	0.00138181	0.00134043	0.00129771	0.0012537	0.00120843	0.00116196	0.00111433	0.0010656	0.0010158	0.000964994	0.000913232	0.000860565	0.000807048	0.000752734	0.000697679	0.000641938	0.000585569	0.000528627	0.000471171	0.000413259	0.000354948	0.000296297	0.000237366	0.000178212	0.000118894	5.94704e-05	0	
0	6.5016e-05	0.000129951	0.000194737	0.000259309	0.000323601	0.000387547	0.000451084	0.000514147	0.000576672	0.000638598	0.000699861	0.000760401	0.000820157	0.00087907	0.00093708	0.000994129	0.00105016	0.00110512	0.00115895	0.0012116	0.00126302	0.00131315	0.00136194	0.00140935	0.00145533	0.00149983	0.00154281	0.00158423	0.00162404	0.00166221	0.00169869	0.00173346	0.00176647	0.0017977	0.00182711	0.00185467	0.00188036	0.00190415	0.00192601	0.00194593	0.00196389	0.00197987	0.00199385	0.00200582	0.00201577	0.00202369	0.00202956	0.00203339	0.00203518	0.00203491	0.0020326	0.00202824	0.00202184	0.0020134	0.00200294	0.00199047	0.00197599	0.00195953	0.0019411	0.00192071	0.0018984	0.00187419	0.00184809	0.00182013	0.00179035	0.00175878	0.00172544	0.00169037	0.00165361	0.0016152	0.00157516	0.00153355	0.00149041	0.00144578	0.0013997	0.00135222	0.0013034	0.00125328	0.00120191	0.00114934	0.00109563	0.00104083	0.000985002	0.000928197	0.000870474	0.000811891	0.00075251	0.000692388	0.000631589	0.000570172	0.000508201	0.000445737	0.000382844	0.000319584	0.000256021	0.000192218	0.000128238	6.41444e-05	0	
0	6.9686e-05	0.000139285	0.000208725	0.000277935	0.000346845	0.000415384	0.000483485	0.000551078	0.000618095	0.000684468	0.000750132	0.000815021	0.00087907	0.000942214	0.00100439	0.00106554	0.0011256	0.0011845	0.0012422	0.00129863	0.00135374	0.00140747	0.00145977	0.00151059	0.00155987	0.00160757	0.00165364	0.00169803	0.0017407	0.00178161	0.00182072	0.00185798	0.00189336	0.00192683	0.00195835	0.00198789	0.00201543	0.00204092	0.00206436	0.00208572	0.00210497	0.00212209	0.00213708	0.00214991	0.00216057	0.00216905	0.00217535	0.00217946	0.00218137	0.00218109	0.00217861	0.00217393	0.00216707	0.00215803	0.00214682	0.00213345	0.00211793	0.00210029	0.00208053	0.00205869	0.00203477	0.00200882	0.00198084	0.00195088	0.00191896	0.00188512	0.00184939	0.0018118	0.0017724	0.00173122	0.00168831	0.00164371	0.00159747	0.00154963	0.00150025	0.00144936	0.00139703	0.00134331	0.00128825	0.0012319	0.00117433	0.0011156	0.00105576	0.000994874	0.000933004	0.000870214	0.000806566	0.000742127	0.00067696	0.000611131	0.000544708	0.000477757	0.000410346	0.000342542	0.000274413	0.000206026	0.00013745	6.87524e-05	0	
0	7.42845e-05	0.000148476	0.000222498	0.000296275	0.000369732	0.000442795	0.00051539	0.000587443	0.000658882	0.000729636	0.000799634	0.000868804	0.00093708	0.00100439	0.00107067	0.00113585	0.00119987	0.00126267	0.00132417	0.00138433	0.00144308	0.00150035	0.0015561	0.00161027	0.00166281	0.00171365	0.00176276	0.00181009	0.00185557	0.00189918	0.00194087	0.00198059	0.00201831	0.00205399	0.00208759	0.00211908	0.00214843	0.00217561	0.00220059	0.00222336	0.00224388	0.00226213	0.00227811	0.00229178	0.00230315	0.00231219	0.00231891	0.00232329	0.00232532	0.00232502	0.00232238	0.0023174	0.00231008	0.00230044	0.00228849	0.00227424	0.0022577	0.00223889	0.00221783	0.00219454	0.00216905	0.00214138	0.00211156	0.00207962	0.0020456	0.00200952	0.00197143	0.00193137	0.00188936	0.00184547	0.00179973	0.00175219	0.00170289	0.0016519	0.00159925	0.00154501	0.00148922	0.00143196	0.00137326	0.0013132	0.00125183	0.00118922	0.00112543	0.00106053	0.000994577	0.000927643	0.000859796	0.000791103	0.000721635	0.000651463	0.000580656	0.000509287	0.000437427	0.000365148	0.000292523	0.000219623	0.000146521	7.32898e-05	0	
0	7.88068e-05	0.000157515	0.000236043	0.000314312	0.000392241	0.000469752	0.000546766	0.000623206	0.000698995	0.000774056	0.000848315	0.000921697	0.000994129	0.00106554	0.00113585	0.00120501	0.00127292	0.00133954	0.00140479	0.00146861	0.00153093	0.00159169	0.00165084	0.00170831	0.00176404	0.00181798	0.00187008	0.00192029	0.00196854	0.00201481	0.00205903	0.00210117	0.00214119	0.00217904	0.00221468	0.00224809	0.00227923	0.00230806	0.00233457	0.00235872	0.00238049	0.00239985	0.0024168	0.00243131	0.00244337	0.00245296	0.00246009	0.00246473	0.0024669	0.00246657	0.00246377	0.00245848	0.00245073	0.0024405	0.00242782	0.0024127	0.00239515	0.0023752	0.00235286	0.00232815	0.00230111	0.00227176	0.00224012	0.00220624	0.00217014	0.00213187	0.00209146	0.00204895	0.00200439	0.00195783	0.0019093	0.00185887	0.00180657	0.00175247	0.00169662	0.00163907	0.00157989	0.00151914	0.00145687	0.00139315	0.00132805	0.00126163	0.00119395	0.0011251	0.00105513	0.000984122	0.000912144	0.000839269	0.000765572	0.000691127	0.00061601	0.000540295	0.00046406	0.000387381	0.000310333	0.000232995	0.000155443	7.77522e-05	0	
0	8.32484e-05	0.000166393	0.000249347	0.000332027	0.000414349	0.000496228	0.000577583	0.000658332	0.000738392	0.000817684	0.000896129	0.000973647	0.00105016	0.0011256	0.00119987	0.00127292	0.00134467	0.00141504	0.00148397	0.00155139	0.00161722	0.00168141	0.00174389	0.00180459	0.00186347	0.00192045	0.00197549	0.00202852	0.0020795	0.00212837	0.00217509	0.0022196	0.00226187	0.00230186	0.00233951	0.0023748	0.0024077	0.00243816	0.00246616	0.00249167	0.00251466	0.00253512	0.00255302	0.00256835	0.00258109	0.00259123	0.00259875	0.00260366	0.00260594	0.0026056	0.00260264	0.00259706	0.00258886	0.00257806	0.00256467	0.00254869	0.00253016	0.00250908	0.00248548	0.00245938	0.00243081	0.0023998	0.00236639	0.00233059	0.00229246	0.00225203	0.00220935	0.00216444	0.00211737	0.00206818	0.00201692	0.00196364	0.0019084	0.00185125	0.00179225	0.00173146	0.00166895	0.00160477	0.00153899	0.00147168	0.00140291	0.00133274	0.00126125	0.00118852	0.00111461	0.00103959	0.000963559	0.000886576	0.000808725	0.000730084	0.000650733	0.000570751	0.000490218	0.000409217	0.000327826	0.000246129	0.000164205	8.2135e-05	0	
0	8.7605e-05	0.0001751	0.000262396	0.000349403	0.000436033	0.000522198	0.00060781	0.000692784	0.000777035	0.000860477	0.000943026	0.0010246	0.00110512	0.0011845	0.00126267	0.00133954	0.00141504	0.0014891	0.00156163	0.00163258	0.00170186	0.0017694	0.00183515	0.00189904	0.00196099	0.00202096	0.00207888	0.00213468	0.00218833	0.00223976	0.00228892	0.00233577	0.00238025	0.00242232	0.00246195	0.00249909	0.0025337	0.00256576	0.00259522	0.00262207	0.00264627	0.0026678	0.00268664	0.00270277	0.00271617	0.00272684	0.00273476	0.00273992	0.00274233	0.00274197	0.00273885	0.00273298	0.00272435	0.00271299	0.00269889	0.00268208	0.00266258	0.00264039	0.00261556	0.00258809	0.00255803	0.0025254	0.00249023	0.00245257	0.00241244	0.0023699	0.00232498	0.00227772	0.00222819	0.00217642	0.00212248	0.00206641	0.00200828	0.00194814	0.00188605	0.00182208	0.00175629	0.00168876	0.00161953	0.0015487	0.00147633	0.00140249	0.00132726	0.00125072	0.00117294	0.001094	0.00101399	0.000932978	0.000851052	0.000768296	0.000684791	0.000600623	0.000515876	0.000430634	0.000344985	0.000259011	0.000172799	8.6434e-05	0	
0	9.18721e-05	0.000183629	0.000275177	0.000366422	0.000457272	0.000547634	0.000637417	0.00072653	0.000814884	0.000902391	0.000988962	0.00107451	0.00115895	0.0012422	0.00132417	0.00140479	0.00148397	0.00156163	0.0016377	0.0017121	0.00178476	0.00185559	0.00192455	0.00199154	0.00205652	0.0021194	0.00218014	0.00223867	0.00229493	0.00234886	0.00240042	0.00244954	0.00249619	0.00254032	0.00258188	0.00262083	0.00265713	0.00269074	0.00272164	0.0027498	0.00277517	0.00279775	0.00281751	0.00283442	0.00284848	0.00285967	0.00286797	0.00287339	0.00287591	0.00287554	0.00287227	0.00286611	0.00285706	0.00284514	0.00283036	0.00281273	0.00279228	0.00276901	0.00274297	0.00271417	0.00268264	0.00264842	0.00261154	0.00257204	0.00252996	0.00248534	0.00243823	0.00238868	0.00233673	0.00228244	0.00222587	0.00216708	0.00210611	0.00204304	0.00197793	0.00191084	0.00184185	0.00177102	0.00169843	0.00162415	0.00154825	0.00147081	0.00139192	0.00131165	0.00123008	0.0011473	0.00106338	0.000978427	0.000892511	0.000805723	0.00071815	0.000629882	0.000541007	0.000451613	0.000361791	0.000271629	0.000181217	9.06447e-05	0	
0	9.60456e-05	0.000191971	0.000287678	0.000383068	0.000478045	0.000572511	0.000666373	0.000759535	0.000851903	0.000943385	0.00103389	0.00112332	0.0012116	0.00129863	0.00138433	0.00146861	0.00155139	0.00163258	0.0017121	0.00178988	0.00186584	0.00193989	0.00201198	0.00208202	0.00214994	0.00221569	0.00227918	0.00234037	0.00239918	0.00245557	0.00250947	0.00256083	0.0026096	0.00265573	0.00269917	0.00273989	0.00277784	0.00281298	0.00284529	0.00287472	0.00290125	0.00292485	0.00294551	0.00296319	0.00297789	0.00298958	0.00299827	0.00300393	0.00300656	0.00300617	0.00300275	0.00299631	0.00298686	0.0029744	0.00295894	0.00294052	0.00291913	0.00289481	0.00286758	0.00283747	0.00280451	0.00276874	0.00273018	0.00268889	0.0026449	0.00259825	0.002549	0.0024972	0.00244289	0.00238614	0.002327	0.00226553	0.00220179	0.00213586	0.00206779	0.00199765	0.00192553	0.00185148	0.00177559	0.00169793	0.00161859	0.00153764	0.00145516	0.00137124	0.00128596	0.00119942	0.0011117	0.00102288	0.00093306	0.000842329	0.000750778	0.000658499	0.000565586	0.000472131	0.000378228	0.00028397	0.000189451	9.4763e-05	0	
0	0.000100121	0.000200117	0.000299885	0.000399323	0.00049833	0.000596806	0.000694651	0.000791766	0.000888054	0.000983418	0.00107776	0.00117099	0.00126302	0.00135374	0.00144308	0.00153093	0.00161722	0.00170186	0.00178476	0.00186584	0.00194502	0.00202221	0.00209736	0.00217037	0.00224118	0.00230971	0.0023759	0.00243969	0.002501	0.00255977	0.00261596	0.0026695	0.00272034	0.00276843	0.00281372	0.00285616	0.00289572	0.00293236	0.00296603	0.00299671	0.00302437	0.00304898	0.00307051	0.00308894	0.00310426	0.00311645	0.0031255	0.00313141	0.00313416	0.00313375	0.00313018	0.00312347	0.00311361	0.00310062	0.00308451	0.0030653	0.00304301	0.00301766	0.00298928	0.00295789	0.00292353	0.00288624	0.00284605	0.002803	0.00275714	0.00270852	0.00265718	0.00260317	0.00254656	0.0024874	0.00242575	0.00236167	0.00229523	0.0022265	0.00215554	0.00208243	0.00200724	0.00193005	0.00185094	0.00176999	0.00168728	0.00160289	0.00151691	0.00142943	0.00134054	0.00125032	0.00115888	0.00106629	0.000972658	0.000878077	0.000782641	0.000686446	0.000589589	0.000492168	0.00039428	0.000296022	0.000197491	9.87848e-05	0	
0	0.000104095	0.00020806	0.000311788	0.000415172	0.000518109	0.000620493	0.000722221	0.000823191	0.000923301	0.00102245	0.00112054	0.00121747	0.00131315	0.00140747	0.00150035	0.00159169	0.00168141	0.0017694	0.00185559	0.00193989	0.00202221	0.00210248	0.0021806	0.00225652	0.00233013	0.00240139	0.00247021	0.00253652	0.00260027	0.00266138	0.00271979	0.00277546	0.00282831	0.00287831	0.0029254	0.00296953	0.00301066	0.00304875	0.00308376	0.00311566	0.00314441	0.00317	0.00319238	0.00321155	0.00322748	0.00324015	0.00324956	0.0032557	0.00325856	0.00325813	0.00325443	0.00324745	0.0032372	0.00322369	0.00320695	0.00318697	0.0031638	0.00313744	0.00310793	0.0030753	0.00303957	0.0030008	0.00295901	0.00291426	0.00286658	0.00281602	0.00276265	0.0027065	0.00264764	0.00258613	0.00252204	0.00245541	0.00238634	0.00231487	0.0022411	0.00216509	0.00208692	0.00200666	0.00192441	0.00184025	0.00175425	0.00166651	0.00157712	0.00148617	0.00139375	0.00129995	0.00120488	0.00110861	0.00101127	0.000912931	0.000813707	0.000713694	0.000612993	0.000511705	0.000409931	0.000307772	0.00020533	0.000102706	0	
0	0.000107963	0.000215791	0.000323373	0.000430599	0.000537361	0.000643549	0.000749058	0.000853779	0.000957609	0.00106044	0.00116218	0.00126271	0.00136194	0.00145977	0.0015561	0.00165084	0.00174389	0.00183515	0.00192455	0.00201198	0.00209736	0.0021806	0.00226163	0.00234037	0.00241672	0.00249062	0.002562	0.00263078	0.00269689	0.00276027	0.00282086	0.00287859	0.00293341	0.00298527	0.0030341	0.00307987	0.00312253	0.00316204	0.00319835	0.00323144	0.00326126	0.00328779	0.00331101	0.00333089	0.00334741	0.00336056	0.00337032	0.00337668	0.00337964	0.0033792	0.00337536	0.00336812	0.00335749	0.00334349	0.00332612	0.0033054	0.00328136	0.00325403	0.00322342	0.00318957	0.00315253	0.00311231	0.00306897	0.00302255	0.0029731	0.00292067	0.00286531	0.00280708	0.00274603	0.00268224	0.00261576	0.00254666	0.00247501	0.0024009	0.00232438	0.00224554	0.00216447	0.00208123	0.00199593	0.00190863	0.00181944	0.00172844	0.00163573	0.0015414	0.00144554	0.00134826	0.00124965	0.00114981	0.00104885	0.000946858	0.000843946	0.000740216	0.000635773	0.000530721	0.000425165	0.00031921	0.000212961	0.000106523	0	
0	0.000111721	0.000223302	0.00033463	0.000445589	0.000556067	0.000665952	0.000775133	0.0008835	0.000990944	0.00109736	0.00120263	0.00130667	0.00140935	0.00151059	0.00161027	0.00170831	0.00180459	0.00189904	0.00199154	0.00208202	0.00217037	0.00225652	0.00234037	0.00242184	0.00250085	0.00257732	0.00265119	0.00272236	0.00279077	0.00285636	0.00291906	0.0029788	0.00303553	0.00308919	0.00313973	0.00318709	0.00323123	0.00327212	0.00330969	0.00334393	0.00337479	0.00340225	0.00342627	0.00344684	0.00346394	0.00347754	0.00348764	0.00349423	0.0034973	0.00349684	0.00349287	0.00348538	0.00347438	0.00345988	0.00344191	0.00342047	0.0033956	0.00336731	0.00333564	0.00330061	0.00326227	0.00322066	0.00317581	0.00312778	0.0030766	0.00302235	0.00296506	0.0029048	0.00284163	0.00277561	0.00270682	0.00263532	0.00256118	0.00248448	0.0024053	0.00232372	0.00223982	0.00215369	0.00206541	0.00197508	0.00188278	0.00178862	0.00169268	0.00159506	0.00149587	0.0013952	0.00129316	0.00118984	0.00108536	0.000979822	0.000873327	0.000765986	0.000657907	0.000549198	0.000439967	0.000330323	0.000220375	0.000110232	0	
0	0.000115366	0.000230587	0.000345546	0.000460125	0.000574208	0.000687678	0.000800421	0.000912323	0.00102327	0.00113316	0.00124187	0.00134929	0.00145533	0.00155987	0.00166281	0.00176404	0.00186347	0.00196099	0.00205652	0.00214994	0.00224118	0.00233013	0.00241672	0.00250085	0.00258244	0.00266141	0.00273768	0.00281118	0.00288182	0.00294955	0.00301429	0.00307598	0.00313456	0.00318998	0.00324216	0.00329107	0.00333666	0.00337887	0.00341767	0.00345303	0.0034849	0.00351325	0.00353806	0.0035593	0.00357695	0.003591	0.00360143	0.00360823	0.0036114	0.00361093	0.00360683	0.00359909	0.00358773	0.00357276	0.0035542	0.00353207	0.00350638	0.00347717	0.00344447	0.0034083	0.00336871	0.00332574	0.00327943	0.00322983	0.00317698	0.00312096	0.0030618	0.00299957	0.00293434	0.00286617	0.00279513	0.0027213	0.00264474	0.00256554	0.00248378	0.00239954	0.0023129	0.00222396	0.0021328	0.00203952	0.00194421	0.00184698	0.00174791	0.00164711	0.00154468	0.00144072	0.00133535	0.00122866	0.00112078	0.00101179	0.000901822	0.000790979	0.000679373	0.000567117	0.000454322	0.000341101	0.000227566	0.000113828	0	
0	0.000118893	0.000237638	0.000356113	0.000474195	0.000591766	0.000708706	0.000824896	0.000940221	0.00105456	0.00116781	0.00127984	0.00139055	0.00149983	0.00160757	0.00171365	0.00181798	0.00192045	0.00202096	0.0021194	0.00221569	0.00230971	0.00240139	0.00249062	0.00257732	0.00266141	0.0027428	0.0028214	0.00289714	0.00296995	0.00303975	0.00310647	0.00317005	0.00323042	0.00328752	0.00334131	0.00339171	0.00343869	0.0034822	0.00352219	0.00355862	0.00359146	0.00362068	0.00364625	0.00366814	0.00368634	0.00370082	0.00371156	0.00371857	0.00372184	0.00372135	0.00371712	0.00370915	0.00369745	0.00368202	0.00366289	0.00364008	0.00361361	0.0035835	0.0035498	0.00351253	0.00347173	0.00342744	0.00337971	0.0033286	0.00327414	0.0032164	0.00315543	0.0030913	0.00302408	0.00295382	0.00288061	0.00280452	0.00272562	0.002644	0.00255973	0.00247292	0.00238363	0.00229197	0.00219802	0.00210189	0.00200367	0.00190346	0.00180136	0.00169748	0.00159191	0.00148478	0.00137619	0.00126624	0.00115505	0.00104273	0.000929402	0.000815169	0.00070015	0.000584461	0.000468216	0.000351533	0.000234525	0.000117309	0	
0	0.000122301	0.000244448	0.000366318	0.000487784	0.000608724	0.000729015	0.000848535	0.000967165	0.00108478	0.00120127	0.00131652	0.0014304	0.00154281	0.00165364	0.00176276	0.00187008	0.00197549	0.00207888	0.00218014	0.00227918	0.0023759	0.00247021	0.002562	0.00265119	0.00273768	0.0028214	0.00290225	0.00298017	0.00305506	0.00312686	0.00319549	0.0032609	0.003323	0.00338174	0.00343706	0.00348891	0.00353724	0.00358199	0.00362313	0.0036606	0.00369439	0.00372445	0.00375075	0.00377327	0.00379198	0.00380688	0.00381793	0.00382514	0.0038285	0.003828	0.00382365	0.00381545	0.00380341	0.00378754	0.00376787	0.0037444	0.00371717	0.0036862	0.00365153	0.00361319	0.00357122	0.00352567	0.00347657	0.00342399	0.00336797	0.00330858	0.00324586	0.0031799	0.00311074	0.00303848	0.00296317	0.00288489	0.00280373	0.00271977	0.00263309	0.00254379	0.00245194	0.00235766	0.00226102	0.00216213	0.00206109	0.00195801	0.00185299	0.00174613	0.00163754	0.00152734	0.00141563	0.00130253	0.00118815	0.00107262	0.000956039	0.000838532	0.000720217	0.000601212	0.000481636	0.000361608	0.000241247	0.000120672	0	
0	0.000125584	0.00025101	0.000376151	0.000500878	0.000625065	0.000748585	0.000871314	0.000993128	0.0011139	0.00123352	0.00135186	0.0014688	0.00158423	0.00169803	0.00181009	0.00192029	0.00202852	0.00213468	0.00223867	0.00234037	0.00243969	0.00253652	0.00263078	0.00272236	0.00281118	0.00289714	0.00298017	0.00306017	0.00313708	0.0032108	0.00328128	0.00334844	0.00341221	0.00347253	0.00352933	0.00358258	0.0036322	0.00367815	0.00372039	0.00375888	0.00379357	0.00382444	0.00385144	0.00387457	0.00389378	0.00390908	0.00392043	0.00392783	0.00393128	0.00393077	0.0039263	0.00391788	0.00390552	0.00388923	0.00386902	0.00384493	0.00381696	0.00378517	0.00374956	0.00371019	0.0036671	0.00362032	0.00356991	0.00351591	0.00345839	0.0033974	0.003333	0.00326527	0.00319426	0.00312005	0.00304272	0.00296234	0.00287901	0.00279279	0.00270379	0.00261208	0.00251777	0.00242095	0.00232172	0.00222018	0.00211643	0.00201058	0.00190273	0.001793	0.0016815	0.00156834	0.00145363	0.0013375	0.00122005	0.00110142	0.000981706	0.000861045	0.000739553	0.000617353	0.000494567	0.000371317	0.000247724	0.000123911	0	
0	0.000128739	0.000257318	0.000385604	0.000513465	0.000640773	0.000767397	0.00089321	0.00101809	0.0011419	0.00126452	0.00138583	0.00150571	0.00162404	0.0017407	0.00185557	0.00196854	0.0020795	0.00218833	0.00229493	0.00239918	0.002501	0.00260027	0.00269689	0.00279077	0.00288182	0.00296995	0.00305506	0.00313708	0.00321591	0.00329149	0.00336374	0.00343259	0.00349796	0.00355979	0.00361803	0.00367261	0.00372348	0.00377059	0.00381389	0.00385334	0.00388891	0.00392055	0.00394823	0.00397194	0.00399164	0.00400732	0.00401896	0.00402655	0.00403008	0.00402956	0.00402498	0.00401634	0.00400367	0.00398697	0.00396626	0.00394155	0.00391289	0.00388029	0.0038438	0.00380344	0.00375926	0.00371131	0.00365963	0.00360427	0.00354531	0.00348278	0.00341677	0.00334733	0.00327454	0.00319846	0.00311919	0.00303679	0.00295136	0.00286298	0.00277174	0.00267773	0.00258105	0.0024818	0.00238007	0.00227598	0.00216962	0.00206111	0.00195055	0.00183807	0.00172376	0.00160776	0.00149017	0.00137111	0.00125072	0.0011291	0.00100638	0.000882686	0.000758141	0.000632869	0.000506997	0.000380649	0.00025395	0.000127026	0	
0	0.000131765	0.000263365	0.000394666	0.000525532	0.000655831	0.000785432	0.000914201	0.00104201	0.00116873	0.00129424	0.0014184	0.0015411	0.00166221	0.00178161	0.00189918	0.00201481	0.00212837	0.00223976	0.00234886	0.00245557	0.00255977	0.00266138	0.00276027	0.00285636	0.00294955	0.00303975	0.00312686	0.0032108	0.00329149	0.00336885	0.0034428	0.00351326	0.00358017	0.00364346	0.00370306	0.00375892	0.00381099	0.00385921	0.00390353	0.00394391	0.00398031	0.00401269	0.00404103	0.00406529	0.00408545	0.0041015	0.00411341	0.00412118	0.0041248	0.00412426	0.00411957	0.00411074	0.00409777	0.00408067	0.00405947	0.00403419	0.00400485	0.00397149	0.00393414	0.00389283	0.00384761	0.00379853	0.00374564	0.00368899	0.00362863	0.00356464	0.00349707	0.003426	0.0033515	0.00327364	0.0031925	0.00310817	0.00302073	0.00293027	0.00283688	0.00274066	0.00264171	0.00254013	0.00243601	0.00232947	0.00222061	0.00210955	0.0019964	0.00188127	0.00176428	0.00164555	0.00152519	0.00140334	0.00128011	0.00115564	0.00103003	0.000903433	0.00077596	0.000647745	0.000518914	0.000389596	0.000259919	0.000130012	0	
0	0.000134657	0.000269146	0.000403328	0.000537067	0.000670226	0.000802671	0.000934267	0.00106488	0.00119439	0.00132265	0.00144954	0.00157493	0.00169869	0.00182072	0.00194087	0.00205903	0.00217509	0.00228892	0.00240042	0.00250947	0.00261596	0.00271979	0.00282086	0.00291906	0.00301429	0.00310647	0.00319549	0.00328128	0.00336374	0.0034428	0.00351837	0.00359038	0.00365875	0.00372343	0.00378434	0.00384143	0.00389464	0.00394392	0.00398921	0.00403048	0.00406767	0.00410077	0.00412973	0.00415452	0.00417513	0.00419153	0.0042037	0.00421164	0.00421534	0.00421479	0.00421	0.00420097	0.00418772	0.00417025	0.00414858	0.00412274	0.00409276	0.00405867	0.00402049	0.00397828	0.00393207	0.00388191	0.00382786	0.00376996	0.00370828	0.00364289	0.00357384	0.0035012	0.00342507	0.0033455	0.00326258	0.0031764	0.00308704	0.00299459	0.00289916	0.00280083	0.0026997	0.00259589	0.00248948	0.00238061	0.00226936	0.00215586	0.00204022	0.00192257	0.00180301	0.00168167	0.00155867	0.00143415	0.00130822	0.001181	0.00105264	0.000923265	0.000792994	0.000661964	0.000530305	0.000398149	0.000265625	0.000132866	0	
0	0.000137413	0.000274654	0.000411582	0.000548058	0.000683943	0.000819098	0.000953388	0.00108668	0.00121883	0.00134971	0.0014792	0.00160716	0.00173346	0.00185798	0.00198059	0.00210117	0.0022196	0.00233577	0.00244954	0.00256083	0.0026695	0.00277546	0.00287859	0.0029788	0.00307598	0.00317005	0.0032609	0.00334844	0.00343259	0.00351326	0.00359038	0.00366386	0.00373364	0.00379964	0.0038618	0.00392005	0.00397435	0.00402464	0.00407086	0.00411297	0.00415093	0.0041847	0.00421425	0.00423955	0.00426058	0.00427732	0.00428974	0.00429784	0.00430161	0.00430106	0.00429617	0.00428695	0.00427343	0.0042556	0.00423349	0.00420713	0.00417653	0.00414174	0.00410278	0.0040597	0.00401255	0.00396137	0.0039062	0.00384712	0.00378418	0.00371745	0.00364698	0.00357287	0.00349517	0.00341397	0.00332936	0.00324141	0.00315022	0.00305588	0.0029585	0.00285815	0.00275496	0.00264902	0.00254044	0.00242933	0.00231581	0.00219999	0.00208198	0.00196192	0.00183991	0.00171609	0.00159058	0.0014635	0.00133499	0.00120518	0.00107419	0.000942163	0.000809226	0.000675514	0.00054116	0.000406298	0.000271062	0.000135585	0	
0	0.00014003	0.000279884	0.00041942	0.000558495	0.000696967	0.000834697	0.000971544	0.00110737	0.00124204	0.00137542	0.00150737	0.00163777	0.00176647	0.00189336	0.00201831	0.00214119	0.00226187	0.00238025	0.00249619	0.0026096	0.00272034	0.00282831	0.00293341	0.00303553	0.00313456	0.00323042	0.003323	0.00341221	0.00349796	0.00358017	0.00365875	0.00373364	0.00380474	0.003872	0.00393534	0.00399471	0.00405004	0.00410128	0.00414838	0.0041913	0.00422998	0.0042644	0.00429451	0.0043203	0.00434172	0.00435878	0.00437144	0.00437969	0.00438354	0.00438297	0.00437799	0.0043686	0.00435481	0.00433665	0.00431412	0.00428725	0.00425607	0.00422062	0.00418092	0.00413702	0.00408897	0.00403681	0.0039806	0.00392039	0.00385625	0.00378825	0.00371644	0.00364091	0.00356174	0.00347899	0.00339276	0.00330314	0.00321022	0.00311409	0.00301484	0.00291259	0.00280743	0.00269947	0.00258882	0.0024756	0.00235992	0.00224189	0.00212164	0.00199928	0.00187495	0.00174877	0.00162087	0.00149138	0.00136042	0.00122813	0.00109465	0.000960108	0.000824639	0.00068838	0.000551467	0.000414037	0.000276225	0.000138168	0	
0	0.000142505	0.000284831	0.000426834	0.000568367	0.000709287	0.000849451	0.000988717	0.00112694	0.001264	0.00139973	0.00153402	0.00166672	0.0017977	0.00192683	0.00205399	0.00217904	0.00230186	0.00242232	0.00254032	0.00265573	0.00276843	0.00287831	0.00298527	0.00308919	0.00318998	0.00328752	0.00338174	0.00347253	0.00355979	0.00364346	0.00372343	0.00379964	0.003872	0.00394045	0.00400491	0.00406533	0.00412164	0.00417378	0.00422172	0.00426539	0.00430476	0.00433978	0.00437043	0.00439667	0.00441848	0.00443583	0.00444872	0.00445712	0.00446103	0.00446045	0.00445538	0.00444583	0.0044318	0.00441331	0.00439038	0.00436304	0.00433131	0.00429523	0.00425483	0.00421016	0.00416126	0.00410817	0.00405097	0.0039897	0.00392443	0.00385522	0.00378214	0.00370528	0.0036247	0.00354049	0.00345274	0.00336154	0.00326697	0.00316914	0.00306814	0.00296408	0.00285706	0.00274719	0.00263459	0.00251937	0.00240164	0.00228152	0.00215914	0.00203463	0.0019081	0.00177969	0.00164953	0.00151774	0.00138447	0.00124985	0.001114	0.000977082	0.000839218	0.00070055	0.000561217	0.000421357	0.000281109	0.00014061	0	
0	0.000144836	0.000289491	0.000433816	0.000577665	0.00072089	0.000863347	0.00100489	0.00114538	0.00128467	0.00142263	0.00155911	0.00169398	0.00182711	0.00195835	0.00208759	0.00221468	0.00233951	0.00246195	0.00258188	0.00269917	0.00281372	0.0029254	0.0030341	0.00313973	0.00324216	0.00334131	0.00343706	0.00352933	0.00361803	0.00370306	0.00378434	0.0038618	0.00393534	0.00400491	0.00407043	0.00413183	0.00418907	0.00424207	0.00429078	0.00433517	0.00437518	0.00441078	0.00444193	0.0044686	0.00449076	0.0045084	0.0045215	0.00453004	0.00453401	0.00453342	0.00452827	0.00451856	0.0045043	0.00448551	0.00446221	0.00443442	0.00440217	0.0043655	0.00432444	0.00427904	0.00422933	0.00417539	0.00411724	0.00405497	0.00398863	0.00391829	0.00384402	0.0037659	0.003684	0.00359842	0.00350923	0.00341653	0.00332042	0.00322099	0.00311834	0.00301257	0.0029038	0.00279214	0.00267769	0.00256058	0.00244093	0.00231885	0.00219447	0.00206792	0.00193932	0.00180881	0.00167652	0.00154257	0.00140712	0.00127029	0.00113223	0.000993068	0.000852949	0.000712012	0.000570399	0.000428251	0.000285708	0.000142911	0	
