0	0	0	0	0	0	0	0	0	0	0	0	0	0	0	0	0	0	0	0	0	0	0	0	0	0	0	0	0	0	0	0	0	0	0	0	0	0	0	0	0	0	0	0	0	0	0	0	0	0	0	0	0	0	0	0	0	0	0	0	0	0	0	0	0	0	0	0	0	0	0	0	0	0	0	0	0	0	0	0	0	0	0	0	0	0	0	0	0	0	0	0	0	0	0	0	0	0	0	0	
0	0.000495236	0.000989981	0.00148375	0.00197604	0.00246638	0.00295428	0.00343926	0.00392084	0.00439854	0.00487189	0.00534042	0.00580367	0.00626118	0.00671249	0.00715717	0.00759477	0.00802486	0.008447	0.0088608	0.00926582	0.00966168	0.010048	0.0104243	0.0107904	0.0111457	0.01149	0.0118229	0.0121442	0.0124534	0.0127502	0.0130344	0.0133057	0.0135638	0.0138085	0.0140394	0.0142564	0.0144592	0.0146477	0.0148216	0.0149808	0.0151251	0.0152543	0.0153684	0.0154671	0.0155504	0.0156182	0.0156704	0.015707	0.0157278	0.0157329	0.0157223	0.0156959	0.0156538	0.0155959	0.0155224	0.0154332	0.0153285	0.0152084	0.0150728	0.0149221	0.0147562	0.0145754	0.0143798	0.0141696	0.013945	0.0137061	0.0134533	0.0131867	0.0129065	0.0126132	0.0123069	0.0119879	0.0116565	0.0113131	0.010958	0.0105916	0.0102141	0.009826	0.00942767	0.0090195	0.00860189	0.00817528	0.00774009	0.00729677	0.00684576	0.00638754	0.00592258	0.00545136	0.00497438	0.00449212	0.0040051	0.00351383	0.00301882	0.00252061	0.00201971	0.00151667	0.00101201	0.000506274	0	
0	0.000989981	0.00197898	0.00296602	0.00395012	0.00493032	0.00590564	0.00687512	0.00783779	0.00879272	0.00973895	0.0106755	0.0116016	0.0125161	0.0134183	0.0143072	0.015182	0.0160418	0.0168856	0.0177128	0.0185225	0.0193138	0.020086	0.0208383	0.02157	0.0222803	0.0229686	0.0236342	0.0242763	0.0248944	0.0254878	0.0260559	0.0265982	0.0271142	0.0276032	0.0280649	0.0284986	0.0289041	0.0292809	0.0296286	0.0299468	0.0302352	0.0304936	0.0307215	0.0309189	0.0310854	0.0312209	0.0313253	0.0313984	0.03144	0.0314503	0.031429	0.0313762	0.031292	0.0311763	0.0310293	0.0308511	0.0306418	0.0304016	0.0301307	0.0298294	0.0294979	0.0291364	0.0287454	0.0283252	0.0278761	0.0273986	0.0268932	0.0263602	0.0258003	0.0252139	0.0246015	0.0239639	0.0233015	0.022615	0.0219052	0.0211726	0.0204181	0.0196423	0.018846	0.0180301	0.0171953	0.0163425	0.0154725	0.0145863	0.0136847	0.0127688	0.0118393	0.0108973	0.00994382	0.00897979	0.00800623	0.00702417	0.00603465	0.00503872	0.00403743	0.00303184	0.00202302	0.00101205	0	
0	0.00148375	0.00296602	0.00444536	0.0059203	0.00738938	0.00885115	0.0103042	0.011747	0.0131782	0.0145964	0.0160001	0.017388	0.0187587	0.0201109	0.0214432	0.0227542	0.0240428	0.0253075	0.0265473	0.0277607	0.0289467	0.0301041	0.0312317	0.0323283	0.0333929	0.0344245	0.035422	0.0363844	0.0373107	0.0382001	0.0390516	0.0398644	0.0406377	0.0413707	0.0420625	0.0427127	0.0433204	0.0438851	0.0444062	0.0448831	0.0453154	0.0457026	0.0460443	0.04634	0.0465896	0.0467928	0.0469492	0.0470587	0.0471212	0.0471365	0.0471046	0.0470255	0.0468993	0.0467259	0.0465056	0.0462385	0.0459248	0.0455648	0.0451588	0.0447072	0.0442103	0.0436686	0.0430825	0.0424527	0.0417797	0.0410641	0.0403065	0.0395077	0.0386685	0.0377896	0.0368718	0.0359161	0.0349234	0.0338946	0.0328306	0.0317327	0.0306018	0.0294391	0.0282457	0.0270228	0.0257716	0.0244935	0.0231896	0.0218614	0.0205102	0.0191373	0.0177443	0.0163325	0.0149034	0.0134586	0.0119994	0.0105276	0.00904451	0.00755184	0.00605114	0.004544	0.00303202	0.00151682	0	
0	0.00197604	0.00395012	0.0059203	0.00788461	0.00984112	0.0117879	0.013723	0.0156446	0.0175506	0.0194393	0.0213088	0.0231572	0.0249827	0.0267835	0.0285579	0.0303039	0.03202	0.0337044	0.0353555	0.0369716	0.0385511	0.0400924	0.0415941	0.0430546	0.0444725	0.0458463	0.0471748	0.0484565	0.0496902	0.0508747	0.0520087	0.0530912	0.054121	0.0550972	0.0560186	0.0568845	0.0576938	0.0584459	0.0591399	0.059775	0.0603507	0.0608664	0.0613214	0.0617154	0.0620478	0.0623183	0.0625266	0.0626724	0.0627556	0.062776	0.0627336	0.0626283	0.0624601	0.0622292	0.0619358	0.0615801	0.0611623	0.0606829	0.0601422	0.0595407	0.0588789	0.0581575	0.057377	0.0565382	0.0556419	0.0546888	0.0536799	0.0526161	0.0514985	0.0503279	0.0491057	0.0478329	0.0465107	0.0451405	0.0437236	0.0422614	0.0407553	0.0392068	0.0376174	0.0359888	0.0343225	0.0326202	0.0308838	0.0291149	0.0273153	0.025487	0.0236317	0.0217515	0.0198483	0.017924	0.0159808	0.0140205	0.0120454	0.0100575	0.00805887	0.00605167	0.00403803	0.00202009	0	
0	0.00246638	0.00493032	0.00738938	0.00984112	0.0122831	0.014713	0.0171283	0.0195266	0.0219057	0.0242631	0.0265965	0.0289035	0.031182	0.0334297	0.0356443	0.0378236	0.0399655	0.0420679	0.0441287	0.0461458	0.0481173	0.0500411	0.0519154	0.0537383	0.055508	0.0572228	0.0588809	0.0604806	0.0620205	0.0634989	0.0649143	0.0662654	0.0675508	0.0687691	0.0699193	0.071	0.0720102	0.0729489	0.073815	0.0746078	0.0753264	0.07597	0.0765379	0.0770296	0.0774445	0.0777822	0.0780422	0.0782242	0.078328	0.0783535	0.0783005	0.0781691	0.0779592	0.077671	0.0773048	0.0768608	0.0763394	0.075741	0.0750661	0.0743154	0.0734894	0.0725889	0.0716148	0.0705678	0.0694491	0.0682595	0.0670003	0.0656725	0.0642775	0.0628165	0.0612909	0.0597023	0.0580521	0.0563419	0.0545734	0.0527483	0.0508685	0.0489357	0.0469519	0.0449191	0.0428394	0.0407147	0.0385474	0.0363395	0.0340934	0.0318114	0.0294958	0.027149	0.0247735	0.0223718	0.0199463	0.0174997	0.0150344	0.0125532	0.0100586	0.00755336	0.00504004	0.00252136	0	
0	0.00295428	0.00590564	0.00885115	0.0117879	0.014713	0.0176235	0.0205166	0.0233894	0.0262391	0.0290628	0.0318578	0.0346213	0.0373505	0.0400428	0.0426955	0.0453059	0.0478716	0.0503898	0.0528583	0.0552744	0.0576359	0.0599403	0.0621854	0.0643689	0.0664887	0.0685427	0.0705287	0.072445	0.0742894	0.0760603	0.0777557	0.0793741	0.0809137	0.0823731	0.0837508	0.0850453	0.0862553	0.0873797	0.0884172	0.0893668	0.0902275	0.0909984	0.0916787	0.0922677	0.0927647	0.0931691	0.0934805	0.0936986	0.093823	0.0938535	0.09379	0.0936325	0.0933811	0.093036	0.0925973	0.0920655	0.0914409	0.0907241	0.0899158	0.0890165	0.0880271	0.0869485	0.0857817	0.0845276	0.0831876	0.0817627	0.0802543	0.0786639	0.0769929	0.0752429	0.0734156	0.0715126	0.069536	0.0674875	0.0653691	0.063183	0.0609313	0.0586162	0.05624	0.0538051	0.0513139	0.048769	0.0461729	0.0435283	0.0408378	0.0381044	0.0353307	0.0325197	0.0296742	0.0267974	0.0238921	0.0209615	0.0180085	0.0150365	0.0120484	0.00904757	0.00603707	0.00302014	0	
0	0.00343926	0.00687512	0.0103042	0.013723	0.0171283	0.0205166	0.0238846	0.027229	0.0305465	0.0338338	0.0370876	0.0403047	0.043482	0.0466163	0.0497044	0.0527434	0.0557302	0.0586619	0.0615356	0.0643483	0.0670974	0.0697801	0.0723938	0.0749358	0.0774036	0.0797947	0.0821069	0.0843377	0.0864849	0.0885464	0.0905202	0.0924043	0.0941967	0.0958956	0.0974994	0.0990064	0.100415	0.101724	0.102932	0.104037	0.105039	0.105937	0.106729	0.107415	0.107993	0.108464	0.108826	0.10908	0.109225	0.109261	0.109187	0.109003	0.108711	0.108309	0.107798	0.107179	0.106452	0.105618	0.104676	0.10363	0.102478	0.101222	0.0998637	0.0984038	0.0968438	0.095185	0.093429	0.0915775	0.0896322	0.0875949	0.0854676	0.0832523	0.0809511	0.0785664	0.0761003	0.0735553	0.0709339	0.0682387	0.0654725	0.0626378	0.0597377	0.056775	0.0537527	0.050674	0.0475419	0.0443597	0.0411307	0.0378582	0.0345456	0.0311965	0.0278143	0.0244025	0.0209649	0.0175049	0.0140263	0.0105328	0.00702813	0.00351593	0	
0	0.00392084	0.00783779	0.011747	0.0156446	0.0195266	0.0233894	0.027229	0.0310418	0.0348238	0.0385713	0.0422807	0.0459483	0.0495705	0.0531436	0.0566642	0.0601287	0.0635338	0.066876	0.070152	0.0733586	0.0764927	0.079551	0.0825306	0.0854285	0.0882419	0.0909679	0.0936037	0.0961469	0.0985948	0.100945	0.103195	0.105343	0.107386	0.109323	0.111152	0.11287	0.114476	0.115968	0.117345	0.118605	0.119747	0.120771	0.121673	0.122455	0.123115	0.123651	0.124065	0.124354	0.124519	0.12456	0.124475	0.124266	0.123933	0.123475	0.122893	0.122187	0.121358	0.120407	0.119334	0.11814	0.116827	0.115396	0.113847	0.112183	0.110404	0.108513	0.106511	0.104401	0.102183	0.0998603	0.0974351	0.0949096	0.0922862	0.0895675	0.0867561	0.0838548	0.0808664	0.0777938	0.0746402	0.0714086	0.0681024	0.0647248	0.0612794	0.0577695	0.0541989	0.0505711	0.0468899	0.0431592	0.0393828	0.0355648	0.0317089	0.0278195	0.0239005	0.019956	0.0159904	0.0120077	0.00801223	0.00400825	0	
0	0.00439854	0.00879272	0.0131782	0.0175506	0.0219057	0.0262391	0.0305465	0.0348238	0.0390665	0.0432707	0.0474321	0.0515465	0.05561	0.0596184	0.0635679	0.0674546	0.0712745	0.0750239	0.078699	0.0822964	0.0858122	0.0892432	0.0925858	0.0958368	0.0989929	0.102051	0.105008	0.107861	0.110607	0.113244	0.115768	0.118178	0.12047	0.122643	0.124694	0.126621	0.128423	0.130097	0.131642	0.133056	0.134337	0.135485	0.136498	0.137375	0.138114	0.138717	0.13918	0.139505	0.13969	0.139736	0.139641	0.139407	0.139032	0.138518	0.137865	0.137074	0.136144	0.135076	0.133873	0.132534	0.131061	0.129455	0.127718	0.125851	0.123855	0.121734	0.119488	0.11712	0.114632	0.112027	0.109306	0.106473	0.10353	0.10048	0.0973262	0.0940714	0.0907188	0.0872719	0.0837341	0.0801088	0.0763998	0.0726107	0.0687455	0.064808	0.0608023	0.0567325	0.0526028	0.0484176	0.0441811	0.0398978	0.0355723	0.0312089	0.0268124	0.0223874	0.0179386	0.0134707	0.00898842	0.0044966	0	
0	0.00487189	0.00973895	0.0145964	0.0194393	0.0242631	0.0290628	0.0338338	0.0385713	0.0432707	0.0479273	0.0525365	0.0570937	0.0615944	0.0660343	0.0704088	0.0747137	0.0789447	0.0830976	0.0871683	0.0911527	0.095047	0.0988471	0.102549	0.10615	0.109646	0.113033	0.116309	0.119469	0.12251	0.125431	0.128227	0.130895	0.133434	0.135841	0.138113	0.140248	0.142243	0.144097	0.145808	0.147374	0.148794	0.150065	0.151187	0.152158	0.152978	0.153645	0.154158	0.154518	0.154723	0.154773	0.154669	0.154409	0.153994	0.153425	0.152702	0.151825	0.150795	0.149613	0.14828	0.146797	0.145165	0.143386	0.141462	0.139394	0.137184	0.134835	0.132347	0.129724	0.126969	0.124083	0.121069	0.117931	0.114672	0.111293	0.1078	0.104195	0.100482	0.0966638	0.0927452	0.0887298	0.0846216	0.0804248	0.0761435	0.0717823	0.0673456	0.0628378	0.0582637	0.0536281	0.0489357	0.0441915	0.0394004	0.0345675	0.0296978	0.0247966	0.0198691	0.0149203	0.00995571	0.00498051	0	
0	0.00534042	0.0106755	0.0160001	0.0213088	0.0265965	0.0318578	0.0370876	0.0422807	0.0474321	0.0525365	0.0575889	0.0625844	0.067518	0.0723848	0.0771801	0.081899	0.0865368	0.0910891	0.0955513	0.0999189	0.104188	0.108353	0.112412	0.116359	0.120191	0.123904	0.127494	0.130958	0.134292	0.137493	0.140558	0.143484	0.146267	0.148905	0.151395	0.153735	0.155923	0.157955	0.159831	0.161547	0.163103	0.164497	0.165727	0.166791	0.16769	0.168421	0.168984	0.169378	0.169603	0.169658	0.169543	0.169259	0.168804	0.16818	0.167387	0.166426	0.165297	0.164001	0.16254	0.160914	0.159126	0.157176	0.155067	0.1528	0.150377	0.147802	0.145075	0.1422	0.139179	0.136016	0.132713	0.129273	0.1257	0.121997	0.118167	0.114215	0.110145	0.10596	0.101665	0.097263	0.0927597	0.0881593	0.0834663	0.0786857	0.0738222	0.068881	0.063867	0.0587856	0.0536419	0.0484414	0.0431896	0.0378919	0.0325539	0.0271814	0.0217799	0.0163552	0.0109132	0.00545949	0	
0	0.00580367	0.0116016	0.017388	0.0231572	0.0289035	0.0346213	0.0403047	0.0459483	0.0515465	0.0570937	0.0625844	0.0680132	0.0733748	0.0786638	0.083875	0.0890032	0.0940434	0.0989906	0.10384	0.108586	0.113225	0.117752	0.122163	0.126452	0.130617	0.134652	0.138553	0.142318	0.145941	0.14942	0.152751	0.15593	0.158955	0.161822	0.164528	0.167071	0.169448	0.171657	0.173695	0.175561	0.177252	0.178766	0.180103	0.18126	0.182236	0.18303	0.183642	0.184071	0.184315	0.184375	0.18425	0.183941	0.183447	0.182769	0.181907	0.180862	0.179635	0.178227	0.176639	0.174873	0.172929	0.17081	0.168518	0.166054	0.163422	0.160623	0.157659	0.154535	0.151252	0.147815	0.144225	0.140486	0.136603	0.132579	0.128418	0.124123	0.119699	0.115151	0.110483	0.1057	0.100806	0.0958066	0.0907066	0.0855113	0.0802259	0.074856	0.0694071	0.0638849	0.0582951	0.0526435	0.046936	0.0411788	0.0353778	0.0295392	0.0236692	0.017774	0.0118598	0.00593307	0	
0	0.00626118	0.0125161	0.0187587	0.0249827	0.031182	0.0373505	0.043482	0.0495705	0.05561	0.0615944	0.067518	0.0733748	0.079159	0.0848649	0.0904869	0.0960194	0.101457	0.106794	0.112026	0.117146	0.122151	0.127035	0.131793	0.136421	0.140913	0.145266	0.149476	0.153537	0.157446	0.161199	0.164792	0.168222	0.171485	0.174578	0.177498	0.180241	0.182806	0.185189	0.187388	0.1894	0.191225	0.192858	0.1943	0.195548	0.196602	0.197459	0.198119	0.198581	0.198845	0.198909	0.198775	0.198441	0.197908	0.197177	0.196247	0.19512	0.193796	0.192277	0.190564	0.188658	0.186561	0.184275	0.181802	0.179145	0.176305	0.173285	0.170088	0.166717	0.163176	0.159467	0.155594	0.151561	0.147372	0.14303	0.138541	0.133908	0.129136	0.124229	0.119193	0.114033	0.108753	0.103359	0.0978571	0.0922522	0.0865503	0.0807571	0.0748786	0.0689211	0.0628906	0.0567934	0.0506361	0.044425	0.0381667	0.0318678	0.0255351	0.0191751	0.0127948	0.00640078	0	
0	0.00671249	0.0134183	0.0201109	0.0267835	0.0334297	0.0400428	0.0466163	0.0531436	0.0596184	0.0660343	0.0723848	0.0786638	0.0848649	0.0909822	0.0970094	0.102941	0.10877	0.114492	0.120101	0.12559	0.130956	0.136192	0.141293	0.146254	0.151071	0.155738	0.16025	0.164604	0.168795	0.172819	0.176671	0.180348	0.183846	0.187162	0.190292	0.193234	0.195983	0.198538	0.200895	0.203053	0.205008	0.20676	0.208306	0.209644	0.210773	0.211692	0.2124	0.212895	0.213178	0.213247	0.213103	0.212745	0.212174	0.21139	0.210393	0.209185	0.207766	0.206137	0.2043	0.202257	0.200009	0.197558	0.194907	0.192058	0.189013	0.185775	0.182348	0.178735	0.174938	0.170962	0.16681	0.162486	0.157995	0.15334	0.148527	0.14356	0.138444	0.133184	0.127785	0.122252	0.116592	0.11081	0.104911	0.098902	0.092789	0.0865782	0.0802761	0.073889	0.0674239	0.0608872	0.0542861	0.0476272	0.0409178	0.0341649	0.0273757	0.0205573	0.013717	0.00686217	0	
0	0.00715717	0.0143072	0.0214432	0.0285579	0.0356443	0.0426955	0.0497044	0.0566642	0.0635679	0.0704088	0.0771801	0.083875	0.0904869	0.0970094	0.103436	0.10976	0.115976	0.122077	0.128057	0.13391	0.139631	0.145214	0.150653	0.155943	0.161079	0.166055	0.170866	0.175509	0.179977	0.184267	0.188375	0.192295	0.196025	0.199561	0.202899	0.206035	0.208966	0.21169	0.214204	0.216504	0.21859	0.220457	0.222105	0.223532	0.224736	0.225716	0.226471	0.226999	0.2273	0.227374	0.22722	0.226839	0.22623	0.225394	0.224331	0.223042	0.221529	0.219793	0.217834	0.215656	0.213259	0.210646	0.207819	0.204781	0.201534	0.198083	0.194428	0.190575	0.186527	0.182287	0.17786	0.17325	0.168462	0.163499	0.158367	0.153071	0.147615	0.142007	0.13625	0.130351	0.124316	0.11815	0.111861	0.105454	0.098936	0.0923138	0.0855941	0.078784	0.0718905	0.0649208	0.0578823	0.0507824	0.0436285	0.0364283	0.0291892	0.0219192	0.0146257	0.00731677	0	
0	0.00759477	0.015182	0.0227542	0.0303039	0.0378236	0.0453059	0.0527434	0.0601287	0.0674546	0.0747137	0.081899	0.0890032	0.0960194	0.102941	0.10976	0.116471	0.123067	0.129541	0.135886	0.142098	0.148169	0.154093	0.159864	0.165478	0.170927	0.176207	0.181313	0.186239	0.190981	0.195534	0.199892	0.204053	0.208011	0.211763	0.215304	0.218632	0.221743	0.224633	0.227301	0.229742	0.231954	0.233936	0.235685	0.237199	0.238477	0.239517	0.240317	0.240878	0.241198	0.241276	0.241113	0.240708	0.240062	0.239175	0.238047	0.23668	0.235074	0.233231	0.231153	0.228841	0.226298	0.223525	0.220526	0.217302	0.213857	0.210194	0.206316	0.202227	0.197932	0.193433	0.188735	0.183843	0.178762	0.173495	0.16805	0.16243	0.156641	0.150689	0.144581	0.138321	0.131917	0.125374	0.1187	0.111902	0.104985	0.097958	0.0908275	0.083601	0.076286	0.0688902	0.0614214	0.0538873	0.0462961	0.0386556	0.0309739	0.0232593	0.01552	0.00776413	0	
0	0.00802486	0.0160418	0.0240428	0.03202	0.0399655	0.0478716	0.0557302	0.0635338	0.0712745	0.0789447	0.0865368	0.0940434	0.101457	0.10877	0.115976	0.123067	0.130036	0.136876	0.143582	0.150145	0.156559	0.162819	0.168917	0.174849	0.180607	0.186186	0.191581	0.196786	0.201796	0.206607	0.211212	0.215608	0.21979	0.223755	0.227497	0.231013	0.2343	0.237354	0.240172	0.242752	0.24509	0.247184	0.249032	0.250632	0.251982	0.25308	0.253926	0.254519	0.254857	0.254939	0.254767	0.254339	0.253656	0.252719	0.251527	0.250083	0.248386	0.246439	0.244243	0.241801	0.239113	0.236183	0.233014	0.229607	0.225967	0.222097	0.218	0.213679	0.20914	0.204387	0.199423	0.194254	0.188885	0.18332	0.177566	0.171628	0.165511	0.159223	0.152768	0.146154	0.139387	0.132474	0.125422	0.118239	0.11093	0.103505	0.095971	0.0883353	0.0806061	0.0727915	0.0648997	0.056939	0.0489178	0.0408446	0.032728	0.0245765	0.0163989	0.00820381	0	
0	0.008447	0.0168856	0.0253075	0.0337044	0.0420679	0.0503898	0.0586619	0.066876	0.0750239	0.0830976	0.0910891	0.0989906	0.106794	0.114492	0.122077	0.129541	0.136876	0.144077	0.151135	0.158043	0.164795	0.171384	0.177803	0.184046	0.190108	0.19598	0.201659	0.207138	0.212412	0.217475	0.222323	0.22695	0.231352	0.235525	0.239464	0.243166	0.246625	0.24984	0.252807	0.255522	0.257983	0.260187	0.262132	0.263816	0.265237	0.266394	0.267284	0.267908	0.268263	0.268351	0.268169	0.267719	0.267	0.266013	0.264759	0.263238	0.261453	0.259403	0.257092	0.254521	0.251692	0.248608	0.245272	0.241686	0.237854	0.23378	0.229468	0.22492	0.220142	0.215139	0.209914	0.204473	0.198821	0.192964	0.186907	0.180657	0.174218	0.167599	0.160805	0.153843	0.14672	0.139443	0.13202	0.124459	0.116766	0.10895	0.10102	0.0929822	0.0848464	0.0766207	0.0683138	0.0599343	0.0514912	0.0429933	0.0344497	0.0258694	0.0172616	0.00863538	0	
0	0.0088608	0.0177128	0.0265473	0.0353555	0.0441287	0.0528583	0.0615356	0.070152	0.078699	0.0871683	0.0955513	0.10384	0.112026	0.120101	0.128057	0.135886	0.143582	0.151135	0.158538	0.165785	0.172868	0.179779	0.186513	0.193062	0.19942	0.205581	0.211538	0.217285	0.222817	0.228129	0.233214	0.238068	0.242686	0.247063	0.251195	0.255077	0.258707	0.262079	0.265191	0.268039	0.270621	0.272933	0.274973	0.27674	0.278231	0.279444	0.280378	0.281032	0.281405	0.281496	0.281306	0.280834	0.28008	0.279045	0.277729	0.276134	0.27426	0.272111	0.269686	0.266989	0.264021	0.260786	0.257287	0.253526	0.249506	0.245233	0.240709	0.235938	0.230926	0.225678	0.220197	0.21449	0.208561	0.202417	0.196063	0.189506	0.182753	0.175809	0.168682	0.161379	0.153907	0.146274	0.138488	0.130556	0.122486	0.114288	0.105968	0.0975372	0.0890028	0.0803742	0.0716603	0.0628703	0.0540136	0.0450994	0.0361373	0.0271367	0.0181072	0.0090584	0	
0	0.00926582	0.0185225	0.0277607	0.0369716	0.0461458	0.0552744	0.0643483	0.0733586	0.0822964	0.0911527	0.0999189	0.108586	0.117146	0.12559	0.13391	0.142098	0.150145	0.158043	0.165785	0.173363	0.18077	0.187997	0.195039	0.201887	0.208536	0.214978	0.221207	0.227217	0.233002	0.238556	0.243874	0.24895	0.253779	0.258356	0.262677	0.266737	0.270532	0.274059	0.277313	0.280291	0.282991	0.285409	0.287543	0.28939	0.290949	0.292217	0.293194	0.293878	0.294268	0.294364	0.294165	0.293671	0.292882	0.2918	0.290424	0.288756	0.286797	0.284549	0.282013	0.279193	0.27609	0.272707	0.269047	0.265114	0.260911	0.256442	0.251711	0.246723	0.241482	0.235993	0.230262	0.224294	0.218094	0.211669	0.205025	0.198169	0.191106	0.183845	0.176393	0.168756	0.160942	0.15296	0.144818	0.136523	0.128085	0.119512	0.110812	0.101996	0.0930712	0.0840481	0.0749359	0.0657441	0.0564825	0.0471609	0.0377891	0.0283771	0.0189349	0.00947246	0	
0	0.00966168	0.0193138	0.0289467	0.0385511	0.0481173	0.0576359	0.0670974	0.0764927	0.0858122	0.095047	0.104188	0.113225	0.122151	0.130956	0.139631	0.148169	0.156559	0.164795	0.172868	0.18077	0.188492	0.196029	0.203371	0.210512	0.217445	0.224162	0.230658	0.236924	0.242957	0.248748	0.254293	0.259586	0.264621	0.269394	0.273899	0.278133	0.28209	0.285767	0.28916	0.292266	0.295081	0.297602	0.299827	0.301753	0.303379	0.304701	0.30572	0.306433	0.30684	0.306939	0.306732	0.306217	0.305395	0.304266	0.302832	0.301092	0.29905	0.296706	0.294062	0.291121	0.287885	0.284358	0.280542	0.276441	0.272058	0.267398	0.262465	0.257264	0.251799	0.246076	0.2401	0.233876	0.227412	0.220712	0.213785	0.206635	0.199271	0.1917	0.183929	0.175965	0.167818	0.159495	0.151005	0.142356	0.133557	0.124617	0.115546	0.106353	0.0970474	0.0876389	0.0781374	0.0685529	0.0588956	0.0491758	0.0394036	0.0295894	0.0197438	0.00987716	0	
0	0.010048	0.020086	0.0301041	0.0400924	0.0500411	0.0599403	0.0697801	0.079551	0.0892432	0.0988471	0.108353	0.117752	0.127035	0.136192	0.145214	0.154093	0.162819	0.171384	0.179779	0.187997	0.196029	0.203867	0.211502	0.218929	0.226139	0.233125	0.23988	0.246397	0.252671	0.258694	0.26446	0.269964	0.275201	0.280165	0.28485	0.289253	0.293369	0.297193	0.300722	0.303952	0.306879	0.309501	0.311815	0.313818	0.315508	0.316884	0.317943	0.318685	0.319108	0.319212	0.318996	0.31846	0.317605	0.316431	0.314939	0.313131	0.311006	0.308569	0.305819	0.302761	0.299396	0.295727	0.291759	0.287493	0.282936	0.278089	0.272959	0.26755	0.261867	0.255914	0.249699	0.243227	0.236504	0.229537	0.222332	0.214897	0.207238	0.199364	0.191282	0.183001	0.174528	0.165872	0.157042	0.148048	0.138897	0.1296	0.120166	0.110605	0.100928	0.0911429	0.0812615	0.0712939	0.0612505	0.0511419	0.040979	0.0307725	0.0205332	0.0102721	0	
0	0.0104243	0.0208383	0.0312317	0.0415941	0.0519154	0.0621854	0.0723938	0.0825306	0.0925858	0.102549	0.112412	0.122163	0.131793	0.141293	0.150653	0.159864	0.168917	0.177803	0.186513	0.195039	0.203371	0.211502	0.219424	0.227129	0.234609	0.241857	0.248865	0.255626	0.262134	0.268383	0.274366	0.280076	0.285509	0.290658	0.295519	0.300087	0.304357	0.308324	0.311985	0.315336	0.318373	0.321094	0.323494	0.325572	0.327326	0.328753	0.329852	0.330621	0.33106	0.331168	0.330944	0.330388	0.329501	0.328284	0.326736	0.324859	0.322655	0.320126	0.317274	0.314101	0.31061	0.306804	0.302687	0.298262	0.293533	0.288505	0.283183	0.277571	0.271675	0.2655	0.259052	0.252338	0.245363	0.238135	0.23066	0.222946	0.215001	0.206832	0.198447	0.189855	0.181065	0.172085	0.162925	0.153593	0.1441	0.134454	0.124667	0.114748	0.104708	0.0945568	0.0843052	0.0739642	0.0635447	0.0530575	0.0425139	0.0319251	0.0213023	0.0106568	0	
0	0.0107904	0.02157	0.0323283	0.0430546	0.0537383	0.0643689	0.0749358	0.0854285	0.0958368	0.10615	0.116359	0.126452	0.136421	0.146254	0.155943	0.165478	0.174849	0.184046	0.193062	0.201887	0.210512	0.218929	0.227129	0.235104	0.242847	0.250349	0.257603	0.264602	0.271339	0.277807	0.283999	0.289911	0.295534	0.300864	0.305896	0.310624	0.315044	0.319151	0.32294	0.326409	0.329553	0.332368	0.334853	0.337004	0.33882	0.340297	0.341434	0.342231	0.342685	0.342796	0.342565	0.34199	0.341071	0.339811	0.338209	0.336266	0.333985	0.331367	0.328414	0.32513	0.321516	0.317577	0.313315	0.308735	0.30384	0.298636	0.293127	0.287318	0.281214	0.274823	0.268148	0.261198	0.253978	0.246496	0.238759	0.230775	0.22255	0.214094	0.205415	0.196522	0.187423	0.178128	0.168646	0.158986	0.149159	0.139176	0.129045	0.118778	0.108385	0.097877	0.0872655	0.0765614	0.065776	0.0549206	0.0440068	0.0330461	0.0220503	0.011031	0	
0	0.0111457	0.0222803	0.0333929	0.0444725	0.055508	0.0664887	0.0774036	0.0882419	0.0989929	0.109646	0.120191	0.130617	0.140913	0.151071	0.161079	0.170927	0.180607	0.190108	0.19942	0.208536	0.217445	0.226139	0.234609	0.242847	0.250844	0.258594	0.266087	0.273316	0.280275	0.286956	0.293352	0.299458	0.305267	0.310773	0.31597	0.320854	0.325419	0.329661	0.333575	0.337158	0.340405	0.343314	0.345881	0.348103	0.349978	0.351504	0.352679	0.353501	0.35397	0.354086	0.353846	0.353252	0.352304	0.351002	0.349347	0.34734	0.344984	0.34228	0.33923	0.335837	0.332105	0.328035	0.323633	0.318902	0.313846	0.308471	0.30278	0.29678	0.290476	0.283873	0.276979	0.2698	0.262343	0.254614	0.246622	0.238375	0.229879	0.221145	0.21218	0.202994	0.193595	0.183994	0.174199	0.164222	0.154072	0.143759	0.133295	0.122689	0.111954	0.1011	0.0901394	0.0790828	0.0679421	0.0567293	0.045456	0.0341344	0.0227765	0.0113943	0	
0	0.01149	0.0229686	0.0344245	0.0458463	0.0572228	0.0685427	0.0797947	0.0909679	0.102051	0.113033	0.123904	0.134652	0.145266	0.155738	0.166055	0.176207	0.186186	0.19598	0.205581	0.214978	0.224162	0.233125	0.241857	0.250349	0.258594	0.266582	0.274307	0.281759	0.288933	0.29582	0.302415	0.308709	0.314697	0.320373	0.325731	0.330766	0.335472	0.339845	0.34388	0.347574	0.350921	0.35392	0.356566	0.358856	0.360789	0.362362	0.363574	0.364422	0.364905	0.365024	0.364777	0.364165	0.363187	0.361845	0.360139	0.35807	0.355641	0.352854	0.34971	0.346212	0.342364	0.338169	0.333631	0.328754	0.323542	0.318	0.312134	0.305948	0.299449	0.292643	0.285536	0.278135	0.270447	0.26248	0.254241	0.245739	0.236981	0.227977	0.218735	0.209265	0.199576	0.189678	0.179581	0.169295	0.158831	0.1482	0.137412	0.126479	0.115413	0.104224	0.0929241	0.0815259	0.0700411	0.0584818	0.0468603	0.0351889	0.0234801	0.0117463	0	
0	0.0118229	0.0236342	0.035422	0.0471748	0.0588809	0.0705287	0.0821069	0.0936037	0.105008	0.116309	0.127494	0.138553	0.149476	0.16025	0.170866	0.181313	0.191581	0.201659	0.211538	0.221207	0.230658	0.23988	0.248865	0.257603	0.266087	0.274307	0.282255	0.289924	0.297305	0.304392	0.311177	0.317654	0.323816	0.329656	0.33517	0.34035	0.345193	0.349693	0.353845	0.357645	0.36109	0.364175	0.366898	0.369255	0.371244	0.372862	0.374109	0.374981	0.375479	0.375601	0.375347	0.374717	0.373711	0.37233	0.370574	0.368446	0.365946	0.363078	0.359843	0.356244	0.352285	0.347968	0.343298	0.33828	0.332917	0.327215	0.321178	0.314813	0.308126	0.301123	0.29381	0.286194	0.278284	0.270086	0.261608	0.252859	0.243848	0.234583	0.225073	0.215329	0.205359	0.195174	0.184785	0.174201	0.163434	0.152494	0.141394	0.130144	0.118757	0.107244	0.0956167	0.0838882	0.0720706	0.0601764	0.0482182	0.0362086	0.0241605	0.0120867	0	
0	0.0121442	0.0242763	0.0363844	0.0484565	0.0604806	0.072445	0.0843377	0.0961469	0.107861	0.119469	0.130958	0.142318	0.153537	0.164604	0.175509	0.186239	0.196786	0.207138	0.217285	0.227217	0.236924	0.246397	0.255626	0.264602	0.273316	0.281759	0.289924	0.297801	0.305383	0.312662	0.319632	0.326285	0.332614	0.338613	0.344276	0.349597	0.354572	0.359194	0.363459	0.367362	0.3709	0.37407	0.376866	0.379287	0.38133	0.382993	0.384273	0.385169	0.385681	0.385806	0.385545	0.384898	0.383865	0.382446	0.380643	0.378457	0.375889	0.372943	0.36962	0.365923	0.361856	0.357422	0.352626	0.347471	0.341962	0.336105	0.329905	0.323367	0.316498	0.309304	0.301792	0.29397	0.285845	0.277424	0.268716	0.259729	0.250473	0.240956	0.231188	0.221179	0.210939	0.200477	0.189805	0.178934	0.167874	0.156638	0.145236	0.13368	0.121984	0.110157	0.0982146	0.0861675	0.0740288	0.0618114	0.0495282	0.0371924	0.0248169	0.0124151	0	
0	0.0124534	0.0248944	0.0373107	0.0496902	0.0620205	0.0742894	0.0864849	0.0985948	0.110607	0.12251	0.134292	0.145941	0.157446	0.168795	0.179977	0.190981	0.201796	0.212412	0.222817	0.233002	0.242957	0.252671	0.262134	0.271339	0.280275	0.288933	0.297305	0.305383	0.313158	0.320623	0.32777	0.334592	0.341082	0.347234	0.353041	0.358498	0.363599	0.368339	0.372712	0.376715	0.380344	0.383593	0.386461	0.388944	0.391039	0.392744	0.394057	0.394976	0.3955	0.395629	0.395361	0.394698	0.393638	0.392183	0.390334	0.388092	0.38546	0.382438	0.37903	0.37524	0.371069	0.366523	0.361604	0.356318	0.350669	0.344662	0.338304	0.3316	0.324556	0.317179	0.309476	0.301455	0.293122	0.284487	0.275558	0.266342	0.25685	0.247091	0.237075	0.226811	0.216309	0.205581	0.194638	0.18349	0.172148	0.160626	0.148934	0.137084	0.125089	0.112962	0.100715	0.0883614	0.0759136	0.0633852	0.0507893	0.0381393	0.0254488	0.0127312	0	
0	0.0127502	0.0254878	0.0382001	0.0508747	0.0634989	0.0760603	0.0885464	0.100945	0.113244	0.125431	0.137493	0.14942	0.161199	0.172819	0.184267	0.195534	0.206607	0.217475	0.228129	0.238556	0.248748	0.258694	0.268383	0.277807	0.286956	0.29582	0.304392	0.312662	0.320623	0.328266	0.335583	0.342568	0.349213	0.355511	0.361457	0.367044	0.372266	0.377119	0.381597	0.385695	0.38941	0.392737	0.395673	0.398215	0.40036	0.402106	0.40345	0.404391	0.404928	0.40506	0.404786	0.404106	0.403021	0.401532	0.399639	0.397343	0.394648	0.391554	0.388066	0.384184	0.379915	0.37526	0.370224	0.364811	0.359028	0.352878	0.346368	0.339504	0.332293	0.32474	0.316853	0.308641	0.30011	0.291269	0.282126	0.272691	0.262973	0.252981	0.242726	0.232217	0.221466	0.210482	0.199277	0.187864	0.176252	0.164455	0.152484	0.140352	0.128071	0.115655	0.103116	0.0904677	0.0777232	0.0648961	0.052	0.0390485	0.0260554	0.0130347	0	
0	0.0130344	0.0260559	0.0390516	0.0520087	0.0649143	0.0777557	0.0905202	0.103195	0.115768	0.128227	0.140558	0.152751	0.164792	0.176671	0.188375	0.199892	0.211212	0.222323	0.233214	0.243874	0.254293	0.26446	0.274366	0.283999	0.293352	0.302415	0.311177	0.319632	0.32777	0.335583	0.343064	0.350204	0.356997	0.363436	0.369514	0.375226	0.380565	0.385525	0.390103	0.394293	0.39809	0.401492	0.404493	0.407092	0.409285	0.411069	0.412443	0.413405	0.413954	0.414089	0.413809	0.413114	0.412005	0.410482	0.408547	0.406201	0.403445	0.400283	0.396716	0.392748	0.388383	0.383625	0.378476	0.372944	0.367031	0.360744	0.354089	0.347072	0.3397	0.331979	0.323916	0.315521	0.306799	0.297761	0.288415	0.27877	0.268835	0.258621	0.248137	0.237394	0.226402	0.215174	0.20372	0.192051	0.180181	0.168121	0.155883	0.14348	0.130926	0.118233	0.105415	0.0924843	0.0794558	0.0663427	0.0531591	0.0399189	0.0266363	0.0133252	0	
0	0.0133057	0.0265982	0.0398644	0.0530912	0.0662654	0.0793741	0.0924043	0.105343	0.118178	0.130895	0.143484	0.15593	0.168222	0.180348	0.192295	0.204053	0.215608	0.22695	0.238068	0.24895	0.259586	0.269964	0.280076	0.289911	0.299458	0.308709	0.317654	0.326285	0.334592	0.342568	0.350204	0.357493	0.364427	0.371	0.377205	0.383035	0.388485	0.39355	0.398223	0.4025	0.406376	0.409848	0.412912	0.415565	0.417804	0.419625	0.421028	0.42201	0.42257	0.422708	0.422422	0.421713	0.420581	0.419026	0.41705	0.414655	0.411842	0.408614	0.404973	0.400923	0.396467	0.391609	0.386354	0.380706	0.37467	0.368253	0.361459	0.354296	0.34677	0.338888	0.330658	0.322088	0.313185	0.303959	0.294418	0.284572	0.274431	0.264004	0.253301	0.242335	0.231115	0.219652	0.20796	0.196049	0.183931	0.17162	0.159127	0.146467	0.133651	0.120694	0.107609	0.0944093	0.0811096	0.0677236	0.0542656	0.0407498	0.0271907	0.0136026	0	
0	0.0135638	0.0271142	0.0406377	0.054121	0.0675508	0.0809137	0.0941967	0.107386	0.12047	0.133434	0.146267	0.158955	0.171485	0.183846	0.196025	0.208011	0.21979	0.231352	0.242686	0.253779	0.264621	0.275201	0.285509	0.295534	0.305267	0.314697	0.323816	0.332614	0.341082	0.349213	0.356997	0.364427	0.371496	0.378197	0.384522	0.390465	0.396021	0.401183	0.405947	0.410307	0.414259	0.417798	0.420922	0.423626	0.425908	0.427765	0.429195	0.430196	0.430767	0.430907	0.430616	0.429893	0.428739	0.427154	0.42514	0.422699	0.419831	0.41654	0.412829	0.4087	0.404158	0.399206	0.393848	0.388091	0.381938	0.375396	0.368471	0.361169	0.353497	0.345462	0.337072	0.328336	0.31926	0.309855	0.300129	0.290092	0.279754	0.269125	0.258215	0.247035	0.235598	0.223913	0.211994	0.199852	0.187499	0.174949	0.162214	0.149308	0.136244	0.123035	0.109696	0.0962407	0.0826829	0.0690373	0.0553182	0.0415403	0.0277181	0.0138664	0	
0	0.0138085	0.0276032	0.0413707	0.0550972	0.0687691	0.0823731	0.0958956	0.109323	0.122643	0.135841	0.148905	0.161822	0.174578	0.187162	0.199561	0.211763	0.223755	0.235525	0.247063	0.258356	0.269394	0.280165	0.290658	0.300864	0.310773	0.320373	0.329656	0.338613	0.347234	0.355511	0.363436	0.371	0.378197	0.385018	0.391457	0.397508	0.403164	0.408419	0.413269	0.417708	0.421731	0.425334	0.428514	0.431267	0.43359	0.43548	0.436936	0.437955	0.438537	0.438679	0.438383	0.437647	0.436472	0.434859	0.432808	0.430323	0.427403	0.424053	0.420275	0.416072	0.411447	0.406406	0.400952	0.395091	0.388827	0.382167	0.375117	0.367683	0.359873	0.351693	0.343152	0.334258	0.325019	0.315444	0.305543	0.295325	0.2848	0.273979	0.262872	0.251491	0.239847	0.227952	0.215818	0.203456	0.190881	0.178105	0.16514	0.152001	0.138701	0.125254	0.111675	0.0979766	0.0841743	0.0702825	0.056316	0.0422895	0.0282181	0.0141165	0	
0	0.0140394	0.0280649	0.0420625	0.0560186	0.0699193	0.0837508	0.0974994	0.111152	0.124694	0.138113	0.151395	0.164528	0.177498	0.190292	0.202899	0.215304	0.227497	0.239464	0.251195	0.262677	0.273899	0.28485	0.295519	0.305896	0.31597	0.325731	0.33517	0.344276	0.353041	0.361457	0.369514	0.377205	0.384522	0.391457	0.398004	0.404156	0.409907	0.41525	0.420181	0.424694	0.428784	0.432448	0.435681	0.43848	0.440841	0.442763	0.444244	0.44528	0.445871	0.446016	0.445714	0.444966	0.443772	0.442131	0.440047	0.43752	0.434552	0.431145	0.427304	0.42303	0.418329	0.413203	0.407658	0.401698	0.39533	0.388559	0.381391	0.373833	0.365892	0.357575	0.348891	0.339848	0.330455	0.32072	0.310653	0.300264	0.289563	0.278561	0.267269	0.255697	0.243859	0.231764	0.219427	0.206859	0.194074	0.181083	0.167902	0.154543	0.141021	0.127349	0.113542	0.0996152	0.0855821	0.071458	0.0572579	0.0429968	0.02869	0.0143526	0	
0	0.0142564	0.0284986	0.0427127	0.0568845	0.071	0.0850453	0.0990064	0.11287	0.126621	0.140248	0.153735	0.167071	0.180241	0.193234	0.206035	0.218632	0.231013	0.243166	0.255077	0.266737	0.278133	0.289253	0.300087	0.310624	0.320854	0.330766	0.34035	0.349597	0.358498	0.367044	0.375226	0.383035	0.390465	0.397508	0.404156	0.410403	0.416243	0.421668	0.426675	0.431258	0.435412	0.439132	0.442415	0.445257	0.447655	0.449607	0.45111	0.452162	0.452763	0.45291	0.452604	0.451844	0.450631	0.448965	0.446849	0.444282	0.441268	0.437809	0.433909	0.429569	0.424795	0.41959	0.413959	0.407907	0.401441	0.394565	0.387286	0.379611	0.371547	0.363102	0.354284	0.345101	0.335562	0.325677	0.315455	0.304905	0.294039	0.282867	0.2714	0.25965	0.247628	0.235347	0.222819	0.210057	0.197073	0.183882	0.170497	0.156932	0.143201	0.129318	0.115298	0.101155	0.086905	0.0725626	0.0581429	0.0436615	0.0291335	0.0145745	0	
0	0.0144592	0.0289041	0.0433204	0.0576938	0.0720102	0.0862553	0.100415	0.114476	0.128423	0.142243	0.155923	0.169448	0.182806	0.195983	0.208966	0.221743	0.2343	0.246625	0.258707	0.270532	0.28209	0.293369	0.304357	0.315044	0.325419	0.335472	0.345193	0.354572	0.363599	0.372266	0.380565	0.388485	0.396021	0.403164	0.409907	0.416243	0.422165	0.427668	0.432746	0.437394	0.441607	0.44538	0.44871	0.451592	0.454025	0.456004	0.457529	0.458596	0.459205	0.459354	0.459044	0.458273	0.457043	0.455354	0.453207	0.450604	0.447547	0.444039	0.440082	0.435681	0.430839	0.42556	0.419849	0.413711	0.407153	0.400179	0.392796	0.385012	0.376834	0.368269	0.359325	0.350012	0.340337	0.330311	0.319943	0.309243	0.298223	0.286892	0.275262	0.263344	0.251151	0.238696	0.225989	0.213046	0.199878	0.186499	0.172923	0.159165	0.145238	0.131158	0.116938	0.102594	0.0881415	0.073595	0.0589703	0.0442827	0.029548	0.0147819	0	
0	0.0146477	0.0292809	0.0438851	0.0584459	0.0729489	0.0873797	0.101724	0.115968	0.130097	0.144097	0.157955	0.171657	0.185189	0.198538	0.21169	0.224633	0.237354	0.24984	0.262079	0.274059	0.285767	0.297193	0.308324	0.319151	0.329661	0.339845	0.349693	0.359194	0.368339	0.377119	0.385525	0.39355	0.401183	0.408419	0.41525	0.421668	0.427668	0.433243	0.438387	0.443096	0.447363	0.451186	0.454559	0.457479	0.459943	0.461949	0.463493	0.464574	0.465191	0.465342	0.465028	0.464247	0.463001	0.461289	0.459115	0.456478	0.453381	0.449827	0.445819	0.441361	0.436455	0.431107	0.425322	0.419104	0.41246	0.405395	0.397917	0.390031	0.381746	0.373069	0.364009	0.354574	0.344774	0.334617	0.324114	0.313275	0.30211	0.290632	0.27885	0.266777	0.254425	0.241807	0.228935	0.215823	0.202483	0.18893	0.175178	0.16124	0.147132	0.132868	0.118463	0.103932	0.0892905	0.0745544	0.059739	0.04486	0.0299332	0.0149746	0	
0	0.0148216	0.0296286	0.0444062	0.0591399	0.073815	0.0884172	0.102932	0.117345	0.131642	0.145808	0.159831	0.173695	0.187388	0.200895	0.214204	0.227301	0.240172	0.252807	0.265191	0.277313	0.28916	0.300722	0.311985	0.32294	0.333575	0.34388	0.353845	0.363459	0.372712	0.381597	0.390103	0.398223	0.405947	0.413269	0.420181	0.426675	0.432746	0.438387	0.443593	0.448357	0.452675	0.456543	0.459956	0.462911	0.465405	0.467434	0.468996	0.47009	0.470715	0.470868	0.470549	0.469759	0.468498	0.466767	0.464566	0.461898	0.458765	0.455169	0.451113	0.446601	0.441638	0.436226	0.430372	0.424081	0.417358	0.410209	0.402642	0.394663	0.386279	0.377499	0.368331	0.358785	0.348868	0.33859	0.327962	0.316995	0.305698	0.294083	0.282161	0.269945	0.257447	0.244678	0.231654	0.218385	0.204887	0.191173	0.177258	0.163155	0.148879	0.134445	0.119869	0.105166	0.0903508	0.0754397	0.0604484	0.0453927	0.0302886	0.0151524	0	
0	0.0149808	0.0299468	0.0448831	0.059775	0.0746078	0.0893668	0.104037	0.118605	0.133056	0.147374	0.161547	0.175561	0.1894	0.203053	0.216504	0.229742	0.242752	0.255522	0.268039	0.280291	0.292266	0.303952	0.315336	0.326409	0.337158	0.347574	0.357645	0.367362	0.376715	0.385695	0.394293	0.4025	0.410307	0.417708	0.424694	0.431258	0.437394	0.443096	0.448357	0.453173	0.457537	0.461447	0.464896	0.467883	0.470403	0.472454	0.474034	0.475139	0.47577	0.475925	0.475603	0.474805	0.47353	0.47178	0.469556	0.466859	0.463692	0.460057	0.455958	0.451398	0.446381	0.440912	0.434995	0.428636	0.42184	0.414615	0.406966	0.398901	0.390428	0.381554	0.372288	0.362638	0.352615	0.342227	0.331485	0.320399	0.308981	0.297241	0.285192	0.272844	0.260212	0.247307	0.234142	0.220731	0.207088	0.193227	0.179162	0.164907	0.150478	0.135889	0.121157	0.106295	0.0913213	0.07625	0.0610976	0.0458802	0.030614	0.0153151	0	
0	0.0151251	0.0302352	0.0453154	0.0603507	0.0753264	0.0902275	0.105039	0.119747	0.134337	0.148794	0.163103	0.177252	0.191225	0.205008	0.21859	0.231954	0.24509	0.257983	0.270621	0.282991	0.295081	0.306879	0.318373	0.329553	0.340405	0.350921	0.36109	0.3709	0.380344	0.38941	0.39809	0.406376	0.414259	0.421731	0.428784	0.435412	0.441607	0.447363	0.452675	0.457537	0.461944	0.465891	0.469374	0.47239	0.474934	0.477005	0.478599	0.479716	0.480353	0.480509	0.480184	0.479378	0.478091	0.476324	0.474078	0.471356	0.468158	0.464488	0.46035	0.455746	0.45068	0.445158	0.439185	0.432764	0.425903	0.418608	0.410886	0.402744	0.394188	0.385229	0.375873	0.366131	0.356011	0.345523	0.334678	0.323485	0.311957	0.300104	0.287939	0.275472	0.262718	0.249689	0.236397	0.222857	0.209083	0.195088	0.180887	0.166495	0.151927	0.137198	0.122324	0.107319	0.0922009	0.0769844	0.0616861	0.0463221	0.0309088	0.0154627	0	
0	0.0152543	0.0304936	0.0457026	0.0608664	0.07597	0.0909984	0.105937	0.120771	0.135485	0.150065	0.164497	0.178766	0.192858	0.20676	0.220457	0.233936	0.247184	0.260187	0.272933	0.285409	0.297602	0.309501	0.321094	0.332368	0.343314	0.35392	0.364175	0.37407	0.383593	0.392737	0.401492	0.409848	0.417798	0.425334	0.432448	0.439132	0.44538	0.451186	0.456543	0.461447	0.465891	0.469872	0.473385	0.476426	0.478992	0.48108	0.482689	0.483815	0.484457	0.484615	0.484287	0.483474	0.482176	0.480394	0.478129	0.475383	0.472158	0.468457	0.464283	0.45964	0.454531	0.448962	0.442937	0.436462	0.429543	0.422185	0.414397	0.406185	0.397557	0.38852	0.379085	0.369259	0.359053	0.348475	0.337537	0.326249	0.314623	0.302668	0.290399	0.277826	0.264963	0.251822	0.238417	0.224761	0.210869	0.196755	0.182433	0.167918	0.153225	0.138371	0.123369	0.108236	0.0929887	0.0776423	0.0622132	0.046718	0.031173	0.0155948	0	
0	0.0153684	0.0307215	0.0460443	0.0613214	0.0765379	0.0916787	0.106729	0.121673	0.136498	0.151187	0.165727	0.180103	0.1943	0.208306	0.222105	0.235685	0.249032	0.262132	0.274973	0.287543	0.299827	0.311815	0.323494	0.334853	0.345881	0.356566	0.366898	0.376866	0.386461	0.395673	0.404493	0.412912	0.420922	0.428514	0.435681	0.442415	0.44871	0.454559	0.459956	0.464896	0.469374	0.473385	0.476924	0.479988	0.482573	0.484677	0.486297	0.487432	0.488079	0.488238	0.487908	0.487089	0.485781	0.483986	0.481704	0.478937	0.475688	0.471959	0.467754	0.463076	0.45793	0.452319	0.446249	0.439725	0.432754	0.425342	0.417495	0.409222	0.400529	0.391425	0.381919	0.37202	0.361737	0.351081	0.340061	0.328689	0.316975	0.304931	0.29257	0.279903	0.266944	0.253705	0.2402	0.226442	0.212446	0.198226	0.183797	0.169173	0.154371	0.139405	0.124291	0.109046	0.093684	0.0782228	0.0626784	0.0470673	0.031406	0.0157114	0	
