0	0	0	0	0	0	0	0	0	0	0	0	0	0	0	0	0	0	0	0	0	0	0	0	0	0	0	0	0	0	0	0	0	0	0	0	0	0	0	0	0	0	0	0	0	0	0	0	0	0	0	0	0	0	0	0	0	0	0	0	0	0	0	0	0	0	0	0	0	0	0	0	0	0	0	0	0	0	0	0	0	0	0	0	0	0	0	0	0	0	0	0	0	0	0	0	0	0	0	0	
0	0.000467569	0.000934674	0.00140085	0.00186564	0.00232859	0.00278923	0.00324711	0.00370177	0.00415278	0.00459967	0.00504201	0.00547936	0.00591129	0.00633737	0.00675718	0.0071703	0.00757633	0.00797485	0.00836548	0.00874783	0.00912151	0.00948617	0.00984143	0.0101869	0.0105224	0.0108473	0.0111616	0.0114648	0.0117566	0.0120367	0.0123049	0.0125609	0.0128044	0.0130352	0.0132531	0.0134578	0.0136491	0.0138269	0.0139909	0.0141409	0.0142769	0.0143987	0.0145061	0.014599	0.0146774	0.0147411	0.01479	0.0148242	0.0148436	0.0148481	0.0148377	0.0148124	0.0147722	0.0147172	0.0146474	0.0145628	0.0144636	0.0143498	0.0142214	0.0140787	0.0139218	0.0137507	0.0135656	0.0133668	0.0131544	0.0129286	0.0126895	0.0124376	0.0121728	0.0118957	0.0116063	0.0113049	0.010992	0.0106677	0.0103324	0.00998644	0.00963012	0.00926383	0.00888791	0.00850276	0.00810875	0.00770629	0.00729578	0.00687765	0.00645233	0.00602024	0.00558183	0.00513757	0.00468791	0.00423332	0.00377427	0.00331124	0.00284472	0.0023752	0.00190318	0.00142914	0.000953601	0.000477052	0	
0	0.000934674	0.00186842	0.00280031	0.00372944	0.00465487	0.00557569	0.00649099	0.00739987	0.00830143	0.00919477	0.010079	0.0109533	0.0118167	0.0126685	0.0135077	0.0143335	0.0151451	0.0159418	0.0167227	0.017487	0.018234	0.0189629	0.0196731	0.0203638	0.0210343	0.0216839	0.0223121	0.0229181	0.0235015	0.0240615	0.0245976	0.0251094	0.0255962	0.0260576	0.0264931	0.0269023	0.0272847	0.02764	0.0279678	0.0282678	0.0285396	0.028783	0.0289977	0.0291835	0.0293402	0.0294675	0.0295654	0.0296337	0.0296724	0.0296814	0.0296606	0.02961	0.0295298	0.0294198	0.0292803	0.0291112	0.0289128	0.0286853	0.0284288	0.0281435	0.0278297	0.0274877	0.0271178	0.0267204	0.0262957	0.0258443	0.0253665	0.0248628	0.0243336	0.0237795	0.023201	0.0225987	0.0219731	0.0213248	0.0206546	0.019963	0.0192507	0.0185185	0.017767	0.0169971	0.0162095	0.0154049	0.0145843	0.0137485	0.0128983	0.0120345	0.0111581	0.0102701	0.00937117	0.00846243	0.00754479	0.00661919	0.00568662	0.00474805	0.00380447	0.00285687	0.00190626	0.000953632	0	
0	0.00140085	0.00280031	0.004197	0.00558953	0.00697653	0.00835662	0.00972845	0.0110906	0.0124419	0.0137808	0.015106	0.0164164	0.0177104	0.018987	0.0202448	0.0214825	0.0226989	0.0238929	0.0250633	0.0262088	0.0273284	0.0284209	0.0294853	0.0305204	0.0315253	0.032499	0.0334405	0.0343488	0.0352231	0.0360624	0.036866	0.0376329	0.0383625	0.0390541	0.0397068	0.0403201	0.0408933	0.0414258	0.0419171	0.0423667	0.0427741	0.0431389	0.0434607	0.0437391	0.0439739	0.0441648	0.0443115	0.0444139	0.0444719	0.0444853	0.0444542	0.0443784	0.0442581	0.0440933	0.0438841	0.0436308	0.0433335	0.0429924	0.0426079	0.0421804	0.0417101	0.0411975	0.0406432	0.0400475	0.039411	0.0387345	0.0380183	0.0372634	0.0364703	0.0356398	0.0347728	0.03387	0.0329324	0.0319608	0.0309563	0.0299197	0.0288522	0.0277548	0.0266285	0.0254746	0.0242941	0.0230883	0.0218584	0.0206057	0.0193314	0.0180369	0.0167234	0.0153924	0.0140452	0.0126832	0.0113078	0.00992059	0.00852289	0.0071162	0.00570199	0.00428177	0.00285703	0.00142927	0	
0	0.00186564	0.00372944	0.00558953	0.0074441	0.00929129	0.0111293	0.0129563	0.0147704	0.01657	0.0183531	0.0201181	0.0218632	0.0235866	0.0252867	0.0269618	0.0286102	0.0302303	0.0318204	0.0333791	0.0349047	0.0363957	0.0378507	0.0392682	0.0406469	0.0419852	0.0432819	0.0445358	0.0457455	0.0469098	0.0480276	0.0490978	0.0501192	0.0510909	0.0520119	0.0528812	0.053698	0.0544613	0.0551706	0.0558249	0.0564237	0.0569662	0.0574521	0.0578806	0.0582514	0.0585641	0.0588183	0.0590137	0.0591501	0.0592273	0.0592452	0.0592037	0.0591028	0.0589426	0.0587231	0.0584445	0.0581071	0.0577112	0.057257	0.0567449	0.0561755	0.0555492	0.0548666	0.0541283	0.0533349	0.0524873	0.0515863	0.0506325	0.0496271	0.0485709	0.0474649	0.0463102	0.0451079	0.0438591	0.0425652	0.0412274	0.0398469	0.0384252	0.0369636	0.0354637	0.0339269	0.0323547	0.0307489	0.0291109	0.0274425	0.0257454	0.0240214	0.0222721	0.0204994	0.0187052	0.0168914	0.0150597	0.0132122	0.0113507	0.0094773	0.00759387	0.00570243	0.00380497	0.00190349	0	
0	0.00232859	0.00465487	0.00697653	0.00929129	0.0115968	0.0138909	0.0161713	0.0184356	0.0206817	0.0229073	0.0251103	0.0272884	0.0294395	0.0315614	0.0336522	0.0357096	0.0377317	0.0397164	0.0416618	0.043566	0.045427	0.0472431	0.0490124	0.0507331	0.0524035	0.054022	0.055587	0.0570969	0.0585501	0.0599453	0.061281	0.0625559	0.0637688	0.0649183	0.0660033	0.0670227	0.0679755	0.0688607	0.0696774	0.0704248	0.071102	0.0717083	0.0722432	0.0727061	0.0730964	0.0734136	0.0736575	0.0738278	0.0739241	0.0739465	0.0738947	0.0737687	0.0735687	0.0732948	0.0729471	0.072526	0.0720318	0.0714649	0.0708258	0.070115	0.0693333	0.0684813	0.0675598	0.0665696	0.0655117	0.064387	0.0631966	0.0619417	0.0606234	0.0592429	0.0578017	0.056301	0.0547425	0.0531275	0.0514576	0.0497346	0.0479601	0.0461358	0.0442637	0.0423456	0.0403833	0.038379	0.0363346	0.0342522	0.032134	0.0299821	0.0277987	0.0255862	0.0233468	0.0210828	0.0187967	0.0164907	0.0141673	0.011829	0.00947824	0.00711745	0.00474914	0.00237582	0	
0	0.00278923	0.00557569	0.00835662	0.0111293	0.0138909	0.0166388	0.0193703	0.0220825	0.0247729	0.0274388	0.0300776	0.0326865	0.0352632	0.0378049	0.0403092	0.0427737	0.0451957	0.0475731	0.0499034	0.0521842	0.0544134	0.0565887	0.058708	0.0607691	0.0627699	0.0647086	0.0665832	0.0683918	0.0701325	0.0718037	0.0734036	0.0749307	0.0763835	0.0777604	0.07906	0.0802811	0.0814224	0.0824827	0.083461	0.0843562	0.0851673	0.0858937	0.0865344	0.0870888	0.0875562	0.0879363	0.0882284	0.0884324	0.0885478	0.0885745	0.0885125	0.0883616	0.0881221	0.0877939	0.0873775	0.0868731	0.0862811	0.085602	0.0848365	0.0839852	0.0830488	0.0820282	0.0809244	0.0797384	0.0784712	0.077124	0.0756982	0.074195	0.0726159	0.0709623	0.069236	0.0674385	0.0655716	0.0636371	0.061637	0.0595731	0.0574475	0.0552624	0.05302	0.0507224	0.0483719	0.0459711	0.0435223	0.041028	0.0384907	0.0359131	0.0332979	0.0306477	0.0279653	0.0252534	0.022515	0.0197529	0.0169699	0.014169	0.0113532	0.00852542	0.00568862	0.00284581	0	
0	0.00324711	0.00649099	0.00972845	0.0129563	0.0161713	0.0193703	0.0225501	0.0257076	0.0288396	0.0319432	0.0350151	0.0380524	0.041052	0.044011	0.0469264	0.0497954	0.0526151	0.0553827	0.0580955	0.0607508	0.0633459	0.0658783	0.0683455	0.0707449	0.0730743	0.0753312	0.0775135	0.079619	0.0816455	0.083591	0.0854536	0.0872314	0.0889226	0.0905255	0.0920385	0.0934601	0.0947887	0.0960231	0.0971619	0.0982041	0.0991484	0.099994	0.10074	0.101385	0.10193	0.102372	0.102712	0.102949	0.103084	0.103115	0.103043	0.102867	0.102588	0.102206	0.101721	0.101134	0.100445	0.0996545	0.0987633	0.0977722	0.0966821	0.095494	0.094209	0.0928283	0.091353	0.0897847	0.0881248	0.0863749	0.0845365	0.0826115	0.0806018	0.0785092	0.0763359	0.0740838	0.0717553	0.0693526	0.0668782	0.0643343	0.0617237	0.059049	0.0563127	0.0535177	0.0506669	0.0477631	0.0448094	0.0418087	0.0387641	0.0356788	0.0325561	0.0293991	0.0262111	0.0229955	0.0197557	0.016495	0.013217	0.00992496	0.00662247	0.00331298	0	
0	0.00370177	0.00739987	0.0110906	0.0147704	0.0184356	0.0220825	0.0257076	0.0293072	0.0328778	0.0364159	0.039918	0.0433805	0.0468001	0.0501735	0.0534971	0.0567678	0.0599823	0.0631375	0.0662301	0.0692572	0.0722157	0.0751027	0.0779153	0.0806508	0.0833063	0.0858793	0.0883671	0.0907674	0.0930776	0.0952956	0.097419	0.0994457	0.101374	0.103201	0.104926	0.106547	0.108061	0.109468	0.110767	0.111955	0.113031	0.113995	0.114846	0.115581	0.116202	0.116706	0.117094	0.117365	0.117518	0.117553	0.117471	0.117271	0.116953	0.116517	0.115965	0.115295	0.11451	0.113608	0.112592	0.111462	0.11022	0.108865	0.1074	0.105826	0.104145	0.102357	0.100464	0.0984693	0.0963735	0.094179	0.0918879	0.0895023	0.0870246	0.0844572	0.0818027	0.0790636	0.0762426	0.0733426	0.0703664	0.0673171	0.0641977	0.0610114	0.0577614	0.054451	0.0510837	0.0476628	0.0441919	0.0406747	0.0371146	0.0335156	0.0298812	0.0262154	0.0225219	0.0188047	0.0150676	0.0113147	0.00754976	0.00377687	0	
0	0.00415278	0.00830143	0.0124419	0.01657	0.0206817	0.0247729	0.0288396	0.0328778	0.0368835	0.0408526	0.0447813	0.0486658	0.052502	0.0562863	0.0600149	0.0636841	0.0672903	0.0708298	0.0742993	0.0776951	0.0810141	0.0842528	0.0874081	0.0904768	0.0934559	0.0963423	0.0991333	0.101826	0.104418	0.106906	0.109288	0.111562	0.113725	0.115775	0.11771	0.119528	0.121227	0.122805	0.124262	0.125595	0.126803	0.127884	0.128838	0.129663	0.130359	0.130925	0.13136	0.131664	0.131836	0.131875	0.131783	0.131558	0.131202	0.130713	0.130093	0.129342	0.128461	0.12745	0.12631	0.125042	0.123648	0.122129	0.120485	0.11872	0.116833	0.114827	0.112704	0.110466	0.108115	0.105653	0.103083	0.100407	0.0976272	0.0947471	0.0917691	0.0886963	0.0855316	0.0822783	0.0789395	0.0755187	0.0720193	0.0684447	0.0647988	0.0610851	0.0573075	0.0534698	0.0495761	0.0456303	0.0416365	0.0375989	0.0335218	0.0294094	0.0252659	0.0210958	0.0169034	0.0126932	0.00846959	0.00423703	0	
0	0.00459967	0.00919477	0.0137808	0.0183531	0.0229073	0.0274388	0.0319432	0.0364159	0.0408526	0.0452489	0.0496004	0.0539028	0.0581519	0.0623435	0.0664733	0.0705374	0.0745316	0.0784521	0.0822949	0.0860562	0.0897323	0.0933196	0.0968144	0.100213	0.103513	0.10671	0.109801	0.112784	0.115654	0.11841	0.121049	0.123567	0.125963	0.128233	0.130377	0.13239	0.134272	0.136021	0.137634	0.13911	0.140448	0.141646	0.142703	0.143617	0.144388	0.145014	0.145496	0.145833	0.146023	0.146067	0.145965	0.145716	0.145321	0.14478	0.144093	0.143261	0.142285	0.141165	0.139903	0.138499	0.136955	0.135272	0.133451	0.131495	0.129406	0.127184	0.124833	0.122354	0.11975	0.117023	0.114176	0.111212	0.108133	0.104943	0.101645	0.0982412	0.094736	0.0911325	0.0874345	0.0836456	0.0797695	0.0758104	0.071772	0.0676587	0.0634745	0.0592239	0.0549111	0.0505407	0.0461172	0.0416451	0.0371292	0.0325742	0.0279849	0.023366	0.0187225	0.0140592	0.00938103	0.00469299	0	
0	0.00504201	0.010079	0.015106	0.0201181	0.0251103	0.0300776	0.0350151	0.039918	0.0447813	0.0496004	0.0543704	0.0590866	0.0637443	0.0683389	0.0728659	0.0773208	0.0816992	0.0859967	0.090209	0.0943321	0.0983617	0.102294	0.106125	0.109851	0.113468	0.116972	0.120361	0.12363	0.126777	0.129798	0.13269	0.13545	0.138076	0.140565	0.142915	0.145122	0.147185	0.149102	0.15087	0.152489	0.153955	0.155268	0.156426	0.157428	0.158273	0.15896	0.159488	0.159857	0.160066	0.160114	0.160002	0.159729	0.159296	0.158703	0.15795	0.157038	0.155968	0.154741	0.153357	0.151818	0.150125	0.148281	0.146285	0.144141	0.141851	0.139415	0.136838	0.134121	0.131266	0.128277	0.125156	0.121907	0.118532	0.115035	0.11142	0.107689	0.103847	0.0998967	0.095843	0.0916897	0.0874409	0.0831009	0.0786743	0.0741653	0.0695788	0.0649194	0.0601919	0.0554011	0.0505522	0.0456501	0.0406999	0.0357068	0.0306761	0.0256131	0.020523	0.0154112	0.0102832	0.00514431	0	
0	0.00547936	0.0109533	0.0164164	0.0218632	0.0272884	0.0326865	0.0380524	0.0433805	0.0486658	0.0539028	0.0590866	0.0642118	0.0692736	0.0742668	0.0791864	0.0840278	0.0887859	0.0934562	0.0980339	0.102515	0.106894	0.111167	0.11533	0.119379	0.12331	0.127119	0.130801	0.134354	0.137774	0.141057	0.1442	0.1472	0.150054	0.152758	0.155312	0.15771	0.159952	0.162035	0.163957	0.165716	0.167309	0.168736	0.169995	0.171084	0.172002	0.172749	0.173323	0.173723	0.17395	0.174003	0.173881	0.173584	0.173114	0.172469	0.171651	0.17066	0.169497	0.168163	0.166659	0.164987	0.163148	0.161143	0.158974	0.156644	0.154155	0.151508	0.148707	0.145754	0.142652	0.139404	0.136013	0.132482	0.128814	0.125014	0.121085	0.11703	0.112855	0.108562	0.104157	0.099643	0.0950257	0.0903093	0.0854986	0.0805986	0.0756142	0.0705506	0.0654131	0.0602068	0.0549372	0.0496099	0.0442303	0.0388041	0.0333371	0.0278348	0.0223032	0.016748	0.0111752	0.00559054	0	
0	0.00591129	0.0118167	0.0177104	0.0235866	0.0294395	0.0352632	0.041052	0.0468001	0.052502	0.0581519	0.0637443	0.0692736	0.0747343	0.0801211	0.0854286	0.0906516	0.0957848	0.100823	0.105762	0.110596	0.11532	0.11993	0.124422	0.12879	0.13303	0.137139	0.141112	0.144945	0.148634	0.152176	0.155567	0.158803	0.161882	0.1648	0.167555	0.170142	0.172561	0.174808	0.176882	0.178779	0.180498	0.182037	0.183395	0.18457	0.185561	0.186366	0.186986	0.187418	0.187662	0.187719	0.187588	0.187268	0.18676	0.186065	0.185182	0.184113	0.182859	0.181419	0.179797	0.177993	0.176008	0.173845	0.171506	0.168992	0.166307	0.163452	0.16043	0.157244	0.153897	0.150393	0.146734	0.142925	0.138968	0.134869	0.13063	0.126255	0.121751	0.11712	0.112367	0.107498	0.102517	0.0974283	0.0922384	0.0869521	0.0815749	0.0761121	0.0705695	0.0649528	0.0592679	0.0535206	0.047717	0.041863	0.035965	0.030029	0.0240613	0.0180683	0.0120561	0.00603124	0	
0	0.00633737	0.0126685	0.018987	0.0252867	0.0315614	0.0378049	0.044011	0.0501735	0.0562863	0.0623435	0.0683389	0.0742668	0.0801211	0.0858962	0.0915862	0.0971856	0.102689	0.10809	0.113385	0.118567	0.123632	0.128575	0.13339	0.138073	0.142619	0.147024	0.151283	0.155392	0.159348	0.163145	0.16678	0.17025	0.17355	0.176679	0.179632	0.182406	0.184999	0.187408	0.189631	0.191665	0.193508	0.195159	0.196614	0.197874	0.198936	0.1998	0.200463	0.200927	0.201189	0.20125	0.201109	0.200766	0.200222	0.199476	0.19853	0.197384	0.196039	0.194496	0.192757	0.190822	0.188695	0.186376	0.183868	0.181173	0.178294	0.175233	0.171994	0.168578	0.16499	0.161233	0.157311	0.153227	0.148985	0.14459	0.140045	0.135356	0.130526	0.125562	0.120467	0.115246	0.109906	0.104451	0.098887	0.0932196	0.0874547	0.0815982	0.0756561	0.0696346	0.0635399	0.0573783	0.0511564	0.0448805	0.0385573	0.0321935	0.0257957	0.0193706	0.0129251	0.00646597	0	
0	0.00675718	0.0135077	0.0202448	0.0269618	0.0336522	0.0403092	0.0469264	0.0534971	0.0600149	0.0664733	0.0728659	0.0791864	0.0854286	0.0915862	0.0976532	0.103624	0.109491	0.115251	0.120896	0.126422	0.131822	0.137092	0.142226	0.147219	0.152067	0.156763	0.161305	0.165686	0.169903	0.173952	0.177828	0.181528	0.185047	0.188383	0.191531	0.194489	0.197254	0.199823	0.202193	0.204362	0.206327	0.208087	0.209639	0.210982	0.212114	0.213035	0.213743	0.214237	0.214517	0.214581	0.214431	0.214066	0.213485	0.21269	0.211681	0.210459	0.209025	0.20738	0.205526	0.203463	0.201195	0.198722	0.196048	0.193175	0.190105	0.186841	0.183387	0.179745	0.17592	0.171914	0.167732	0.163377	0.158854	0.154168	0.149322	0.144322	0.139173	0.133879	0.128447	0.122881	0.117186	0.11137	0.105438	0.0993949	0.0932481	0.0870036	0.0806679	0.0742475	0.067749	0.0611793	0.0545452	0.0478536	0.0411115	0.0343261	0.0275045	0.0206538	0.0137813	0.0068943	0	
0	0.0071703	0.0143335	0.0214825	0.0286102	0.0357096	0.0427737	0.0497954	0.0567678	0.0636841	0.0705374	0.0773208	0.0840278	0.0906516	0.0971856	0.103624	0.109959	0.116185	0.122297	0.128287	0.134151	0.139881	0.145474	0.150922	0.15622	0.161364	0.166348	0.171167	0.175816	0.180291	0.184587	0.1887	0.192626	0.19636	0.1999	0.203241	0.20638	0.209314	0.21204	0.214555	0.216856	0.218941	0.220809	0.222456	0.223881	0.225083	0.22606	0.226811	0.227335	0.227632	0.2277	0.227541	0.227153	0.226537	0.225694	0.224623	0.223327	0.221805	0.220059	0.218091	0.215903	0.213496	0.210872	0.208034	0.204985	0.201728	0.198265	0.194599	0.190735	0.186675	0.182425	0.177987	0.173366	0.168567	0.163594	0.158452	0.153146	0.147682	0.142065	0.1363	0.130393	0.124351	0.118179	0.111884	0.105472	0.0989492	0.0923229	0.0855998	0.0787869	0.0718911	0.0649197	0.05788	0.0507793	0.043625	0.0364248	0.0291861	0.0219166	0.0146239	0.00731581	0	
0	0.00757633	0.0151451	0.0226989	0.0302303	0.0377317	0.0451957	0.0526151	0.0599823	0.0672903	0.0745316	0.0816992	0.0887859	0.0957848	0.102689	0.109491	0.116185	0.122765	0.129222	0.135552	0.141747	0.147802	0.153711	0.159468	0.165066	0.170501	0.175767	0.180859	0.185772	0.1905	0.19504	0.199385	0.203534	0.20748	0.21122	0.21475	0.218067	0.221167	0.224047	0.226704	0.229136	0.231339	0.233312	0.235053	0.236558	0.237828	0.238861	0.239654	0.240208	0.240522	0.240594	0.240426	0.240016	0.239365	0.238474	0.237343	0.235973	0.234365	0.23252	0.230441	0.228128	0.225585	0.222813	0.219815	0.216593	0.213151	0.209492	0.205619	0.201535	0.197246	0.192755	0.188065	0.183183	0.178112	0.172857	0.167424	0.161818	0.156045	0.150109	0.144018	0.137777	0.131393	0.124871	0.11822	0.111444	0.104552	0.0975508	0.0904471	0.0832483	0.0759621	0.0685959	0.0611576	0.0536548	0.0460954	0.0384874	0.0308388	0.0231576	0.015452	0.00773008	0	
0	0.00797485	0.0159418	0.0238929	0.0318204	0.0397164	0.0475731	0.0553827	0.0631375	0.0708298	0.0784521	0.0859967	0.0934562	0.100823	0.10809	0.115251	0.122297	0.129222	0.136019	0.142682	0.149203	0.155577	0.161797	0.167856	0.173749	0.17947	0.185013	0.190373	0.195544	0.200521	0.205299	0.209873	0.21424	0.218393	0.22233	0.226046	0.229537	0.232801	0.235832	0.238629	0.241189	0.243508	0.245585	0.247417	0.249002	0.250338	0.251425	0.25226	0.252843	0.253173	0.25325	0.253073	0.252641	0.251956	0.251018	0.249828	0.248385	0.246693	0.244751	0.242562	0.240128	0.237451	0.234533	0.231377	0.227986	0.224363	0.220511	0.216434	0.212137	0.207622	0.202894	0.197958	0.192819	0.187481	0.18195	0.176231	0.17033	0.164253	0.158005	0.151594	0.145024	0.138304	0.13144	0.124438	0.117306	0.110052	0.102682	0.0952048	0.0876273	0.0799578	0.0722042	0.0643746	0.0564771	0.0485201	0.0405119	0.032461	0.0243758	0.0162648	0.0081367	0	
0	0.00836548	0.0167227	0.0250633	0.0333791	0.0416618	0.0499034	0.0580955	0.0662301	0.0742993	0.0822949	0.090209	0.0980339	0.105762	0.113385	0.120896	0.128287	0.135552	0.142682	0.149671	0.156512	0.163198	0.169722	0.176078	0.18226	0.188261	0.194075	0.199698	0.205122	0.210343	0.215355	0.220154	0.224734	0.229091	0.233221	0.237118	0.240781	0.244204	0.247384	0.250318	0.253003	0.255436	0.257614	0.259536	0.261199	0.262601	0.263741	0.264617	0.265228	0.265575	0.265655	0.265469	0.265016	0.264298	0.263314	0.262065	0.260552	0.258776	0.25674	0.254444	0.251891	0.249082	0.246021	0.242711	0.239154	0.235353	0.231313	0.227036	0.222528	0.217792	0.212832	0.207655	0.202264	0.196664	0.190862	0.184864	0.178673	0.172299	0.165745	0.159019	0.152128	0.145079	0.137878	0.130533	0.123052	0.115443	0.107712	0.0998682	0.0919196	0.0838744	0.075741	0.0675279	0.0592435	0.0508968	0.0424963	0.034051	0.0255698	0.0170615	0.00853526	0	
0	0.00874783	0.017487	0.0262088	0.0349047	0.043566	0.0521842	0.0607508	0.0692572	0.0776951	0.0860562	0.0943321	0.102515	0.110596	0.118567	0.126422	0.134151	0.141747	0.149203	0.156512	0.163665	0.170657	0.177479	0.184126	0.19059	0.196865	0.202946	0.208825	0.214497	0.219957	0.225198	0.230216	0.235005	0.239562	0.24388	0.247956	0.251786	0.255365	0.258691	0.261759	0.264567	0.267111	0.269389	0.271398	0.273137	0.274603	0.275795	0.276711	0.277351	0.277713	0.277797	0.277602	0.277129	0.276378	0.275349	0.274043	0.272461	0.270604	0.268474	0.266073	0.263403	0.260467	0.257266	0.253804	0.250084	0.24611	0.241885	0.237413	0.232699	0.227746	0.22256	0.217146	0.211508	0.205653	0.199586	0.193313	0.18684	0.180174	0.17332	0.166287	0.159081	0.15171	0.14418	0.1365	0.128677	0.120719	0.112635	0.104433	0.0961209	0.087708	0.0792028	0.0706143	0.0619513	0.0532231	0.0444387	0.0356074	0.0267385	0.0178413	0.00892538	0	
0	0.00912151	0.018234	0.0273284	0.0363957	0.045427	0.0544134	0.0633459	0.0722157	0.0810141	0.0897323	0.0983617	0.106894	0.11532	0.123632	0.131822	0.139881	0.147802	0.155577	0.163198	0.170657	0.177947	0.185061	0.191991	0.198732	0.205275	0.211615	0.217745	0.22366	0.229353	0.234818	0.24005	0.245044	0.249795	0.254298	0.258548	0.262542	0.266274	0.269742	0.272941	0.275868	0.278521	0.280896	0.282992	0.284805	0.286334	0.287576	0.288532	0.289199	0.289576	0.289664	0.289461	0.288968	0.288184	0.287111	0.285749	0.2841	0.282164	0.279943	0.27744	0.274656	0.271593	0.268256	0.264646	0.260767	0.256623	0.252218	0.247555	0.242639	0.237475	0.232067	0.226422	0.220544	0.214438	0.208112	0.201571	0.194821	0.18787	0.180724	0.173391	0.165877	0.15819	0.150339	0.142331	0.134174	0.125876	0.117447	0.108894	0.100227	0.0914547	0.0825863	0.0736308	0.0645978	0.0554967	0.046337	0.0371284	0.0278807	0.0186035	0.00930666	0	
0	0.00948617	0.0189629	0.0284209	0.0378507	0.0472431	0.0565887	0.0658783	0.0751027	0.0842528	0.0933196	0.102294	0.111167	0.11993	0.128575	0.137092	0.145474	0.153711	0.161797	0.169722	0.177479	0.185061	0.192459	0.199666	0.206676	0.213481	0.220075	0.22645	0.232601	0.238522	0.244205	0.249647	0.254841	0.259781	0.264464	0.268884	0.273037	0.276919	0.280525	0.283852	0.286897	0.289656	0.292126	0.294305	0.296191	0.297781	0.299073	0.300067	0.30076	0.301153	0.301244	0.301033	0.30052	0.299705	0.298589	0.297173	0.295457	0.293444	0.291135	0.288531	0.285636	0.282451	0.27898	0.275226	0.271192	0.266883	0.262301	0.257452	0.252339	0.246969	0.241345	0.235474	0.22936	0.223011	0.216432	0.209629	0.20261	0.195381	0.187949	0.180323	0.172508	0.164515	0.156349	0.148021	0.139538	0.130908	0.122142	0.113247	0.104234	0.0951109	0.0858879	0.0765744	0.0671803	0.0577153	0.0481895	0.0386128	0.0289953	0.0193472	0.00967872	0	
0	0.00984143	0.0196731	0.0294853	0.0392682	0.0490124	0.058708	0.0683455	0.0779153	0.0874081	0.0968144	0.106125	0.11533	0.124422	0.13339	0.142226	0.150922	0.159468	0.167856	0.176078	0.184126	0.191991	0.199666	0.207144	0.214416	0.221476	0.228317	0.234931	0.241312	0.247454	0.253351	0.258996	0.264384	0.26951	0.274369	0.278954	0.283263	0.28729	0.291031	0.294483	0.297641	0.300503	0.303066	0.305327	0.307283	0.308933	0.310273	0.311304	0.312024	0.312431	0.312526	0.312307	0.311774	0.310929	0.309772	0.308302	0.306522	0.304434	0.302038	0.299337	0.296333	0.293029	0.289428	0.285533	0.281349	0.276877	0.272124	0.267093	0.261789	0.256218	0.250383	0.244292	0.23795	0.231363	0.224537	0.21748	0.210198	0.202698	0.194988	0.187076	0.178969	0.170676	0.162205	0.153564	0.144763	0.135811	0.126716	0.117489	0.108138	0.0986729	0.0891045	0.0794422	0.0696962	0.0598768	0.0499942	0.0400588	0.0300812	0.0200718	0.0100412	0	
0	0.0101869	0.0203638	0.0305204	0.0406469	0.0507331	0.0607691	0.0707449	0.0806508	0.0904768	0.100213	0.109851	0.119379	0.12879	0.138073	0.147219	0.15622	0.165066	0.173749	0.18226	0.19059	0.198732	0.206676	0.214416	0.221944	0.229252	0.236333	0.243179	0.249784	0.256142	0.262246	0.268089	0.273666	0.278972	0.284001	0.288748	0.293207	0.297376	0.301248	0.304821	0.308091	0.311053	0.313706	0.316046	0.318071	0.319779	0.321167	0.322234	0.322978	0.3234	0.323498	0.323271	0.32272	0.321845	0.320647	0.319126	0.317284	0.315122	0.312642	0.309846	0.306736	0.303317	0.299589	0.295558	0.291226	0.286598	0.281678	0.27647	0.27098	0.265213	0.259174	0.252869	0.246304	0.239486	0.23242	0.225115	0.217577	0.209814	0.201834	0.193644	0.185252	0.176668	0.167899	0.158956	0.149846	0.140579	0.131165	0.121613	0.111934	0.102137	0.0922328	0.0822313	0.0721432	0.061979	0.0517494	0.0414652	0.0311373	0.0207765	0.0103937	0	
0	0.0105224	0.0210343	0.0315253	0.0419852	0.0524035	0.0627699	0.0730743	0.0833063	0.0934559	0.103513	0.113468	0.12331	0.13303	0.142619	0.152067	0.161364	0.170501	0.17947	0.188261	0.196865	0.205275	0.213481	0.221476	0.229252	0.2368	0.244114	0.251186	0.258009	0.264576	0.27088	0.276916	0.282677	0.288158	0.293352	0.298255	0.302862	0.307167	0.311167	0.314858	0.318235	0.321295	0.324036	0.326453	0.328544	0.330308	0.331741	0.332844	0.333613	0.334048	0.334149	0.333915	0.333346	0.332443	0.331205	0.329634	0.327731	0.325498	0.322936	0.320048	0.316836	0.313304	0.309454	0.30529	0.300815	0.296035	0.290953	0.285574	0.279903	0.273946	0.267708	0.261195	0.254414	0.247371	0.240073	0.232528	0.224742	0.216723	0.20848	0.20002	0.191352	0.182485	0.173428	0.16419	0.15478	0.145208	0.135484	0.125618	0.11562	0.1055	0.0952697	0.0849389	0.0745186	0.0640198	0.0534534	0.0428306	0.0321626	0.0214606	0.010736	0	
0	0.0108473	0.0216839	0.032499	0.0432819	0.054022	0.0647086	0.0753312	0.0858793	0.0963423	0.10671	0.116972	0.127119	0.137139	0.147024	0.156763	0.166348	0.175767	0.185013	0.194075	0.202946	0.211615	0.220075	0.228317	0.236333	0.244114	0.251654	0.258944	0.265978	0.272747	0.279247	0.285469	0.291408	0.297058	0.302413	0.307467	0.312216	0.316654	0.320778	0.324583	0.328064	0.331219	0.334044	0.336535	0.338692	0.34051	0.341988	0.343124	0.343917	0.344366	0.34447	0.344229	0.343642	0.34271	0.341434	0.339815	0.337853	0.335551	0.33291	0.329933	0.326622	0.322981	0.319012	0.314719	0.310106	0.305178	0.299939	0.294394	0.288548	0.282407	0.275976	0.269262	0.262272	0.255011	0.247488	0.23971	0.231683	0.223417	0.214919	0.206198	0.197262	0.188121	0.178784	0.169261	0.15956	0.149693	0.139668	0.129498	0.119191	0.108759	0.0982122	0.0875623	0.0768202	0.0659971	0.0551043	0.0441535	0.0331559	0.0221234	0.0110676	0	
0	0.0111616	0.0223121	0.0334405	0.0445358	0.055587	0.0665832	0.0775135	0.0883671	0.0991333	0.109801	0.120361	0.130801	0.141112	0.151283	0.161305	0.171167	0.180859	0.190373	0.199698	0.208825	0.217745	0.22645	0.234931	0.243179	0.251186	0.258944	0.266445	0.273683	0.280649	0.287336	0.293739	0.29985	0.305663	0.311173	0.316374	0.321261	0.325828	0.330071	0.333986	0.337568	0.340814	0.343721	0.346285	0.348503	0.350374	0.351895	0.353064	0.35388	0.354342	0.354449	0.354201	0.353597	0.352639	0.351326	0.349659	0.347641	0.345272	0.342554	0.339491	0.336084	0.332337	0.328253	0.323836	0.31909	0.314019	0.308628	0.302922	0.296907	0.290588	0.283971	0.277063	0.26987	0.262399	0.254658	0.246654	0.238395	0.229889	0.221145	0.212171	0.202977	0.193571	0.183964	0.174164	0.164183	0.154029	0.143715	0.133249	0.122644	0.111909	0.101057	0.090099	0.0790457	0.067909	0.0567007	0.0454326	0.0341165	0.0227643	0.0113882	0	
0	0.0114648	0.0229181	0.0343488	0.0457455	0.0570969	0.0683918	0.079619	0.0907674	0.101826	0.112784	0.12363	0.134354	0.144945	0.155392	0.165686	0.175816	0.185772	0.195544	0.205122	0.214497	0.22366	0.232601	0.241312	0.249784	0.258009	0.265978	0.273683	0.281117	0.288272	0.295141	0.301718	0.307995	0.313966	0.319626	0.324968	0.329987	0.334678	0.339036	0.343058	0.346737	0.350072	0.353057	0.355691	0.35797	0.359891	0.361453	0.362654	0.363492	0.363967	0.364077	0.363822	0.363202	0.362217	0.360869	0.359157	0.357083	0.35465	0.351859	0.348712	0.345213	0.341364	0.33717	0.332633	0.327757	0.322549	0.317011	0.311151	0.304972	0.298481	0.291685	0.284589	0.2772	0.269527	0.261575	0.253354	0.24487	0.236133	0.227152	0.217934	0.20849	0.198829	0.188961	0.178895	0.168642	0.158213	0.147618	0.136869	0.125975	0.114949	0.103802	0.0925464	0.0811928	0.0697536	0.0582409	0.0466667	0.0350432	0.0233827	0.0116975	0	
0	0.0117566	0.0235015	0.0352231	0.0469098	0.0585501	0.0701325	0.0816455	0.0930776	0.104418	0.115654	0.126777	0.137774	0.148634	0.159348	0.169903	0.180291	0.1905	0.200521	0.210343	0.219957	0.229353	0.238522	0.247454	0.256142	0.264576	0.272747	0.280649	0.288272	0.295609	0.302653	0.309397	0.315834	0.321957	0.327761	0.333239	0.338386	0.343197	0.347666	0.351789	0.355563	0.358982	0.362043	0.364744	0.367081	0.369051	0.370653	0.371885	0.372744	0.373231	0.373344	0.373082	0.372446	0.371437	0.370054	0.368298	0.366172	0.363677	0.360815	0.357588	0.354	0.350053	0.345752	0.341099	0.3361	0.330759	0.32508	0.31907	0.312734	0.306078	0.299109	0.291832	0.284256	0.276387	0.268233	0.259802	0.251103	0.242144	0.232933	0.223481	0.213797	0.20389	0.19377	0.183448	0.172935	0.16224	0.151376	0.140352	0.129182	0.117875	0.106445	0.094902	0.0832594	0.0715291	0.0597233	0.0478545	0.0359351	0.0239779	0.0119953	0	
0	0.0120367	0.0240615	0.0360624	0.0480276	0.0599453	0.0718037	0.083591	0.0952956	0.106906	0.11841	0.129798	0.141057	0.152176	0.163145	0.173952	0.184587	0.19504	0.205299	0.215355	0.225198	0.234818	0.244205	0.253351	0.262246	0.27088	0.279247	0.287336	0.295141	0.302653	0.309865	0.31677	0.32336	0.329629	0.335571	0.34118	0.346449	0.351375	0.35595	0.360172	0.364035	0.367536	0.370671	0.373436	0.375828	0.377845	0.379486	0.380746	0.381627	0.382125	0.38224	0.381972	0.381322	0.380288	0.378872	0.377075	0.374898	0.372343	0.369413	0.366109	0.362435	0.358395	0.353991	0.349227	0.344109	0.33864	0.332827	0.326674	0.320187	0.313372	0.306236	0.298786	0.291029	0.282973	0.274625	0.265993	0.257087	0.247914	0.238484	0.228807	0.218892	0.208749	0.198388	0.18782	0.177056	0.166106	0.154983	0.143697	0.13226	0.120684	0.108981	0.0971635	0.0852435	0.0732336	0.0611465	0.0489948	0.0367915	0.0245492	0.0122811	0	
0	0.0123049	0.0245976	0.036866	0.0490978	0.061281	0.0734036	0.0854536	0.097419	0.109288	0.121049	0.13269	0.1442	0.155567	0.16678	0.177828	0.1887	0.199385	0.209873	0.220154	0.230216	0.24005	0.249647	0.258996	0.268089	0.276916	0.285469	0.293739	0.301718	0.309397	0.31677	0.323828	0.330565	0.336974	0.343049	0.348782	0.354169	0.359204	0.363882	0.368198	0.372147	0.375726	0.37893	0.381757	0.384202	0.386265	0.387941	0.38923	0.39013	0.390639	0.390757	0.390484	0.389818	0.388762	0.387314	0.385477	0.383252	0.38064	0.377644	0.374267	0.370511	0.366381	0.361878	0.357009	0.351776	0.346186	0.340243	0.333953	0.327321	0.320355	0.31306	0.305444	0.297514	0.289278	0.280744	0.27192	0.262815	0.253438	0.243798	0.233905	0.223769	0.2134	0.202808	0.192005	0.181001	0.169808	0.158436	0.146899	0.135207	0.123373	0.111409	0.0993285	0.0871429	0.0748655	0.062509	0.0500866	0.0376113	0.0250963	0.0125548	0	
0	0.0125609	0.0251094	0.0376329	0.0501192	0.0625559	0.0749307	0.0872314	0.0994457	0.111562	0.123567	0.13545	0.1472	0.158803	0.17025	0.181528	0.192626	0.203534	0.21424	0.224734	0.235005	0.245044	0.254841	0.264384	0.273666	0.282677	0.291408	0.29985	0.307995	0.315834	0.32336	0.330565	0.337442	0.343985	0.350185	0.356038	0.361537	0.366677	0.371452	0.375858	0.379889	0.383542	0.386813	0.389699	0.392196	0.394301	0.396012	0.397328	0.398247	0.398766	0.398887	0.398608	0.397928	0.39685	0.395372	0.393497	0.391225	0.388559	0.385501	0.382054	0.37822	0.374003	0.369407	0.364436	0.359095	0.353388	0.347322	0.340901	0.334131	0.32702	0.319573	0.311799	0.303704	0.295297	0.286585	0.277578	0.268283	0.258711	0.24887	0.238772	0.228425	0.21784	0.207028	0.196	0.184767	0.17334	0.161733	0.149955	0.13802	0.12594	0.113727	0.101395	0.0889559	0.076423	0.0638095	0.0511286	0.0383938	0.0256184	0.012816	0	
0	0.0128044	0.0255962	0.0383625	0.0510909	0.0637688	0.0763835	0.0889226	0.101374	0.113725	0.125963	0.138076	0.150054	0.161882	0.17355	0.185047	0.19636	0.20748	0.218393	0.229091	0.239562	0.249795	0.259781	0.26951	0.278972	0.288158	0.297058	0.305663	0.313966	0.321957	0.329629	0.336974	0.343985	0.350654	0.356975	0.362941	0.368547	0.373786	0.378654	0.383145	0.387255	0.390979	0.394313	0.397254	0.399799	0.401946	0.40369	0.405032	0.405968	0.406498	0.406621	0.406336	0.405643	0.404544	0.403037	0.401126	0.39881	0.396093	0.392975	0.389461	0.385553	0.381254	0.376569	0.371502	0.366057	0.36024	0.354056	0.34751	0.340609	0.33336	0.325769	0.317844	0.309592	0.301022	0.292141	0.282959	0.273485	0.263727	0.253696	0.243401	0.232853	0.222063	0.211042	0.1998	0.188349	0.176701	0.164868	0.152862	0.140696	0.128382	0.115932	0.103361	0.0906807	0.0779047	0.0650467	0.0521199	0.0391382	0.0261151	0.0130644	0	
0	0.0130352	0.0260576	0.0390541	0.0520119	0.0649183	0.0777604	0.0905255	0.103201	0.115775	0.128233	0.140565	0.152758	0.1648	0.176679	0.188383	0.1999	0.21122	0.22233	0.233221	0.24388	0.254298	0.264464	0.274369	0.284001	0.293352	0.302413	0.311173	0.319626	0.327761	0.335571	0.343049	0.350185	0.356975	0.36341	0.369484	0.37519	0.380524	0.38548	0.390052	0.394235	0.398026	0.401421	0.404415	0.407006	0.409191	0.410967	0.412333	0.413286	0.413825	0.41395	0.413661	0.412956	0.411836	0.410303	0.408357	0.405999	0.403233	0.400059	0.396481	0.392503	0.388127	0.383357	0.378199	0.372656	0.366734	0.360438	0.353774	0.346749	0.339369	0.331642	0.323574	0.315173	0.306448	0.297408	0.28806	0.278415	0.268481	0.258269	0.247789	0.237051	0.226066	0.214846	0.203402	0.191744	0.179887	0.16784	0.155618	0.143232	0.130696	0.118022	0.105224	0.0923153	0.0793091	0.0662192	0.0530595	0.0398437	0.0265859	0.0132999	0	
0	0.0132531	0.0264931	0.0397068	0.0528812	0.0660033	0.07906	0.0920385	0.104926	0.11771	0.130377	0.142915	0.155312	0.167555	0.179632	0.191531	0.203241	0.21475	0.226046	0.237118	0.247956	0.258548	0.268884	0.278954	0.288748	0.298255	0.307467	0.316374	0.324968	0.333239	0.34118	0.348782	0.356038	0.362941	0.369484	0.375659	0.381461	0.386884	0.391922	0.396571	0.400824	0.404679	0.40813	0.411175	0.413809	0.41603	0.417836	0.419224	0.420193	0.420742	0.420869	0.420574	0.419858	0.418719	0.41716	0.415182	0.412785	0.409972	0.406746	0.403108	0.399063	0.394614	0.389765	0.38452	0.378885	0.372863	0.366462	0.359687	0.352545	0.345042	0.337185	0.328982	0.320441	0.31157	0.302379	0.292875	0.283068	0.272968	0.262586	0.25193	0.241013	0.229845	0.218437	0.206801	0.194949	0.182893	0.170646	0.158219	0.145626	0.13288	0.119995	0.106983	0.0938583	0.0806347	0.067326	0.0539463	0.0405097	0.0270302	0.0135222	0	
0	0.0134578	0.0269023	0.0403201	0.053698	0.0670227	0.0802811	0.0934601	0.106547	0.119528	0.13239	0.145122	0.15771	0.170142	0.182406	0.194489	0.20638	0.218067	0.229537	0.240781	0.251786	0.262542	0.273037	0.283263	0.293207	0.302862	0.312216	0.321261	0.329987	0.338386	0.346449	0.354169	0.361537	0.368547	0.37519	0.381461	0.387353	0.39286	0.397976	0.402696	0.407015	0.410929	0.414434	0.417525	0.4202	0.422456	0.42429	0.4257	0.426684	0.427241	0.42737	0.42707	0.426343	0.425187	0.423604	0.421594	0.419161	0.416304	0.413028	0.409334	0.405227	0.400709	0.395785	0.390459	0.384737	0.378622	0.372123	0.365243	0.35799	0.350371	0.342393	0.334063	0.325391	0.316383	0.307049	0.297398	0.28744	0.277184	0.266641	0.255822	0.244736	0.233395	0.221811	0.209995	0.19796	0.185718	0.173281	0.160663	0.147876	0.134933	0.121848	0.108635	0.095308	0.0818802	0.0683659	0.0547796	0.0411354	0.0274477	0.0137311	0	
0	0.0136491	0.0272847	0.0408933	0.0544613	0.0679755	0.0814224	0.0947887	0.108061	0.121227	0.134272	0.147185	0.159952	0.172561	0.184999	0.197254	0.209314	0.221167	0.232801	0.244204	0.255365	0.266274	0.276919	0.28729	0.297376	0.307167	0.316654	0.325828	0.334678	0.343197	0.351375	0.359204	0.366677	0.373786	0.380524	0.386884	0.39286	0.398445	0.403634	0.408421	0.412802	0.416771	0.420326	0.423461	0.426174	0.428462	0.430322	0.431751	0.432749	0.433314	0.433445	0.433142	0.432404	0.431231	0.429626	0.427588	0.42512	0.422223	0.4189	0.415154	0.410988	0.406406	0.401412	0.39601	0.390206	0.384005	0.377413	0.370435	0.363079	0.355352	0.34726	0.338813	0.330016	0.320881	0.311414	0.301626	0.291527	0.281125	0.270432	0.259458	0.248215	0.236713	0.224964	0.212981	0.200775	0.188358	0.175745	0.162947	0.149978	0.136851	0.123581	0.11018	0.096663	0.0830442	0.0693379	0.0555584	0.0417202	0.027838	0.0139263	0	
0	0.0138269	0.02764	0.0414258	0.0551706	0.0688607	0.0824827	0.0960231	0.109468	0.122805	0.136021	0.149102	0.162035	0.174808	0.187408	0.199823	0.21204	0.224047	0.235832	0.247384	0.258691	0.269742	0.280525	0.291031	0.301248	0.311167	0.320778	0.330071	0.339036	0.347666	0.35595	0.363882	0.371452	0.378654	0.38548	0.391922	0.397976	0.403634	0.40889	0.41374	0.418177	0.422199	0.425799	0.428976	0.431724	0.434042	0.435926	0.437374	0.438385	0.438957	0.43909	0.438782	0.438035	0.436847	0.435221	0.433156	0.430656	0.427721	0.424355	0.42056	0.41634	0.411698	0.406639	0.401167	0.395288	0.389006	0.382328	0.37526	0.367808	0.35998	0.351783	0.343225	0.334314	0.32506	0.31547	0.305554	0.295323	0.284786	0.273954	0.262837	0.251448	0.239796	0.227894	0.215755	0.203389	0.190811	0.178034	0.165069	0.151931	0.138633	0.12519	0.111615	0.0979219	0.0841257	0.0702409	0.0562819	0.0422635	0.0282005	0.0141077	0	
0	0.0139909	0.0279678	0.0419171	0.0558249	0.0696774	0.083461	0.0971619	0.110767	0.124262	0.137634	0.15087	0.163957	0.176882	0.189631	0.202193	0.214555	0.226704	0.238629	0.250318	0.261759	0.272941	0.283852	0.294483	0.304821	0.314858	0.324583	0.333986	0.343058	0.351789	0.360172	0.368198	0.375858	0.383145	0.390052	0.396571	0.402696	0.408421	0.41374	0.418647	0.423137	0.427206	0.43085	0.434064	0.436845	0.43919	0.441096	0.442561	0.443584	0.444164	0.444298	0.443987	0.44323	0.442029	0.440383	0.438294	0.435764	0.432794	0.429388	0.425548	0.421278	0.416581	0.411462	0.405925	0.399976	0.39362	0.386863	0.37971	0.37217	0.364249	0.355955	0.347296	0.338279	0.328915	0.319212	0.309179	0.298826	0.288164	0.277203	0.265955	0.25443	0.24264	0.230597	0.218314	0.205802	0.193075	0.180145	0.167027	0.153733	0.140278	0.126675	0.112939	0.0990833	0.0851236	0.071074	0.0569495	0.0427648	0.028535	0.014275	0	
0	0.0141409	0.0282678	0.0423667	0.0564237	0.0704248	0.0843562	0.0982041	0.111955	0.125595	0.13911	0.152489	0.165716	0.178779	0.191665	0.204362	0.216856	0.229136	0.241189	0.253003	0.264567	0.275868	0.286897	0.297641	0.308091	0.318235	0.328064	0.337568	0.346737	0.355563	0.364035	0.372147	0.379889	0.387255	0.394235	0.400824	0.407015	0.412802	0.418177	0.423137	0.427676	0.431788	0.435471	0.438719	0.44153	0.4439	0.445827	0.447308	0.448342	0.448928	0.449063	0.448749	0.447984	0.44677	0.445106	0.442995	0.440438	0.437437	0.433994	0.430113	0.425797	0.42105	0.415876	0.41028	0.404266	0.397842	0.391012	0.383783	0.376162	0.368156	0.359773	0.351021	0.341908	0.332443	0.322635	0.312495	0.302031	0.291255	0.280177	0.268808	0.257159	0.245243	0.233071	0.220655	0.208009	0.195146	0.182078	0.168818	0.155382	0.141782	0.128034	0.11415	0.100146	0.0860366	0.0718364	0.0575603	0.0432235	0.0288411	0.0144281	0	
0	0.0142769	0.0285396	0.0427741	0.0569662	0.071102	0.0851673	0.0991484	0.113031	0.126803	0.140448	0.153955	0.167309	0.180498	0.193508	0.206327	0.218941	0.231339	0.243508	0.255436	0.267111	0.278521	0.289656	0.300503	0.311053	0.321295	0.331219	0.340814	0.350072	0.358982	0.367536	0.375726	0.383542	0.390979	0.398026	0.404679	0.410929	0.416771	0.422199	0.427206	0.431788	0.435941	0.439659	0.442938	0.445776	0.448169	0.450114	0.45161	0.452654	0.453245	0.453382	0.453064	0.452292	0.451066	0.449387	0.447255	0.444673	0.441643	0.438167	0.434249	0.429892	0.425099	0.419875	0.414225	0.408154	0.401668	0.394772	0.387474	0.37978	0.371697	0.363233	0.354397	0.345196	0.33564	0.325738	0.3155	0.304936	0.294056	0.282871	0.271393	0.259632	0.247601	0.235312	0.222777	0.21001	0.197022	0.183829	0.170442	0.156876	0.143146	0.129265	0.115248	0.101109	0.086864	0.0725272	0.0581139	0.0436392	0.0291184	0.0145669	0	
0	0.0143987	0.028783	0.0431389	0.0574521	0.0717083	0.0858937	0.099994	0.113995	0.127884	0.141646	0.155268	0.168736	0.182037	0.195159	0.208087	0.220809	0.233312	0.245585	0.257614	0.269389	0.280896	0.292126	0.303066	0.313706	0.324036	0.334044	0.343721	0.353057	0.362043	0.370671	0.37893	0.386813	0.394313	0.401421	0.40813	0.414434	0.420326	0.425799	0.43085	0.435471	0.439659	0.443408	0.446716	0.449578	0.451991	0.453953	0.455462	0.456514	0.45711	0.457248	0.456928	0.45615	0.454913	0.453219	0.45107	0.448466	0.44541	0.441904	0.437953	0.433558	0.428724	0.423456	0.417758	0.411635	0.405094	0.398139	0.390779	0.383019	0.374867	0.366331	0.357419	0.34814	0.338503	0.328516	0.318191	0.307537	0.296564	0.285284	0.273707	0.261846	0.249713	0.237319	0.224677	0.211801	0.198703	0.185396	0.171896	0.158214	0.144367	0.130367	0.116231	0.101972	0.0876049	0.0731458	0.0586096	0.0440114	0.0293668	0.0146911	0	
0	0.0145061	0.0289977	0.0434607	0.0578806	0.0722432	0.0865344	0.10074	0.114846	0.128838	0.142703	0.156426	0.169995	0.183395	0.196614	0.209639	0.222456	0.235053	0.247417	0.259536	0.271398	0.282992	0.294305	0.305327	0.316046	0.326453	0.336535	0.346285	0.355691	0.364744	0.373436	0.381757	0.389699	0.397254	0.404415	0.411175	0.417525	0.423461	0.428976	0.434064	0.438719	0.442938	0.446716	0.450048	0.452932	0.455363	0.45734	0.458859	0.45992	0.46052	0.460659	0.460337	0.459552	0.458307	0.4566	0.454434	0.451811	0.448732	0.445201	0.44122	0.436792	0.431922	0.426615	0.420874	0.414706	0.408115	0.401109	0.393694	0.385876	0.377663	0.369064	0.360086	0.350737	0.341028	0.330967	0.320565	0.309831	0.298776	0.287412	0.275749	0.2638	0.251576	0.239089	0.226353	0.213381	0.200185	0.18678	0.173178	0.159395	0.145444	0.13134	0.117098	0.102732	0.0882585	0.0736915	0.0590468	0.0443397	0.0295859	0.0148007	0	
