0	0	0	0	0	0	0	0	0	0	0	0	0	0	0	0	0	0	0	0	0	0	0	0	0	0	0	0	0	0	0	0	0	0	0	0	0	0	0	0	0	0	0	0	0	0	0	0	0	0	0	0	0	0	0	0	0	0	0	0	0	0	0	0	0	0	0	0	0	0	0	0	0	0	0	0	0	0	0	0	0	0	0	0	0	0	0	0	0	0	0	0	0	0	0	0	0	0	0	0	
0	0.000441438	0.000882438	0.00132256	0.00176138	0.00219845	0.00263334	0.00306562	0.00349487	0.00392066	0.00434257	0.00476017	0.00517306	0.00558083	0.00598308	0.0063794	0.0067694	0.00715269	0.0075289	0.00789766	0.00825859	0.00861133	0.00895554	0.00929088	0.009617	0.00993359	0.0102403	0.0105369	0.010823	0.0110984	0.0113628	0.0116159	0.0118574	0.0120872	0.0123049	0.0125105	0.0127035	0.012884	0.0130516	0.0132062	0.0133476	0.0134758	0.0135905	0.0136917	0.0137791	0.0138529	0.0139127	0.0139587	0.0139906	0.0140086	0.0140125	0.0140024	0.0139782	0.0139399	0.0138877	0.0138214	0.0137413	0.0136472	0.0135394	0.0134179	0.0132829	0.0131344	0.0129726	0.0127976	0.0126096	0.0124088	0.0121953	0.0119694	0.0117313	0.0114812	0.0112194	0.010946	0.0106615	0.0103659	0.0100597	0.0097432	0.00941661	0.0090803	0.00873461	0.00837987	0.00801646	0.00764473	0.00726506	0.00687785	0.00648347	0.00608235	0.00567488	0.00526149	0.0048426	0.00441866	0.00399009	0.00355735	0.00312088	0.00268114	0.00223859	0.0017937	0.00134692	0.000898734	0.000449602	0	
0	0.000882438	0.001764	0.00264381	0.00352101	0.00439471	0.00526406	0.0061282	0.00698627	0.00783743	0.00868082	0.00951562	0.010341	0.0111561	0.0119602	0.0127525	0.0135321	0.0142983	0.0150503	0.0157875	0.016509	0.0172141	0.0179022	0.0185725	0.0192245	0.0198573	0.0204705	0.0210633	0.0216353	0.0221858	0.0227143	0.0232202	0.0237031	0.0241624	0.0245977	0.0250085	0.0253945	0.0257551	0.0260902	0.0263993	0.0266821	0.0269382	0.0271675	0.0273697	0.0275446	0.027692	0.0278116	0.0279035	0.0279674	0.0280033	0.0280111	0.0279909	0.0279425	0.027866	0.0277616	0.0276292	0.0274689	0.0272809	0.0270654	0.0268226	0.0265526	0.0262557	0.0259322	0.0255824	0.0252066	0.0248052	0.0243785	0.023927	0.023451	0.022951	0.0224276	0.0218812	0.0213123	0.0207216	0.0201095	0.0194767	0.0188239	0.0181516	0.0174605	0.0167514	0.016025	0.0152819	0.0145229	0.0137489	0.0129605	0.0121587	0.0113441	0.0105178	0.0096804	0.00883293	0.00797622	0.00711117	0.00623866	0.00535962	0.00447497	0.00358562	0.00269251	0.00179658	0.000898759	0	
0	0.00132256	0.00264381	0.00396244	0.00527714	0.00658662	0.00788957	0.0091847	0.0104707	0.0117464	0.0130105	0.0142616	0.0154987	0.0167204	0.0179255	0.0191129	0.0202813	0.0214297	0.0225568	0.0236616	0.024743	0.0257998	0.0268311	0.0278358	0.0288128	0.0297614	0.0306804	0.0315689	0.0324262	0.0332512	0.0340433	0.0348015	0.0355252	0.0362136	0.036866	0.0374817	0.0380602	0.0386008	0.039103	0.0395662	0.03999	0.040374	0.0407176	0.0410207	0.0412828	0.0415036	0.041683	0.0418206	0.0419164	0.0419703	0.041982	0.0419516	0.0418791	0.0417645	0.041608	0.0414095	0.0411693	0.0408876	0.0405646	0.0402006	0.039796	0.0393511	0.0388662	0.038342	0.0377787	0.0371771	0.0365376	0.0358608	0.0351474	0.0343981	0.0336136	0.0327947	0.0319421	0.0310567	0.0301393	0.029191	0.0282125	0.0272049	0.0261692	0.0251064	0.0240176	0.0229039	0.0217664	0.0206063	0.0194247	0.0182229	0.0170021	0.0157636	0.0145086	0.0132385	0.0119545	0.0106579	0.00935027	0.0080328	0.00670691	0.00537399	0.00403543	0.00269264	0.00134702	0	
0	0.00176138	0.00352101	0.00527714	0.00702805	0.008772	0.0105073	0.0122321	0.0139448	0.0156438	0.0173272	0.0189935	0.020641	0.022268	0.023873	0.0254544	0.0270105	0.0285399	0.030041	0.0315124	0.0329525	0.03436	0.0357334	0.0370714	0.0383727	0.0396359	0.0408598	0.0420432	0.0431849	0.0442837	0.0453385	0.0463484	0.0473122	0.048229	0.0490978	0.0499179	0.0506882	0.0514082	0.052077	0.0526939	0.0532583	0.0537697	0.0542274	0.054631	0.05498	0.0552742	0.055513	0.0556964	0.055824	0.0558956	0.0559113	0.0558708	0.0557742	0.0556217	0.0554131	0.0551488	0.0548289	0.0544537	0.0540236	0.0535389	0.053	0.0524074	0.0517617	0.0510635	0.0503134	0.0495121	0.0486604	0.0477591	0.046809	0.0458111	0.0447663	0.0436757	0.0425402	0.041361	0.0401393	0.0388763	0.0375732	0.0362312	0.0348519	0.0334365	0.0319864	0.0305032	0.0289883	0.0274433	0.0258697	0.0242691	0.0226433	0.0209938	0.0193224	0.0176309	0.0159208	0.0141942	0.0124526	0.010698	0.0089322	0.00715703	0.00537435	0.00358603	0.00179396	0	
0	0.00219845	0.00439471	0.00658662	0.008772	0.0109487	0.0131145	0.0152674	0.0174051	0.0195256	0.0216268	0.0237066	0.0257629	0.0277936	0.0297969	0.0317706	0.0337129	0.0356218	0.0374954	0.0393319	0.0411294	0.0428861	0.0446003	0.0462704	0.0478945	0.0494712	0.0509988	0.0524758	0.0539008	0.0552723	0.0565889	0.0578493	0.0590523	0.0601965	0.061281	0.0623045	0.0632661	0.0641647	0.0649994	0.0657694	0.0664739	0.0671121	0.0676834	0.0681872	0.0686228	0.06899	0.0692881	0.0695169	0.0696762	0.0697656	0.0697851	0.0697346	0.0696141	0.0694237	0.0691634	0.0688335	0.0684342	0.067966	0.0674291	0.0668241	0.0661514	0.0654118	0.0646059	0.0637345	0.0627982	0.0617981	0.0607351	0.0596101	0.0584243	0.0571787	0.0558747	0.0545134	0.0530962	0.0516244	0.0500995	0.0485231	0.0468966	0.0452217	0.0435001	0.0417335	0.0399236	0.0380723	0.0361815	0.0342531	0.032289	0.0302913	0.028262	0.0262033	0.0241171	0.0220058	0.0198715	0.0177163	0.0155426	0.0133526	0.0111487	0.00893299	0.00670795	0.00447588	0.00223911	0	
0	0.00263334	0.00526406	0.00788957	0.0105073	0.0131145	0.0157088	0.0182876	0.0208482	0.0233882	0.025905	0.0283962	0.0308592	0.0332917	0.0356913	0.0380554	0.0403819	0.0426684	0.0449127	0.0471124	0.0492655	0.0513698	0.0534231	0.0554235	0.0573689	0.0592575	0.0610873	0.0628565	0.0645634	0.0662061	0.0677832	0.0692929	0.0707339	0.0721045	0.0734035	0.0746295	0.0757813	0.0768576	0.0778575	0.0787798	0.0796237	0.0803882	0.0810725	0.0816759	0.0821977	0.0826374	0.0829946	0.0832687	0.0834594	0.0835666	0.0835899	0.0835294	0.0833851	0.083157	0.0828452	0.08245	0.0819718	0.0814109	0.0807678	0.0800431	0.0792374	0.0783515	0.0773862	0.0763423	0.0752209	0.0740229	0.0727496	0.0714021	0.0699817	0.0684898	0.0669277	0.0652971	0.0635996	0.0618367	0.0600102	0.0581219	0.0561736	0.0541674	0.0521052	0.0499891	0.0478212	0.0456037	0.0433389	0.041029	0.0386764	0.0362835	0.0338528	0.0313868	0.028888	0.026359	0.0238024	0.0212209	0.0186172	0.015994	0.0133541	0.0107001	0.00803491	0.00536129	0.00268205	0	
0	0.00306562	0.0061282	0.0091847	0.0122321	0.0152674	0.0182876	0.0212896	0.0242706	0.0272275	0.0301575	0.0330576	0.035925	0.0387568	0.0415503	0.0443026	0.047011	0.0496728	0.0522855	0.0548463	0.0573528	0.0598025	0.062193	0.0645217	0.0667865	0.0689851	0.0711153	0.073175	0.075162	0.0770744	0.0789104	0.080668	0.0823454	0.0839411	0.0854533	0.0868806	0.0882214	0.0894745	0.0906385	0.0917122	0.0926946	0.0935846	0.0943812	0.0950837	0.0956912	0.0962031	0.0966188	0.0969379	0.09716	0.0972847	0.0973119	0.0972415	0.0970735	0.0968079	0.0964449	0.0959849	0.0954282	0.0947752	0.0940265	0.0931829	0.0922449	0.0912136	0.0900898	0.0888746	0.087569	0.0861744	0.0846921	0.0831234	0.0814698	0.0797329	0.0779145	0.0760163	0.07404	0.0719877	0.0698614	0.0676631	0.065395	0.0630595	0.0606588	0.0581953	0.0556715	0.05309	0.0504533	0.0477642	0.0450254	0.0422398	0.03941	0.0365392	0.0336302	0.030686	0.0277098	0.0247045	0.0216734	0.0186196	0.0155463	0.0124566	0.00935391	0.00624139	0.00312233	0	
0	0.00349487	0.00698627	0.0104707	0.0139448	0.0174051	0.0208482	0.0242706	0.027669	0.0310399	0.0343802	0.0376864	0.0409552	0.0441836	0.0473681	0.0505058	0.0535935	0.056628	0.0596065	0.0625259	0.0653834	0.0681761	0.0709012	0.0735561	0.076138	0.0786445	0.0810729	0.0834209	0.0856862	0.0878664	0.0899594	0.0919631	0.0938755	0.0956945	0.0974185	0.0990456	0.100574	0.102003	0.10333	0.104554	0.105674	0.106688	0.107597	0.108397	0.10909	0.109673	0.110147	0.110511	0.110764	0.110907	0.110938	0.110857	0.110666	0.110363	0.109949	0.109425	0.10879	0.108046	0.107192	0.10623	0.105161	0.103985	0.102704	0.101319	0.0998305	0.0982406	0.0965507	0.0947623	0.0928772	0.0908972	0.0888242	0.0866601	0.0844071	0.0820675	0.0796434	0.0771373	0.0745517	0.0718891	0.0691522	0.0663438	0.0634666	0.0605237	0.0575178	0.0544522	0.0513299	0.0481542	0.0449283	0.0416554	0.0383391	0.0349827	0.0315897	0.0281637	0.0247082	0.0212267	0.0177231	0.0142008	0.0106637	0.00711532	0.00355952	0	
0	0.00392066	0.00783743	0.0117464	0.0156438	0.0195256	0.0233882	0.0272275	0.0310399	0.0348216	0.0385688	0.0422778	0.0459449	0.0495666	0.0531391	0.0566591	0.0601229	0.0635272	0.0668685	0.0701436	0.0733492	0.0764822	0.0795393	0.0825176	0.0854141	0.0882259	0.0909502	0.0935843	0.0961256	0.0985714	0.100919	0.103167	0.105313	0.107353	0.109287	0.111113	0.112827	0.11443	0.115919	0.117292	0.118548	0.119686	0.120705	0.121604	0.122381	0.123035	0.123567	0.123975	0.124259	0.124419	0.124453	0.124363	0.124148	0.123809	0.123345	0.122756	0.122044	0.121209	0.120252	0.119173	0.117973	0.116654	0.115217	0.113663	0.111993	0.11021	0.108314	0.106307	0.104193	0.101971	0.0996459	0.0972181	0.0946907	0.092066	0.0893466	0.0865352	0.0836345	0.0806476	0.0775773	0.0744267	0.071199	0.0678974	0.0645254	0.0610863	0.0575836	0.054021	0.050402	0.0467304	0.0430101	0.0392448	0.0354384	0.031595	0.0277184	0.0238129	0.0198823	0.0159309	0.0119628	0.0079822	0.00399319	0	
0	0.00434257	0.00868082	0.0130105	0.0173272	0.0216268	0.025905	0.0301575	0.0343802	0.0385688	0.0427192	0.0468273	0.0508891	0.0549005	0.0588575	0.0627562	0.0665928	0.0703634	0.0740643	0.0776918	0.0812424	0.0847125	0.0880986	0.0913974	0.0946056	0.09772	0.100737	0.103655	0.10647	0.109179	0.111779	0.114269	0.116645	0.118906	0.121048	0.12307	0.124969	0.126744	0.128393	0.129914	0.131305	0.132566	0.133695	0.13469	0.13555	0.136275	0.136864	0.137316	0.137631	0.137807	0.137846	0.137746	0.137508	0.137132	0.136618	0.135966	0.135178	0.134253	0.133192	0.131997	0.130668	0.129208	0.127616	0.125894	0.124045	0.122069	0.11997	0.117747	0.115405	0.112945	0.110369	0.10768	0.10488	0.101973	0.0989613	0.0958473	0.0926346	0.0893262	0.0859255	0.0824358	0.0788608	0.075204	0.0714691	0.0676599	0.0637803	0.0598343	0.0558259	0.0517592	0.0476385	0.043468	0.039252	0.034995	0.0307013	0.0263754	0.0220219	0.0176453	0.0132502	0.00884118	0.00442291	0	
0	0.00476017	0.00951562	0.0142616	0.0189935	0.0237066	0.0283962	0.0330576	0.0376864	0.0422778	0.0468273	0.0513305	0.0557829	0.06018	0.0645176	0.0687912	0.0729967	0.0771299	0.0811868	0.0851632	0.0890552	0.092859	0.0965707	0.100187	0.103703	0.107117	0.110425	0.113623	0.116709	0.119678	0.122529	0.125258	0.127863	0.13034	0.132688	0.134905	0.136987	0.138932	0.14074	0.142407	0.143933	0.145314	0.146551	0.147642	0.148585	0.14938	0.150026	0.150521	0.150866	0.15106	0.151102	0.150993	0.150732	0.15032	0.149756	0.149042	0.148177	0.147163	0.146001	0.144691	0.143234	0.141633	0.139888	0.138001	0.135974	0.133808	0.131507	0.129071	0.126503	0.123806	0.120983	0.118035	0.114966	0.11178	0.108478	0.105065	0.101543	0.0979164	0.0941886	0.0903634	0.0864446	0.0824361	0.078342	0.0741665	0.0699138	0.0655883	0.0611944	0.0567367	0.0522197	0.0476481	0.0430267	0.0383603	0.0336537	0.0289118	0.0241397	0.0193422	0.0145244	0.00969141	0.00484824	0	
0	0.00517306	0.010341	0.0154987	0.020641	0.0257629	0.0308592	0.035925	0.0409552	0.0459449	0.0508891	0.0557829	0.0606215	0.0654	0.0701138	0.0747581	0.0793284	0.0838201	0.0882288	0.0925501	0.0967798	0.100913	0.104947	0.108877	0.112699	0.116409	0.120003	0.123479	0.126832	0.130059	0.133157	0.136123	0.138953	0.141646	0.144198	0.146606	0.148869	0.150983	0.152948	0.154759	0.156417	0.157919	0.159263	0.160449	0.161474	0.162338	0.163039	0.163578	0.163952	0.164163	0.164209	0.16409	0.163806	0.163358	0.162746	0.161969	0.16103	0.159928	0.158665	0.157241	0.155658	0.153918	0.152022	0.149971	0.147768	0.145415	0.142913	0.140266	0.137476	0.134545	0.131477	0.128273	0.124939	0.121475	0.117887	0.114178	0.110351	0.10641	0.102359	0.0982015	0.0939428	0.0895866	0.0851374	0.0805997	0.0759781	0.0712774	0.0665024	0.061658	0.0567492	0.0517811	0.0467589	0.0416877	0.0365728	0.0314196	0.0262335	0.0210199	0.0157843	0.010532	0.00526878	0	
0	0.00558083	0.0111561	0.0167204	0.022268	0.0277936	0.0332917	0.0387568	0.0441836	0.0495666	0.0549005	0.06018	0.0654	0.0705552	0.0756405	0.080651	0.0855815	0.0904273	0.0951836	0.0998455	0.104409	0.108868	0.11322	0.117459	0.121582	0.125585	0.129463	0.133212	0.136829	0.140311	0.143653	0.146853	0.149907	0.152811	0.155564	0.158163	0.160604	0.162885	0.165004	0.166959	0.168747	0.170367	0.171817	0.173096	0.174202	0.175134	0.175891	0.176472	0.176876	0.177103	0.177153	0.177024	0.176719	0.176235	0.175574	0.174737	0.173723	0.172535	0.171172	0.169636	0.167928	0.166051	0.164005	0.161793	0.159416	0.156877	0.154179	0.151323	0.148313	0.145151	0.14184	0.138385	0.134787	0.131051	0.12718	0.123178	0.119049	0.114797	0.110427	0.105942	0.101348	0.0966484	0.0918484	0.0869531	0.0819672	0.076896	0.0717446	0.0665183	0.0612226	0.0558628	0.0504447	0.0449738	0.0394557	0.0338963	0.0283014	0.0226768	0.0170285	0.0113622	0.0056841	0	
0	0.00598308	0.0119602	0.0179255	0.023873	0.0297969	0.0356913	0.0415503	0.0473681	0.0531391	0.0588575	0.0645176	0.0701138	0.0756405	0.0810924	0.086464	0.0917499	0.096945	0.102044	0.107042	0.111934	0.116715	0.12138	0.125925	0.130345	0.134636	0.138794	0.142813	0.146692	0.150424	0.154007	0.157437	0.160711	0.163825	0.166777	0.169562	0.172179	0.174625	0.176897	0.178992	0.18091	0.182646	0.184201	0.185572	0.186758	0.187757	0.188568	0.189191	0.189625	0.189868	0.189921	0.189784	0.189456	0.188937	0.188229	0.187331	0.186245	0.18497	0.183509	0.181863	0.180032	0.178019	0.175826	0.173454	0.170906	0.168184	0.165291	0.16223	0.159003	0.155613	0.152064	0.148359	0.144502	0.140497	0.136347	0.132056	0.12763	0.123072	0.118386	0.113578	0.108653	0.103614	0.0984686	0.0932203	0.0878751	0.0824384	0.0769157	0.0713127	0.0656353	0.0598893	0.0540806	0.0482153	0.0422996	0.0363395	0.0303413	0.0243113	0.0182558	0.0121812	0.00609379	0	
0	0.0063794	0.0127525	0.0191129	0.0254544	0.0317706	0.0380554	0.0443026	0.0505058	0.0566591	0.0627562	0.0687912	0.0747581	0.080651	0.086464	0.0921914	0.0978274	0.103367	0.108803	0.114132	0.119348	0.124446	0.12942	0.134266	0.138979	0.143555	0.147987	0.152273	0.156408	0.160388	0.164209	0.167866	0.171357	0.174677	0.177824	0.180794	0.183585	0.186192	0.188614	0.190849	0.192893	0.194745	0.196403	0.197865	0.199129	0.200194	0.201059	0.201723	0.202185	0.202445	0.202502	0.202355	0.202005	0.201453	0.200697	0.19974	0.198582	0.197223	0.195665	0.193909	0.191957	0.189811	0.187473	0.184944	0.182227	0.179325	0.17624	0.172976	0.169535	0.165921	0.162137	0.158186	0.154074	0.149803	0.145378	0.140804	0.136084	0.131224	0.126228	0.121102	0.11585	0.110478	0.104991	0.0993953	0.093696	0.0878991	0.0820106	0.0760365	0.069983	0.0638564	0.0576629	0.0514091	0.0451015	0.0387466	0.0323511	0.0259217	0.0194651	0.0129881	0.00649745	0	
0	0.0067694	0.0135321	0.0202813	0.0270105	0.0337129	0.0403819	0.047011	0.0535935	0.0601229	0.0665928	0.0729967	0.0793284	0.0855815	0.0917499	0.0978274	0.103808	0.109686	0.115455	0.12111	0.126645	0.132054	0.137332	0.142475	0.147476	0.152331	0.157035	0.161583	0.16597	0.170193	0.174247	0.178129	0.181833	0.185356	0.188695	0.191847	0.194808	0.197575	0.200145	0.202516	0.204685	0.206651	0.20841	0.209961	0.211302	0.212433	0.213351	0.214056	0.214546	0.214821	0.214881	0.214726	0.214355	0.213768	0.212967	0.211951	0.210722	0.20928	0.207627	0.205764	0.203693	0.201415	0.198934	0.19625	0.193368	0.190288	0.187015	0.183551	0.179899	0.176064	0.172049	0.167857	0.163493	0.158961	0.154266	0.149412	0.144404	0.139246	0.133945	0.128505	0.122932	0.117232	0.11141	0.105472	0.0994241	0.0932729	0.0870244	0.080685	0.0742614	0.0677602	0.0611882	0.054552	0.0478588	0.0411154	0.0343289	0.0275064	0.0206551	0.0137821	0.00689467	0	
0	0.00715269	0.0142983	0.0214297	0.0285399	0.0356218	0.0426684	0.0496728	0.056628	0.0635272	0.0703634	0.0771299	0.0838201	0.0904273	0.096945	0.103367	0.109686	0.115897	0.121992	0.127967	0.133816	0.139531	0.145109	0.150542	0.155826	0.160956	0.165926	0.170732	0.175368	0.17983	0.184114	0.188215	0.192128	0.195851	0.19938	0.20271	0.205838	0.208762	0.211478	0.213983	0.216275	0.218352	0.22021	0.221849	0.223267	0.224461	0.225431	0.226176	0.226694	0.226985	0.227049	0.226884	0.226492	0.225873	0.225026	0.223952	0.222653	0.22113	0.219383	0.217415	0.215226	0.21282	0.210198	0.207363	0.204317	0.201063	0.197604	0.193944	0.190086	0.186033	0.181791	0.177362	0.172751	0.167962	0.163001	0.157872	0.15258	0.147131	0.14153	0.135782	0.129893	0.12387	0.117718	0.111444	0.105054	0.0985542	0.0919519	0.0852536	0.0784663	0.071597	0.0646528	0.0576409	0.0505687	0.0434435	0.0362727	0.0290639	0.0218247	0.0145625	0.00728507	0	
0	0.0075289	0.0150503	0.0225568	0.030041	0.0374954	0.0449127	0.0522855	0.0596065	0.0668685	0.0740643	0.0811868	0.0882288	0.0951836	0.102044	0.108803	0.115455	0.121992	0.128409	0.134698	0.140854	0.14687	0.152741	0.15846	0.164022	0.169422	0.174654	0.179712	0.184592	0.189289	0.193798	0.198114	0.202234	0.206153	0.209867	0.213372	0.216665	0.219742	0.222601	0.225238	0.227651	0.229836	0.231793	0.233518	0.23501	0.236267	0.237288	0.238072	0.238618	0.238924	0.238991	0.238818	0.238405	0.237753	0.236862	0.235732	0.234364	0.232761	0.230922	0.22885	0.226547	0.224014	0.221254	0.218269	0.215063	0.211638	0.207998	0.204145	0.200084	0.195818	0.191352	0.18669	0.181837	0.176797	0.171575	0.166176	0.160606	0.15487	0.148974	0.142924	0.136725	0.130385	0.12391	0.117306	0.110579	0.103738	0.0967884	0.0897378	0.0825935	0.0753628	0.0680534	0.0606727	0.0532285	0.0457285	0.0381806	0.0305926	0.0229726	0.0153285	0.00766825	0	
0	0.00789766	0.0157875	0.0236616	0.0315124	0.0393319	0.0471124	0.0548463	0.0625259	0.0701436	0.0776918	0.0851632	0.0925501	0.0998455	0.107042	0.114132	0.12111	0.127967	0.134698	0.141295	0.147753	0.154064	0.160222	0.166221	0.172056	0.17772	0.183208	0.188514	0.193633	0.19856	0.20329	0.207818	0.212139	0.21625	0.220146	0.223823	0.227277	0.230505	0.233504	0.23627	0.238801	0.241094	0.243146	0.244956	0.246521	0.247839	0.248911	0.249733	0.250305	0.250626	0.250696	0.250515	0.250082	0.249398	0.248463	0.247278	0.245843	0.244161	0.242232	0.240059	0.237643	0.234986	0.232091	0.22896	0.225597	0.222004	0.218185	0.214144	0.209884	0.205409	0.200725	0.195834	0.190743	0.185456	0.179978	0.174315	0.168472	0.162455	0.15627	0.149924	0.143422	0.136771	0.129979	0.123051	0.115995	0.108819	0.101529	0.0941331	0.0866388	0.079054	0.0713866	0.0636444	0.0558356	0.0479682	0.0400506	0.032091	0.0240978	0.0160792	0.00804383	0	
0	0.00825859	0.016509	0.024743	0.0329525	0.0411294	0.0492655	0.0573528	0.0653834	0.0733492	0.0812424	0.0890552	0.0967798	0.104409	0.111934	0.119348	0.126645	0.133816	0.140854	0.147753	0.154505	0.161104	0.167544	0.173818	0.179919	0.185842	0.191581	0.197129	0.202482	0.207634	0.21258	0.217315	0.221834	0.226133	0.230206	0.234051	0.237664	0.241039	0.244175	0.247068	0.249714	0.252112	0.254258	0.25615	0.257787	0.259166	0.260286	0.261146	0.261744	0.26208	0.262153	0.261964	0.261511	0.260795	0.259818	0.258578	0.257079	0.25532	0.253303	0.25103	0.248503	0.245725	0.242697	0.239424	0.235907	0.23215	0.228156	0.22393	0.219476	0.214797	0.209898	0.204784	0.19946	0.193932	0.188203	0.182281	0.176171	0.169879	0.163412	0.156775	0.149977	0.143022	0.135919	0.128675	0.121297	0.113792	0.106169	0.0984351	0.0905983	0.0826669	0.0746491	0.066553	0.0583873	0.0501605	0.041881	0.0335576	0.0251991	0.0168141	0.00841144	0	
0	0.00861133	0.0172141	0.0257998	0.03436	0.0428861	0.0513698	0.0598025	0.0681761	0.0764822	0.0847125	0.092859	0.100913	0.108868	0.116715	0.124446	0.132054	0.139531	0.14687	0.154064	0.161104	0.167986	0.1747	0.181242	0.187604	0.19378	0.199763	0.205549	0.211131	0.216503	0.22166	0.226597	0.231309	0.235791	0.240039	0.244048	0.247815	0.251335	0.254605	0.257621	0.26038	0.26288	0.265118	0.267091	0.268798	0.270236	0.271404	0.2723	0.272924	0.273274	0.273351	0.273153	0.272681	0.271935	0.270915	0.269623	0.268059	0.266225	0.264122	0.261752	0.259118	0.256221	0.253064	0.24965	0.245983	0.242066	0.237902	0.233495	0.22885	0.223971	0.218863	0.213531	0.20798	0.202215	0.196242	0.190067	0.183696	0.177135	0.170392	0.163472	0.156383	0.149131	0.141725	0.134171	0.126478	0.118653	0.110704	0.10264	0.0944681	0.0861979	0.0778376	0.0693957	0.0608813	0.052303	0.0436699	0.034991	0.0262754	0.0175323	0.00877073	0	
0	0.00895554	0.0179022	0.0268311	0.0357334	0.0446003	0.0534231	0.062193	0.0709012	0.0795393	0.0880986	0.0965707	0.104947	0.11322	0.12138	0.12942	0.137332	0.145109	0.152741	0.160222	0.167544	0.1747	0.181684	0.188487	0.195103	0.201526	0.207748	0.213765	0.21957	0.225157	0.23052	0.235655	0.240555	0.245216	0.249634	0.253804	0.257721	0.261381	0.264782	0.267918	0.270788	0.273388	0.275715	0.277767	0.279542	0.281038	0.282252	0.283184	0.283833	0.284198	0.284277	0.284071	0.283581	0.282805	0.281744	0.280401	0.278774	0.276867	0.27468	0.272215	0.269475	0.266462	0.263179	0.259629	0.255816	0.251741	0.247411	0.242828	0.237998	0.232924	0.227612	0.222067	0.216293	0.210298	0.204086	0.197664	0.191039	0.184216	0.177203	0.170006	0.162634	0.155092	0.14739	0.139534	0.131533	0.123395	0.115129	0.106742	0.0982442	0.0896435	0.0809489	0.0721697	0.0633148	0.0543937	0.0454155	0.0363897	0.0273257	0.0182331	0.00912131	0	
0	0.00929088	0.0185725	0.0278358	0.0370714	0.0462704	0.0554235	0.0645217	0.0735561	0.0825176	0.0913974	0.100187	0.108877	0.117459	0.125925	0.134266	0.142475	0.150542	0.15846	0.166221	0.173818	0.181242	0.188487	0.195544	0.202408	0.209072	0.215528	0.22177	0.227792	0.233588	0.239152	0.244479	0.249563	0.254398	0.258982	0.263307	0.267371	0.271169	0.274696	0.277951	0.280928	0.283625	0.286039	0.288168	0.29001	0.291561	0.292821	0.293788	0.294461	0.294839	0.294922	0.294708	0.294199	0.293394	0.292294	0.2909	0.289213	0.287234	0.284965	0.282408	0.279566	0.27644	0.273034	0.269351	0.265394	0.261168	0.256675	0.251921	0.24691	0.241646	0.236135	0.230382	0.224392	0.218173	0.211728	0.205066	0.198192	0.191114	0.183838	0.176372	0.168723	0.1609	0.152909	0.144759	0.136458	0.128016	0.11944	0.110739	0.101923	0.0930002	0.0839801	0.0748721	0.0656857	0.0564304	0.0471161	0.0377523	0.0283489	0.0189158	0.00946286	0	
0	0.009617	0.0192245	0.0288128	0.0383727	0.0478945	0.0573689	0.0667865	0.076138	0.0854141	0.0946056	0.103703	0.112699	0.121582	0.130345	0.138979	0.147476	0.155826	0.164022	0.172056	0.179919	0.187604	0.195103	0.202408	0.209513	0.21641	0.223093	0.229554	0.235788	0.241787	0.247547	0.25306	0.258323	0.263328	0.268072	0.27255	0.276756	0.280687	0.284339	0.287707	0.290789	0.293581	0.29608	0.298284	0.300189	0.301795	0.3031	0.304101	0.304797	0.305189	0.305274	0.305053	0.304526	0.303693	0.302554	0.301111	0.299365	0.297316	0.294968	0.292321	0.289379	0.286144	0.282618	0.278806	0.27471	0.270335	0.265685	0.260764	0.255577	0.250128	0.244424	0.238469	0.232269	0.225831	0.21916	0.212264	0.205149	0.197823	0.190291	0.182563	0.174646	0.166547	0.158276	0.14984	0.141248	0.13251	0.123633	0.114626	0.105501	0.0962647	0.086928	0.0775003	0.0679914	0.0584113	0.04877	0.0390775	0.029344	0.0195798	0.00979503	0	
0	0.00993359	0.0198573	0.0297614	0.0396359	0.0494712	0.0592575	0.0689851	0.0786445	0.0882259	0.09772	0.107117	0.116409	0.125585	0.134636	0.143555	0.152331	0.160956	0.169422	0.17772	0.185842	0.19378	0.201526	0.209072	0.21641	0.223535	0.230437	0.237111	0.24355	0.249747	0.255696	0.261391	0.266827	0.271997	0.276897	0.281522	0.285867	0.289927	0.293699	0.297178	0.300362	0.303245	0.305827	0.308103	0.310072	0.31173	0.313078	0.314112	0.314831	0.315235	0.315324	0.315096	0.314551	0.313691	0.312514	0.311024	0.30922	0.307104	0.304678	0.301944	0.298905	0.295563	0.291922	0.287984	0.283754	0.279235	0.274432	0.269348	0.26399	0.258362	0.25247	0.246319	0.239915	0.233265	0.226375	0.219252	0.211903	0.204335	0.196556	0.188573	0.180395	0.17203	0.163487	0.154773	0.145898	0.136872	0.127703	0.1184	0.108974	0.0994338	0.0897897	0.0800516	0.0702297	0.0603342	0.0503755	0.0403639	0.0303101	0.0202244	0.0101175	0	
0	0.0102403	0.0204705	0.0306804	0.0408598	0.0509988	0.0610873	0.0711153	0.0810729	0.0909502	0.100737	0.110425	0.120003	0.129463	0.138794	0.147987	0.157035	0.165926	0.174654	0.183208	0.191581	0.199763	0.207748	0.215528	0.223093	0.230437	0.237553	0.244433	0.25107	0.257459	0.263591	0.269462	0.275066	0.280396	0.285448	0.290215	0.294694	0.29888	0.302768	0.306355	0.309637	0.312609	0.31527	0.317617	0.319646	0.321356	0.322745	0.323811	0.324553	0.32497	0.325061	0.324825	0.324264	0.323377	0.322165	0.320628	0.318768	0.316587	0.314086	0.311268	0.308135	0.30469	0.300936	0.296877	0.292516	0.287858	0.282906	0.277666	0.272142	0.266341	0.260266	0.253925	0.247324	0.240468	0.233366	0.226022	0.218446	0.210645	0.202625	0.194396	0.185966	0.177342	0.168535	0.159552	0.150404	0.141098	0.131646	0.122056	0.112339	0.102504	0.0925623	0.0825236	0.0723984	0.0621973	0.0519311	0.0416104	0.031246	0.0208489	0.0104299	0	
0	0.0105369	0.0210633	0.0315689	0.0420432	0.0524758	0.0628565	0.073175	0.0834209	0.0935843	0.103655	0.113623	0.123479	0.133212	0.142813	0.152273	0.161583	0.170732	0.179712	0.188514	0.197129	0.205549	0.213765	0.22177	0.229554	0.237111	0.244433	0.251512	0.258342	0.264915	0.271226	0.277267	0.283032	0.288517	0.293715	0.29862	0.303229	0.307536	0.311537	0.315228	0.318604	0.321663	0.324401	0.326816	0.328904	0.330664	0.332093	0.333189	0.333953	0.334382	0.334475	0.334233	0.333656	0.332743	0.331495	0.329914	0.328001	0.325756	0.323183	0.320283	0.31706	0.313515	0.309652	0.305475	0.300988	0.296195	0.291099	0.285708	0.280024	0.274054	0.267804	0.26128	0.254487	0.247433	0.240124	0.232569	0.224773	0.216745	0.208494	0.200026	0.191352	0.182479	0.173416	0.164173	0.15476	0.145185	0.135459	0.125591	0.115593	0.105473	0.0952432	0.0849137	0.0744952	0.0639987	0.0534351	0.0428155	0.032151	0.0214527	0.010732	0	
0	0.010823	0.0216353	0.0324262	0.0431849	0.0539008	0.0645634	0.075162	0.0856862	0.0961256	0.10647	0.116709	0.126832	0.136829	0.146692	0.156408	0.16597	0.175368	0.184592	0.193633	0.202482	0.211131	0.21957	0.227792	0.235788	0.24355	0.25107	0.258342	0.265357	0.272109	0.278591	0.284796	0.290718	0.296352	0.30169	0.306729	0.311463	0.315887	0.319997	0.323788	0.327256	0.330398	0.333211	0.335691	0.337835	0.339643	0.341111	0.342237	0.343021	0.343462	0.343558	0.343309	0.342716	0.341778	0.340497	0.338873	0.336907	0.334602	0.331959	0.328981	0.325669	0.322028	0.318061	0.31377	0.309161	0.304238	0.299004	0.293466	0.287628	0.281496	0.275076	0.268375	0.261398	0.254152	0.246645	0.238884	0.230877	0.222631	0.214155	0.205458	0.196548	0.187434	0.178125	0.168632	0.158962	0.149127	0.139137	0.129002	0.118731	0.108337	0.0978295	0.0872195	0.0765181	0.0657366	0.0548862	0.0439782	0.0330241	0.0220353	0.0110234	0	
0	0.0110984	0.0221858	0.0332512	0.0442837	0.0552723	0.0662061	0.0770744	0.0878664	0.0985714	0.109179	0.119678	0.130059	0.140311	0.150424	0.160388	0.170193	0.17983	0.189289	0.19856	0.207634	0.216503	0.225157	0.233588	0.241787	0.249747	0.257459	0.264915	0.272109	0.279033	0.285679	0.292042	0.298115	0.303892	0.309367	0.314534	0.319388	0.323925	0.328139	0.332026	0.335583	0.338805	0.341689	0.344232	0.346432	0.348285	0.34979	0.350945	0.351749	0.352201	0.3523	0.352045	0.351436	0.350475	0.349161	0.347496	0.34548	0.343116	0.340406	0.337351	0.333956	0.330222	0.326154	0.321754	0.317028	0.311979	0.306612	0.300933	0.294947	0.288659	0.282076	0.275203	0.268049	0.260619	0.252921	0.244962	0.236751	0.228296	0.219605	0.210686	0.201549	0.192203	0.182658	0.172922	0.163007	0.152922	0.142678	0.132284	0.121753	0.111094	0.100319	0.0894388	0.0784652	0.0674093	0.0562828	0.0450972	0.0338644	0.022596	0.0113039	0	
0	0.0113628	0.0227143	0.0340433	0.0453385	0.0565889	0.0677832	0.0789104	0.0899594	0.100919	0.111779	0.122529	0.133157	0.143653	0.154007	0.164209	0.174247	0.184114	0.193798	0.20329	0.21258	0.22166	0.23052	0.239152	0.247547	0.255696	0.263591	0.271226	0.278591	0.285679	0.292484	0.298999	0.305217	0.311131	0.316736	0.322026	0.326996	0.331641	0.335955	0.339935	0.343577	0.346875	0.349828	0.352432	0.354684	0.356581	0.358122	0.359305	0.360128	0.360591	0.360692	0.360431	0.359808	0.358823	0.357478	0.355773	0.35371	0.351289	0.348514	0.345387	0.341911	0.338088	0.333923	0.329419	0.32458	0.319411	0.313916	0.308102	0.301973	0.295535	0.288795	0.281759	0.274434	0.266827	0.258946	0.250798	0.242391	0.233734	0.224836	0.215705	0.20635	0.196782	0.187009	0.177042	0.16689	0.156565	0.146076	0.135435	0.124653	0.11374	0.102709	0.0915693	0.0803343	0.069015	0.0576235	0.0461715	0.034671	0.0231342	0.0115732	0	
0	0.0116159	0.0232202	0.0348015	0.0463484	0.0578493	0.0692929	0.080668	0.0919631	0.103167	0.114269	0.125258	0.136123	0.146853	0.157437	0.167866	0.178129	0.188215	0.198114	0.207818	0.217315	0.226597	0.235655	0.244479	0.25306	0.261391	0.269462	0.277267	0.284796	0.292042	0.298999	0.305659	0.312015	0.318061	0.323791	0.329199	0.33428	0.339028	0.343438	0.347507	0.351229	0.354601	0.35762	0.360282	0.362584	0.364524	0.366099	0.367308	0.36815	0.368622	0.368725	0.368459	0.367822	0.366816	0.36544	0.363697	0.361588	0.359114	0.356277	0.35308	0.349527	0.345619	0.341361	0.336756	0.331809	0.326525	0.320908	0.314964	0.308699	0.302118	0.295228	0.288035	0.280547	0.27277	0.264713	0.256384	0.24779	0.23894	0.229844	0.220509	0.210946	0.201165	0.191174	0.180985	0.170607	0.160052	0.14933	0.138452	0.127429	0.116274	0.104996	0.0936089	0.0821236	0.0705523	0.058907	0.0471999	0.0354433	0.0236495	0.011831	0	
0	0.0118574	0.0237031	0.0355252	0.0473122	0.0590523	0.0707339	0.0823454	0.0938755	0.105313	0.116645	0.127863	0.138953	0.149907	0.160711	0.171357	0.181833	0.192128	0.202234	0.212139	0.221834	0.231309	0.240555	0.249563	0.258323	0.266827	0.275066	0.283032	0.290718	0.298115	0.305217	0.312015	0.318503	0.324675	0.330524	0.336045	0.341231	0.346078	0.35058	0.354733	0.358533	0.361975	0.365057	0.367774	0.370124	0.372104	0.373712	0.374946	0.375805	0.376288	0.376393	0.376121	0.375471	0.374444	0.37304	0.371261	0.369107	0.366582	0.363686	0.360423	0.356795	0.352806	0.348459	0.343759	0.338709	0.333315	0.327582	0.321514	0.315118	0.3084	0.301367	0.294025	0.286381	0.278443	0.270218	0.261715	0.252943	0.243909	0.234623	0.225095	0.215333	0.205348	0.19515	0.184749	0.174155	0.16338	0.152435	0.141331	0.130079	0.118692	0.10718	0.0955556	0.0838314	0.0720194	0.060132	0.0481814	0.0361804	0.0241413	0.012077	0	
0	0.0120872	0.0241624	0.0362136	0.048229	0.0601965	0.0721045	0.0839411	0.0956945	0.107353	0.118906	0.13034	0.141646	0.152811	0.163825	0.174677	0.185356	0.195851	0.206153	0.21625	0.226133	0.235791	0.245216	0.254398	0.263328	0.271997	0.280396	0.288517	0.296352	0.303892	0.311131	0.318061	0.324675	0.330966	0.336929	0.342556	0.347843	0.352784	0.357374	0.361607	0.365481	0.36899	0.372131	0.3749	0.377296	0.379314	0.380954	0.382212	0.383087	0.383579	0.383687	0.383409	0.382747	0.3817	0.380269	0.378455	0.37626	0.373685	0.370733	0.367407	0.363709	0.359643	0.355212	0.35042	0.345273	0.339774	0.333929	0.327744	0.321225	0.314377	0.307207	0.299722	0.29193	0.283838	0.275454	0.266787	0.257844	0.248636	0.23917	0.229457	0.219506	0.209327	0.198931	0.188329	0.17753	0.166546	0.155389	0.14407	0.1326	0.120992	0.109257	0.0974073	0.0854559	0.073415	0.0612972	0.0491151	0.0368815	0.0246092	0.012311	0	
0	0.0123049	0.0245977	0.036866	0.0490978	0.061281	0.0734035	0.0854533	0.0974185	0.109287	0.121048	0.132688	0.144198	0.155564	0.166777	0.177824	0.188695	0.19938	0.209867	0.220146	0.230206	0.240039	0.249634	0.258982	0.268072	0.276897	0.285448	0.293715	0.30169	0.309367	0.316736	0.323791	0.330524	0.336929	0.342999	0.348728	0.35411	0.35914	0.363812	0.368122	0.372065	0.375637	0.378835	0.381654	0.384093	0.386148	0.387817	0.389098	0.389989	0.39049	0.390599	0.390317	0.389642	0.388576	0.387119	0.385273	0.383038	0.380417	0.377412	0.374026	0.370261	0.366122	0.361611	0.356733	0.351493	0.345895	0.339945	0.333649	0.327012	0.32004	0.312741	0.305122	0.29719	0.288952	0.280417	0.271593	0.26249	0.253115	0.243479	0.233591	0.22346	0.213099	0.202515	0.191722	0.180728	0.169547	0.158189	0.146665	0.134989	0.123171	0.111225	0.0991622	0.0869955	0.0747377	0.0624015	0.05	0.0375459	0.0250525	0.0125328	0	
0	0.0125105	0.0250085	0.0374817	0.0499179	0.0623045	0.0746295	0.0868806	0.0990456	0.111113	0.12307	0.134905	0.146606	0.158163	0.169562	0.180794	0.191847	0.20271	0.213372	0.223823	0.234051	0.244048	0.253804	0.263307	0.27255	0.281522	0.290215	0.29862	0.306729	0.314534	0.322026	0.329199	0.336045	0.342556	0.348728	0.354552	0.360024	0.365138	0.369888	0.37427	0.378279	0.381911	0.385162	0.388029	0.390508	0.392598	0.394294	0.395597	0.396503	0.397012	0.397123	0.396836	0.39615	0.395066	0.393585	0.391708	0.389436	0.386771	0.383716	0.380273	0.376446	0.372237	0.367651	0.362692	0.357364	0.351673	0.345623	0.339222	0.332474	0.325386	0.317965	0.310218	0.302153	0.293778	0.285101	0.27613	0.266874	0.257343	0.247546	0.237492	0.227193	0.216658	0.205898	0.194924	0.183747	0.172379	0.160831	0.149115	0.137244	0.125229	0.113083	0.100818	0.0884486	0.075986	0.0634438	0.0508351	0.0381731	0.025471	0.0127422	0	
0	0.0127035	0.0253945	0.0380602	0.0506882	0.0632661	0.0757813	0.0882214	0.100574	0.112827	0.124969	0.136987	0.148869	0.160604	0.172179	0.183585	0.194808	0.205838	0.216665	0.227277	0.237664	0.247815	0.257721	0.267371	0.276756	0.285867	0.294694	0.303229	0.311463	0.319388	0.326996	0.33428	0.341231	0.347843	0.35411	0.360024	0.365581	0.370773	0.375597	0.380047	0.384117	0.387806	0.391107	0.394018	0.396535	0.398657	0.40038	0.401702	0.402622	0.403139	0.403252	0.40296	0.402264	0.401164	0.39966	0.397753	0.395446	0.392741	0.389638	0.386142	0.382256	0.377982	0.373325	0.368289	0.362879	0.3571	0.350958	0.344457	0.337605	0.330408	0.322872	0.315006	0.306817	0.298312	0.289501	0.280391	0.270993	0.261315	0.251366	0.241158	0.230699	0.220002	0.209076	0.197932	0.186583	0.175039	0.163313	0.151417	0.139362	0.127161	0.114828	0.102374	0.0898137	0.0771588	0.064423	0.0516197	0.0387622	0.0258641	0.0129388	0	
0	0.012884	0.0257551	0.0386008	0.0514082	0.0641647	0.0768576	0.0894745	0.102003	0.11443	0.126744	0.138932	0.150983	0.162885	0.174625	0.186192	0.197575	0.208762	0.219742	0.230505	0.241039	0.251335	0.261381	0.271169	0.280687	0.289927	0.29888	0.307536	0.315887	0.323925	0.331641	0.339028	0.346078	0.352784	0.35914	0.365138	0.370773	0.37604	0.380932	0.385445	0.389573	0.393314	0.396662	0.399614	0.402168	0.404319	0.406067	0.407408	0.408341	0.408865	0.40898	0.408684	0.407978	0.406862	0.405336	0.403403	0.401063	0.398319	0.395173	0.391627	0.387685	0.383351	0.378628	0.373521	0.368034	0.362173	0.355943	0.34935	0.3424	0.335101	0.327458	0.319481	0.311175	0.30255	0.293613	0.284374	0.274842	0.265026	0.254937	0.244583	0.233976	0.223127	0.212046	0.200744	0.189233	0.177526	0.165633	0.153567	0.141341	0.128968	0.116459	0.103829	0.0910895	0.0782548	0.0653381	0.0523529	0.0393128	0.0262315	0.0131226	0	
0	0.0130516	0.0260902	0.039103	0.052077	0.0649994	0.0778575	0.0906385	0.10333	0.115919	0.128393	0.14074	0.152948	0.165004	0.176897	0.188614	0.200145	0.211478	0.222601	0.233504	0.244175	0.254605	0.264782	0.274696	0.284339	0.293699	0.302768	0.311537	0.319997	0.328139	0.335955	0.343438	0.35058	0.357374	0.363812	0.369888	0.375597	0.380932	0.385888	0.390459	0.394642	0.398431	0.401822	0.404813	0.4074	0.409579	0.411349	0.412708	0.413653	0.414185	0.414301	0.414001	0.413286	0.412155	0.41061	0.408651	0.406281	0.403501	0.400314	0.396722	0.392729	0.388338	0.383554	0.37838	0.372822	0.366885	0.360574	0.353895	0.346855	0.33946	0.331719	0.323637	0.315223	0.306486	0.297433	0.288074	0.278418	0.268474	0.258253	0.247765	0.23702	0.22603	0.214804	0.203356	0.191695	0.179835	0.167788	0.155565	0.14318	0.130646	0.117974	0.105179	0.0922745	0.0792729	0.0661882	0.053034	0.0398243	0.0265727	0.0132933	0	
0	0.0132062	0.0263993	0.0395662	0.0526939	0.0657694	0.0787798	0.0917122	0.104554	0.117292	0.129914	0.142407	0.154759	0.166959	0.178992	0.190849	0.202516	0.213983	0.225238	0.23627	0.247068	0.257621	0.267918	0.277951	0.287707	0.297178	0.306355	0.315228	0.323788	0.332026	0.339935	0.347507	0.354733	0.361607	0.368122	0.37427	0.380047	0.385445	0.390459	0.395085	0.399317	0.403151	0.406583	0.409609	0.412226	0.414431	0.416222	0.417597	0.418554	0.419091	0.419209	0.418905	0.418182	0.417038	0.415474	0.413492	0.411094	0.408281	0.405056	0.401422	0.397382	0.392939	0.388098	0.382863	0.377239	0.371231	0.364845	0.358087	0.350964	0.343482	0.335649	0.327471	0.318958	0.310117	0.300957	0.291487	0.281716	0.271655	0.261313	0.2507	0.239828	0.228707	0.217349	0.205765	0.193966	0.181966	0.169776	0.157408	0.144877	0.132193	0.119372	0.106426	0.0933677	0.0802121	0.0669723	0.0536623	0.0402961	0.0268876	0.0134508	0	
0	0.0133476	0.0266821	0.03999	0.0532583	0.0664739	0.0796237	0.0926946	0.105674	0.118548	0.131305	0.143933	0.156417	0.168747	0.18091	0.192893	0.204685	0.216275	0.227651	0.238801	0.249714	0.26038	0.270788	0.280928	0.290789	0.300362	0.309637	0.318604	0.327256	0.335583	0.343577	0.351229	0.358533	0.365481	0.372065	0.378279	0.384117	0.389573	0.394642	0.399317	0.403594	0.407469	0.410938	0.413996	0.416642	0.418871	0.420681	0.42207	0.423037	0.423581	0.423699	0.423393	0.422661	0.421505	0.419925	0.417922	0.415498	0.412655	0.409395	0.405722	0.401638	0.397148	0.392255	0.386964	0.38128	0.375208	0.368753	0.361923	0.354724	0.347161	0.339244	0.330979	0.322374	0.313439	0.30418	0.294609	0.284734	0.274565	0.264112	0.253386	0.242397	0.231157	0.219677	0.207969	0.196044	0.183915	0.171594	0.159094	0.146428	0.133609	0.120651	0.107566	0.0943679	0.0810713	0.0676897	0.0542372	0.0407277	0.0271756	0.0135949	0	
0	0.0134758	0.0269382	0.040374	0.0537697	0.0671121	0.0803882	0.0935846	0.106688	0.119686	0.132566	0.145314	0.157919	0.170367	0.182646	0.194745	0.206651	0.218352	0.229836	0.241094	0.252112	0.26288	0.273388	0.283625	0.293581	0.303245	0.312609	0.321663	0.330398	0.338805	0.346875	0.354601	0.361975	0.36899	0.375637	0.381911	0.387806	0.393314	0.398431	0.403151	0.407469	0.411381	0.414883	0.417971	0.420642	0.422892	0.42472	0.426123	0.427099	0.427647	0.427767	0.427458	0.426719	0.425552	0.423956	0.421934	0.419487	0.416617	0.413326	0.409617	0.405495	0.400961	0.396021	0.390679	0.38494	0.37881	0.372294	0.365398	0.358129	0.350495	0.342501	0.334157	0.32547	0.316448	0.307101	0.297438	0.287468	0.277201	0.266648	0.255819	0.244725	0.233377	0.221787	0.209966	0.197926	0.185681	0.173242	0.160622	0.147834	0.134892	0.121809	0.108598	0.095274	0.0818497	0.0683397	0.054758	0.0411188	0.0274365	0.0137254	0	
0	0.0135905	0.0271675	0.0407176	0.0542274	0.0676834	0.0810725	0.0943812	0.107597	0.120705	0.133695	0.146551	0.159263	0.171817	0.184201	0.196403	0.20841	0.22021	0.231793	0.243146	0.254258	0.265118	0.275715	0.286039	0.29608	0.305827	0.31527	0.324401	0.333211	0.341689	0.349828	0.35762	0.365057	0.372131	0.378835	0.385162	0.391107	0.396662	0.401822	0.406583	0.410938	0.414883	0.418415	0.421529	0.424223	0.426492	0.428336	0.42975	0.430735	0.431288	0.431409	0.431097	0.430352	0.429174	0.427566	0.425526	0.423058	0.420163	0.416845	0.413104	0.408946	0.404374	0.399392	0.394005	0.388217	0.382035	0.375463	0.368509	0.361178	0.353478	0.345417	0.337001	0.32824	0.319142	0.309715	0.29997	0.289915	0.279561	0.268918	0.257997	0.246808	0.235364	0.223675	0.211753	0.199611	0.187262	0.174717	0.161989	0.149093	0.136041	0.122846	0.109523	0.0960851	0.0825465	0.0689215	0.0552241	0.0414689	0.0276701	0.0138423	0	
0	0.0136917	0.0273697	0.0410207	0.054631	0.0681872	0.0816759	0.0950837	0.108397	0.121604	0.13469	0.147642	0.160449	0.173096	0.185572	0.197865	0.209961	0.221849	0.233518	0.244956	0.25615	0.267091	0.277767	0.288168	0.298284	0.308103	0.317617	0.326816	0.335691	0.344232	0.352432	0.360282	0.367774	0.3749	0.381654	0.388029	0.394018	0.399614	0.404813	0.409609	0.413996	0.417971	0.421529	0.424667	0.42738	0.429667	0.431524	0.432949	0.433941	0.434498	0.43462	0.434305	0.433555	0.432369	0.430748	0.428693	0.426207	0.423291	0.419947	0.416179	0.41199	0.407384	0.402365	0.396938	0.391107	0.384878	0.378258	0.371252	0.363867	0.356109	0.347988	0.33951	0.330683	0.321517	0.312021	0.302203	0.292073	0.281642	0.27092	0.259917	0.248645	0.237115	0.22534	0.213329	0.201097	0.188656	0.176017	0.163195	0.150203	0.137053	0.123761	0.110338	0.0968003	0.083161	0.0694345	0.0556352	0.0417775	0.027876	0.0139453	0	
