0	0	0	0	0	0	0	0	0	0	0	0	0	0	0	0	0	0	0	0	0	0	0	0	0	0	0	0	0	0	0	0	0	0	0	0	0	0	0	0	0	0	0	0	0	0	0	0	0	0	0	0	0	0	0	0	0	0	0	0	0	0	0	0	0	0	0	0	0	0	0	0	0	0	0	0	0	0	0	0	0	0	0	0	0	0	0	0	0	0	0	0	0	0	0	0	0	0	0	0	
0	0.000312428	0.000624544	0.000936038	0.0012466	0.00155592	0.00186369	0.00216961	0.00247337	0.00277467	0.00307321	0.00336869	0.00366082	0.00394931	0.00423387	0.00451421	0.00479007	0.00506116	0.00532721	0.00558796	0.00584315	0.00609252	0.00633582	0.00657281	0.00680326	0.00702692	0.00724359	0.00745303	0.00765504	0.00784942	0.00803597	0.0082145	0.00838483	0.00854679	0.00870021	0.00884494	0.00898083	0.00910775	0.00922555	0.00933412	0.00943335	0.00952314	0.00960339	0.00967401	0.00973493	0.00978609	0.00982743	0.00985891	0.00988048	0.00989212	0.00989381	0.00988556	0.00986735	0.00983921	0.00980115	0.00975321	0.00969544	0.00962788	0.0095506	0.00946366	0.00936717	0.00926119	0.00914585	0.00902124	0.00888749	0.00874473	0.0085931	0.00843274	0.00826382	0.00808651	0.00790097	0.00770739	0.00750597	0.0072969	0.0070804	0.00685668	0.00662597	0.00638849	0.00614449	0.00589421	0.00563791	0.00537585	0.00510828	0.00483549	0.00455775	0.00427534	0.00398856	0.00369768	0.00340302	0.00310486	0.00280353	0.00249931	0.00219254	0.00188351	0.00157256	0.00125998	0.00094612	0.000631286	0.000315805	0	
0	0.000624544	0.00124846	0.00187114	0.00249195	0.00311028	0.00372552	0.00433705	0.00494427	0.00554656	0.00614334	0.00673401	0.00731798	0.00789467	0.0084635	0.00902392	0.00957535	0.0101173	0.0106491	0.0111703	0.0116805	0.0121789	0.0126653	0.0131391	0.0135997	0.0140468	0.0144799	0.0148986	0.0153024	0.015691	0.0160639	0.0164208	0.0167613	0.017085	0.0173917	0.0176811	0.0179527	0.0182064	0.0184419	0.0186589	0.0188573	0.0190368	0.0191972	0.0193384	0.0194602	0.0195624	0.0196451	0.019708	0.0197511	0.0197744	0.0197778	0.0197612	0.0197249	0.0196686	0.0195925	0.0194967	0.0193812	0.0192461	0.0190917	0.0189179	0.018725	0.0185131	0.0182826	0.0180335	0.0177661	0.0174807	0.0171776	0.0168571	0.0165194	0.0161649	0.0157941	0.0154071	0.0150045	0.0145865	0.0141537	0.0137065	0.0132453	0.0127706	0.0122829	0.0117825	0.0112702	0.0107463	0.0102115	0.00966616	0.00911096	0.00854642	0.00797313	0.00739168	0.00680264	0.00620663	0.00560426	0.00499614	0.00438289	0.00376515	0.00314354	0.00251871	0.0018913	0.00126194	0.000631294	0	
0	0.000936038	0.00187114	0.00280438	0.00373482	0.00466155	0.00558364	0.00650017	0.00741024	0.00831293	0.00920736	0.0100926	0.0109679	0.0118322	0.0126847	0.0135246	0.0143511	0.0151633	0.0159604	0.0167416	0.0175061	0.0182532	0.0189822	0.0196922	0.0203826	0.0210527	0.0217019	0.0223294	0.0229346	0.023517	0.0240759	0.0246107	0.025121	0.0256063	0.0260659	0.0264995	0.0269067	0.0272869	0.0276399	0.0279651	0.0282624	0.0285314	0.0287719	0.0289835	0.029166	0.0293193	0.0294431	0.0295374	0.029602	0.0296369	0.029642	0.0296173	0.0295627	0.0294784	0.0293644	0.0292207	0.0290477	0.0288452	0.0286137	0.0283533	0.0280641	0.0277467	0.0274011	0.0270277	0.026627	0.0261993	0.025745	0.0252646	0.0247585	0.0242273	0.0236714	0.0230914	0.022488	0.0218616	0.021213	0.0205427	0.0198515	0.01914	0.018409	0.0176591	0.0168913	0.0161061	0.0153045	0.0144872	0.0136551	0.012809	0.0119498	0.0110783	0.0101955	0.00930222	0.00839941	0.00748798	0.00656888	0.00564303	0.0047114	0.00377493	0.00283459	0.00189134	0.000946156	0	
0	0.0012466	0.00249195	0.00373482	0.00497397	0.00620817	0.0074362	0.00865682	0.00986883	0.011071	0.0122622	0.0134412	0.0146068	0.0157579	0.0168933	0.0180119	0.0191126	0.0201942	0.0212558	0.0222962	0.0233144	0.0243094	0.0252802	0.0262258	0.0271453	0.0280377	0.0289022	0.0297379	0.0305439	0.0313195	0.0320638	0.0327762	0.0334558	0.034102	0.0347142	0.0352917	0.0358339	0.0363403	0.0368103	0.0372435	0.0376395	0.0379977	0.0383179	0.0385997	0.0388428	0.0390469	0.0392119	0.0393374	0.0394235	0.03947	0.0394767	0.0394438	0.0393711	0.0392588	0.039107	0.0389157	0.0386852	0.0384156	0.0381073	0.0377604	0.0373754	0.0369525	0.0364923	0.0359951	0.0354614	0.0348918	0.0342868	0.033647	0.032973	0.0322655	0.0315252	0.0307528	0.0299491	0.029115	0.0282511	0.0273585	0.0264379	0.0254904	0.0245168	0.0235182	0.0224955	0.0214499	0.0203823	0.0192938	0.0181856	0.0170588	0.0159145	0.0147539	0.0135782	0.0123885	0.0111862	0.00997238	0.00874833	0.0075153	0.00627457	0.00502739	0.00377506	0.00251886	0.00126008	0	
0	0.00155592	0.00311028	0.00466155	0.00620817	0.00774862	0.00928135	0.0108049	0.0123176	0.0138181	0.0153048	0.0167764	0.0182312	0.0196679	0.021085	0.0224812	0.023855	0.025205	0.02653	0.0278286	0.0290994	0.0303413	0.031553	0.0327332	0.0338809	0.0349947	0.0360737	0.0371168	0.0381228	0.0390909	0.0400199	0.040909	0.0417572	0.0425638	0.0433279	0.0440487	0.0447254	0.0453575	0.0459441	0.0464848	0.046979	0.0474262	0.0478258	0.0481775	0.0484809	0.0487357	0.0489416	0.0490983	0.0492057	0.0492637	0.0492722	0.049231	0.0491404	0.0490002	0.0488107	0.048572	0.0482842	0.0479478	0.0475629	0.04713	0.0466494	0.0461217	0.0455472	0.0449267	0.0442606	0.0435496	0.0427945	0.0419959	0.0411547	0.0402716	0.0393476	0.0383836	0.0373805	0.0363393	0.0352611	0.034147	0.032998	0.0318153	0.0306002	0.0293538	0.0280774	0.0267723	0.0254398	0.0240813	0.0226981	0.0212917	0.0198634	0.0184148	0.0169474	0.0154626	0.0139619	0.0124469	0.0109191	0.0093801	0.00783149	0.00627486	0.00471178	0.00314387	0.00157274	0	
0	0.00186369	0.00372552	0.00558364	0.0074362	0.00928135	0.0111173	0.0129421	0.0147541	0.0165514	0.0183323	0.0200949	0.0218375	0.0235584	0.0252558	0.0269282	0.0285737	0.0301908	0.0317778	0.0333333	0.0348555	0.036343	0.0377944	0.0392081	0.0405827	0.041917	0.0432094	0.0444588	0.0456638	0.0468233	0.0479361	0.0490011	0.0500172	0.0509833	0.0518985	0.0527618	0.0535724	0.0543295	0.0550322	0.0556799	0.0562718	0.0568074	0.0572861	0.0577074	0.0580708	0.058376	0.0586226	0.0588104	0.058939	0.0590085	0.0590186	0.0589693	0.0588607	0.0586928	0.0584658	0.0581799	0.0578352	0.0574322	0.0569712	0.0564527	0.055877	0.0552449	0.0545568	0.0538135	0.0530157	0.0521641	0.0512596	0.050303	0.0492954	0.0482377	0.0471309	0.0459762	0.0447747	0.0435275	0.0422361	0.0409015	0.0395253	0.0381087	0.0366532	0.0351602	0.0336313	0.0320681	0.030472	0.0288447	0.0271879	0.0255033	0.0237926	0.0220575	0.0202997	0.0185212	0.0167236	0.0149089	0.013079	0.0112356	0.00938063	0.00751607	0.00564381	0.00376576	0.00188384	0	
0	0.00216961	0.00433705	0.00650017	0.00865682	0.0108049	0.0129421	0.0150665	0.0171759	0.0192683	0.0213414	0.0233934	0.025422	0.0274254	0.0294015	0.0313483	0.033264	0.0351465	0.0369941	0.0388048	0.0405769	0.0423086	0.0439982	0.045644	0.0472443	0.0487975	0.0503021	0.0517565	0.0531594	0.0545092	0.0558047	0.0570445	0.0582273	0.059352	0.0604174	0.0614225	0.0623662	0.0632475	0.0640656	0.0648196	0.0655087	0.0661322	0.0666895	0.0671799	0.067603	0.0679582	0.0682453	0.0684639	0.0686137	0.0686945	0.0687063	0.068649	0.0685225	0.0683271	0.0680628	0.0677299	0.0673287	0.0668596	0.0663229	0.0657192	0.0650491	0.0643132	0.0635122	0.0626468	0.061718	0.0607267	0.0596737	0.0585601	0.0573871	0.0561557	0.0548673	0.053523	0.0521243	0.0506725	0.049169	0.0476154	0.0460132	0.0443641	0.0426697	0.0409317	0.0391518	0.0373319	0.0354739	0.0335795	0.0316508	0.0296896	0.0276981	0.0256781	0.0236319	0.0215614	0.0194688	0.0173562	0.0152258	0.0130798	0.0109204	0.00874982	0.00657023	0.0043839	0.00219307	0	
0	0.00247337	0.00494427	0.00741024	0.00986883	0.0123176	0.0147541	0.0171759	0.0195807	0.021966	0.0243294	0.0266686	0.0289813	0.0312651	0.0335179	0.0357373	0.0379211	0.0400672	0.0421735	0.0442377	0.046258	0.0482321	0.0501583	0.0520344	0.0538588	0.0556295	0.0573447	0.0590028	0.0606021	0.0621409	0.0636177	0.0650311	0.0663795	0.0676617	0.0688763	0.0700221	0.0710979	0.0721026	0.0730352	0.0738948	0.0746804	0.0753912	0.0760264	0.0765855	0.0770679	0.0774729	0.0778001	0.0780493	0.0782201	0.0783122	0.0783257	0.0782603	0.0781162	0.0778934	0.0775921	0.0772126	0.0767552	0.0762204	0.0756086	0.0749204	0.0741564	0.0733175	0.0724043	0.0714178	0.070359	0.0692288	0.0680284	0.066759	0.0654217	0.0640179	0.0625491	0.0610166	0.0594221	0.057767	0.056053	0.0542819	0.0524554	0.0505754	0.0486437	0.0466624	0.0446334	0.0425587	0.0404405	0.0382809	0.0360821	0.0338464	0.031576	0.0292733	0.0269405	0.0245801	0.0221945	0.0197862	0.0173576	0.0149111	0.0124494	0.00997486	0.00749011	0.00499768	0.00250012	0	
0	0.00277467	0.00554656	0.00831293	0.011071	0.0138181	0.0165514	0.0192683	0.021966	0.0246418	0.0272931	0.0299173	0.0325117	0.0350738	0.0376009	0.0400907	0.0425406	0.0449481	0.0473109	0.0496267	0.051893	0.0541076	0.0562684	0.0583731	0.0604197	0.0624061	0.0643303	0.0661904	0.0679845	0.0697107	0.0713675	0.072953	0.0744657	0.0759041	0.0772666	0.078552	0.0797589	0.080886	0.0819322	0.0828965	0.0837777	0.0845751	0.0852878	0.085915	0.0864561	0.0869104	0.0872776	0.0875571	0.0877487	0.0878521	0.0878671	0.0877938	0.0876321	0.0873822	0.0870442	0.0866185	0.0861054	0.0855054	0.084819	0.084047	0.08319	0.0822489	0.0812245	0.0801178	0.07893	0.0776621	0.0763155	0.0748914	0.0733912	0.0718165	0.0701687	0.0684496	0.0666607	0.064804	0.0628813	0.0608944	0.0588454	0.0567364	0.0545694	0.0523467	0.0500705	0.0477431	0.0453669	0.0429442	0.0404776	0.0379695	0.0354225	0.0328393	0.0302223	0.0275744	0.0248982	0.0221965	0.019472	0.0167276	0.0139659	0.01119	0.00840254	0.00560648	0.00280468	0	
0	0.00307321	0.00614334	0.00920736	0.0122622	0.0153048	0.0183323	0.0213414	0.0243294	0.0272931	0.0302297	0.0331362	0.0360098	0.0388475	0.0416466	0.0444043	0.0471177	0.0497843	0.0524013	0.0549662	0.0574764	0.0599293	0.0623226	0.0646538	0.0669206	0.0691207	0.0712519	0.0733121	0.0752992	0.0772113	0.0790463	0.0808024	0.0824778	0.084071	0.0855801	0.0870038	0.0883405	0.0895889	0.0907477	0.0918157	0.0927918	0.093675	0.0944644	0.095159	0.0957583	0.0962616	0.0966682	0.0969778	0.09719	0.0973045	0.0973212	0.09724	0.0970609	0.0967841	0.0964097	0.0959382	0.0953699	0.0947053	0.0939452	0.09309	0.0921408	0.0910984	0.0899638	0.0887381	0.0874225	0.0860182	0.0845267	0.0829493	0.0812878	0.0795436	0.0777185	0.0758144	0.0738331	0.0717766	0.069647	0.0674464	0.0651769	0.062841	0.0604408	0.057979	0.0554579	0.05288	0.0502481	0.0475648	0.0448328	0.0420548	0.0392338	0.0363726	0.0334741	0.0305413	0.0275772	0.0245848	0.0215671	0.0185274	0.0154686	0.012394	0.00930662	0.00620972	0.00310645	0	
0	0.00336869	0.00673401	0.0100926	0.0134412	0.0167764	0.0200949	0.0233934	0.0266686	0.0299173	0.0331362	0.0363222	0.039472	0.0425826	0.0456508	0.0486736	0.051648	0.054571	0.0574396	0.0602511	0.0630026	0.0656914	0.0683148	0.0708701	0.0733549	0.0757665	0.0781026	0.0803609	0.0825391	0.084635	0.0866464	0.0885714	0.0904079	0.0921542	0.0938085	0.0953691	0.0968343	0.0982027	0.0994729	0.100644	0.101714	0.102682	0.103547	0.104308	0.104965	0.105517	0.105963	0.106302	0.106535	0.10666	0.106678	0.106589	0.106393	0.10609	0.105679	0.105162	0.10454	0.103811	0.102978	0.102041	0.101	0.0998574	0.0986137	0.0972701	0.095828	0.0942887	0.0926538	0.0909248	0.0891035	0.0871916	0.0851911	0.0831039	0.0809321	0.0786778	0.0763435	0.0739312	0.0714436	0.068883	0.0662521	0.0635536	0.0607901	0.0579644	0.0550794	0.0521381	0.0491434	0.0460984	0.0430061	0.0398698	0.0366926	0.0334778	0.0302287	0.0269486	0.0236408	0.0203088	0.0169559	0.0135856	0.0102014	0.00680677	0.00340513	0	
0	0.00366082	0.00731798	0.0109679	0.0146068	0.0182312	0.0218375	0.025422	0.0289813	0.0325117	0.0360098	0.039472	0.042895	0.0462754	0.0496097	0.0528946	0.0561269	0.0593033	0.0624208	0.0654761	0.0684662	0.0713882	0.074239	0.077016	0.0797162	0.082337	0.0848757	0.0873298	0.0896969	0.0919745	0.0941604	0.0962523	0.0982481	0.100146	0.101944	0.103639	0.105232	0.106719	0.108099	0.109371	0.110534	0.111586	0.112527	0.113354	0.114068	0.114667	0.115152	0.115521	0.115773	0.11591	0.11593	0.115833	0.11562	0.11529	0.114844	0.114282	0.113605	0.112814	0.111908	0.110889	0.109759	0.108517	0.107165	0.105705	0.104138	0.102465	0.100689	0.0988098	0.0968305	0.0947529	0.0925788	0.0903106	0.0879505	0.0855008	0.082964	0.0803426	0.0776392	0.0748566	0.0719975	0.069065	0.0660618	0.0629911	0.0598559	0.0566595	0.0534051	0.050096	0.0467356	0.0433273	0.0398746	0.036381	0.0328501	0.0292856	0.0256909	0.0220699	0.0184263	0.0147638	0.0110861	0.00739706	0.00370042	0	
0	0.00394931	0.00789467	0.0118322	0.0157579	0.0196679	0.0235584	0.0274254	0.0312651	0.0350738	0.0388475	0.0425826	0.0462754	0.0499221	0.0535191	0.0570629	0.0605499	0.0639767	0.0673398	0.0706359	0.0738617	0.0770139	0.0800894	0.0830852	0.0859982	0.0888255	0.0915643	0.0942118	0.0967654	0.0992225	0.101581	0.103837	0.105991	0.108038	0.109977	0.111807	0.113525	0.115129	0.116618	0.11799	0.119245	0.12038	0.121394	0.122287	0.123057	0.123704	0.124226	0.124624	0.124897	0.125044	0.125065	0.124961	0.124731	0.124375	0.123894	0.123288	0.122558	0.121704	0.120727	0.119628	0.118408	0.117069	0.115611	0.114036	0.112345	0.11054	0.108624	0.106597	0.104461	0.10222	0.0998745	0.0974276	0.0948815	0.0922387	0.089502	0.086674	0.0837576	0.0807557	0.0776713	0.0745076	0.0712678	0.0679551	0.0645729	0.0611246	0.0576137	0.0540439	0.0504186	0.0467418	0.043017	0.0392481	0.0354389	0.0315934	0.0277155	0.0238092	0.0198784	0.0159273	0.0119598	0.00797999	0.00399204	0	
0	0.00423387	0.0084635	0.0126847	0.0168933	0.021085	0.0252558	0.0294015	0.0335179	0.0376009	0.0416466	0.0456508	0.0496097	0.0535191	0.0573754	0.0611745	0.0649128	0.0685864	0.0721919	0.0757254	0.0791836	0.082563	0.0858601	0.0890717	0.0921946	0.0952257	0.0981618	0.101	0.103738	0.106372	0.1089	0.111319	0.113627	0.115822	0.117901	0.119863	0.121704	0.123424	0.125021	0.126492	0.127837	0.129054	0.130141	0.131098	0.131924	0.132617	0.133177	0.133604	0.133896	0.134054	0.134077	0.133965	0.133718	0.133337	0.132821	0.132172	0.131389	0.130473	0.129426	0.128248	0.12694	0.125504	0.123941	0.122252	0.12044	0.118505	0.11645	0.114277	0.111988	0.109585	0.107071	0.104448	0.101718	0.0988849	0.0959509	0.0929192	0.0897926	0.0865744	0.0832679	0.0798762	0.0764029	0.0728515	0.0692256	0.0655289	0.061765	0.0579379	0.0540515	0.0501097	0.0461165	0.042076	0.0379924	0.0338699	0.0297125	0.0255247	0.0213107	0.0170749	0.0128215	0.00855498	0.00427968	0	
0	0.00451421	0.00902392	0.0135246	0.0180119	0.0224812	0.0269282	0.0313483	0.0357373	0.0400907	0.0444043	0.0486736	0.0528946	0.0570629	0.0611745	0.0652252	0.069211	0.0731279	0.0769721	0.0807397	0.0844268	0.0880299	0.0915454	0.0949697	0.0982994	0.101531	0.104662	0.107688	0.110607	0.113415	0.116111	0.11869	0.121151	0.123492	0.125708	0.1278	0.129763	0.131597	0.133299	0.134868	0.136302	0.137599	0.138758	0.139779	0.140659	0.141398	0.141996	0.14245	0.142762	0.14293	0.142955	0.142836	0.142573	0.142166	0.141616	0.140923	0.140089	0.139112	0.137996	0.13674	0.135346	0.133814	0.132148	0.130347	0.128415	0.126352	0.124161	0.121844	0.119404	0.116842	0.114161	0.111364	0.108453	0.105433	0.102304	0.0990719	0.0957384	0.0923071	0.0887815	0.0851653	0.0814621	0.0776755	0.0738095	0.0698679	0.0658549	0.0617744	0.0576306	0.0534278	0.0491702	0.0448622	0.0405082	0.0361126	0.03168	0.0272149	0.0227219	0.0182055	0.0136705	0.00912146	0.00456307	0	
0	0.00479007	0.00957535	0.0143511	0.0191126	0.023855	0.0285737	0.033264	0.0379211	0.0425406	0.0471177	0.051648	0.0561269	0.0605499	0.0649128	0.069211	0.0734404	0.0775967	0.0816757	0.0856735	0.089586	0.0934093	0.0971396	0.100773	0.104306	0.107736	0.111057	0.114269	0.117366	0.120346	0.123206	0.125943	0.128555	0.131038	0.13339	0.135609	0.137693	0.139639	0.141445	0.143109	0.144631	0.146007	0.147238	0.148321	0.149255	0.150039	0.150673	0.151155	0.151486	0.151665	0.151691	0.151564	0.151285	0.150854	0.15027	0.149535	0.148649	0.147614	0.146429	0.145096	0.143616	0.141992	0.140223	0.138313	0.136262	0.134073	0.131748	0.12929	0.1267	0.123982	0.121137	0.118169	0.115081	0.111876	0.108556	0.105126	0.101589	0.0979479	0.0942069	0.0903697	0.0864401	0.0824222	0.0783199	0.0741375	0.0698792	0.0655494	0.0611524	0.0566927	0.0521749	0.0476037	0.0429836	0.0383194	0.0336159	0.028878	0.0241104	0.0193181	0.0145059	0.00967887	0.00484191	0	
0	0.00506116	0.0101173	0.0151633	0.0201942	0.025205	0.0301908	0.0351465	0.0400672	0.0449481	0.0497843	0.054571	0.0593033	0.0639767	0.0685864	0.0731279	0.0775967	0.0819882	0.0862981	0.0905221	0.0946561	0.0986957	0.102637	0.106476	0.110209	0.113833	0.117343	0.120736	0.124008	0.127157	0.130179	0.133071	0.13583	0.138454	0.140939	0.143284	0.145485	0.147541	0.14945	0.151209	0.152816	0.154271	0.155571	0.156715	0.157702	0.15853	0.1592	0.15971	0.160059	0.160248	0.160276	0.160142	0.159847	0.159391	0.158775	0.157998	0.157062	0.155968	0.154716	0.153307	0.151744	0.150028	0.148159	0.14614	0.143974	0.141661	0.139205	0.136607	0.133871	0.130998	0.127993	0.124857	0.121594	0.118207	0.1147	0.111076	0.107338	0.103491	0.0995385	0.0954842	0.0913322	0.0870868	0.0827524	0.0783333	0.073834	0.0692591	0.0646133	0.0599012	0.0551278	0.0502978	0.0454162	0.0404881	0.0355184	0.0305123	0.0254749	0.0204114	0.0153269	0.0102266	0.00511594	0	
0	0.00532721	0.0106491	0.0159604	0.0212558	0.02653	0.0317778	0.0369941	0.0421735	0.0473109	0.0524013	0.0574396	0.0624208	0.0673398	0.0721919	0.0769721	0.0816757	0.0862981	0.0908346	0.0952807	0.0996319	0.103884	0.108033	0.112074	0.116003	0.119817	0.123511	0.127082	0.130527	0.133841	0.137022	0.140066	0.142971	0.145732	0.148348	0.150816	0.153133	0.155297	0.157306	0.159157	0.160849	0.16238	0.163749	0.164953	0.165992	0.166864	0.167569	0.168106	0.168473	0.168672	0.168701	0.16856	0.16825	0.16777	0.167121	0.166304	0.165318	0.164167	0.162849	0.161367	0.159721	0.157914	0.155947	0.153823	0.151542	0.149108	0.146522	0.143788	0.140908	0.137885	0.134721	0.13142	0.127986	0.124421	0.120729	0.116915	0.112981	0.108932	0.104771	0.100504	0.0961334	0.0916649	0.0871026	0.0824512	0.0777154	0.0729	0.0680099	0.0630501	0.0580257	0.0529419	0.0478037	0.0426165	0.0373856	0.0321163	0.0268141	0.0214844	0.0161326	0.0107642	0.00538488	0	
0	0.00558796	0.0111703	0.0167416	0.0222962	0.0278286	0.0333333	0.0388048	0.0442377	0.0496267	0.0549662	0.0602511	0.0654761	0.0706359	0.0757254	0.0807397	0.0856735	0.0905221	0.0952807	0.0999444	0.104509	0.108969	0.11332	0.117559	0.121681	0.125681	0.129557	0.133303	0.136916	0.140392	0.143729	0.146922	0.149969	0.152865	0.155609	0.158198	0.160629	0.162899	0.165006	0.166948	0.168722	0.170328	0.171764	0.173027	0.174117	0.175032	0.175771	0.176334	0.17672	0.176928	0.176958	0.176811	0.176485	0.175982	0.175301	0.174444	0.17341	0.172202	0.17082	0.169265	0.167539	0.165644	0.163581	0.161352	0.15896	0.156406	0.153694	0.150826	0.147805	0.144634	0.141315	0.137853	0.13425	0.130511	0.126639	0.122637	0.118511	0.114264	0.109899	0.105423	0.100839	0.0961516	0.091366	0.086487	0.0815193	0.0764682	0.0713388	0.0661363	0.060866	0.0555332	0.0501436	0.0447025	0.0392155	0.0336883	0.0281266	0.022536	0.0169222	0.0112911	0.00564846	0	
0	0.00584315	0.0116805	0.0175061	0.0233144	0.0290994	0.0348555	0.0405769	0.046258	0.051893	0.0574764	0.0630026	0.0684662	0.0738617	0.0791836	0.0844268	0.089586	0.0946561	0.0996319	0.104509	0.109281	0.113945	0.118495	0.122928	0.127238	0.131421	0.135473	0.13939	0.143168	0.146804	0.150293	0.153632	0.156817	0.159846	0.162716	0.165423	0.167964	0.170338	0.172541	0.174572	0.176428	0.178107	0.179608	0.180929	0.182068	0.183025	0.183798	0.184387	0.18479	0.185008	0.18504	0.184885	0.184545	0.184018	0.183307	0.18241	0.18133	0.180066	0.178621	0.176995	0.17519	0.173208	0.171051	0.168721	0.166219	0.163549	0.160713	0.157714	0.154555	0.151239	0.147769	0.144148	0.140381	0.136471	0.132422	0.128238	0.123923	0.119482	0.114918	0.110237	0.105444	0.100543	0.0955386	0.0904367	0.0852422	0.0799604	0.0745967	0.0691566	0.0636456	0.0580694	0.0524335	0.046744	0.0410064	0.0352268	0.0294111	0.0235651	0.017695	0.0118068	0.00590641	0	
0	0.00609252	0.0121789	0.0182532	0.0243094	0.0303413	0.036343	0.0423086	0.0482321	0.0541076	0.0599293	0.0656914	0.0713882	0.0770139	0.082563	0.0880299	0.0934093	0.0986957	0.103884	0.108969	0.113945	0.118808	0.123553	0.128174	0.132668	0.13703	0.141255	0.145339	0.149278	0.153069	0.156707	0.160188	0.16351	0.166668	0.16966	0.172483	0.175133	0.177607	0.179905	0.182022	0.183957	0.185708	0.187273	0.18865	0.189838	0.190836	0.191642	0.192256	0.192677	0.192904	0.192937	0.192776	0.192421	0.191872	0.19113	0.190195	0.189068	0.187751	0.186244	0.184549	0.182667	0.1806	0.178351	0.175921	0.173313	0.170529	0.167572	0.164445	0.161151	0.157693	0.154075	0.1503	0.146373	0.142296	0.138074	0.133711	0.129212	0.124581	0.119823	0.114942	0.109944	0.104834	0.099616	0.0942963	0.0888802	0.083373	0.0777804	0.0721081	0.0663619	0.0605476	0.0546713	0.0487389	0.0427565	0.0367302	0.0306663	0.0245709	0.0184502	0.0123107	0.00615849	0	
0	0.00633582	0.0126653	0.0189822	0.0252802	0.031553	0.0377944	0.0439982	0.0501583	0.0562684	0.0623226	0.0683148	0.074239	0.0800894	0.0858601	0.0915454	0.0971396	0.102637	0.108033	0.11332	0.118495	0.123553	0.128487	0.133293	0.137966	0.142502	0.146896	0.151143	0.15524	0.159182	0.162965	0.166585	0.17004	0.173324	0.176436	0.179371	0.182126	0.1847	0.187089	0.189291	0.191304	0.193124	0.194752	0.196184	0.19742	0.198457	0.199295	0.199934	0.200371	0.200607	0.200642	0.200474	0.200105	0.199534	0.198763	0.197791	0.196619	0.195249	0.193682	0.191919	0.189962	0.187813	0.185474	0.182947	0.180234	0.177339	0.174264	0.171012	0.167587	0.163991	0.160228	0.156303	0.152218	0.147978	0.143588	0.139051	0.134372	0.129556	0.124608	0.119532	0.114335	0.10902	0.103594	0.0980621	0.0924296	0.0867025	0.0808866	0.0749878	0.0690121	0.0629657	0.0568547	0.0506853	0.044464	0.0381971	0.031891	0.0255521	0.0191871	0.0128023	0.00640443	0	
0	0.00657281	0.0131391	0.0196922	0.0262258	0.0327332	0.0392081	0.045644	0.0520344	0.0583731	0.0646538	0.0708701	0.077016	0.0830852	0.0890717	0.0949697	0.100773	0.106476	0.112074	0.117559	0.122928	0.128174	0.133293	0.138279	0.143127	0.147832	0.15239	0.156797	0.161047	0.165136	0.169061	0.172817	0.1764	0.179807	0.183035	0.18608	0.188939	0.191609	0.194087	0.196372	0.198459	0.200348	0.202037	0.203522	0.204804	0.20588	0.20675	0.207412	0.207866	0.208111	0.208147	0.207973	0.20759	0.206998	0.206198	0.205189	0.203974	0.202552	0.200926	0.199098	0.197068	0.194838	0.192411	0.18979	0.186976	0.183973	0.180783	0.177409	0.173856	0.170125	0.166222	0.162149	0.157912	0.153514	0.148959	0.144252	0.139398	0.134402	0.129269	0.124004	0.118612	0.113098	0.107469	0.10173	0.0958871	0.0899457	0.0839122	0.0777928	0.0715936	0.065321	0.0589814	0.0525813	0.0461272	0.0396259	0.0330839	0.0265079	0.0199048	0.0132812	0.006644	0	
0	0.00680326	0.0135997	0.0203826	0.0271453	0.0338809	0.0405827	0.0472443	0.0538588	0.0604197	0.0669206	0.0733549	0.0797162	0.0859982	0.0921946	0.0982994	0.104306	0.110209	0.116003	0.121681	0.127238	0.132668	0.137966	0.143127	0.148145	0.153015	0.157733	0.162294	0.166693	0.170926	0.174988	0.178876	0.182585	0.186112	0.189453	0.192604	0.195563	0.198327	0.200892	0.203257	0.205417	0.207373	0.20912	0.210658	0.211985	0.213099	0.213999	0.214684	0.215154	0.215408	0.215445	0.215265	0.214868	0.214256	0.213427	0.212383	0.211125	0.209654	0.207971	0.206078	0.203977	0.201669	0.199158	0.196444	0.193532	0.190423	0.187121	0.183629	0.179951	0.17609	0.17205	0.167835	0.163448	0.158896	0.154181	0.14931	0.144286	0.139115	0.133801	0.128351	0.12277	0.117064	0.111237	0.105297	0.099249	0.0930993	0.0868543	0.0805203	0.0741037	0.0676112	0.0610493	0.0544248	0.0477445	0.0410152	0.0342438	0.0274373	0.0206027	0.0137468	0.00687695	0	
0	0.00702692	0.0140468	0.0210527	0.0280377	0.0349947	0.041917	0.0487975	0.0556295	0.0624061	0.0691207	0.0757665	0.082337	0.0888255	0.0952257	0.101531	0.107736	0.113833	0.119817	0.125681	0.131421	0.13703	0.142502	0.147832	0.153015	0.158046	0.162919	0.16763	0.172173	0.176545	0.180741	0.184757	0.188588	0.19223	0.195681	0.198936	0.201993	0.204847	0.207497	0.209939	0.212171	0.21419	0.215995	0.217584	0.218954	0.220105	0.221035	0.221743	0.222228	0.22249	0.222528	0.222342	0.221933	0.2213	0.220444	0.219366	0.218066	0.216547	0.214809	0.212853	0.210683	0.2083	0.205705	0.202903	0.199894	0.196684	0.193273	0.189667	0.185867	0.181879	0.177706	0.173352	0.168822	0.16412	0.159251	0.154219	0.14903	0.143688	0.1382	0.132571	0.126807	0.120912	0.114894	0.108759	0.102512	0.0961602	0.0897098	0.0831676	0.0765401	0.0698341	0.0630565	0.0562142	0.0493142	0.0423637	0.0353697	0.0283394	0.02128	0.0141988	0.00710304	0	
0	0.00724359	0.0144799	0.0217019	0.0289022	0.0360737	0.0432094	0.0503021	0.0573447	0.0643303	0.0712519	0.0781026	0.0848757	0.0915643	0.0981618	0.104662	0.111057	0.117343	0.123511	0.129557	0.135473	0.141255	0.146896	0.15239	0.157733	0.162919	0.167942	0.172798	0.177482	0.181989	0.186314	0.190453	0.194402	0.198158	0.201715	0.20507	0.208221	0.211164	0.213895	0.216412	0.218713	0.220795	0.222655	0.224293	0.225705	0.226891	0.22785	0.22858	0.22908	0.22935	0.229389	0.229198	0.228776	0.228123	0.227241	0.22613	0.22479	0.223224	0.221432	0.219417	0.217179	0.214722	0.212048	0.209159	0.206058	0.202748	0.199233	0.195515	0.191598	0.187487	0.183186	0.178698	0.174028	0.16918	0.164161	0.158974	0.153625	0.148119	0.142462	0.136659	0.130717	0.124641	0.118437	0.112112	0.105673	0.0991252	0.092476	0.085732	0.0789001	0.0719874	0.0650008	0.0579475	0.0508348	0.04367	0.0364603	0.0292132	0.0219362	0.0146366	0.00732206	0	
0	0.00745303	0.0148986	0.0223294	0.0297379	0.0371168	0.0444588	0.0517565	0.0590028	0.0661904	0.0733121	0.0803609	0.0873298	0.0942118	0.101	0.107688	0.114269	0.120736	0.127082	0.133303	0.13939	0.145339	0.151143	0.156797	0.162294	0.16763	0.172798	0.177795	0.182614	0.187251	0.191701	0.19596	0.200024	0.203887	0.207547	0.211	0.214242	0.217269	0.22008	0.22267	0.225037	0.227179	0.229093	0.230778	0.232232	0.233452	0.234438	0.235189	0.235704	0.235981	0.236022	0.235825	0.235391	0.234719	0.233812	0.232668	0.23129	0.229678	0.227835	0.225761	0.223459	0.220931	0.218179	0.215207	0.212016	0.208611	0.204993	0.201168	0.197139	0.192909	0.188483	0.183865	0.17906	0.174072	0.168908	0.163571	0.158067	0.152402	0.146581	0.14061	0.134496	0.128245	0.121862	0.115354	0.108728	0.101991	0.0951499	0.0882109	0.0811815	0.0740689	0.0668803	0.0596231	0.0523047	0.0449327	0.0375146	0.0300579	0.0225705	0.0150598	0.00753378	0	
0	0.00765504	0.0153024	0.0229346	0.0305439	0.0381228	0.0456638	0.0531594	0.0606021	0.0679845	0.0752992	0.0825391	0.0896969	0.0967654	0.103738	0.110607	0.117366	0.124008	0.130527	0.136916	0.143168	0.149278	0.15524	0.161047	0.166693	0.172173	0.177482	0.182614	0.187564	0.192326	0.196897	0.201272	0.205445	0.209414	0.213173	0.216719	0.220049	0.223158	0.226045	0.228705	0.231137	0.233337	0.235303	0.237033	0.238526	0.23978	0.240793	0.241564	0.242093	0.242378	0.242419	0.242217	0.241771	0.241082	0.240149	0.238975	0.237559	0.235904	0.23401	0.23188	0.229516	0.226919	0.224093	0.22104	0.217763	0.214265	0.21055	0.206621	0.202482	0.198137	0.193591	0.188848	0.183913	0.178791	0.173486	0.168004	0.162351	0.156533	0.150554	0.144422	0.138142	0.131721	0.125165	0.118481	0.111676	0.104756	0.097729	0.090602	0.083382	0.0760766	0.0686931	0.0612392	0.0537225	0.0461506	0.0385314	0.0308727	0.0231823	0.0154681	0.00773799	0	
0	0.00784942	0.015691	0.023517	0.0313195	0.0390909	0.0468233	0.0545092	0.0621409	0.0697107	0.0772113	0.084635	0.0919745	0.0992225	0.106372	0.113415	0.120346	0.127157	0.133841	0.140392	0.146804	0.153069	0.159182	0.165136	0.170926	0.176545	0.181989	0.187251	0.192326	0.19721	0.201897	0.206382	0.210662	0.214731	0.218586	0.222222	0.225636	0.228825	0.231785	0.234513	0.237006	0.239262	0.241278	0.243052	0.244583	0.245868	0.246907	0.247698	0.24824	0.248532	0.248575	0.248368	0.24791	0.247203	0.246247	0.245043	0.243591	0.241894	0.239952	0.237768	0.235344	0.232682	0.229784	0.226653	0.223293	0.219706	0.215896	0.211868	0.207624	0.203169	0.198507	0.193644	0.188583	0.183331	0.177891	0.17227	0.166474	0.160507	0.154377	0.148089	0.14165	0.135066	0.128343	0.121489	0.114511	0.107416	0.100211	0.0929026	0.0854993	0.0780084	0.0704374	0.0627943	0.0550867	0.0473225	0.0395098	0.0316566	0.0237709	0.0158608	0.00793448	0	
0	0.00803597	0.0160639	0.0240759	0.0320638	0.0400199	0.0479361	0.0558047	0.0636177	0.0713675	0.0790463	0.0866464	0.0941604	0.101581	0.1089	0.116111	0.123206	0.130179	0.137022	0.143729	0.150293	0.156707	0.162965	0.169061	0.174988	0.180741	0.186314	0.191701	0.196897	0.201897	0.206695	0.211287	0.215669	0.219834	0.223781	0.227503	0.230999	0.234263	0.237293	0.240086	0.242639	0.244948	0.247012	0.248829	0.250396	0.251712	0.252775	0.253585	0.25414	0.254439	0.254483	0.25427	0.253802	0.253078	0.2521	0.250867	0.249381	0.247643	0.245655	0.243419	0.240937	0.238212	0.235245	0.23204	0.228599	0.224928	0.221027	0.216903	0.212558	0.207997	0.203225	0.198246	0.193065	0.187688	0.182119	0.176365	0.17043	0.164322	0.158046	0.151609	0.145016	0.138276	0.131393	0.124377	0.117233	0.109969	0.102592	0.0951106	0.0875314	0.0798624	0.0721115	0.0642867	0.0563959	0.0484472	0.0404489	0.032409	0.0243359	0.0162378	0.00812306	0	
0	0.0082145	0.0164208	0.0246107	0.0327762	0.040909	0.0490011	0.0570445	0.0650311	0.072953	0.0808024	0.0885714	0.0962523	0.103837	0.111319	0.11869	0.125943	0.133071	0.140066	0.146922	0.153632	0.160188	0.166585	0.172817	0.178876	0.184757	0.190453	0.19596	0.201272	0.206382	0.211287	0.215981	0.22046	0.224718	0.228752	0.232558	0.236131	0.239468	0.242565	0.24542	0.248029	0.25039	0.2525	0.254357	0.255959	0.257304	0.258391	0.259219	0.259786	0.260092	0.260137	0.25992	0.259441	0.258701	0.2577	0.25644	0.254921	0.253145	0.251113	0.248827	0.24629	0.243504	0.240471	0.237195	0.233678	0.229925	0.225938	0.221722	0.217281	0.212618	0.20774	0.20265	0.197355	0.191858	0.186165	0.180283	0.174217	0.167973	0.161557	0.154977	0.148238	0.141348	0.134313	0.12714	0.119838	0.112412	0.104872	0.0972237	0.0894761	0.0816367	0.0737136	0.0657149	0.0576488	0.0495236	0.0413475	0.033129	0.0248766	0.0165986	0.00830353	0	
0	0.00838483	0.0167613	0.025121	0.0334558	0.0417572	0.0500172	0.0582273	0.0663795	0.0744657	0.0824778	0.0904079	0.0982481	0.105991	0.113627	0.121151	0.128555	0.13583	0.142971	0.149969	0.156817	0.16351	0.17004	0.1764	0.182585	0.188588	0.194402	0.200024	0.205445	0.210662	0.215669	0.22046	0.225031	0.229378	0.233496	0.23738	0.241027	0.244433	0.247595	0.250509	0.253172	0.255582	0.257736	0.259631	0.261266	0.262639	0.263749	0.264594	0.265173	0.265485	0.265531	0.265309	0.264821	0.264065	0.263044	0.261758	0.260207	0.258394	0.25632	0.253987	0.251397	0.248553	0.245458	0.242113	0.238524	0.234692	0.230623	0.226319	0.221786	0.217027	0.212048	0.206853	0.201447	0.195836	0.190026	0.184021	0.177829	0.171456	0.164908	0.158191	0.151312	0.144279	0.137098	0.129777	0.122323	0.114743	0.107046	0.0992398	0.0913315	0.0833296	0.0752422	0.0670776	0.0588443	0.0505505	0.0422049	0.033816	0.0253924	0.0169427	0.00847571	0	
0	0.00854679	0.017085	0.0256063	0.034102	0.0425638	0.0509833	0.059352	0.0676617	0.0759041	0.084071	0.0921542	0.100146	0.108038	0.115822	0.123492	0.131038	0.138454	0.145732	0.152865	0.159846	0.166668	0.173324	0.179807	0.186112	0.19223	0.198158	0.203887	0.209414	0.214731	0.219834	0.224718	0.229378	0.233809	0.238006	0.241965	0.245683	0.249155	0.252378	0.255348	0.258063	0.260519	0.262714	0.264646	0.266313	0.267713	0.268844	0.269705	0.270295	0.270613	0.27066	0.270434	0.269936	0.269166	0.268125	0.266814	0.265233	0.263385	0.261271	0.258893	0.256253	0.253354	0.250199	0.24679	0.243131	0.239226	0.235078	0.230691	0.22607	0.221219	0.216144	0.210848	0.205338	0.199619	0.193696	0.187576	0.181264	0.174768	0.168093	0.161246	0.154235	0.147066	0.139746	0.132283	0.124685	0.11696	0.109114	0.101157	0.0930957	0.0849392	0.0766956	0.0683733	0.0599809	0.051527	0.0430202	0.0344692	0.0258829	0.01727	0.00863944	0	
0	0.00870021	0.0173917	0.0260659	0.0347142	0.0433279	0.0518985	0.0604174	0.0688763	0.0772666	0.0855801	0.0938085	0.101944	0.109977	0.117901	0.125708	0.13339	0.140939	0.148348	0.155609	0.162716	0.16966	0.176436	0.183035	0.189453	0.195681	0.201715	0.207547	0.213173	0.218586	0.223781	0.228752	0.233496	0.238006	0.242278	0.246309	0.250093	0.253627	0.256908	0.259932	0.262695	0.265195	0.26743	0.269397	0.271094	0.272518	0.27367	0.274546	0.275147	0.275471	0.275518	0.275289	0.274782	0.273998	0.272938	0.271603	0.269995	0.268113	0.265961	0.263541	0.260853	0.257902	0.25469	0.25122	0.247496	0.24352	0.239298	0.234832	0.230128	0.225191	0.220024	0.214633	0.209024	0.203202	0.197173	0.190943	0.184519	0.177905	0.171111	0.164141	0.157004	0.149706	0.142255	0.134658	0.126924	0.119059	0.111073	0.102973	0.0947669	0.086464	0.0780724	0.0696008	0.0610577	0.052452	0.0437925	0.035088	0.0263476	0.0175801	0.00879453	0	
0	0.00884494	0.0176811	0.0264995	0.0352917	0.0440487	0.0527618	0.0614225	0.0700221	0.078552	0.0870038	0.0953691	0.103639	0.111807	0.119863	0.1278	0.135609	0.143284	0.150816	0.158198	0.165423	0.172483	0.179371	0.18608	0.192604	0.198936	0.20507	0.211	0.216719	0.222222	0.227503	0.232558	0.23738	0.241965	0.246309	0.250406	0.254254	0.257847	0.261182	0.264256	0.267065	0.269607	0.271879	0.273879	0.275603	0.277052	0.278222	0.279113	0.279724	0.280054	0.280102	0.279868	0.279353	0.278556	0.277479	0.276122	0.274486	0.272574	0.270386	0.267925	0.265193	0.262193	0.258927	0.2554	0.251613	0.247572	0.243279	0.238739	0.233957	0.228937	0.223684	0.218204	0.212502	0.206583	0.200454	0.19412	0.187588	0.180865	0.173957	0.166872	0.159616	0.152196	0.144621	0.136898	0.129035	0.12104	0.112921	0.104686	0.0963435	0.0879024	0.0793713	0.0707587	0.0620735	0.0533246	0.044521	0.0356717	0.0267859	0.0178725	0.00894084	0	
0	0.00898083	0.0179527	0.0269067	0.0358339	0.0447254	0.0535724	0.0623662	0.0710979	0.0797589	0.0883405	0.0968343	0.105232	0.113525	0.121704	0.129763	0.137693	0.145485	0.153133	0.160629	0.167964	0.175133	0.182126	0.188939	0.195563	0.201993	0.208221	0.214242	0.220049	0.225636	0.230999	0.236131	0.241027	0.245683	0.250093	0.254254	0.25816	0.261808	0.265195	0.268316	0.271168	0.273749	0.276056	0.278087	0.279838	0.281309	0.282497	0.283402	0.284022	0.284357	0.284406	0.284168	0.283645	0.282836	0.281742	0.280364	0.278704	0.276762	0.27454	0.272041	0.269267	0.266221	0.262906	0.259324	0.255479	0.251375	0.247017	0.242407	0.237552	0.232454	0.227121	0.221557	0.215767	0.209757	0.203533	0.197102	0.19047	0.183644	0.17663	0.169436	0.162068	0.154535	0.146843	0.139002	0.131018	0.1229	0.114656	0.106294	0.0978238	0.089253	0.0805908	0.0718458	0.0630272	0.0541439	0.0452051	0.0362198	0.0271974	0.0181471	0.00907821	0	
0	0.00910775	0.0182064	0.0272869	0.0363403	0.0453575	0.0543295	0.0632475	0.0721026	0.080886	0.0895889	0.0982027	0.106719	0.115129	0.123424	0.131597	0.139639	0.147541	0.155297	0.162899	0.170338	0.177607	0.1847	0.191609	0.198327	0.204847	0.211164	0.217269	0.223158	0.228825	0.234263	0.239468	0.244433	0.249155	0.253627	0.257847	0.261808	0.265508	0.268942	0.272108	0.275001	0.277618	0.279958	0.282016	0.283793	0.285284	0.286489	0.287407	0.288036	0.288375	0.288425	0.288184	0.287653	0.286833	0.285724	0.284326	0.282642	0.280673	0.27842	0.275886	0.273073	0.269983	0.266621	0.262988	0.259089	0.254928	0.250507	0.245833	0.240909	0.23574	0.230331	0.224688	0.218816	0.212721	0.20641	0.199888	0.193162	0.186239	0.179126	0.17183	0.164358	0.156719	0.148919	0.140966	0.132869	0.124637	0.116276	0.107796	0.0992063	0.0905144	0.0817297	0.0728612	0.0639179	0.0549091	0.0458439	0.0367317	0.0275818	0.0184036	0.00920651	0	
0	0.00922555	0.0184419	0.0276399	0.0368103	0.0459441	0.0550322	0.0640656	0.0730352	0.0819322	0.0907477	0.0994729	0.108099	0.116618	0.125021	0.133299	0.141445	0.14945	0.157306	0.165006	0.172541	0.179905	0.187089	0.194087	0.200892	0.207497	0.213895	0.22008	0.226045	0.231785	0.237293	0.242565	0.247595	0.252378	0.256908	0.261182	0.265195	0.268942	0.272421	0.275627	0.278558	0.281209	0.283579	0.285664	0.287463	0.288974	0.290195	0.291124	0.291761	0.292105	0.292155	0.291912	0.291374	0.290543	0.28942	0.288004	0.286298	0.284303	0.282021	0.279454	0.276605	0.273476	0.27007	0.26639	0.262441	0.258225	0.253748	0.249013	0.244025	0.238789	0.23331	0.227594	0.221646	0.215473	0.20908	0.202474	0.195661	0.188648	0.181443	0.174053	0.166484	0.158746	0.150845	0.14279	0.134588	0.126249	0.11778	0.109191	0.10049	0.0916852	0.0827869	0.0738037	0.0647447	0.0556194	0.0464369	0.0372068	0.0279386	0.0186416	0.0093256	0	
0	0.00933412	0.0186589	0.0279651	0.0372435	0.0464848	0.0556799	0.0648196	0.0738948	0.0828965	0.0918157	0.100644	0.109371	0.11799	0.126492	0.134868	0.143109	0.151209	0.159157	0.166948	0.174572	0.182022	0.189291	0.196372	0.203257	0.209939	0.216412	0.22267	0.228705	0.234513	0.240086	0.24542	0.250509	0.255348	0.259932	0.264256	0.268316	0.272108	0.275627	0.278871	0.281836	0.284519	0.286916	0.289026	0.290847	0.292375	0.29361	0.294551	0.295195	0.295543	0.295594	0.295347	0.294803	0.293963	0.292826	0.291394	0.289668	0.287649	0.285341	0.282743	0.27986	0.276694	0.273248	0.269525	0.26553	0.261264	0.256734	0.251944	0.246897	0.241599	0.236056	0.230273	0.224255	0.218009	0.211541	0.204857	0.197964	0.190869	0.183579	0.176101	0.168444	0.160614	0.15262	0.14447	0.136172	0.127735	0.119166	0.110476	0.101672	0.0927643	0.0837613	0.0746723	0.0655068	0.056274	0.0469835	0.0376448	0.0282674	0.0188611	0.00943536	0	
0	0.00943335	0.0188573	0.0282624	0.0376395	0.046979	0.0562718	0.0655087	0.0746804	0.0837777	0.0927918	0.101714	0.110534	0.119245	0.127837	0.136302	0.144631	0.152816	0.160849	0.168722	0.176428	0.183957	0.191304	0.198459	0.205417	0.212171	0.218713	0.225037	0.231137	0.237006	0.242639	0.248029	0.253172	0.258063	0.262695	0.267065	0.271168	0.275001	0.278558	0.281836	0.284832	0.287543	0.289967	0.292099	0.293939	0.295484	0.296732	0.297682	0.298334	0.298685	0.298737	0.298487	0.297938	0.297088	0.295939	0.294492	0.292747	0.290707	0.288374	0.285749	0.282836	0.279636	0.276153	0.272391	0.268353	0.264042	0.259464	0.254622	0.249522	0.244168	0.238566	0.232721	0.226639	0.220327	0.21379	0.207035	0.200068	0.192898	0.18553	0.177974	0.170235	0.162322	0.154243	0.146006	0.13762	0.129093	0.120433	0.11165	0.102753	0.0937506	0.0846518	0.0754662	0.0662032	0.0568723	0.047483	0.038045	0.0285679	0.0190616	0.00953568	0	
0	0.00952314	0.0190368	0.0285314	0.0379977	0.0474262	0.0568074	0.0661322	0.0753912	0.0845751	0.093675	0.102682	0.111586	0.12038	0.129054	0.137599	0.146007	0.154271	0.16238	0.170328	0.178107	0.185708	0.193124	0.200348	0.207373	0.21419	0.220795	0.227179	0.233337	0.239262	0.244948	0.25039	0.255582	0.260519	0.265195	0.269607	0.273749	0.277618	0.281209	0.284519	0.287543	0.29028	0.292727	0.294879	0.296737	0.298296	0.299556	0.300516	0.301173	0.301528	0.30158	0.301328	0.300774	0.299916	0.298756	0.297295	0.295534	0.293475	0.291119	0.288469	0.285528	0.282298	0.278782	0.274984	0.270907	0.266555	0.261934	0.257046	0.251897	0.246492	0.240837	0.234936	0.228797	0.222424	0.215825	0.209005	0.201973	0.194734	0.187296	0.179668	0.171855	0.163867	0.155711	0.147396	0.13893	0.130322	0.12158	0.112713	0.103731	0.094643	0.0854576	0.0761846	0.0668334	0.0574137	0.047935	0.0384071	0.0288399	0.019243	0.00962645	0	
0	0.00960339	0.0191972	0.0287719	0.0383179	0.0478258	0.0572861	0.0666895	0.0760264	0.0852878	0.0944644	0.103547	0.112527	0.121394	0.130141	0.138758	0.147238	0.155571	0.163749	0.171764	0.179608	0.187273	0.194752	0.202037	0.20912	0.215995	0.222655	0.229093	0.235303	0.241278	0.247012	0.2525	0.257736	0.262714	0.26743	0.271879	0.276056	0.279958	0.283579	0.286916	0.289967	0.292727	0.295193	0.297364	0.299237	0.30081	0.302081	0.303048	0.303711	0.304069	0.304121	0.303868	0.303308	0.302443	0.301274	0.2998	0.298024	0.295948	0.293572	0.2909	0.287934	0.284677	0.281131	0.277301	0.27319	0.268802	0.264141	0.259212	0.25402	0.248569	0.242866	0.236916	0.230725	0.224298	0.217643	0.210767	0.203675	0.196375	0.188875	0.181182	0.173303	0.165248	0.157023	0.148638	0.140101	0.13142	0.122604	0.113663	0.104605	0.0954406	0.0861778	0.0768266	0.0673966	0.0578975	0.048339	0.0387308	0.0290829	0.0194052	0.00970757	0	
