0	0	0	0	0	0	0	0	0	0	0	0	0	0	0	0	0	0	0	0	0	0	0	0	0	0	0	0	0	0	0	0	0	0	0	0	0	0	0	0	0	0	0	0	0	0	0	0	0	0	0	0	0	0	0	0	0	0	0	0	0	0	0	0	0	0	0	0	0	0	0	0	0	0	0	0	0	0	0	0	0	0	0	0	0	0	0	0	0	0	0	0	0	0	0	0	0	0	0	0	
0	0.000247974	0.000495699	0.000742929	0.000989416	0.00123491	0.00147918	0.00172197	0.00196304	0.00220215	0.00243906	0.00267354	0.00290535	0.00313427	0.00336005	0.00358248	0.00380134	0.0040164	0.00422745	0.00443428	0.00463669	0.00483446	0.00502741	0.00521533	0.00539805	0.00557537	0.00574712	0.00591313	0.00607323	0.00622725	0.00637504	0.00651646	0.00665136	0.0067796	0.00690105	0.0070156	0.00712311	0.00722349	0.00731663	0.00740244	0.00748082	0.0075517	0.007615	0.00767066	0.00771862	0.00775882	0.00779123	0.00781581	0.00783253	0.00784137	0.00784232	0.00783538	0.00782054	0.00779783	0.00776726	0.00772886	0.00768267	0.00762873	0.00756709	0.0074978	0.00742095	0.00733659	0.00724482	0.00714573	0.0070394	0.00692595	0.0068055	0.00667814	0.00654403	0.00640328	0.00625604	0.00610245	0.00594267	0.00577686	0.00560519	0.00542783	0.00524495	0.00505674	0.00486339	0.0046651	0.00446206	0.00425449	0.00404258	0.00382656	0.00360665	0.00338306	0.00315603	0.00292579	0.00269256	0.00245659	0.00221812	0.00197739	0.00173465	0.00149014	0.00124411	0.000996809	0.000748496	0.000499421	0.000249837	0	
0	0.000495699	0.000990901	0.00148511	0.00197784	0.00246859	0.00295688	0.00344221	0.00392411	0.00440209	0.00487568	0.0053444	0.00580779	0.00626539	0.00671673	0.00716137	0.00759886	0.00802877	0.00845066	0.00886412	0.00926872	0.00966408	0.0100498	0.0104254	0.0107907	0.0111452	0.0114885	0.0118203	0.0121404	0.0124483	0.0127437	0.0130264	0.013296	0.0135524	0.0137952	0.0140242	0.0142391	0.0144397	0.0146259	0.0147975	0.0149541	0.0150958	0.0152224	0.0153336	0.0154295	0.0155099	0.0155747	0.0156238	0.0156572	0.0156749	0.0156768	0.0156629	0.0156332	0.0155878	0.0155267	0.01545	0.0153576	0.0152498	0.0151266	0.0149881	0.0148345	0.0146658	0.0144824	0.0142843	0.0140718	0.013845	0.0136042	0.0133496	0.0130815	0.0128001	0.0125058	0.0121988	0.0118794	0.0115479	0.0112048	0.0108502	0.0104846	0.0101084	0.00972191	0.00932552	0.00891965	0.00850471	0.00808111	0.00764929	0.00720968	0.00676274	0.0063089	0.00584864	0.00538243	0.00491073	0.00443403	0.00395281	0.00346756	0.00297878	0.00248697	0.00199262	0.00149624	0.000998341	0.000499424	0	
0	0.000742929	0.00148511	0.00222581	0.00296428	0.0036998	0.00443161	0.00515901	0.00588125	0.00659763	0.00730742	0.00800992	0.00870443	0.00939025	0.0100667	0.0107331	0.0113888	0.0120331	0.0126654	0.0132851	0.0138915	0.014484	0.0150621	0.0156251	0.0161725	0.0167038	0.0172184	0.0177157	0.0181954	0.0186568	0.0190996	0.0195233	0.0199274	0.0203117	0.0206755	0.0210187	0.0213408	0.0216416	0.0219206	0.0221777	0.0224125	0.0226249	0.0228145	0.0229813	0.023125	0.0232454	0.0233425	0.0234161	0.0234662	0.0234927	0.0234956	0.0234748	0.0234303	0.0233623	0.0232707	0.0231557	0.0230173	0.0228556	0.022671	0.0224634	0.0222331	0.0219804	0.0217055	0.0214086	0.02109	0.0207501	0.0203892	0.0200077	0.0196059	0.0191842	0.0187431	0.0182829	0.0178042	0.0173075	0.0167931	0.0162618	0.0157139	0.01515	0.0145707	0.0139766	0.0133683	0.0127464	0.0121116	0.0114644	0.0108055	0.0101356	0.00945547	0.00876565	0.00806691	0.00735995	0.0066455	0.00592427	0.00519701	0.00446445	0.00372734	0.00298644	0.00224249	0.00149626	0.000748512	0	
0	0.000989416	0.00197784	0.00296428	0.00394777	0.0049273	0.00590192	0.00687065	0.00783252	0.00878658	0.00973186	0.0106674	0.0115924	0.0125057	0.0134066	0.0142941	0.0151673	0.0160254	0.0168675	0.0176928	0.0185004	0.0192895	0.0200594	0.0208092	0.0215382	0.0222457	0.022931	0.0235934	0.0242322	0.0248467	0.0254364	0.0260007	0.0265389	0.0270506	0.0275352	0.0279922	0.0284212	0.0288218	0.0291934	0.0295358	0.0298485	0.0301313	0.0303839	0.030606	0.0307973	0.0309577	0.031087	0.0311851	0.0312518	0.0312871	0.0312909	0.0312632	0.031204	0.0311134	0.0309914	0.0308382	0.0306539	0.0304387	0.0301927	0.0299163	0.0296096	0.029273	0.0289069	0.0285115	0.0280872	0.0276346	0.027154	0.0266458	0.0261107	0.0255491	0.0249616	0.0243488	0.0237113	0.0230497	0.0223647	0.0216571	0.0209274	0.0201764	0.019405	0.0186138	0.0178037	0.0169754	0.0161299	0.015268	0.0143905	0.0134984	0.0125926	0.0116739	0.0107433	0.00980183	0.00885033	0.00788982	0.00692127	0.00594566	0.004964	0.00397728	0.00298651	0.00199269	0.000996853	0	
0	0.00123491	0.00246859	0.0036998	0.0049273	0.00614989	0.00736634	0.00857543	0.00977597	0.0109667	0.0121466	0.0133143	0.0144687	0.0156087	0.0167331	0.0178408	0.0189307	0.0200017	0.0210528	0.0220828	0.0230908	0.0240757	0.0250366	0.0259725	0.0268824	0.0277655	0.0286208	0.0294475	0.0302448	0.0310118	0.0317479	0.0324521	0.0331239	0.0337626	0.0343674	0.0349378	0.0354733	0.0359732	0.036437	0.0368643	0.0372547	0.0376077	0.0379229	0.0382001	0.0384389	0.0386391	0.0388005	0.0389229	0.0390062	0.0390502	0.0390549	0.0390204	0.0389465	0.0388334	0.0386812	0.0384899	0.0382599	0.0379913	0.0376843	0.0373393	0.0369565	0.0365364	0.0360794	0.0355859	0.0350564	0.0344914	0.0338916	0.0332573	0.0325894	0.0318885	0.0311552	0.0303904	0.0295947	0.028769	0.027914	0.0270307	0.02612	0.0251827	0.0242198	0.0232323	0.0222212	0.0211875	0.0201322	0.0190564	0.0179612	0.0168478	0.0157171	0.0145705	0.013409	0.0122339	0.0110463	0.00984749	0.00863861	0.00742093	0.0061957	0.00496414	0.00372754	0.00248713	0.0012442	0	
0	0.00147918	0.00295688	0.00443161	0.00590192	0.00736634	0.0088234	0.0102717	0.0117097	0.013136	0.0145492	0.0159479	0.0173306	0.0186961	0.0200429	0.0213697	0.0226752	0.0239581	0.025217	0.0264508	0.0276582	0.0288379	0.0299888	0.0311098	0.0321997	0.0332575	0.034282	0.0352722	0.0362272	0.037146	0.0380276	0.0388712	0.0396758	0.0404408	0.0411653	0.0418485	0.0424899	0.0430887	0.0436443	0.0441561	0.0446237	0.0450465	0.0454241	0.0457561	0.0460421	0.046282	0.0464753	0.0466219	0.0467216	0.0467744	0.04678	0.0467386	0.0466501	0.0465147	0.0463323	0.0461033	0.0458277	0.045506	0.0451383	0.044725	0.0442665	0.0437634	0.0432159	0.0426248	0.0419906	0.0413139	0.0405953	0.0398357	0.0390356	0.0381961	0.0373178	0.0364016	0.0354485	0.0344595	0.0334354	0.0323774	0.0312865	0.0301639	0.0290105	0.0278277	0.0266166	0.0253784	0.0241143	0.0228258	0.021514	0.0201803	0.018826	0.0174526	0.0160614	0.0146538	0.0132313	0.0117953	0.0103473	0.0088888	0.00742121	0.00594606	0.00446485	0.00297909	0.0014903	0	
0	0.00172197	0.00344221	0.00515901	0.00687065	0.00857543	0.0102717	0.0119576	0.0136316	0.0152921	0.0169372	0.0185655	0.0201752	0.0217648	0.0233327	0.0248773	0.0263971	0.0278905	0.0293561	0.0307924	0.0321979	0.0335713	0.0349112	0.0362161	0.0374849	0.0387163	0.039909	0.0410618	0.0421735	0.0432431	0.0442694	0.0452514	0.0461881	0.0470787	0.0479221	0.0487175	0.0494641	0.0501612	0.050808	0.0514038	0.0519481	0.0524403	0.0528799	0.0532664	0.0535994	0.0538786	0.0541037	0.0542743	0.0543904	0.0544518	0.0544584	0.0544102	0.0543072	0.0541495	0.0539372	0.0536706	0.0533498	0.0529752	0.0525472	0.0520661	0.0515324	0.0509466	0.0503093	0.0496212	0.0488829	0.0480951	0.0472586	0.0463742	0.0454429	0.0444655	0.043443	0.0423765	0.041267	0.0401156	0.0389235	0.0376918	0.0364219	0.0351149	0.0337723	0.0323953	0.0309854	0.0295439	0.0280724	0.0265724	0.0250452	0.0234926	0.0219161	0.0203172	0.0186977	0.0170591	0.0154031	0.0137314	0.0120457	0.0103478	0.00863932	0.00692204	0.0051977	0.00346807	0.00173492	0	
0	0.00196304	0.00392411	0.00588125	0.00783252	0.00977597	0.0117097	0.0136316	0.01554	0.0174329	0.0193084	0.0211646	0.0229997	0.0248119	0.0265992	0.0283601	0.0300926	0.0317951	0.0334659	0.0351032	0.0367055	0.0382712	0.0397986	0.0412863	0.0427327	0.0441365	0.0454961	0.0468103	0.0480777	0.049297	0.050467	0.0515865	0.0526544	0.0536696	0.054631	0.0555378	0.056389	0.0571836	0.0579209	0.0586002	0.0592207	0.0597818	0.060283	0.0607236	0.0611032	0.0614215	0.061678	0.0618726	0.062005	0.0620749	0.0620825	0.0620275	0.0619101	0.0617303	0.0614883	0.0611844	0.0608187	0.0603916	0.0599037	0.0593552	0.0587468	0.058079	0.0573525	0.0565681	0.0557264	0.0548283	0.0538747	0.0528665	0.0518048	0.0506906	0.049525	0.0483091	0.0470443	0.0457317	0.0443727	0.0429686	0.0415209	0.0400309	0.0385003	0.0369306	0.0353233	0.03368	0.0320025	0.0302924	0.0285515	0.0267815	0.0249843	0.0231616	0.0213153	0.0194473	0.0175595	0.0156538	0.0137321	0.0117965	0.00984881	0.00789111	0.00592537	0.0039536	0.0019778	0	
0	0.00220215	0.00440209	0.00659763	0.00878658	0.0109667	0.013136	0.0152921	0.0174329	0.0195564	0.0216603	0.0237426	0.0258012	0.0278341	0.0298392	0.0318145	0.0337581	0.035668	0.0375422	0.039379	0.0411765	0.0429329	0.0446464	0.0463153	0.0479379	0.0495126	0.0510379	0.0525121	0.0539339	0.0553017	0.0566142	0.0578701	0.059068	0.0602069	0.0612855	0.0623027	0.0632575	0.064149	0.0649761	0.0657381	0.0664342	0.0670637	0.0676259	0.0681201	0.068546	0.0689031	0.0691909	0.0694091	0.0695576	0.0696361	0.0696446	0.0695829	0.0694512	0.0692495	0.0689781	0.0686371	0.0682268	0.0677478	0.0672004	0.0665851	0.0659026	0.0651535	0.0643385	0.0634585	0.0625143	0.0615068	0.060437	0.0593061	0.058115	0.0568651	0.0555575	0.0541936	0.0527746	0.0513022	0.0497776	0.0482025	0.0465784	0.044907	0.04319	0.041429	0.0396259	0.0377825	0.0359007	0.0339823	0.0320293	0.0300437	0.0280276	0.0259829	0.0239117	0.0218161	0.0196984	0.0175605	0.0154048	0.0132334	0.0110485	0.00885231	0.00664713	0.00443518	0.00221872	0	
0	0.00243906	0.00487568	0.00730742	0.00973186	0.0121466	0.0145492	0.0169372	0.0193084	0.0216603	0.0239906	0.0262969	0.028577	0.0308286	0.0330494	0.0352372	0.0373899	0.0395052	0.0415812	0.0436156	0.0456064	0.0475517	0.0494496	0.051298	0.0530952	0.0548393	0.0565287	0.0581615	0.0597362	0.0612512	0.0627049	0.0640959	0.0654228	0.0666842	0.0678788	0.0690054	0.070063	0.0710503	0.0719665	0.0728105	0.0735815	0.0742786	0.0749013	0.0754487	0.0759204	0.0763159	0.0766347	0.0768764	0.0770409	0.0771278	0.0771372	0.0770689	0.076923	0.0766996	0.076399	0.0760213	0.0755669	0.0750363	0.07443	0.0737486	0.0729926	0.0721629	0.0712603	0.0702856	0.0692398	0.0681239	0.066939	0.0656864	0.0643672	0.0629828	0.0615346	0.0600239	0.0584523	0.0568214	0.0551329	0.0533883	0.0515895	0.0497383	0.0478365	0.0458861	0.043889	0.0418473	0.039763	0.0376382	0.0354752	0.033276	0.0310429	0.0287782	0.0264842	0.0241632	0.0218176	0.0194498	0.0170621	0.0146571	0.0122371	0.00980468	0.00736225	0.00491233	0.00245742	0	
0	0.00267354	0.0053444	0.00800992	0.0106674	0.0133143	0.0159479	0.0185655	0.0211646	0.0237426	0.0262969	0.028825	0.0313243	0.0337923	0.0362266	0.0386248	0.0409844	0.0433031	0.0455786	0.0478086	0.0499908	0.0521231	0.0542034	0.0562296	0.0581995	0.0601113	0.0619631	0.0637529	0.065479	0.0671396	0.0687331	0.0702578	0.0717122	0.0730949	0.0744044	0.0756393	0.0767985	0.0778808	0.078885	0.0798101	0.0806553	0.0814194	0.082102	0.082702	0.0832191	0.0836526	0.084002	0.084267	0.0844472	0.0845426	0.0845528	0.084478	0.0843181	0.0840732	0.0837436	0.0833296	0.0828316	0.08225	0.0815854	0.0808384	0.0800098	0.0791004	0.0781109	0.0770425	0.0758962	0.074673	0.0733743	0.0720012	0.0705552	0.0690377	0.0674503	0.0657944	0.0640717	0.062284	0.0604331	0.0585208	0.0565491	0.0545199	0.0524353	0.0502974	0.0481083	0.0458703	0.0435857	0.0412566	0.0388856	0.036475	0.0340272	0.0315448	0.0290303	0.0264862	0.0239151	0.0213196	0.0187024	0.0160662	0.0134135	0.0107473	0.00807003	0.00538459	0.00269366	0	
0	0.00290535	0.00580779	0.00870443	0.0115924	0.0144687	0.0173306	0.0201752	0.0229997	0.0258012	0.028577	0.0313243	0.0340403	0.0367223	0.0393677	0.0419738	0.044538	0.0470577	0.0495305	0.0519538	0.0543253	0.0566425	0.0589032	0.061105	0.0632458	0.0653234	0.0673357	0.0692807	0.0711564	0.0729611	0.0746927	0.0763496	0.0779301	0.0794327	0.0808557	0.0821977	0.0834574	0.0846336	0.0857248	0.0867302	0.0876486	0.088479	0.0892207	0.0898728	0.0904347	0.0909058	0.0912855	0.0915735	0.0917694	0.0918729	0.0918841	0.0918027	0.091629	0.0913629	0.0910047	0.0905549	0.0900137	0.0893816	0.0886594	0.0878477	0.0869472	0.0859589	0.0848837	0.0837226	0.0824769	0.0811477	0.0797363	0.0782442	0.0766729	0.0750238	0.0732986	0.0714992	0.0696271	0.0676845	0.0656731	0.063595	0.0614523	0.0592472	0.0569818	0.0546585	0.0522797	0.0498476	0.0473648	0.0448339	0.0422573	0.0396376	0.0369776	0.03428	0.0315474	0.0287827	0.0259887	0.0231681	0.020324	0.0174592	0.0145766	0.0116791	0.00876976	0.00585147	0.00292722	0	
0	0.00313427	0.00626539	0.00939025	0.0125057	0.0156087	0.0186961	0.0217648	0.0248119	0.0278341	0.0308286	0.0337923	0.0367223	0.0396156	0.0424695	0.0452809	0.0480471	0.0507654	0.053433	0.0560473	0.0586056	0.0611054	0.0635442	0.0659195	0.0682289	0.0704702	0.0726411	0.0747393	0.0767629	0.0787097	0.0805777	0.0823652	0.0840703	0.0856912	0.0872263	0.0886741	0.0900331	0.0913019	0.0924791	0.0935637	0.0945544	0.0954503	0.0962504	0.0969539	0.0975601	0.0980683	0.0984779	0.0987886	0.0989999	0.0991116	0.0991237	0.0990359	0.0988485	0.0985614	0.0981751	0.0976897	0.0971059	0.0964241	0.0956449	0.0947692	0.0937978	0.0927316	0.0915717	0.0903192	0.0889753	0.0875414	0.0860188	0.0844091	0.082714	0.080935	0.0790739	0.0771326	0.0751131	0.0730174	0.0708475	0.0686057	0.0662942	0.0639153	0.0614715	0.0589651	0.0563988	0.0537752	0.0510968	0.0483664	0.0455867	0.0427607	0.0398911	0.0369809	0.0340331	0.0310505	0.0280363	0.0249936	0.0219254	0.0188348	0.0157251	0.0125993	0.00946074	0.00631251	0.00315786	0	
0	0.00336005	0.00671673	0.0100667	0.0134066	0.0167331	0.0200429	0.0233327	0.0265992	0.0298392	0.0330494	0.0362266	0.0393677	0.0424695	0.0455289	0.0485428	0.0515083	0.0544224	0.0572822	0.0600848	0.0628274	0.0655073	0.0681217	0.0706682	0.073144	0.0755467	0.077874	0.0801234	0.0822927	0.0843797	0.0863824	0.0882986	0.0901265	0.0918642	0.0935099	0.095062	0.0965189	0.097879	0.0991411	0.100304	0.101366	0.102326	0.103184	0.103938	0.104588	0.105133	0.105572	0.105905	0.106132	0.106251	0.106264	0.10617	0.105969	0.105662	0.105247	0.104727	0.104101	0.10337	0.102535	0.101596	0.100555	0.0994118	0.0981684	0.0968256	0.0953849	0.0938477	0.0922155	0.0904898	0.0886725	0.0867654	0.0847702	0.0826891	0.0805241	0.0782774	0.0759512	0.0735479	0.0710699	0.0685197	0.0658998	0.0632129	0.0604617	0.057649	0.0547777	0.0518506	0.0488707	0.0458411	0.0427648	0.039645	0.0364847	0.0332873	0.030056	0.0267941	0.0235049	0.0201917	0.0168579	0.013507	0.0101423	0.00676726	0.00338535	0	
0	0.00358248	0.00716137	0.0107331	0.0142941	0.0178408	0.0213697	0.0248773	0.0283601	0.0318145	0.0352372	0.0386248	0.0419738	0.0452809	0.0485428	0.0517563	0.0549181	0.0580251	0.0610742	0.0640624	0.0669865	0.0698438	0.0726313	0.0753463	0.077986	0.0805478	0.0830292	0.0854275	0.0877404	0.0899656	0.0921008	0.0941439	0.0960928	0.0979455	0.0997002	0.101355	0.102908	0.104359	0.105704	0.106944	0.108076	0.1091	0.110015	0.110819	0.111512	0.112093	0.112561	0.112916	0.113158	0.113285	0.113299	0.113199	0.112984	0.112656	0.112215	0.11166	0.110993	0.110213	0.109323	0.108322	0.107212	0.105993	0.104667	0.103235	0.101699	0.10006	0.0983201	0.0964802	0.0945426	0.0925092	0.090382	0.0881631	0.0858548	0.0834594	0.0809792	0.0784168	0.0757747	0.0730556	0.0702623	0.0673976	0.0644643	0.0614654	0.058404	0.0552831	0.052106	0.0488758	0.0455959	0.0422695	0.0389	0.035491	0.0320457	0.0285679	0.0250609	0.0215284	0.0179739	0.0144011	0.0108137	0.00721525	0.00360946	0	
0	0.00380134	0.00759886	0.0113888	0.0151673	0.0189307	0.0226752	0.0263971	0.0300926	0.0337581	0.0373899	0.0409844	0.044538	0.0480471	0.0515083	0.0549181	0.0582731	0.0615699	0.0648053	0.067976	0.0710788	0.0741106	0.0770684	0.0799493	0.0827503	0.0854686	0.0881015	0.0906463	0.0931006	0.0954617	0.0977274	0.0998953	0.101963	0.103929	0.105791	0.107547	0.109195	0.110734	0.112162	0.113477	0.114679	0.115765	0.116736	0.117589	0.118324	0.118941	0.119437	0.119814	0.12007	0.120206	0.120221	0.120114	0.119887	0.119539	0.11907	0.118481	0.117773	0.116946	0.116001	0.114939	0.113761	0.112468	0.111061	0.109542	0.107912	0.106173	0.104327	0.102374	0.100318	0.0981607	0.0959036	0.0935491	0.0910998	0.088558	0.0859263	0.0832074	0.0804039	0.0775187	0.0745548	0.071515	0.0684025	0.0652204	0.061972	0.0586604	0.0552892	0.0518617	0.0483814	0.0448518	0.0412765	0.0376592	0.0340035	0.0303131	0.0265919	0.0228436	0.019072	0.0152809	0.0114743	0.00765605	0.00382997	0	
0	0.0040164	0.00802877	0.0120331	0.0160254	0.0200017	0.0239581	0.0278905	0.0317951	0.035668	0.0395052	0.0433031	0.0470577	0.0507654	0.0544224	0.0580251	0.0615699	0.0650533	0.0684717	0.0718218	0.0751001	0.0783035	0.0814286	0.0844725	0.0874319	0.090304	0.0930859	0.0957747	0.0983678	0.100862	0.103256	0.105547	0.107732	0.109809	0.111776	0.113631	0.115373	0.116999	0.118507	0.119897	0.121167	0.122315	0.12334	0.124242	0.125018	0.12567	0.126195	0.126593	0.126864	0.127007	0.127022	0.12691	0.126669	0.126302	0.125807	0.125185	0.124436	0.123563	0.122564	0.121442	0.120197	0.118831	0.117345	0.11574	0.114018	0.11218	0.110229	0.108166	0.105994	0.103714	0.101329	0.0988418	0.0962539	0.0935683	0.0907877	0.0879149	0.0849529	0.0819044	0.0787728	0.075561	0.0722724	0.0689103	0.0654781	0.0619792	0.0584173	0.0547958	0.0511186	0.0473893	0.0436118	0.0397898	0.0359273	0.0320281	0.0280964	0.024136	0.020151	0.0161455	0.0121235	0.0080892	0.00404665	0	
0	0.00422745	0.00845066	0.0126654	0.0168675	0.0210528	0.025217	0.0293561	0.0334659	0.0375422	0.0415812	0.0455786	0.0495305	0.053433	0.0572822	0.0610742	0.0648053	0.0684717	0.0720697	0.0755958	0.0790465	0.0824182	0.0857075	0.0889113	0.0920263	0.0950493	0.0979774	0.100807	0.103537	0.106163	0.108682	0.111093	0.113393	0.115579	0.11765	0.119603	0.121436	0.123147	0.124735	0.126198	0.127534	0.128742	0.129821	0.13077	0.131588	0.132273	0.132826	0.133245	0.13353	0.133681	0.133697	0.133579	0.133326	0.132939	0.132417	0.131763	0.130975	0.130056	0.129005	0.127824	0.126514	0.125075	0.123511	0.121822	0.120009	0.118075	0.116021	0.11385	0.111564	0.109164	0.106654	0.104036	0.101312	0.0984852	0.0955585	0.0925347	0.089417	0.0862084	0.0829122	0.0795317	0.0760703	0.0725315	0.0689189	0.0652362	0.061487	0.0576753	0.0538048	0.0498796	0.0459035	0.0418807	0.0378152	0.0337112	0.0295728	0.0254043	0.0212099	0.0169939	0.0127606	0.00851428	0.0042593	0	
0	0.00443428	0.00886412	0.0132851	0.0176928	0.0220828	0.0264508	0.0307924	0.0351032	0.039379	0.0436156	0.0478086	0.0519538	0.0560473	0.0600848	0.0640624	0.067976	0.0718218	0.0755958	0.0792945	0.0829139	0.0864506	0.0899009	0.0932614	0.0965288	0.0996997	0.102771	0.10574	0.108602	0.111357	0.114	0.116529	0.118941	0.121234	0.123406	0.125454	0.127377	0.129172	0.130838	0.132372	0.133774	0.135041	0.136173	0.137169	0.138026	0.138745	0.139325	0.139764	0.140063	0.140221	0.140238	0.140114	0.139849	0.139443	0.138896	0.13821	0.137384	0.136419	0.135317	0.134078	0.132703	0.131195	0.129554	0.127782	0.125881	0.123852	0.121698	0.119421	0.117022	0.114505	0.111872	0.109126	0.106269	0.103304	0.100234	0.0970622	0.0937919	0.0904263	0.0869688	0.0834229	0.0797921	0.0760802	0.0722909	0.068428	0.0644954	0.0604972	0.0564374	0.05232	0.0481494	0.0439298	0.0396654	0.0353606	0.0310197	0.0266472	0.0222476	0.0178254	0.0133849	0.00893086	0.0044677	0	
0	0.00463669	0.00926872	0.0138915	0.0185004	0.0230908	0.0276582	0.0321979	0.0367055	0.0411765	0.0456064	0.0499908	0.0543253	0.0586056	0.0628274	0.0669865	0.0710788	0.0751001	0.0790465	0.0829139	0.0866986	0.0903967	0.0940045	0.0975184	0.100935	0.104251	0.107462	0.110566	0.11356	0.11644	0.119203	0.121848	0.12437	0.126768	0.129039	0.131181	0.133191	0.135068	0.13681	0.138414	0.13988	0.141205	0.142389	0.14343	0.144326	0.145078	0.145684	0.146144	0.146456	0.146622	0.14664	0.14651	0.146232	0.145808	0.145236	0.144518	0.143655	0.142646	0.141493	0.140198	0.138761	0.137184	0.135468	0.133615	0.131627	0.129505	0.127253	0.124872	0.122364	0.119732	0.116979	0.114107	0.11112	0.108019	0.104809	0.101493	0.0980732	0.094554	0.0909386	0.0872309	0.0834344	0.079553	0.0755907	0.0715515	0.0674394	0.0632587	0.0590135	0.0547083	0.0503473	0.045935	0.041476	0.0369747	0.0324357	0.0278636	0.0232632	0.018639	0.0139959	0.00933852	0.00467163	0	
0	0.00483446	0.00966408	0.014484	0.0192895	0.0240757	0.0288379	0.0335713	0.0382712	0.0429329	0.0475517	0.0521231	0.0566425	0.0611054	0.0655073	0.0698438	0.0741106	0.0783035	0.0824182	0.0864506	0.0903967	0.0942525	0.0980142	0.101678	0.10524	0.108697	0.112046	0.115282	0.118404	0.121406	0.124288	0.127045	0.129675	0.132175	0.134543	0.136776	0.138872	0.140829	0.142645	0.144318	0.145846	0.147228	0.148463	0.149548	0.150483	0.151267	0.151898	0.152378	0.152704	0.152876	0.152895	0.152759	0.15247	0.152027	0.151431	0.150683	0.149782	0.148731	0.147529	0.146178	0.14468	0.143035	0.141246	0.139314	0.137241	0.135029	0.132681	0.130198	0.127583	0.124839	0.121969	0.118974	0.115859	0.112627	0.10928	0.105822	0.102257	0.0985872	0.0948177	0.0909517	0.0869933	0.0829464	0.0788151	0.0746035	0.0703161	0.065957	0.0615308	0.0570419	0.0524949	0.0478944	0.0432452	0.0385518	0.0338192	0.0290521	0.0242555	0.0194341	0.0145929	0.00973686	0.0048709	0	
0	0.00502741	0.0100498	0.0150621	0.0200594	0.0250366	0.0299888	0.0349112	0.0397986	0.0446464	0.0494496	0.0542034	0.0589032	0.0635442	0.0681217	0.0726313	0.0770684	0.0814286	0.0857075	0.0899009	0.0940045	0.0980142	0.101926	0.105736	0.109441	0.113036	0.116518	0.119883	0.123129	0.126252	0.129248	0.132116	0.13485	0.13745	0.139913	0.142235	0.144415	0.14645	0.148339	0.150078	0.151667	0.153104	0.154388	0.155516	0.156489	0.157304	0.157961	0.158459	0.158798	0.158977	0.158997	0.158856	0.158555	0.158095	0.157475	0.156697	0.15576	0.154667	0.153417	0.152012	0.150454	0.148744	0.146883	0.144874	0.142719	0.140419	0.137976	0.135394	0.132675	0.129822	0.126837	0.123723	0.120484	0.117122	0.113641	0.110045	0.106338	0.102522	0.098602	0.0945818	0.0904653	0.0862569	0.0819607	0.0775811	0.0731225	0.0685895	0.0639866	0.0593185	0.0545901	0.049806	0.0449711	0.0400905	0.035169	0.0302117	0.0252236	0.0202097	0.0151753	0.0101255	0.00506531	0	
0	0.00521533	0.0104254	0.0156251	0.0208092	0.0259725	0.0311098	0.0362161	0.0412863	0.0463153	0.051298	0.0562296	0.061105	0.0659195	0.0706682	0.0753463	0.0799493	0.0844725	0.0889113	0.0932614	0.0975184	0.101678	0.105736	0.109689	0.113531	0.117261	0.120873	0.124365	0.127732	0.130971	0.13408	0.137054	0.139891	0.142588	0.145143	0.147552	0.149813	0.151925	0.153884	0.155688	0.157337	0.158828	0.160159	0.16133	0.162338	0.163184	0.163866	0.164382	0.164734	0.16492	0.16494	0.164794	0.164482	0.164005	0.163362	0.162554	0.161583	0.160448	0.159152	0.157695	0.156078	0.154304	0.152374	0.15029	0.148054	0.145668	0.143134	0.140456	0.137635	0.134675	0.131578	0.128348	0.124987	0.1215	0.117889	0.114159	0.110313	0.106354	0.102288	0.0981173	0.0938471	0.0894813	0.0850245	0.0804812	0.0758559	0.0711534	0.0663785	0.0615359	0.0566307	0.0516678	0.0466522	0.0415891	0.0364837	0.031341	0.0261664	0.0209652	0.0157426	0.010504	0.00525466	0	
0	0.00539805	0.0107907	0.0161725	0.0215382	0.0268824	0.0321997	0.0374849	0.0427327	0.0479379	0.0530952	0.0581995	0.0632458	0.0682289	0.073144	0.077986	0.0827503	0.0874319	0.0920263	0.0965288	0.100935	0.10524	0.109441	0.113531	0.117509	0.121369	0.125108	0.128722	0.132207	0.13556	0.138777	0.141856	0.144792	0.147584	0.150228	0.152721	0.155062	0.157247	0.159275	0.161143	0.162849	0.164392	0.16577	0.166982	0.168026	0.168901	0.169607	0.170142	0.170506	0.170698	0.170719	0.170568	0.170245	0.169751	0.169085	0.168249	0.167244	0.166069	0.164728	0.163219	0.161546	0.15971	0.157712	0.155555	0.153241	0.150771	0.148149	0.145377	0.142457	0.139393	0.136188	0.132844	0.129366	0.125757	0.12202	0.118159	0.114178	0.110081	0.105872	0.101555	0.097135	0.0926163	0.0880034	0.0833008	0.0785135	0.0736463	0.0687041	0.0636919	0.0586148	0.053478	0.0482867	0.0430462	0.0377619	0.0324391	0.0270832	0.0216997	0.0162942	0.010872	0.00543876	0	
0	0.00557537	0.0111452	0.0167038	0.0222457	0.0277655	0.0332575	0.0387163	0.0441365	0.0495126	0.0548393	0.0601113	0.0653234	0.0704702	0.0755467	0.0805478	0.0854686	0.090304	0.0950493	0.0996997	0.104251	0.108697	0.113036	0.117261	0.121369	0.125356	0.129218	0.13295	0.13655	0.140013	0.143336	0.146516	0.149549	0.152432	0.155163	0.157738	0.160156	0.162413	0.164507	0.166436	0.168199	0.169792	0.171216	0.172467	0.173545	0.174449	0.175178	0.175731	0.176107	0.176306	0.176327	0.176171	0.175837	0.175327	0.17464	0.173776	0.172738	0.171525	0.170139	0.168581	0.166853	0.164957	0.162893	0.160665	0.158275	0.155724	0.153016	0.150152	0.147137	0.143972	0.140662	0.137208	0.133616	0.129888	0.126028	0.12204	0.117928	0.113697	0.109349	0.104891	0.100326	0.0956588	0.0908943	0.0860373	0.0810927	0.0760656	0.070961	0.0657842	0.0605403	0.0552348	0.0498729	0.0444603	0.0390024	0.0335047	0.0279729	0.0224126	0.0168294	0.0112291	0.00561743	0	
0	0.00574712	0.0114885	0.0172184	0.022931	0.0286208	0.034282	0.039909	0.0454961	0.0510379	0.0565287	0.0619631	0.0673357	0.0726411	0.077874	0.0830292	0.0881015	0.0930859	0.0979774	0.102771	0.107462	0.112046	0.116518	0.120873	0.125108	0.129218	0.133198	0.137046	0.140756	0.144326	0.147752	0.151029	0.154156	0.157128	0.159943	0.162598	0.165089	0.167416	0.169575	0.171563	0.17338	0.175023	0.17649	0.17778	0.178892	0.179823	0.180575	0.181144	0.181532	0.181737	0.181759	0.181598	0.181254	0.180728	0.180019	0.17913	0.178059	0.176809	0.17538	0.173774	0.171993	0.170038	0.167911	0.165615	0.16315	0.160521	0.157729	0.154778	0.151669	0.148407	0.144995	0.141435	0.137732	0.133889	0.129911	0.1258	0.121561	0.117199	0.112718	0.108122	0.103417	0.0986057	0.0936944	0.0886878	0.0835909	0.0784089	0.0731471	0.0678107	0.0624053	0.0569363	0.0514093	0.04583	0.0402039	0.0345369	0.0288346	0.023103	0.0173479	0.0115751	0.00579048	0	
0	0.00591313	0.0118203	0.0177157	0.0235934	0.0294475	0.0352722	0.0410618	0.0468103	0.0525121	0.0581615	0.0637529	0.0692807	0.0747393	0.0801234	0.0854275	0.0906463	0.0957747	0.100807	0.10574	0.110566	0.115282	0.119883	0.124365	0.128722	0.13295	0.137046	0.141004	0.144822	0.148495	0.152019	0.155392	0.158609	0.161667	0.164563	0.167294	0.169858	0.172252	0.174473	0.176519	0.178388	0.180079	0.181588	0.182915	0.184059	0.185018	0.185791	0.186377	0.186775	0.186986	0.187009	0.186844	0.18649	0.185948	0.185219	0.184304	0.183202	0.181916	0.180446	0.178794	0.176961	0.17495	0.172762	0.170399	0.167863	0.165158	0.162286	0.159249	0.156051	0.152694	0.149183	0.145521	0.141711	0.137757	0.133663	0.129434	0.125073	0.120585	0.115974	0.111246	0.106404	0.101454	0.0964009	0.0912496	0.0860055	0.0806738	0.07526	0.0697695	0.064208	0.058581	0.0528944	0.0471538	0.0413652	0.0355345	0.0296676	0.0237704	0.017849	0.0119094	0.00595774	0	
0	0.00607323	0.0121404	0.0181954	0.0242322	0.0302448	0.0362272	0.0421735	0.0480777	0.0539339	0.0597362	0.065479	0.0711564	0.0767629	0.0822927	0.0877404	0.0931006	0.0983678	0.103537	0.108602	0.11356	0.118404	0.123129	0.127732	0.132207	0.13655	0.140756	0.144822	0.148743	0.152516	0.156135	0.159599	0.162903	0.166044	0.169018	0.171824	0.174457	0.176916	0.179197	0.181298	0.183218	0.184954	0.186505	0.187868	0.189042	0.190027	0.190821	0.191423	0.191832	0.192049	0.192072	0.191902	0.191539	0.190983	0.190234	0.189294	0.188163	0.186842	0.185332	0.183635	0.181753	0.179687	0.177439	0.175012	0.172408	0.16963	0.166679	0.16356	0.160276	0.156828	0.153222	0.149461	0.145548	0.141487	0.137282	0.132938	0.128459	0.12385	0.119114	0.114258	0.109285	0.104201	0.099011	0.0937203	0.0883342	0.0828581	0.0772977	0.0716586	0.0659464	0.0601671	0.0543265	0.0484306	0.0424852	0.0364966	0.0304708	0.024414	0.0183323	0.0122319	0.00611905	0	
0	0.00622725	0.0124483	0.0186568	0.0248467	0.0310118	0.037146	0.0432431	0.049297	0.0553017	0.0612512	0.0671396	0.0729611	0.0787097	0.0843797	0.0899656	0.0954617	0.100862	0.106163	0.111357	0.11644	0.121406	0.126252	0.130971	0.13556	0.140013	0.144326	0.148495	0.152516	0.156384	0.160095	0.163647	0.167034	0.170255	0.173305	0.176181	0.178882	0.181402	0.183742	0.185896	0.187865	0.189645	0.191235	0.192632	0.193837	0.194847	0.19566	0.196278	0.196698	0.19692	0.196944	0.196769	0.196397	0.195827	0.195059	0.194095	0.192935	0.19158	0.190032	0.188292	0.186362	0.184244	0.181939	0.179451	0.176781	0.173932	0.170907	0.167709	0.164341	0.160806	0.157108	0.153251	0.149239	0.145075	0.140764	0.13631	0.131717	0.126991	0.122135	0.117155	0.112056	0.106844	0.101522	0.0960972	0.0905745	0.0849596	0.0792581	0.073476	0.067619	0.0616931	0.0557043	0.0496588	0.0435627	0.0374223	0.0312436	0.0250332	0.0187972	0.0125421	0.00627425	0	
0	0.00637504	0.0127437	0.0190996	0.0254364	0.0317479	0.0380276	0.0442694	0.050467	0.0566142	0.0627049	0.0687331	0.0746927	0.0805777	0.0863824	0.0921008	0.0977274	0.103256	0.108682	0.114	0.119203	0.124288	0.129248	0.13408	0.138777	0.143336	0.147752	0.152019	0.156135	0.160095	0.163895	0.167531	0.170999	0.174296	0.177418	0.180363	0.183127	0.185708	0.188102	0.190308	0.192324	0.194146	0.195773	0.197204	0.198437	0.199471	0.200304	0.200936	0.201366	0.201593	0.201618	0.201439	0.201058	0.200474	0.199689	0.198701	0.197514	0.196127	0.194542	0.192761	0.190785	0.188617	0.186258	0.18371	0.180977	0.17806	0.174963	0.171689	0.168241	0.164623	0.160837	0.156889	0.152781	0.148518	0.144105	0.139545	0.134843	0.130005	0.125034	0.119936	0.114716	0.10938	0.103932	0.098378	0.0927242	0.0869761	0.0811393	0.0752199	0.0692239	0.0631574	0.0570265	0.0508375	0.0445967	0.0383105	0.0319852	0.0256273	0.0192434	0.0128398	0.00642316	0	
0	0.00651646	0.0130264	0.0195233	0.0260007	0.0324521	0.0388712	0.0452514	0.0515865	0.0578701	0.0640959	0.0702578	0.0763496	0.0823652	0.0882986	0.0941439	0.0998953	0.105547	0.111093	0.116529	0.121848	0.127045	0.132116	0.137054	0.141856	0.146516	0.151029	0.155392	0.159599	0.163647	0.167531	0.171247	0.174792	0.178162	0.181354	0.184364	0.18719	0.189827	0.192275	0.19453	0.19659	0.198453	0.200116	0.201579	0.202839	0.203896	0.204748	0.205394	0.205833	0.206065	0.206091	0.205908	0.205518	0.204922	0.204118	0.203109	0.201895	0.200478	0.198858	0.197037	0.195018	0.192801	0.190389	0.187785	0.184991	0.18201	0.178844	0.175498	0.171973	0.168275	0.164405	0.160369	0.15617	0.151813	0.147302	0.142641	0.137835	0.132889	0.127808	0.122597	0.117261	0.111806	0.106237	0.10056	0.0947812	0.0889055	0.0829393	0.0768886	0.0707596	0.0645584	0.0582915	0.0519653	0.045586	0.0391603	0.0326948	0.0261959	0.0196703	0.0131246	0.00656566	0	
0	0.00665136	0.013296	0.0199274	0.0265389	0.0331239	0.0396758	0.0461881	0.0526544	0.059068	0.0654228	0.0717122	0.0779301	0.0840703	0.0901265	0.0960928	0.101963	0.107732	0.113393	0.118941	0.12437	0.129675	0.13485	0.139891	0.144792	0.149549	0.154156	0.158609	0.162903	0.167034	0.170999	0.174792	0.17841	0.18185	0.185108	0.188181	0.191065	0.193757	0.196256	0.198557	0.20066	0.202561	0.204259	0.205752	0.207039	0.208117	0.208986	0.209646	0.210094	0.210331	0.210357	0.210171	0.209773	0.209164	0.208344	0.207314	0.206075	0.204628	0.202975	0.201116	0.199055	0.196792	0.194331	0.191673	0.188821	0.185778	0.182547	0.179131	0.175533	0.171758	0.167809	0.163689	0.159403	0.154956	0.150351	0.145593	0.140688	0.13564	0.130453	0.125135	0.119688	0.114121	0.108437	0.102642	0.0967434	0.090746	0.0846563	0.0784803	0.0722244	0.0658949	0.0594983	0.0530411	0.0465298	0.039971	0.0333716	0.0267382	0.0200775	0.0133963	0.00670158	0	
0	0.0067796	0.0135524	0.0203117	0.0270506	0.0337626	0.0404408	0.0470787	0.0536696	0.0602069	0.0666842	0.0730949	0.0794327	0.0856912	0.0918642	0.0979455	0.103929	0.109809	0.115579	0.121234	0.126768	0.132175	0.13745	0.142588	0.147584	0.152432	0.157128	0.161667	0.166044	0.170255	0.174296	0.178162	0.18185	0.185356	0.188677	0.191809	0.194748	0.197493	0.20004	0.202386	0.204529	0.206467	0.208197	0.209719	0.21103	0.21213	0.213016	0.213688	0.214145	0.214387	0.214413	0.214223	0.213818	0.213197	0.212361	0.211311	0.210048	0.208574	0.206888	0.204994	0.202893	0.200587	0.198078	0.195368	0.192462	0.18936	0.186067	0.182585	0.178918	0.17507	0.171044	0.166845	0.162477	0.157944	0.15325	0.148401	0.143401	0.138255	0.132969	0.127547	0.121996	0.116321	0.110527	0.104621	0.0986087	0.0924958	0.0862886	0.0799935	0.073617	0.0671655	0.0606455	0.0540638	0.0474269	0.0407417	0.0340151	0.0272537	0.0204646	0.0136546	0.00683079	0	
0	0.00690105	0.0137952	0.0206755	0.0275352	0.0343674	0.0411653	0.0479221	0.054631	0.0612855	0.0678788	0.0744044	0.0808557	0.0872263	0.0935099	0.0997002	0.105791	0.111776	0.11765	0.123406	0.129039	0.134543	0.139913	0.145143	0.150228	0.155163	0.159943	0.164563	0.169018	0.173305	0.177418	0.181354	0.185108	0.188677	0.192057	0.195245	0.198237	0.201031	0.203623	0.206011	0.208193	0.210165	0.211927	0.213476	0.214811	0.21593	0.216832	0.217516	0.217981	0.218227	0.218254	0.218061	0.217648	0.217016	0.216165	0.215097	0.213811	0.21231	0.210595	0.208667	0.206528	0.20418	0.201626	0.198869	0.19591	0.192752	0.1894	0.185856	0.182123	0.178206	0.174109	0.169834	0.165388	0.160773	0.155995	0.151059	0.14597	0.140732	0.135351	0.129832	0.124182	0.118405	0.112508	0.106496	0.100375	0.0941529	0.0878345	0.0814267	0.0749359	0.0683688	0.061732	0.0550323	0.0482766	0.0414717	0.0346245	0.027742	0.0208312	0.0138993	0.00695317	0	
0	0.0070156	0.0140242	0.0210187	0.0279922	0.0349378	0.0418485	0.0487175	0.0555378	0.0623027	0.0690054	0.0756393	0.0821977	0.0886741	0.095062	0.101355	0.107547	0.113631	0.119603	0.125454	0.131181	0.136776	0.142235	0.147552	0.152721	0.157738	0.162598	0.167294	0.171824	0.176181	0.180363	0.184364	0.188181	0.191809	0.195245	0.198486	0.201528	0.204368	0.207003	0.209431	0.211648	0.213654	0.215445	0.21702	0.218377	0.219514	0.220431	0.221126	0.2216	0.22185	0.221877	0.22168	0.221261	0.220618	0.219754	0.218667	0.21736	0.215834	0.21409	0.21213	0.209956	0.207569	0.204973	0.202169	0.199161	0.195952	0.192544	0.188941	0.185146	0.181164	0.176998	0.172653	0.168133	0.163442	0.158585	0.153567	0.148393	0.143068	0.137598	0.131987	0.126243	0.12037	0.114375	0.108263	0.102041	0.0957157	0.0892924	0.0827783	0.0761797	0.0695036	0.0627567	0.0559458	0.0490779	0.04216	0.0351992	0.0282025	0.021177	0.01413	0.00706859	0	
0	0.00712311	0.0142391	0.0213408	0.0284212	0.0354733	0.0424899	0.0494641	0.056389	0.0632575	0.070063	0.0767985	0.0834574	0.0900331	0.0965189	0.102908	0.109195	0.115373	0.121436	0.127377	0.133191	0.138872	0.144415	0.149813	0.155062	0.160156	0.165089	0.169858	0.174457	0.178882	0.183127	0.18719	0.191065	0.194748	0.198237	0.201528	0.204616	0.2075	0.210176	0.21264	0.214892	0.216928	0.218747	0.220346	0.221723	0.222878	0.223809	0.224515	0.224996	0.22525	0.225277	0.225078	0.224652	0.223999	0.223121	0.222019	0.220692	0.219142	0.217371	0.215381	0.213174	0.210751	0.208115	0.205268	0.202214	0.198955	0.195495	0.191836	0.187984	0.183941	0.179711	0.175299	0.17071	0.165947	0.161015	0.15592	0.150667	0.145261	0.139706	0.13401	0.128178	0.122215	0.116128	0.109923	0.103605	0.0971827	0.090661	0.0840469	0.0773473	0.0705689	0.0637185	0.0568033	0.0498301	0.0428062	0.0357387	0.0286347	0.0215016	0.0143466	0.00717693	0	
0	0.00722349	0.0144397	0.0216416	0.0288218	0.0359732	0.0430887	0.0501612	0.0571836	0.064149	0.0710503	0.0778808	0.0846336	0.0913019	0.097879	0.104359	0.110734	0.116999	0.123147	0.129172	0.135068	0.140829	0.14645	0.151925	0.157247	0.162413	0.167416	0.172252	0.176916	0.181402	0.185708	0.189827	0.193757	0.197493	0.201031	0.204368	0.2075	0.210424	0.213137	0.215637	0.217921	0.219985	0.221829	0.223451	0.224848	0.226019	0.226963	0.227679	0.228167	0.228424	0.228452	0.22825	0.227818	0.227156	0.226266	0.225147	0.223802	0.22223	0.220435	0.218417	0.216178	0.213721	0.211047	0.208161	0.205064	0.201759	0.19825	0.19454	0.190633	0.186533	0.182244	0.17777	0.173115	0.168285	0.163284	0.158118	0.15279	0.147308	0.141675	0.135899	0.129984	0.123938	0.117765	0.111472	0.105066	0.0985523	0.0919387	0.0852314	0.0784374	0.0715634	0.0646165	0.0576038	0.0505324	0.0434095	0.0362423	0.0290383	0.0218046	0.0145487	0.00727807	0	
0	0.00731663	0.0146259	0.0219206	0.0291934	0.036437	0.0436443	0.050808	0.0579209	0.0649761	0.0719665	0.078885	0.0857248	0.0924791	0.0991411	0.105704	0.112162	0.118507	0.124735	0.130838	0.13681	0.142645	0.148339	0.153884	0.159275	0.164507	0.169575	0.174473	0.179197	0.183742	0.188102	0.192275	0.196256	0.20004	0.203623	0.207003	0.210176	0.213137	0.215886	0.218418	0.220731	0.222822	0.22469	0.226332	0.227747	0.228934	0.22989	0.230615	0.231109	0.23137	0.231398	0.231193	0.230755	0.230085	0.229183	0.228051	0.226688	0.225096	0.223277	0.221233	0.218965	0.216477	0.213769	0.210845	0.207708	0.20436	0.200806	0.197049	0.193091	0.188938	0.184594	0.180062	0.175348	0.170455	0.16539	0.160157	0.154761	0.149207	0.143502	0.137651	0.131661	0.125536	0.119283	0.112909	0.10642	0.0998231	0.0931242	0.0863305	0.0794488	0.0724862	0.0654498	0.0583466	0.051184	0.0439693	0.0367097	0.0294127	0.0220858	0.0147364	0.00737192	0	
0	0.00740244	0.0147975	0.0221777	0.0295358	0.0368643	0.0441561	0.0514038	0.0586002	0.0657381	0.0728105	0.0798101	0.0867302	0.0935637	0.100304	0.106944	0.113477	0.119897	0.126198	0.132372	0.138414	0.144318	0.150078	0.155688	0.161143	0.166436	0.171563	0.176519	0.181298	0.185896	0.190308	0.19453	0.198557	0.202386	0.206011	0.209431	0.21264	0.215637	0.218418	0.220979	0.223319	0.225435	0.227325	0.228987	0.230418	0.231619	0.232586	0.23332	0.233819	0.234083	0.234112	0.233904	0.233462	0.232784	0.231871	0.230725	0.229346	0.227736	0.225896	0.223828	0.221534	0.219015	0.216276	0.213318	0.210144	0.206757	0.203161	0.19936	0.195356	0.191154	0.186759	0.182174	0.177404	0.172455	0.16733	0.162035	0.156576	0.150957	0.145185	0.139266	0.133205	0.127008	0.120682	0.114233	0.107668	0.100994	0.0942164	0.087343	0.0803806	0.0733364	0.0662174	0.0590309	0.0517843	0.0444849	0.0371402	0.0297577	0.0223448	0.0149092	0.00745839	0	
0	0.00748082	0.0149541	0.0224125	0.0298485	0.0372547	0.0446237	0.0519481	0.0592207	0.0664342	0.0735815	0.0806553	0.0876486	0.0945544	0.101366	0.108076	0.114679	0.121167	0.127534	0.133774	0.13988	0.145846	0.151667	0.157337	0.162849	0.168199	0.17338	0.178388	0.183218	0.187865	0.192324	0.19659	0.20066	0.204529	0.208193	0.211648	0.214892	0.217921	0.220731	0.223319	0.225684	0.227822	0.229732	0.231411	0.232858	0.234071	0.235049	0.235791	0.236295	0.236562	0.236591	0.236381	0.235934	0.235249	0.234327	0.233168	0.231775	0.230148	0.228288	0.226198	0.223879	0.221335	0.218566	0.215577	0.212369	0.208947	0.205313	0.201471	0.197425	0.193179	0.188737	0.184103	0.179283	0.174281	0.169102	0.163751	0.158234	0.152556	0.146723	0.140741	0.134615	0.128353	0.12196	0.115443	0.108809	0.102063	0.0952142	0.088268	0.0812319	0.074113	0.0669186	0.0596561	0.0523327	0.044956	0.0375335	0.0300728	0.0225814	0.0150671	0.00753737	0	
0	0.0075517	0.0150958	0.0226249	0.0301313	0.0376077	0.0450465	0.0524403	0.0597818	0.0670637	0.0742786	0.0814194	0.088479	0.0954503	0.102326	0.1091	0.115765	0.122315	0.128742	0.135041	0.141205	0.147228	0.153104	0.158828	0.164392	0.169792	0.175023	0.180079	0.184954	0.189645	0.194146	0.198453	0.202561	0.206467	0.210165	0.213654	0.216928	0.219985	0.222822	0.225435	0.227822	0.229981	0.231909	0.233604	0.235065	0.236289	0.237276	0.238025	0.238534	0.238803	0.238832	0.238621	0.238169	0.237478	0.236547	0.235378	0.233971	0.232328	0.230451	0.228341	0.226001	0.223432	0.220637	0.217619	0.214381	0.210927	0.207258	0.20338	0.199295	0.195009	0.190525	0.185848	0.180982	0.175932	0.170704	0.165303	0.159733	0.154001	0.148113	0.142074	0.135891	0.129569	0.123116	0.116537	0.10984	0.10303	0.0961164	0.0891044	0.0820016	0.0748153	0.0675527	0.0602213	0.0528286	0.045382	0.0378892	0.0303578	0.0227954	0.0152098	0.00760879	0	
0	0.007615	0.0152224	0.0228145	0.0303839	0.0379229	0.0454241	0.0528799	0.060283	0.0676259	0.0749013	0.082102	0.0892207	0.0962504	0.103184	0.110015	0.116736	0.12334	0.129821	0.136173	0.142389	0.148463	0.154388	0.160159	0.16577	0.171216	0.17649	0.181588	0.186505	0.191235	0.195773	0.200116	0.204259	0.208197	0.211927	0.215445	0.218747	0.221829	0.22469	0.227325	0.229732	0.231909	0.233853	0.235562	0.237035	0.23827	0.239265	0.24002	0.240534	0.240805	0.240835	0.240621	0.240166	0.239469	0.23853	0.237351	0.235932	0.234276	0.232383	0.230255	0.227895	0.225305	0.222487	0.219444	0.216179	0.212695	0.208996	0.205085	0.200966	0.196644	0.192122	0.187406	0.182499	0.177407	0.172135	0.166688	0.161072	0.155292	0.149355	0.143265	0.13703	0.130655	0.124148	0.117514	0.110761	0.103894	0.0969222	0.0898514	0.082689	0.0754425	0.068119	0.0607262	0.0532715	0.0457625	0.0382068	0.0306123	0.0229865	0.0153374	0.00767258	0	
