0	0	0	0	0	0	0	0	0	0	0	0	0	0	0	0	0	0	0	0	0	0	0	0	0	0	0	0	0	0	0	0	0	0	0	0	0	0	0	0	0	0	0	0	0	0	0	0	0	0	0	0	0	0	0	0	0	0	0	0	0	0	0	0	0	0	0	0	0	0	0	0	0	0	0	0	0	0	0	0	0	0	0	0	0	0	0	0	0	0	0	0	0	0	0	0	0	0	0	0	
0	0.000234041	0.000467846	0.000701183	0.000933819	0.00116552	0.00139606	0.0016252	0.00185272	0.00207839	0.00230198	0.00252328	0.00274205	0.00295809	0.00317117	0.00338108	0.00358762	0.00379058	0.00398975	0.00418493	0.00437593	0.00456256	0.00474463	0.00492196	0.00509437	0.00526168	0.00542374	0.00558037	0.00573142	0.00587673	0.00601616	0.00614958	0.00627683	0.0063978	0.00651237	0.0066204	0.00672181	0.00681648	0.00690431	0.00698522	0.00705912	0.00712594	0.00718561	0.00723806	0.00728324	0.00732111	0.00735161	0.00737473	0.00739043	0.0073987	0.00739952	0.00739289	0.00737882	0.00735731	0.00732839	0.00729208	0.00724842	0.00719745	0.00713922	0.00707378	0.00700119	0.00692153	0.00683488	0.00674132	0.00664094	0.00653385	0.00642014	0.00629994	0.00617335	0.00604051	0.00590156	0.00575662	0.00560584	0.00544938	0.00528739	0.00512003	0.00494748	0.00476991	0.00458749	0.00440041	0.00420886	0.00401303	0.00381313	0.00360935	0.00340189	0.00319098	0.00297682	0.00275964	0.00253965	0.00231707	0.00209213	0.00186507	0.00163611	0.00140548	0.00117343	0.000940176	0.000705969	0.000471045	0.000235642	0	
0	0.000467846	0.000935222	0.00140166	0.0018667	0.00232987	0.00279072	0.00324877	0.00370358	0.00415469	0.00460166	0.00504402	0.00548135	0.00591321	0.00633916	0.00675878	0.00717164	0.00757735	0.00797549	0.00836566	0.00874747	0.00912054	0.0094845	0.00983898	0.0101836	0.0105181	0.010842	0.0111551	0.0114571	0.0117476	0.0120263	0.012293	0.0125474	0.0127892	0.0130182	0.0132342	0.0134369	0.0136261	0.0138017	0.0139634	0.0141112	0.0142447	0.014364	0.0144689	0.0145592	0.0146349	0.0146958	0.0147421	0.0147734	0.01479	0.0147916	0.0147784	0.0147502	0.0147072	0.0146494	0.0145769	0.0144896	0.0143877	0.0142713	0.0141405	0.0139954	0.0138361	0.0136629	0.0134759	0.0132752	0.0130611	0.0128338	0.0125936	0.0123405	0.012075	0.0117972	0.0115075	0.0112061	0.0108933	0.0105695	0.0102349	0.00989	0.00953503	0.00917038	0.00879641	0.0084135	0.00802204	0.00762243	0.00721507	0.00680038	0.00637876	0.00595066	0.00551651	0.00507674	0.00463181	0.00418217	0.00372827	0.00327058	0.00280956	0.00234568	0.00187941	0.00141123	0.000941618	0.000471048	0	
0	0.000701183	0.00140166	0.00210074	0.00279771	0.00349189	0.00418258	0.00486909	0.00555073	0.00622684	0.00689672	0.00755972	0.00821516	0.0088624	0.0095008	0.0101297	0.0107485	0.0113565	0.0119532	0.012538	0.0131103	0.0136694	0.0142149	0.0147461	0.0152627	0.015764	0.0162495	0.0167187	0.0171713	0.0176066	0.0180244	0.0184241	0.0188053	0.0191678	0.019511	0.0198347	0.0201385	0.0204221	0.0206853	0.0209277	0.0211491	0.0213493	0.021528	0.0216852	0.0218205	0.021934	0.0220254	0.0220946	0.0221417	0.0221664	0.0221689	0.022149	0.0221069	0.0220425	0.0219558	0.021847	0.0217162	0.0215635	0.021389	0.021193	0.0209755	0.0207369	0.0204773	0.020197	0.0198962	0.0195754	0.0192347	0.0188746	0.0184953	0.0180973	0.017681	0.0172468	0.0167951	0.0163263	0.015841	0.0153396	0.0148226	0.0142906	0.0137441	0.0131836	0.0126097	0.012023	0.0114241	0.0108136	0.0101921	0.00956016	0.00891855	0.00826786	0.00760877	0.00694193	0.00626802	0.00558774	0.00490177	0.00421082	0.00351558	0.00281676	0.00211508	0.00141125	0.000705982	0	
0	0.000933819	0.0018667	0.00279771	0.00372593	0.00465042	0.00557026	0.00648454	0.00739234	0.00829275	0.00918489	0.0100679	0.0109408	0.0118027	0.0126529	0.0134905	0.0143146	0.0151244	0.0159191	0.0166978	0.0174599	0.0182046	0.018931	0.0196386	0.0203265	0.0209941	0.0216407	0.0222656	0.0228683	0.0234481	0.0240044	0.0245368	0.0250445	0.0255272	0.0259843	0.0264154	0.02682	0.0271977	0.0275482	0.027871	0.0281658	0.0284325	0.0286705	0.0288798	0.0290601	0.0292112	0.0293329	0.0294251	0.0294878	0.0295208	0.029524	0.0294976	0.0294414	0.0293556	0.0292402	0.0290954	0.0289212	0.0287178	0.0284854	0.0282243	0.0279347	0.0276169	0.0272711	0.0268978	0.0264973	0.02607	0.0256163	0.0251367	0.0246316	0.0241016	0.0235472	0.0229689	0.0223673	0.021743	0.0210967	0.0204289	0.0197404	0.0190319	0.0183041	0.0175576	0.0167933	0.016012	0.0152144	0.0144013	0.0135735	0.012732	0.0118775	0.011011	0.0101332	0.0092451	0.00834761	0.00744163	0.00652807	0.00560787	0.00468197	0.0037513	0.00281682	0.00187947	0.000940212	0	
0	0.00116552	0.00232987	0.00349189	0.00465042	0.00580429	0.00695237	0.0080935	0.00922655	0.0103504	0.0114639	0.0125659	0.0136554	0.0147313	0.0157924	0.0168378	0.0178664	0.0188771	0.0198689	0.020841	0.0217921	0.0227216	0.0236283	0.0245114	0.02537	0.0262032	0.0270102	0.0277903	0.0285425	0.0292661	0.0299605	0.0306249	0.0312587	0.0318611	0.0324316	0.0329697	0.0334746	0.0339461	0.0343835	0.0347864	0.0351545	0.0354872	0.0357844	0.0360456	0.0362706	0.0364592	0.0366111	0.0367262	0.0368044	0.0368456	0.0368497	0.0368166	0.0367466	0.0366395	0.0364954	0.0363146	0.0360972	0.0358434	0.0355534	0.0352275	0.034866	0.0344693	0.0340378	0.0335719	0.033072	0.0325386	0.0319724	0.0313738	0.0307434	0.0300818	0.0293898	0.028668	0.0279171	0.027138	0.0263313	0.0254978	0.0246385	0.0237542	0.0228458	0.0219141	0.0209602	0.019985	0.0189894	0.0179746	0.0169415	0.0158911	0.0148246	0.013743	0.0126475	0.011539	0.0104189	0.00928808	0.00814785	0.00699933	0.00584368	0.00468209	0.00351574	0.00234581	0.0011735	0	
0	0.00139606	0.00279072	0.00418258	0.00557026	0.00695237	0.00832753	0.00969438	0.0110515	0.0123977	0.0137314	0.0150514	0.0163564	0.0176451	0.0189161	0.0201683	0.0214003	0.0226109	0.023799	0.0249633	0.0261026	0.0272159	0.0283019	0.0293597	0.0303881	0.0313861	0.0323528	0.0332871	0.0341881	0.0350549	0.0358867	0.0366825	0.0374416	0.0381632	0.0388465	0.039491	0.0400959	0.0406606	0.0411845	0.0416671	0.042108	0.0425066	0.0428625	0.0431753	0.0434449	0.0436707	0.0438527	0.0439906	0.0440843	0.0441336	0.0441385	0.0440989	0.044015	0.0438867	0.0437142	0.0434976	0.0432372	0.0429332	0.0425858	0.0421954	0.0417624	0.0412873	0.0407704	0.0402123	0.0396136	0.0389747	0.0382965	0.0375794	0.0368244	0.036032	0.0352031	0.0343385	0.0334391	0.0325058	0.0315396	0.0305413	0.029512	0.0284528	0.0273646	0.0262487	0.0251061	0.023938	0.0227455	0.0215299	0.0202925	0.0190344	0.0177569	0.0164614	0.0151491	0.0138214	0.0124797	0.0111253	0.00975949	0.00838379	0.00699956	0.00560821	0.00421115	0.00280981	0.00140562	0	
0	0.0016252	0.00324877	0.00486909	0.00648454	0.0080935	0.00969438	0.0112856	0.0128655	0.0144326	0.0159852	0.0175219	0.0190411	0.0205413	0.022021	0.0234786	0.0249129	0.0263222	0.0277053	0.0290606	0.030387	0.031683	0.0329473	0.0341787	0.0353759	0.0365377	0.0376631	0.0387507	0.0397996	0.0408087	0.041777	0.0427034	0.0435871	0.0444271	0.0452227	0.0459729	0.0466771	0.0473345	0.0479444	0.0485062	0.0490194	0.0494834	0.0498978	0.050262	0.0505757	0.0508387	0.0510505	0.0512111	0.0513201	0.0513775	0.0513832	0.0513372	0.0512394	0.0510901	0.0508893	0.0506372	0.050334	0.04998	0.0495757	0.0491212	0.0486172	0.048064	0.0474623	0.0468126	0.0461156	0.0453719	0.0445823	0.0437476	0.0428686	0.0419461	0.0409812	0.0399747	0.0389277	0.0378412	0.0367163	0.0355542	0.034356	0.0331229	0.0318562	0.0305571	0.0292269	0.0278671	0.0264789	0.0250638	0.0236232	0.0221586	0.0206715	0.0191633	0.0176357	0.0160901	0.0145281	0.0129513	0.0113614	0.00975988	0.00814844	0.00652872	0.00490236	0.00327101	0.00163633	0	
0	0.00185272	0.00370358	0.00555073	0.00739234	0.00922655	0.0110515	0.0128655	0.0146666	0.016453	0.0182231	0.0199749	0.0217068	0.023417	0.0251038	0.0267655	0.0284005	0.0300072	0.0315838	0.033129	0.034641	0.0361184	0.0375597	0.0389635	0.0403283	0.0416529	0.0429357	0.0441756	0.0453714	0.0465217	0.0476255	0.0486817	0.0496891	0.0506467	0.0515536	0.0524089	0.0532116	0.0539611	0.0546564	0.0552969	0.0558819	0.0564109	0.0568832	0.0572984	0.0576561	0.0579559	0.0581974	0.0583804	0.0585047	0.0585701	0.0585766	0.0585241	0.0584127	0.0582425	0.0580136	0.0577261	0.0573805	0.056977	0.056516	0.055998	0.0554234	0.0547928	0.0541068	0.0533662	0.0525716	0.0517238	0.0508236	0.0498721	0.04887	0.0478184	0.0467184	0.045571	0.0443774	0.0431388	0.0418565	0.0405317	0.0391657	0.03776	0.0363159	0.0348349	0.0333186	0.0317683	0.0301858	0.0285726	0.0269304	0.0252607	0.0235654	0.0218461	0.0201046	0.0183426	0.016562	0.0147645	0.0129519	0.0111262	0.00928919	0.00744272	0.00558867	0.00372894	0.00186541	0	
0	0.00207839	0.00415469	0.00622684	0.00829275	0.0103504	0.0123977	0.0144326	0.016453	0.0184571	0.0204427	0.0224079	0.0243507	0.0262693	0.0281615	0.0300257	0.0318598	0.0336622	0.0354309	0.0371642	0.0388604	0.0405178	0.0421347	0.0437094	0.0452405	0.0467264	0.0481655	0.0495564	0.0508978	0.0521883	0.0534265	0.0546113	0.0557414	0.0568157	0.0578331	0.0587925	0.0596931	0.0605338	0.0613138	0.0620323	0.0626886	0.063282	0.0638118	0.0642776	0.0646789	0.0650152	0.0652861	0.0654914	0.0656308	0.0657042	0.0657115	0.0656526	0.0655277	0.0653367	0.0650799	0.0647575	0.0643698	0.0639171	0.0633999	0.0628188	0.0621742	0.0614668	0.0606973	0.0598665	0.0589751	0.058024	0.0570142	0.0559467	0.0548226	0.0536429	0.0524089	0.0511218	0.0497828	0.0483934	0.0469548	0.0454686	0.0439363	0.0423593	0.0407393	0.039078	0.0373769	0.0356379	0.0338626	0.0320529	0.0302106	0.0283376	0.0264358	0.0245071	0.0225534	0.0205768	0.0185793	0.0165628	0.0145295	0.0124815	0.0104207	0.00834928	0.0062694	0.00418314	0.00209263	0	
0	0.00230198	0.00460166	0.00689672	0.00918489	0.0114639	0.0137314	0.0159852	0.0182231	0.0204427	0.0226419	0.0248186	0.0269704	0.0290953	0.0311912	0.0332559	0.0352873	0.0372836	0.0392426	0.0411624	0.043041	0.0448767	0.0466675	0.0484117	0.0501075	0.0517532	0.0533471	0.0548877	0.0563734	0.0578027	0.0591742	0.0604864	0.0617381	0.062928	0.0640548	0.0651175	0.0661149	0.067046	0.0679099	0.0687058	0.0694327	0.0700899	0.0706768	0.0711927	0.0716371	0.0720095	0.0723096	0.072537	0.0726914	0.0727727	0.0727808	0.0727156	0.0725772	0.0723657	0.0720812	0.0717241	0.0712947	0.0707934	0.0702206	0.0695769	0.068863	0.0680795	0.0672272	0.0663069	0.0653196	0.0642663	0.0631479	0.0619655	0.0607205	0.0594139	0.0580471	0.0566215	0.0551385	0.0535996	0.0520063	0.0503602	0.048663	0.0469164	0.0451221	0.043282	0.041398	0.0394719	0.0375056	0.0355012	0.0334607	0.0313862	0.0292798	0.0271436	0.0249798	0.0227905	0.0205781	0.0183447	0.0160926	0.0138242	0.0115417	0.00924751	0.00694387	0.00463317	0.00231776	0	
0	0.00252328	0.00504402	0.00755972	0.0100679	0.0125659	0.0150514	0.0175219	0.0199749	0.0224079	0.0248186	0.0272044	0.0295631	0.0318923	0.0341896	0.0364528	0.0386796	0.0408677	0.0430151	0.0451194	0.0471787	0.0491908	0.0511538	0.0530656	0.0549245	0.0567284	0.0584755	0.0601642	0.0617928	0.0633595	0.0648628	0.0663011	0.0676732	0.0689774	0.0702126	0.0713774	0.0724707	0.0734913	0.0744383	0.0753106	0.0761074	0.0768278	0.0774711	0.0780366	0.0785238	0.078932	0.0792609	0.0795102	0.0796794	0.0797686	0.0797774	0.079706	0.0795543	0.0793224	0.0790106	0.0786192	0.0781485	0.0775989	0.0769711	0.0762655	0.075483	0.0746242	0.0736899	0.0726812	0.071599	0.0704444	0.0692185	0.0679225	0.0665577	0.0651255	0.0636274	0.0620647	0.0604391	0.0587523	0.0570058	0.0552015	0.0533411	0.0514266	0.0494599	0.0474429	0.0453777	0.0432664	0.0411111	0.0389141	0.0366774	0.0344035	0.0320946	0.029753	0.0273811	0.0249814	0.0225563	0.0201082	0.0176397	0.0151532	0.0126513	0.0101365	0.00761141	0.00507857	0.00254057	0	
0	0.00274205	0.00548135	0.00821516	0.0109408	0.0136554	0.0163564	0.0190411	0.0217068	0.0243507	0.0269704	0.0295631	0.0321263	0.0346575	0.037154	0.0396134	0.0420332	0.0444111	0.0467446	0.0490314	0.0512692	0.0534558	0.055589	0.0576666	0.0596866	0.0616469	0.0635455	0.0653807	0.0671504	0.0688529	0.0704866	0.0720497	0.0735406	0.0749579	0.0763002	0.077566	0.0787541	0.0798633	0.0808923	0.0818403	0.0827062	0.083489	0.0841881	0.0848026	0.085332	0.0857757	0.0861331	0.0864039	0.0865879	0.0866848	0.0866944	0.0866167	0.0864519	0.0861999	0.0858611	0.0854357	0.0849242	0.084327	0.0836447	0.082878	0.0820276	0.0810943	0.0800791	0.0789829	0.0778069	0.0765521	0.0752199	0.0738116	0.0723285	0.0707721	0.0691441	0.0674459	0.0656794	0.0638463	0.0619484	0.0599876	0.057966	0.0558855	0.0537482	0.0515564	0.0493121	0.0470178	0.0446756	0.0422881	0.0398575	0.0373864	0.0348773	0.0323327	0.0297552	0.0271474	0.024512	0.0218517	0.0191691	0.016467	0.0137482	0.0110154	0.00827135	0.0055189	0.00276085	0	
0	0.00295809	0.00591321	0.0088624	0.0118027	0.0147313	0.0176451	0.0205413	0.023417	0.0262693	0.0290953	0.0318923	0.0346575	0.037388	0.0400812	0.0427344	0.0453449	0.0479101	0.0504274	0.0528944	0.0553085	0.0576674	0.0599686	0.06221	0.0643891	0.0665038	0.0685521	0.0705318	0.0724409	0.0742776	0.07604	0.0777262	0.0793346	0.0808636	0.0823117	0.0836772	0.0849589	0.0861554	0.0872656	0.0882882	0.0892223	0.0900669	0.090821	0.091484	0.0920551	0.0925337	0.0929193	0.0932115	0.0934099	0.0935144	0.0935248	0.093441	0.0932632	0.0929913	0.0926258	0.092167	0.0916151	0.0909709	0.0902349	0.0894077	0.0884903	0.0874835	0.0863883	0.0852058	0.0839371	0.0825835	0.0811463	0.079627	0.0780271	0.0763481	0.0745918	0.0727598	0.0708541	0.0688766	0.0668291	0.0647139	0.062533	0.0602885	0.0579829	0.0556183	0.0531973	0.0507222	0.0481955	0.0456198	0.0429978	0.040332	0.0376252	0.0348801	0.0320995	0.0292863	0.0264433	0.0235733	0.0206794	0.0177644	0.0148314	0.0118833	0.00892303	0.00595373	0.00297837	0	
0	0.00317117	0.00633916	0.0095008	0.0126529	0.0157924	0.0189161	0.022021	0.0251038	0.0281615	0.0311912	0.0341896	0.037154	0.0400812	0.0429684	0.0458127	0.0486112	0.0513612	0.0540599	0.0567046	0.0592926	0.0618214	0.0642884	0.0666912	0.0690273	0.0712944	0.0734902	0.0756125	0.0776592	0.0796281	0.0815174	0.0833252	0.0850495	0.0866886	0.0882409	0.0897048	0.0910788	0.0923616	0.0935517	0.094648	0.0956494	0.0965548	0.0973633	0.098074	0.0986862	0.0991993	0.0996126	0.0999259	0.100139	0.100251	0.100262	0.100172	0.0999813	0.0996899	0.0992981	0.0988061	0.0982146	0.0975239	0.0967349	0.0958482	0.0948647	0.0937853	0.0926113	0.0913435	0.0899835	0.0885323	0.0869917	0.0853629	0.0836477	0.0818478	0.079965	0.0780011	0.0759581	0.0738381	0.0716432	0.0693755	0.0670375	0.0646314	0.0621597	0.0596248	0.0570293	0.0543759	0.0516673	0.0489061	0.0460951	0.0432373	0.0403355	0.0373927	0.0344118	0.0313959	0.0283481	0.0252714	0.0221691	0.0190441	0.0158998	0.0127393	0.0095658	0.0063826	0.00319292	0	
0	0.00338108	0.00675878	0.0101297	0.0134905	0.0168378	0.0201683	0.0234786	0.0267655	0.0300257	0.0332559	0.0364528	0.0396134	0.0427344	0.0458127	0.0488453	0.0518291	0.0547611	0.0576384	0.0604582	0.0632175	0.0659137	0.068544	0.0711058	0.0735966	0.0760137	0.0783549	0.0806177	0.0827998	0.0848992	0.0869135	0.0888409	0.0906793	0.092427	0.094082	0.0956429	0.0971078	0.0984755	0.0997444	0.100913	0.101981	0.102946	0.103808	0.104566	0.105219	0.105766	0.106207	0.106541	0.106767	0.106887	0.106899	0.106803	0.1066	0.106289	0.105871	0.105347	0.104716	0.10398	0.103138	0.102193	0.101144	0.0999935	0.0987417	0.0973901	0.09594	0.0943928	0.0927501	0.0910136	0.0891848	0.0872658	0.0852583	0.0831644	0.0809862	0.0787258	0.0763856	0.0739679	0.0714751	0.0689097	0.0662744	0.0635717	0.0608045	0.0579754	0.0550874	0.0521434	0.0491464	0.0460994	0.0430056	0.0398679	0.0366897	0.0334742	0.0302246	0.0269443	0.0236366	0.0203047	0.0169523	0.0135826	0.010199	0.00680511	0.00340428	0	
0	0.00358762	0.00717164	0.0107485	0.0143146	0.0178664	0.0214003	0.0249129	0.0284005	0.0318598	0.0352873	0.0386796	0.0420332	0.0453449	0.0486112	0.0518291	0.0549951	0.0581063	0.0611594	0.0641514	0.0670793	0.0699401	0.0727311	0.0754494	0.0780923	0.0806572	0.0831413	0.0855423	0.0878578	0.0900854	0.0922228	0.0942679	0.0962186	0.098073	0.0998292	0.101485	0.10304	0.104491	0.105837	0.107078	0.108211	0.109235	0.11015	0.110954	0.111646	0.112227	0.112694	0.113049	0.113289	0.113416	0.113429	0.113327	0.113111	0.112782	0.112339	0.111782	0.111113	0.110331	0.109439	0.108436	0.107323	0.106102	0.104774	0.103339	0.101801	0.100159	0.098416	0.0965733	0.0946329	0.0925966	0.0904665	0.0882447	0.0859334	0.083535	0.0810518	0.0784864	0.0758413	0.0731193	0.0703229	0.0674552	0.0645188	0.061517	0.0584526	0.0553287	0.0521487	0.0489155	0.0456327	0.0423034	0.038931	0.0355191	0.032071	0.0285903	0.0250805	0.0215451	0.0179878	0.0144123	0.0108221	0.00722081	0.00361224	0	
0	0.00379058	0.00757735	0.0113565	0.0151244	0.0188771	0.0226109	0.0263222	0.0300072	0.0336622	0.0372836	0.0408677	0.0444111	0.0479101	0.0513612	0.0547611	0.0581063	0.0613934	0.0646192	0.0677805	0.070874	0.0738967	0.0768456	0.0797177	0.0825101	0.08522	0.0878447	0.0903816	0.092828	0.0951816	0.09744	0.0996008	0.101662	0.103621	0.105477	0.107227	0.108869	0.110402	0.111825	0.113135	0.114332	0.115415	0.116381	0.11723	0.117962	0.118576	0.11907	0.119444	0.119698	0.119832	0.119846	0.119738	0.11951	0.119162	0.118694	0.118106	0.117399	0.116573	0.11563	0.11457	0.113394	0.112104	0.110701	0.109185	0.10756	0.105825	0.103984	0.102037	0.0999864	0.097835	0.0955843	0.0932368	0.0907948	0.0882607	0.0856371	0.0829265	0.0801318	0.0772557	0.0743012	0.0712712	0.0681688	0.0649971	0.0617594	0.0584588	0.0550988	0.0516828	0.0482142	0.0446966	0.0411334	0.0375285	0.0338853	0.0302077	0.0264993	0.022764	0.0190055	0.0152276	0.0114343	0.00762931	0.00381659	0	
0	0.00398975	0.00797549	0.0119532	0.0159191	0.0198689	0.023799	0.0277053	0.0315838	0.0354309	0.0392426	0.0430151	0.0467446	0.0504274	0.0540599	0.0576384	0.0611594	0.0646192	0.0680145	0.0713419	0.074598	0.0777795	0.0808834	0.0839064	0.0868455	0.0896978	0.0924604	0.0951305	0.0977055	0.100183	0.10256	0.104834	0.107004	0.109066	0.111019	0.112861	0.114589	0.116203	0.117701	0.11908	0.12034	0.121479	0.122496	0.12339	0.12416	0.124806	0.125326	0.12572	0.125988	0.126129	0.126143	0.12603	0.12579	0.125423	0.12493	0.124311	0.123567	0.122698	0.121705	0.12059	0.119353	0.117995	0.116517	0.114922	0.113211	0.111386	0.109447	0.107398	0.10524	0.102976	0.100607	0.0981359	0.0955655	0.0928983	0.0901368	0.0872838	0.0843423	0.0813151	0.0782053	0.0750161	0.0717507	0.0684123	0.0650044	0.0615305	0.0579939	0.0543984	0.0507476	0.0470451	0.0432948	0.0395004	0.0356658	0.0317949	0.0278917	0.0239601	0.0200041	0.0160277	0.0120351	0.00803019	0.00401713	0	
0	0.00418493	0.00836566	0.012538	0.0166978	0.020841	0.0249633	0.0290606	0.033129	0.0371642	0.0411624	0.0451194	0.0490314	0.0528944	0.0567046	0.0604582	0.0641514	0.0677805	0.0713419	0.074832	0.0782474	0.0815846	0.0848403	0.0880112	0.0910941	0.0940859	0.0969837	0.0997845	0.102485	0.105084	0.107577	0.109963	0.112238	0.114401	0.11645	0.118382	0.120195	0.121888	0.123459	0.124905	0.126227	0.127422	0.128489	0.129427	0.130235	0.130912	0.131457	0.131871	0.132151	0.132299	0.132314	0.132195	0.131944	0.131559	0.131042	0.130393	0.129612	0.128701	0.12766	0.126489	0.125191	0.123767	0.122218	0.120545	0.11875	0.116835	0.114802	0.112652	0.110389	0.108013	0.105529	0.102937	0.100241	0.0974431	0.0945465	0.0915539	0.0884685	0.0852932	0.0820313	0.0786861	0.0752609	0.0717592	0.0681846	0.0645407	0.0608311	0.0570597	0.0532303	0.0493467	0.0454129	0.0414328	0.0374107	0.0333504	0.0292562	0.0251323	0.0209827	0.0168119	0.0126239	0.00842305	0.00421366	0	
0	0.00437593	0.00874747	0.0131103	0.0174599	0.0217921	0.0261026	0.030387	0.034641	0.0388604	0.043041	0.0471787	0.0512692	0.0553085	0.0592926	0.0632175	0.0670793	0.070874	0.074598	0.0782474	0.0818187	0.0853082	0.0887125	0.0920281	0.0952517	0.0983801	0.10141	0.104339	0.107163	0.10988	0.112487	0.114982	0.117361	0.119623	0.121765	0.123785	0.125681	0.127451	0.129093	0.130606	0.131988	0.133237	0.134353	0.135334	0.136179	0.136887	0.137457	0.137889	0.138183	0.138337	0.138353	0.138229	0.137966	0.137564	0.137023	0.136344	0.135528	0.134575	0.133486	0.132263	0.130905	0.129416	0.127796	0.126047	0.12417	0.122167	0.120041	0.117794	0.115427	0.112943	0.110345	0.107635	0.104816	0.101891	0.0988617	0.0957326	0.0925063	0.0891861	0.0857753	0.0822774	0.0786959	0.0750344	0.0712967	0.0674864	0.0636076	0.059664	0.0556598	0.0515989	0.0474856	0.0433239	0.0391181	0.0348726	0.0305915	0.0262793	0.0219404	0.0175792	0.0132	0.00880749	0.00440598	0	
0	0.00456256	0.00912054	0.0136694	0.0182046	0.0227216	0.0272159	0.031683	0.0361184	0.0405178	0.0448767	0.0491908	0.0534558	0.0576674	0.0618214	0.0659137	0.0699401	0.0738967	0.0777795	0.0815846	0.0853082	0.0889465	0.092496	0.095953	0.0993141	0.102576	0.105735	0.108789	0.111733	0.114566	0.117285	0.119885	0.122366	0.124725	0.126958	0.129064	0.131041	0.132887	0.134599	0.136177	0.137617	0.13892	0.140083	0.141106	0.141987	0.142725	0.14332	0.14377	0.144076	0.144238	0.144254	0.144124	0.14385	0.143431	0.142867	0.142159	0.141308	0.140315	0.139179	0.137903	0.136488	0.134936	0.133246	0.131422	0.129466	0.127378	0.125161	0.122818	0.12035	0.11776	0.115051	0.112226	0.109286	0.106236	0.103078	0.0998156	0.0964517	0.0929899	0.0894336	0.0857865	0.0820523	0.0782346	0.0743375	0.0703647	0.0663204	0.0622087	0.0580337	0.0537996	0.0495108	0.0451717	0.0407865	0.0363599	0.0318963	0.0274002	0.0228762	0.0183289	0.013763	0.00918313	0.0045939	0	
0	0.00474463	0.0094845	0.0142149	0.018931	0.0236283	0.0283019	0.0329473	0.0375597	0.0421347	0.0466675	0.0511538	0.055589	0.0599686	0.0642884	0.068544	0.0727311	0.0768456	0.0808834	0.0848403	0.0887125	0.092496	0.0961871	0.0997821	0.103277	0.106669	0.109955	0.11313	0.116192	0.119138	0.121965	0.12467	0.127249	0.129702	0.132025	0.134215	0.136271	0.13819	0.13997	0.141611	0.143109	0.144464	0.145673	0.146737	0.147653	0.14842	0.149039	0.149508	0.149826	0.149993	0.15001	0.149876	0.149591	0.149155	0.148568	0.147832	0.146947	0.145914	0.144733	0.143407	0.141935	0.14032	0.138564	0.136667	0.134632	0.132461	0.130156	0.127719	0.125153	0.12246	0.119643	0.116704	0.113648	0.110476	0.107192	0.103799	0.100301	0.0967008	0.0930026	0.08921	0.0853267	0.0813567	0.077304	0.0731727	0.068967	0.0646912	0.0603496	0.0559466	0.0514866	0.0469743	0.0424142	0.0378109	0.0331691	0.0284936	0.0237891	0.0190604	0.0143123	0.0095496	0.00477722	0	
0	0.00492196	0.00983898	0.0147461	0.0196386	0.0245114	0.0293597	0.0341787	0.0389635	0.0437094	0.0484117	0.0530656	0.0576666	0.06221	0.0666912	0.0711058	0.0754494	0.0797177	0.0839064	0.0880112	0.0920281	0.095953	0.0997821	0.103511	0.107137	0.110656	0.114064	0.117358	0.120535	0.123591	0.126523	0.129329	0.132005	0.13455	0.136959	0.139231	0.141364	0.143355	0.145202	0.146903	0.148458	0.149863	0.151118	0.152221	0.153171	0.153968	0.154609	0.155095	0.155426	0.155599	0.155617	0.155477	0.155182	0.154729	0.154121	0.153358	0.152439	0.151367	0.150143	0.148767	0.14724	0.145565	0.143743	0.141775	0.139664	0.137412	0.13502	0.132492	0.12983	0.127037	0.124114	0.121066	0.117895	0.114605	0.111198	0.107678	0.10405	0.100315	0.0964786	0.0925442	0.0885158	0.0843974	0.0801933	0.0759076	0.0715447	0.0671091	0.0626052	0.0580376	0.053411	0.04873	0.0439994	0.0392241	0.0344089	0.0295586	0.0246782	0.0197728	0.0148472	0.00990652	0.00495577	0	
0	0.00509437	0.0101836	0.0152627	0.0203265	0.02537	0.0303881	0.0353759	0.0403283	0.0452405	0.0501075	0.0549245	0.0596866	0.0643891	0.0690273	0.0735966	0.0780923	0.0825101	0.0868455	0.0910941	0.0952517	0.0993141	0.103277	0.107137	0.11089	0.114532	0.11806	0.121469	0.124757	0.12792	0.130955	0.133859	0.136629	0.139263	0.141756	0.144108	0.146316	0.148376	0.150288	0.152049	0.153658	0.155113	0.156411	0.157553	0.158537	0.159361	0.160025	0.160528	0.16087	0.16105	0.161068	0.160924	0.160617	0.160149	0.15952	0.15873	0.157779	0.15667	0.155402	0.153978	0.152398	0.150664	0.148778	0.146741	0.144556	0.142225	0.13975	0.137134	0.134378	0.131487	0.128462	0.125307	0.122025	0.118619	0.115093	0.11145	0.107694	0.103829	0.0998582	0.095786	0.0916165	0.0873538	0.0830024	0.0785666	0.0740509	0.0694599	0.0647982	0.0600706	0.0552819	0.050437	0.0455407	0.0405981	0.0356142	0.030594	0.0255427	0.0204654	0.0153673	0.0102535	0.00512937	0	
0	0.00526168	0.0105181	0.015764	0.0209941	0.0262032	0.0313861	0.0365377	0.0416529	0.0467264	0.0517532	0.0567284	0.0616469	0.0665038	0.0712944	0.0760137	0.0806572	0.08522	0.0896978	0.0940859	0.0983801	0.102576	0.106669	0.110656	0.114532	0.118294	0.121937	0.125459	0.128855	0.132122	0.135256	0.138256	0.141117	0.143837	0.146412	0.148841	0.151121	0.153249	0.155224	0.157043	0.158705	0.160207	0.161548	0.162728	0.163744	0.164595	0.165281	0.165801	0.166154	0.166339	0.166358	0.166209	0.165893	0.165409	0.164759	0.163943	0.162961	0.161815	0.160506	0.159035	0.157403	0.155612	0.153664	0.151561	0.149304	0.146896	0.14434	0.141638	0.138792	0.135805	0.132681	0.129423	0.126033	0.122515	0.118873	0.115111	0.111231	0.107239	0.103138	0.098932	0.0946255	0.0902229	0.0857286	0.0811471	0.0764831	0.0717413	0.0669265	0.0620436	0.0570976	0.0520936	0.0470365	0.0419315	0.0367839	0.0315989	0.0263816	0.0211376	0.015872	0.0105903	0.00529785	0	
0	0.00542374	0.010842	0.0162495	0.0216407	0.0270102	0.0323528	0.0376631	0.0429357	0.0481655	0.0533471	0.0584755	0.0635455	0.0685521	0.0734902	0.0783549	0.0831413	0.0878447	0.0924604	0.0969837	0.10141	0.105735	0.109955	0.114064	0.11806	0.121937	0.125693	0.129323	0.132823	0.136191	0.139422	0.142514	0.145463	0.148267	0.150922	0.153425	0.155775	0.157969	0.160005	0.16188	0.163593	0.165141	0.166524	0.16774	0.168787	0.169664	0.170371	0.170907	0.171271	0.171463	0.171482	0.171328	0.171002	0.170504	0.169834	0.168992	0.16798	0.166799	0.16545	0.163933	0.162251	0.160405	0.158397	0.156229	0.153903	0.151421	0.148786	0.146	0.143066	0.139988	0.136768	0.133409	0.129915	0.126289	0.122535	0.118656	0.114657	0.110542	0.106315	0.101979	0.09754	0.0930018	0.088369	0.0836464	0.0788387	0.0739509	0.0689878	0.0639546	0.0588563	0.0536981	0.0484852	0.043223	0.0379169	0.0325721	0.0271942	0.0217886	0.0163609	0.0109165	0.00546102	0	
0	0.00558037	0.0111551	0.0167187	0.0222656	0.0277903	0.0332871	0.0387507	0.0441756	0.0495564	0.0548877	0.0601642	0.0653807	0.0705318	0.0756125	0.0806177	0.0855423	0.0903816	0.0951305	0.0997845	0.104339	0.108789	0.11313	0.117358	0.121469	0.125459	0.129323	0.133057	0.136659	0.140124	0.143449	0.14663	0.149664	0.152548	0.15528	0.157856	0.160274	0.162531	0.164626	0.166555	0.168317	0.16991	0.171333	0.172584	0.173661	0.174564	0.175292	0.175843	0.176217	0.176414	0.176434	0.176276	0.17594	0.175428	0.174738	0.173873	0.172832	0.171616	0.170228	0.168667	0.166937	0.165037	0.162971	0.160741	0.158347	0.155794	0.153082	0.150216	0.147198	0.144031	0.140717	0.137261	0.133666	0.129936	0.126073	0.122083	0.117969	0.113735	0.109385	0.104924	0.100357	0.0956876	0.0909211	0.0860621	0.0811156	0.0760866	0.0709802	0.0658016	0.060556	0.0552488	0.0498855	0.0444713	0.0390119	0.0335128	0.0279796	0.0224179	0.0168334	0.0112318	0.00561873	0	
0	0.00573142	0.0114571	0.0171713	0.0228683	0.0285425	0.0341881	0.0397996	0.0453714	0.0508978	0.0563734	0.0617928	0.0671504	0.0724409	0.0776592	0.0827998	0.0878578	0.092828	0.0977055	0.102485	0.107163	0.111733	0.116192	0.120535	0.124757	0.128855	0.132823	0.136659	0.140358	0.143917	0.147331	0.150599	0.153715	0.156678	0.159483	0.162129	0.164612	0.166931	0.169082	0.171063	0.172873	0.17451	0.175971	0.177255	0.178362	0.179289	0.180036	0.180603	0.180987	0.18119	0.18121	0.181048	0.180703	0.180176	0.179468	0.178579	0.17751	0.176262	0.174836	0.173233	0.171455	0.169505	0.167383	0.165092	0.162633	0.160011	0.157226	0.154282	0.151183	0.147929	0.144526	0.140977	0.137285	0.133453	0.129486	0.125388	0.121162	0.116813	0.112346	0.107764	0.103073	0.0982778	0.0933822	0.0883917	0.0833113	0.0781461	0.0729015	0.0675827	0.0621952	0.0567444	0.0512358	0.0456751	0.0400679	0.0344199	0.0287369	0.0230247	0.017289	0.0115358	0.00577083	0	
0	0.00587673	0.0117476	0.0176066	0.0234481	0.0292661	0.0350549	0.0408087	0.0465217	0.0521883	0.0578027	0.0633595	0.0688529	0.0742776	0.0796281	0.0848992	0.0900854	0.0951816	0.100183	0.105084	0.10988	0.114566	0.119138	0.123591	0.12792	0.132122	0.136191	0.140124	0.143917	0.147566	0.151067	0.154417	0.157612	0.16065	0.163527	0.16624	0.168786	0.171163	0.173369	0.175401	0.177256	0.178934	0.180433	0.18175	0.182884	0.183835	0.184601	0.185182	0.185576	0.185784	0.185804	0.185638	0.185285	0.184745	0.184018	0.183107	0.182011	0.180731	0.179268	0.177625	0.175803	0.173803	0.171627	0.169277	0.166757	0.164068	0.161213	0.158194	0.155016	0.15168	0.148191	0.144551	0.140765	0.136837	0.132769	0.128567	0.124234	0.119775	0.115194	0.110497	0.105687	0.10077	0.0957499	0.0906328	0.0854236	0.0801275	0.0747499	0.0692963	0.0637722	0.0581831	0.0525349	0.0468332	0.0410838	0.0352927	0.0294656	0.0236085	0.0177274	0.0118283	0.00591715	0	
0	0.00601616	0.0120263	0.0180244	0.0240044	0.0299605	0.0358867	0.041777	0.0476255	0.0534265	0.0591742	0.0648628	0.0704866	0.07604	0.0815174	0.0869135	0.0922228	0.09744	0.10256	0.107577	0.112487	0.117285	0.121965	0.126523	0.130955	0.135256	0.139422	0.143449	0.147331	0.151067	0.154651	0.158081	0.161352	0.164462	0.167407	0.170184	0.172791	0.175224	0.177482	0.179562	0.181462	0.18318	0.184714	0.186062	0.187224	0.188197	0.188981	0.189576	0.189979	0.190192	0.190213	0.190043	0.189681	0.189128	0.188385	0.187451	0.186329	0.185019	0.183522	0.18184	0.179974	0.177926	0.175699	0.173294	0.170714	0.167961	0.165038	0.161948	0.158694	0.155279	0.151707	0.147981	0.144105	0.140083	0.135919	0.131617	0.127182	0.122617	0.117928	0.113119	0.108195	0.103161	0.0980218	0.0927833	0.0874505	0.0820287	0.0765236	0.0709405	0.0652853	0.0595637	0.0537814	0.0479444	0.0420586	0.0361301	0.0301647	0.0241687	0.018148	0.0121089	0.00605755	0	
0	0.00614958	0.012293	0.0184241	0.0245368	0.0306249	0.0366825	0.0427034	0.0486817	0.0546113	0.0604864	0.0663011	0.0720497	0.0777262	0.0833252	0.0888409	0.0942679	0.0996008	0.104834	0.109963	0.114982	0.119885	0.12467	0.129329	0.133859	0.138256	0.142514	0.14663	0.150599	0.154417	0.158081	0.161586	0.16493	0.168109	0.171119	0.173958	0.176623	0.17911	0.181418	0.183544	0.185486	0.187242	0.18881	0.190188	0.191375	0.19237	0.193172	0.19378	0.194192	0.194409	0.194431	0.194257	0.193887	0.193322	0.192562	0.191608	0.190461	0.189122	0.187592	0.185872	0.183965	0.181872	0.179595	0.177137	0.174499	0.171685	0.168698	0.165539	0.162213	0.158723	0.155071	0.151263	0.147301	0.14319	0.138934	0.134536	0.130002	0.125336	0.120543	0.115627	0.110594	0.105448	0.100196	0.0948409	0.0893899	0.0838479	0.0782206	0.0725137	0.0667331	0.0608846	0.0549741	0.0490077	0.0429914	0.0369313	0.0308337	0.0247046	0.0185505	0.0123775	0.00619188	0	
0	0.00627683	0.0125474	0.0188053	0.0250445	0.0312587	0.0374416	0.0435871	0.0496891	0.0557414	0.0617381	0.0676732	0.0735406	0.0793346	0.0850495	0.0906793	0.0962186	0.101662	0.107004	0.112238	0.117361	0.122366	0.127249	0.132005	0.136629	0.141117	0.145463	0.149664	0.153715	0.157612	0.161352	0.16493	0.168343	0.171588	0.17466	0.177558	0.180278	0.182817	0.185173	0.187343	0.189325	0.191117	0.192717	0.194124	0.195336	0.196351	0.19717	0.19779	0.198211	0.198433	0.198455	0.198277	0.1979	0.197323	0.196547	0.195574	0.194403	0.193036	0.191474	0.189719	0.187772	0.185636	0.183312	0.180803	0.178111	0.175238	0.172189	0.168965	0.16557	0.162007	0.15828	0.154393	0.150349	0.146153	0.141809	0.13732	0.132692	0.12793	0.123037	0.11802	0.112883	0.107631	0.102269	0.0968036	0.0912397	0.0855831	0.0798393	0.0740144	0.0681141	0.0621446	0.0561118	0.0500219	0.043881	0.0376956	0.0314718	0.0252159	0.0189344	0.0126336	0.00632002	0	
0	0.0063978	0.0127892	0.0191678	0.0255272	0.0318611	0.0381632	0.0444271	0.0506467	0.0568157	0.062928	0.0689774	0.0749579	0.0808636	0.0866886	0.092427	0.098073	0.103621	0.109066	0.114401	0.119623	0.124725	0.129702	0.13455	0.139263	0.143837	0.148267	0.152548	0.156678	0.16065	0.164462	0.168109	0.171588	0.174895	0.178027	0.18098	0.183752	0.18634	0.188741	0.190953	0.192974	0.1948	0.196431	0.197865	0.1991	0.200136	0.20097	0.201602	0.202031	0.202257	0.202279	0.202098	0.201714	0.201126	0.200335	0.199343	0.198149	0.196756	0.195164	0.193375	0.191391	0.189214	0.186845	0.184287	0.181543	0.178616	0.175507	0.172221	0.168761	0.16513	0.161331	0.157369	0.153247	0.14897	0.144542	0.139967	0.13525	0.130396	0.125409	0.120295	0.115058	0.109705	0.10424	0.0986694	0.0929982	0.0872325	0.0813781	0.0754409	0.0694269	0.0633423	0.0571932	0.050986	0.0447268	0.0384221	0.0320783	0.0257019	0.0192993	0.0128771	0.00644183	0	
0	0.00651237	0.0130182	0.019511	0.0259843	0.0324316	0.0388465	0.0452227	0.0515536	0.0578331	0.0640548	0.0702126	0.0763002	0.0823117	0.0882409	0.094082	0.0998292	0.105477	0.111019	0.11645	0.121765	0.126958	0.132025	0.136959	0.141756	0.146412	0.150922	0.15528	0.159483	0.163527	0.167407	0.171119	0.17466	0.178027	0.181215	0.184221	0.187043	0.189677	0.192121	0.194373	0.196429	0.198288	0.199949	0.201408	0.202666	0.203719	0.204568	0.205212	0.205649	0.205879	0.205902	0.205717	0.205326	0.204727	0.203923	0.202913	0.201698	0.200279	0.198659	0.196838	0.194818	0.192602	0.190191	0.187587	0.184794	0.181814	0.17865	0.175305	0.171783	0.168087	0.16422	0.160187	0.155991	0.151638	0.14713	0.142473	0.137672	0.132731	0.127655	0.122449	0.117119	0.11167	0.106107	0.100436	0.0946636	0.0887947	0.0828354	0.0767919	0.0706702	0.0644766	0.0582174	0.051899	0.0455277	0.0391102	0.0326528	0.0261622	0.0196449	0.0131077	0.00655719	0	
0	0.0066204	0.0132342	0.0198347	0.0264154	0.0329697	0.039491	0.0459729	0.0524089	0.0587925	0.0651175	0.0713774	0.077566	0.0836772	0.0897048	0.0956429	0.101485	0.107227	0.112861	0.118382	0.123785	0.129064	0.134215	0.139231	0.144108	0.148841	0.153425	0.157856	0.162129	0.16624	0.170184	0.173958	0.177558	0.18098	0.184221	0.187277	0.190146	0.192824	0.195308	0.197597	0.199688	0.201578	0.203266	0.20475	0.206028	0.207099	0.207962	0.208616	0.209061	0.209294	0.209318	0.20913	0.208732	0.208124	0.207306	0.206279	0.205044	0.203602	0.201955	0.200104	0.198051	0.195797	0.193346	0.1907	0.18786	0.184831	0.181614	0.178214	0.174633	0.170875	0.166945	0.162845	0.158579	0.154153	0.149571	0.144837	0.139956	0.134933	0.129772	0.12448	0.119062	0.113522	0.107867	0.102103	0.0962342	0.0902678	0.0842097	0.0780659	0.0718427	0.0655463	0.0591833	0.05276	0.0462831	0.039759	0.0331945	0.0265962	0.0199709	0.0133252	0.00666598	0	
0	0.00672181	0.0134369	0.0201385	0.02682	0.0334746	0.0400959	0.0466771	0.0532116	0.0596931	0.0661149	0.0724707	0.0787541	0.0849589	0.0910788	0.0971078	0.10304	0.108869	0.114589	0.120195	0.125681	0.131041	0.136271	0.141364	0.146316	0.151121	0.155775	0.160274	0.164612	0.168786	0.172791	0.176623	0.180278	0.183752	0.187043	0.190146	0.193058	0.195777	0.1983	0.200624	0.202747	0.204666	0.20638	0.207886	0.209184	0.210271	0.211148	0.211812	0.212263	0.2125	0.212524	0.212334	0.21193	0.211312	0.210481	0.209439	0.208185	0.206721	0.205048	0.203169	0.201084	0.198796	0.196308	0.193621	0.190738	0.187662	0.184396	0.180944	0.177308	0.173493	0.169502	0.165339	0.161009	0.156515	0.151862	0.147056	0.1421	0.137	0.13176	0.126387	0.120886	0.115261	0.10952	0.103667	0.0977083	0.0916506	0.0854996	0.0792617	0.0729432	0.0665504	0.0600899	0.0535682	0.0469921	0.0403681	0.033703	0.0270036	0.0202768	0.0135293	0.00676809	0	
0	0.00681648	0.0136261	0.0204221	0.0271977	0.0339461	0.0406606	0.0473345	0.0539611	0.0605338	0.067046	0.0734913	0.0798633	0.0861554	0.0923616	0.0984755	0.104491	0.110402	0.116203	0.121888	0.127451	0.132887	0.13819	0.143355	0.148376	0.153249	0.157969	0.162531	0.166931	0.171163	0.175224	0.17911	0.182817	0.18634	0.189677	0.192824	0.195777	0.198535	0.201093	0.20345	0.205602	0.207548	0.209286	0.210814	0.21213	0.213233	0.214122	0.214795	0.215252	0.215493	0.215517	0.215324	0.214914	0.214288	0.213446	0.212388	0.211117	0.209632	0.207936	0.20603	0.203916	0.201596	0.199073	0.196348	0.193424	0.190305	0.186993	0.183492	0.179805	0.175936	0.171889	0.167668	0.163276	0.158719	0.154001	0.149127	0.144101	0.138929	0.133616	0.128167	0.122588	0.116885	0.111062	0.105127	0.0990844	0.0929414	0.0867039	0.0803781	0.0739705	0.0674877	0.0609362	0.0543227	0.0476539	0.0409366	0.0341777	0.027384	0.0205624	0.0137199	0.00686342	0	
0	0.00690431	0.0138017	0.0206853	0.0275482	0.0343835	0.0411845	0.0479444	0.0546564	0.0613138	0.0679099	0.0744383	0.0808923	0.0872656	0.0935517	0.0997444	0.105837	0.111825	0.117701	0.123459	0.129093	0.134599	0.13997	0.145202	0.150288	0.155224	0.160005	0.164626	0.169082	0.173369	0.177482	0.181418	0.185173	0.188741	0.192121	0.195308	0.1983	0.201093	0.203684	0.206071	0.208251	0.210223	0.211983	0.213531	0.214864	0.215981	0.216881	0.217563	0.218026	0.21827	0.218294	0.218099	0.217684	0.217049	0.216196	0.215125	0.213837	0.212334	0.210616	0.208685	0.206544	0.204194	0.201638	0.198878	0.195917	0.192757	0.189403	0.185857	0.182122	0.178204	0.174104	0.169828	0.16538	0.160764	0.155986	0.151048	0.145958	0.140719	0.135338	0.129819	0.124168	0.118391	0.112493	0.106481	0.100361	0.0941391	0.0878212	0.0814139	0.0749238	0.0683574	0.0617215	0.0550227	0.048268	0.0414642	0.0346181	0.0277368	0.0208273	0.0138967	0.00695186	0	
0	0.00698522	0.0139634	0.0209277	0.027871	0.0347864	0.0416671	0.0485062	0.0552969	0.0620323	0.0687058	0.0753106	0.0818403	0.0882882	0.094648	0.100913	0.107078	0.113135	0.11908	0.124905	0.130606	0.136177	0.141611	0.146903	0.152049	0.157043	0.16188	0.166555	0.171063	0.175401	0.179562	0.183544	0.187343	0.190953	0.194373	0.197597	0.200624	0.20345	0.206071	0.208486	0.210692	0.212686	0.214467	0.216033	0.217382	0.218512	0.219422	0.220112	0.220581	0.220828	0.220853	0.220655	0.220235	0.219593	0.21873	0.217646	0.216343	0.214822	0.213084	0.211131	0.208965	0.206587	0.204001	0.201209	0.198213	0.195016	0.191623	0.188035	0.184257	0.180292	0.176145	0.171819	0.167318	0.162649	0.157814	0.152819	0.147669	0.142369	0.136924	0.13134	0.125623	0.119778	0.113812	0.107729	0.101537	0.0952424	0.0888504	0.082368	0.0758018	0.0691585	0.0624448	0.0556676	0.0488337	0.0419501	0.0350238	0.0280619	0.0210714	0.0140595	0.00703334	0	
0	0.00705912	0.0141112	0.0211491	0.0281658	0.0351545	0.042108	0.0490194	0.0558819	0.0626886	0.0694327	0.0761074	0.0827062	0.0892223	0.0956494	0.101981	0.108211	0.114332	0.12034	0.126227	0.131988	0.137617	0.143109	0.148458	0.153658	0.158705	0.163593	0.168317	0.172873	0.177256	0.181462	0.185486	0.189325	0.192974	0.196429	0.199688	0.202747	0.205602	0.208251	0.210692	0.212921	0.214937	0.216736	0.218319	0.219682	0.220824	0.221744	0.222441	0.222915	0.223164	0.223189	0.222989	0.222565	0.221916	0.221044	0.219949	0.218632	0.217095	0.215339	0.213365	0.211176	0.208773	0.206159	0.203337	0.20031	0.19708	0.19365	0.190024	0.186206	0.1822	0.178008	0.173637	0.169089	0.164369	0.159483	0.154436	0.149231	0.143875	0.138373	0.13273	0.126952	0.121046	0.115016	0.108869	0.102612	0.0962501	0.0897905	0.0832395	0.0766039	0.0698903	0.0631055	0.0562566	0.0493504	0.042394	0.0353944	0.0283588	0.0212944	0.0142083	0.00710775	0	
0	0.00712594	0.0142447	0.0213493	0.0284325	0.0354872	0.0425066	0.0494834	0.0564109	0.063282	0.0700899	0.0768278	0.083489	0.0900669	0.0965548	0.102946	0.109235	0.115415	0.121479	0.127422	0.133237	0.13892	0.144464	0.149863	0.155113	0.160207	0.165141	0.16991	0.17451	0.178934	0.18318	0.187242	0.191117	0.1948	0.198288	0.201578	0.204666	0.207548	0.210223	0.212686	0.214937	0.216971	0.218788	0.220385	0.221761	0.222914	0.223843	0.224547	0.225025	0.225277	0.225302	0.2251	0.224672	0.224017	0.223137	0.222031	0.220702	0.21915	0.217377	0.215385	0.213175	0.210749	0.208111	0.205262	0.202206	0.198945	0.195483	0.191823	0.187969	0.183924	0.179693	0.17528	0.170689	0.165925	0.160993	0.155898	0.150644	0.145237	0.139683	0.133986	0.128154	0.122191	0.116105	0.1099	0.103583	0.0971613	0.0906405	0.0840275	0.077329	0.0705519	0.0637029	0.0567892	0.0498176	0.0427953	0.0357295	0.0286273	0.021496	0.0143428	0.00717504	0	
0	0.00718561	0.014364	0.021528	0.0286705	0.0357844	0.0428625	0.0498978	0.0568832	0.0638118	0.0706768	0.0774711	0.0841881	0.090821	0.0973633	0.103808	0.11015	0.116381	0.122496	0.128489	0.134353	0.140083	0.145673	0.151118	0.156411	0.161548	0.166524	0.171333	0.175971	0.180433	0.184714	0.18881	0.192717	0.196431	0.199949	0.203266	0.20638	0.209286	0.211983	0.214467	0.216736	0.218788	0.22062	0.222231	0.223618	0.224781	0.225717	0.226427	0.226909	0.227163	0.227189	0.226985	0.226553	0.225893	0.225005	0.223891	0.22255	0.220985	0.219197	0.217188	0.21496	0.212514	0.209854	0.206981	0.203899	0.200611	0.19712	0.193429	0.189543	0.185464	0.181198	0.176748	0.172119	0.167315	0.162341	0.157203	0.151905	0.146453	0.140852	0.135108	0.129227	0.123215	0.117077	0.11082	0.104451	0.0979749	0.0913995	0.0847312	0.0779766	0.0711427	0.0642364	0.0572647	0.0502348	0.0431537	0.0360287	0.028867	0.021676	0.0144629	0.00723512	0	
