0	0	0	0	0	0	0	0	0	0	0	0	0	0	0	0	0	0	0	0	0	0	0	0	0	0	0	0	0	0	0	0	0	0	0	0	0	0	0	0	0	0	0	0	0	0	0	0	0	0	0	0	0	0	0	0	0	0	0	0	0	0	0	0	0	0	0	0	0	0	0	0	0	0	0	0	0	0	0	0	0	0	0	0	0	0	0	0	0	0	0	0	0	0	0	0	0	0	0	0	
0	0.000175229	0.000350281	0.00052498	0.000699153	0.000872623	0.00104522	0.00121677	0.00138709	0.00155603	0.00172341	0.00188906	0.00205282	0.00221452	0.00237401	0.00253111	0.00268568	0.00283756	0.0029866	0.00313265	0.00327555	0.00341518	0.00355138	0.00368402	0.00381297	0.0039381	0.00405928	0.0041764	0.00428932	0.00439795	0.00450216	0.00460186	0.00469694	0.0047873	0.00487287	0.00495354	0.00502924	0.00509989	0.00516543	0.00522577	0.00528086	0.00533065	0.00537508	0.0054141	0.00544769	0.00547579	0.00549839	0.00551546	0.00552697	0.00553293	0.00553331	0.00552813	0.00551737	0.00550106	0.00547921	0.00545183	0.00541896	0.00538063	0.00533686	0.00528772	0.00523324	0.00517349	0.00510851	0.00503837	0.00496314	0.00488291	0.00479774	0.00470772	0.00461295	0.00451351	0.00440951	0.00430106	0.00418825	0.00407121	0.00395005	0.00382489	0.00369587	0.0035631	0.00342673	0.00328688	0.00314371	0.00299736	0.00284797	0.0026957	0.0025407	0.00238313	0.00222314	0.0020609	0.00189657	0.00173033	0.00156233	0.00139274	0.00122175	0.00104952	0.000876227	0.000702048	0.000527158	0.000351735	0.000175956	0	
0	0.000350281	0.000700208	0.00104943	0.0013976	0.00174437	0.00208938	0.0024323	0.00277279	0.00311049	0.00344508	0.00377622	0.00410357	0.00442681	0.00474562	0.00505967	0.00536866	0.00567226	0.00597019	0.00626213	0.0065478	0.00682691	0.00709917	0.00736433	0.0076221	0.00787223	0.00811447	0.00834858	0.00857432	0.00879145	0.00899978	0.00919907	0.00938914	0.00956978	0.00974082	0.00990209	0.0100534	0.0101946	0.0103256	0.0104463	0.0105564	0.0106559	0.0107447	0.0108227	0.0108899	0.0109461	0.0109912	0.0110254	0.0110484	0.0110603	0.011061	0.0110507	0.0110292	0.0109966	0.0109529	0.0108982	0.0108325	0.0107558	0.0106683	0.0105701	0.0104612	0.0103418	0.0102119	0.0100717	0.00992128	0.00976089	0.00959064	0.0094107	0.00922125	0.00902248	0.00881458	0.00859778	0.00837228	0.00813832	0.00789612	0.00764593	0.00738801	0.00712261	0.00685	0.00657046	0.00628426	0.0059917	0.00569308	0.00538869	0.00507884	0.00476386	0.00444404	0.00411973	0.00379124	0.00345891	0.00312308	0.00278408	0.00244227	0.00209798	0.00175157	0.00140339	0.00105378	0.000703115	0.000351735	0	
0	0.00052498	0.00104943	0.00157283	0.00209464	0.00261435	0.00313145	0.0036454	0.0041557	0.00466183	0.00516329	0.00565958	0.0061502	0.00663465	0.00711246	0.00758315	0.00804624	0.00850126	0.00894777	0.00938532	0.00981346	0.0102318	0.0106398	0.0110372	0.0114236	0.0117984	0.0121615	0.0125124	0.0128507	0.0131761	0.0134883	0.013787	0.0140719	0.0143426	0.014599	0.0148407	0.0150675	0.0152792	0.0154755	0.0156563	0.0158213	0.0159705	0.0161036	0.0162205	0.0163211	0.0164053	0.016473	0.0165242	0.0165587	0.0165765	0.0165777	0.0165621	0.0165299	0.016481	0.0164156	0.0163335	0.0162351	0.0161202	0.0159891	0.0158419	0.0156787	0.0154996	0.015305	0.0150948	0.0148695	0.0146291	0.0143739	0.0141042	0.0138203	0.0135224	0.0132108	0.0128859	0.0125479	0.0121972	0.0118343	0.0114593	0.0110727	0.010675	0.0102664	0.00984743	0.00941849	0.00898003	0.00853247	0.00807627	0.00761189	0.0071398	0.00666048	0.00617441	0.00568209	0.00518402	0.00468069	0.00417263	0.00366034	0.00314434	0.00262516	0.00210332	0.00157935	0.00105379	0.00052716	0	
0	0.000699153	0.0013976	0.00209464	0.00278958	0.00348172	0.00417036	0.00485483	0.00553443	0.00620848	0.00687631	0.00753726	0.00819065	0.00883583	0.00947216	0.010099	0.0107157	0.0113217	0.0119164	0.0124991	0.0130693	0.0136264	0.0141698	0.0146991	0.0152136	0.0157128	0.0161963	0.0166636	0.0171142	0.0175476	0.0179634	0.0183612	0.0187405	0.0191011	0.0194425	0.0197644	0.0200664	0.0203483	0.0206098	0.0208505	0.0210704	0.021269	0.0214463	0.021602	0.021736	0.0218481	0.0219383	0.0220064	0.0220523	0.0220761	0.0220776	0.0220569	0.022014	0.021949	0.0218618	0.0217525	0.0216214	0.0214684	0.0212938	0.0210978	0.0208804	0.020642	0.0203827	0.0201028	0.0198027	0.0194826	0.0191427	0.0187836	0.0184054	0.0180087	0.0175938	0.017161	0.0167109	0.0162439	0.0157605	0.0152611	0.0147463	0.0142166	0.0136725	0.0131145	0.0125433	0.0119593	0.0113633	0.0107557	0.0101373	0.00950858	0.00887023	0.0082229	0.00756725	0.00690393	0.00623361	0.00555699	0.00487473	0.00418754	0.00349611	0.00280114	0.00210334	0.00140341	0.000702057	0	
0	0.000872623	0.00174437	0.00261435	0.00348172	0.00434559	0.0052051	0.00605939	0.00690761	0.00774891	0.00858244	0.00940737	0.0102229	0.0110281	0.0118224	0.0126047	0.0133745	0.0141308	0.014873	0.0156003	0.016312	0.0170073	0.0176856	0.0183461	0.0189883	0.0196114	0.0202149	0.0207981	0.0213605	0.0219014	0.0224204	0.0229169	0.0233904	0.0238404	0.0242665	0.0246683	0.0250452	0.0253971	0.0257234	0.0260239	0.0262983	0.0265462	0.0267675	0.0269618	0.0271291	0.027269	0.0273816	0.0274666	0.0275239	0.0275536	0.0275555	0.0275296	0.0274761	0.0273949	0.027286	0.0271497	0.026986	0.0267951	0.0265772	0.0263325	0.0260612	0.0257636	0.02544	0.0250907	0.0247161	0.0243165	0.0238924	0.0234441	0.0229722	0.022477	0.0219591	0.021419	0.0208572	0.0202743	0.019671	0.0190477	0.0184052	0.017744	0.0170649	0.0163685	0.0156555	0.0149267	0.0141827	0.0134244	0.0126525	0.0118678	0.0110711	0.0102632	0.00944481	0.00861691	0.00778028	0.00693577	0.00608424	0.00522654	0.00436356	0.00349615	0.00262521	0.00175162	0.00087625	0	
0	0.00104522	0.00208938	0.00313145	0.00417036	0.0052051	0.00623461	0.00725787	0.00827386	0.00928156	0.01028	0.0112681	0.0122449	0.0132094	0.0141607	0.0150978	0.0160198	0.0169258	0.0178148	0.0186859	0.0195383	0.0203712	0.0211836	0.0219748	0.022744	0.0234904	0.0242132	0.0249118	0.0255854	0.0262333	0.0268549	0.0274496	0.0280168	0.0285558	0.0290662	0.0295474	0.0299989	0.0304204	0.0308113	0.0311712	0.0314998	0.0317968	0.0320618	0.0322946	0.0324949	0.0326626	0.0327974	0.0328992	0.0329679	0.0330034	0.0330057	0.0329747	0.0329106	0.0328133	0.032683	0.0325197	0.0323236	0.0320949	0.0318339	0.0315408	0.0312158	0.0308594	0.0304718	0.0300534	0.0296047	0.0291261	0.0286181	0.0280811	0.0275158	0.0269227	0.0263024	0.0256554	0.0249826	0.0242844	0.0235617	0.0228152	0.0220455	0.0212536	0.0204401	0.019606	0.018752	0.017879	0.0169879	0.0160797	0.0151551	0.0142152	0.0132609	0.0122931	0.0113129	0.0103213	0.00931915	0.00830761	0.00728765	0.00626031	0.00522663	0.00418766	0.00314446	0.00209807	0.00104956	0	
0	0.00121677	0.0024323	0.0036454	0.00485483	0.00605939	0.00725787	0.00844908	0.00963182	0.0108049	0.0119672	0.0131174	0.0142546	0.0153774	0.0164848	0.0175758	0.0186491	0.0197037	0.0207386	0.0217528	0.0227451	0.0237146	0.0246604	0.0255815	0.0264769	0.0273458	0.0281872	0.0290005	0.0297846	0.0305389	0.0312625	0.0319548	0.0326151	0.0332426	0.0338367	0.0343969	0.0349226	0.0354132	0.0358682	0.0362872	0.0366698	0.0370155	0.037324	0.037595	0.0378282	0.0380234	0.0381803	0.0382988	0.0383788	0.0384201	0.0384228	0.0383868	0.0383121	0.0381989	0.0380471	0.037857	0.0376288	0.0373626	0.0370587	0.0367175	0.0363392	0.0359242	0.035473	0.034986	0.0344636	0.0339065	0.0333151	0.03269	0.0320319	0.0313415	0.0306193	0.0298662	0.0290829	0.0282702	0.0274288	0.0265598	0.0256638	0.0247419	0.0237949	0.0228239	0.0218297	0.0208135	0.0197761	0.0187188	0.0176425	0.0165483	0.0154373	0.0143107	0.0131697	0.0120153	0.0108487	0.00967111	0.00848375	0.0072878	0.00608447	0.00487498	0.00366055	0.00244242	0.00122183	0	
0	0.00138709	0.00277279	0.0041557	0.00553443	0.00690761	0.00827386	0.00963182	0.0109801	0.0123174	0.0136424	0.0149537	0.01625	0.01753	0.0187925	0.0200361	0.0212597	0.022462	0.0236417	0.0247978	0.025929	0.0270343	0.0281125	0.0291625	0.0301832	0.0311738	0.032133	0.0330601	0.033954	0.0348139	0.0356388	0.036428	0.0371807	0.037896	0.0385733	0.039212	0.0398112	0.0403705	0.0408892	0.0413669	0.041803	0.0421971	0.0425488	0.0428578	0.0431236	0.0433461	0.043525	0.0436601	0.0437512	0.0437984	0.0438014	0.0437604	0.0436753	0.0435461	0.0433731	0.0431564	0.0428962	0.0425928	0.0422464	0.0418574	0.0414261	0.0409531	0.0404387	0.0398835	0.039288	0.0386529	0.0379787	0.0372661	0.0365159	0.0357288	0.0349056	0.034047	0.0331541	0.0322276	0.0312685	0.0302777	0.0292564	0.0282054	0.0271259	0.0260189	0.0248856	0.023727	0.0225445	0.0213391	0.0201121	0.0188648	0.0175983	0.016314	0.0150132	0.0136972	0.0123673	0.0110249	0.00967136	0.00830799	0.00693621	0.0055574	0.00417298	0.00278433	0.00139287	0	
0	0.00155603	0.00311049	0.00466183	0.00620848	0.00774891	0.00928156	0.0108049	0.0123174	0.0138176	0.0153039	0.0167749	0.0182291	0.019665	0.0210813	0.0224764	0.023849	0.0251977	0.0265211	0.027818	0.029087	0.0303269	0.0315364	0.0327143	0.0338594	0.0349705	0.0360466	0.0370866	0.0380894	0.039054	0.0399794	0.0408647	0.041709	0.0425115	0.0432713	0.0439877	0.0446599	0.0452873	0.0458693	0.0464051	0.0468943	0.0473364	0.047731	0.0480775	0.0483758	0.0486254	0.048826	0.0489776	0.0490799	0.0491327	0.0491362	0.0490901	0.0489946	0.0488498	0.0486557	0.0484126	0.0481207	0.0477803	0.0473917	0.0469553	0.0464716	0.0459409	0.0453639	0.0447411	0.0440731	0.0433606	0.0426043	0.0418049	0.0409633	0.0400803	0.0391568	0.0381937	0.037192	0.0361527	0.0350768	0.0339654	0.0328196	0.0316406	0.0304296	0.0291878	0.0279165	0.0266169	0.0252903	0.0239381	0.0225617	0.0211624	0.0197417	0.018301	0.0168418	0.0153655	0.0138736	0.0123677	0.0108493	0.00931985	0.007781	0.00623426	0.00468122	0.00312344	0.00156251	0	
0	0.00172341	0.00344508	0.00516329	0.00687631	0.00858244	0.01028	0.0119672	0.0136424	0.0153039	0.0169501	0.0185794	0.02019	0.0217804	0.0233489	0.0248941	0.0264143	0.0279081	0.0293739	0.0308103	0.0322159	0.0335891	0.0349287	0.0362333	0.0375015	0.0387322	0.0399241	0.0410759	0.0421866	0.0432549	0.0442799	0.0452604	0.0461956	0.0470844	0.0479259	0.0487194	0.0494639	0.0501588	0.0508033	0.0513968	0.0519387	0.0524283	0.0528653	0.0532492	0.0535795	0.0538559	0.0540782	0.054246	0.0543593	0.0544179	0.0544217	0.0543707	0.0542649	0.0541045	0.0538895	0.0536203	0.053297	0.05292	0.0524896	0.0520063	0.0514705	0.0508827	0.0502436	0.0495538	0.048814	0.0480248	0.0471872	0.0463018	0.0453697	0.0443917	0.0433689	0.0423022	0.0411927	0.0400416	0.0388499	0.037619	0.03635	0.0350442	0.0337029	0.0323275	0.0309194	0.02948	0.0280107	0.0265131	0.0249886	0.0234388	0.0218653	0.0202696	0.0186534	0.0170183	0.015366	0.0136981	0.0120163	0.0103224	0.00861799	0.00690488	0.00518478	0.00345943	0.00173059	0	
0	0.00188906	0.00377622	0.00565958	0.00753726	0.00940737	0.0112681	0.0131174	0.0149537	0.0167749	0.0185794	0.0203652	0.0221306	0.0238739	0.0255932	0.0272869	0.0289533	0.0305906	0.0321973	0.0337718	0.0353124	0.0368177	0.038286	0.039716	0.0411062	0.0424551	0.0437616	0.0450241	0.0462415	0.0474126	0.048536	0.0496108	0.0506359	0.0516101	0.0525326	0.0534023	0.0542184	0.0549801	0.0556865	0.0563371	0.056931	0.0574677	0.0579467	0.0583674	0.0587295	0.0590325	0.0592761	0.0594601	0.0595843	0.0596485	0.0596526	0.0595967	0.0594808	0.059305	0.0590694	0.0587743	0.0584199	0.0580066	0.0575349	0.0570051	0.0564178	0.0557736	0.055073	0.0543169	0.053506	0.052641	0.0517228	0.0507524	0.0497306	0.0486587	0.0475375	0.0463683	0.0451522	0.0438904	0.0425842	0.0412349	0.0398439	0.0384126	0.0369424	0.0354348	0.0338914	0.0323136	0.0307031	0.0290615	0.0273905	0.0256918	0.023967	0.0222179	0.0204464	0.0186541	0.016843	0.0150148	0.0131713	0.0113146	0.00944636	0.00756858	0.00568314	0.00379195	0.00189693	0	
0	0.00205282	0.00410357	0.0061502	0.00819065	0.0102229	0.0122449	0.0142546	0.01625	0.0182291	0.02019	0.0221306	0.0240491	0.0259434	0.0278118	0.0296524	0.0314632	0.0332425	0.0349885	0.0366994	0.0383736	0.0400093	0.041605	0.0431589	0.0446696	0.0461355	0.0475552	0.0489272	0.0502501	0.0515227	0.0527436	0.0539115	0.0550254	0.0560841	0.0570865	0.0580316	0.0589185	0.0597462	0.0605139	0.0612208	0.0618663	0.0624495	0.06297	0.0634273	0.0638207	0.06415	0.0644147	0.0646147	0.0647496	0.0648194	0.0648239	0.0647631	0.0646371	0.0644461	0.06419	0.0638693	0.0634843	0.0630352	0.0625225	0.0619468	0.0613086	0.0606085	0.0598473	0.0590256	0.0581443	0.0572044	0.0562066	0.055152	0.0540418	0.0528768	0.0516585	0.0503879	0.0490664	0.0476952	0.0462758	0.0448096	0.043298	0.0417426	0.040145	0.0385067	0.0368294	0.0351149	0.0333648	0.0315809	0.029765	0.027919	0.0260447	0.024144	0.0222189	0.0202713	0.0183031	0.0163164	0.0143132	0.0122954	0.0102653	0.0082247	0.00617581	0.00412068	0.00206138	0	
0	0.00221452	0.00442681	0.00663465	0.00883583	0.0110281	0.0132094	0.0153774	0.01753	0.019665	0.0217804	0.0238739	0.0259434	0.027987	0.0300026	0.0319881	0.0339416	0.035861	0.0377446	0.0395903	0.0413963	0.0431609	0.0448822	0.0465586	0.0481883	0.0497697	0.0513012	0.0527813	0.0542084	0.0555812	0.0568983	0.0581582	0.0593599	0.060502	0.0615833	0.0626029	0.0635596	0.0644525	0.0652807	0.0660433	0.0667396	0.0673688	0.0679303	0.0684235	0.068848	0.0692032	0.0694888	0.0697045	0.06985	0.0699253	0.0699302	0.0698646	0.0697287	0.0695226	0.0692464	0.0689004	0.068485	0.0680006	0.0674475	0.0668265	0.066138	0.0653828	0.0645616	0.0636752	0.0627245	0.0617105	0.0606341	0.0594965	0.0582987	0.0570421	0.0557277	0.0543571	0.0529314	0.0514523	0.049921	0.0483393	0.0467087	0.0450307	0.0433073	0.0415399	0.0397306	0.0378809	0.035993	0.0340686	0.0321097	0.0301182	0.0280963	0.0260459	0.0239691	0.0218681	0.0197449	0.0176017	0.0154406	0.013264	0.0110739	0.00887258	0.00666229	0.00444527	0.00222376	0	
0	0.00237401	0.00474562	0.00711246	0.00947216	0.0118224	0.0141607	0.0164848	0.0187925	0.0210813	0.0233489	0.0255932	0.0278118	0.0300026	0.0321633	0.0342918	0.036386	0.0384437	0.0404628	0.0424415	0.0443776	0.0462693	0.0481146	0.0499116	0.0516587	0.053354	0.0549958	0.0565824	0.0581124	0.059584	0.060996	0.0623467	0.0636349	0.0648592	0.0660184	0.0671114	0.068137	0.0690943	0.0699821	0.0707996	0.071546	0.0722206	0.0728225	0.0733513	0.0738063	0.0741871	0.0744932	0.0747245	0.0748805	0.0749612	0.0749664	0.0748962	0.0747505	0.0745295	0.0742334	0.0738625	0.0734172	0.0728979	0.072305	0.0716392	0.0709011	0.0700915	0.0692112	0.0682609	0.0672418	0.0661547	0.0650009	0.0637813	0.0624973	0.0611502	0.0597412	0.0582718	0.0567435	0.0551578	0.0535163	0.0518206	0.0500726	0.0482738	0.0464262	0.0445316	0.0425919	0.0406091	0.0385852	0.0365221	0.0344222	0.0322873	0.0301198	0.0279217	0.0256953	0.023443	0.0211669	0.0188693	0.0165527	0.0142192	0.0118714	0.00951157	0.00714211	0.00476542	0.00238391	0	
0	0.00253111	0.00505967	0.00758315	0.010099	0.0126047	0.0150978	0.0175758	0.0200361	0.0224764	0.0248941	0.0272869	0.0296524	0.0319881	0.0342918	0.0365612	0.0387939	0.0409878	0.0431406	0.0452502	0.0473144	0.0493313	0.0512987	0.0532147	0.0550774	0.0568848	0.0586353	0.060327	0.0619581	0.0635272	0.0650325	0.0664727	0.0678461	0.0691515	0.0703874	0.0715527	0.0726462	0.0736668	0.0746134	0.075485	0.0762808	0.077	0.0776418	0.0782055	0.0786906	0.0790966	0.0794231	0.0796696	0.079836	0.079922	0.0799276	0.0798527	0.0796973	0.0794617	0.0791461	0.0787506	0.0782758	0.0777221	0.07709	0.0763802	0.0755933	0.0747301	0.0737915	0.0727784	0.0716918	0.0705328	0.0693025	0.0680023	0.0666333	0.065197	0.0636948	0.0621281	0.0604987	0.058808	0.0570579	0.0552501	0.0533863	0.0514685	0.0494986	0.0474786	0.0454106	0.0432965	0.0411387	0.0389391	0.0367002	0.034424	0.032113	0.0297695	0.0273958	0.0249944	0.0225677	0.0201181	0.0176481	0.0151602	0.0126571	0.010141	0.00761476	0.00508079	0.00254167	0	
0	0.00268568	0.00536866	0.00804624	0.0107157	0.0133745	0.0160198	0.0186491	0.0212597	0.023849	0.0264143	0.0289533	0.0314632	0.0339416	0.036386	0.0387939	0.041163	0.0434908	0.0457751	0.0480135	0.0502038	0.0523438	0.0544314	0.0564644	0.0584409	0.0603587	0.0622161	0.064011	0.0657418	0.0674067	0.069004	0.0705321	0.0719894	0.0733744	0.0746859	0.0759224	0.0770826	0.0781655	0.0791699	0.0800948	0.0809392	0.0817023	0.0823833	0.0829814	0.0834962	0.083927	0.0842733	0.0845349	0.0847115	0.0848027	0.0848087	0.0847292	0.0845644	0.0843144	0.0839794	0.0835599	0.0830561	0.0824685	0.0817978	0.0810446	0.0802097	0.0792938	0.0782978	0.0772229	0.0760699	0.0748401	0.0735348	0.0721551	0.0707025	0.0691785	0.0675845	0.0659222	0.0641933	0.0623994	0.0605424	0.0586241	0.0566466	0.0546116	0.0525215	0.0503781	0.0481838	0.0459406	0.043651	0.0413171	0.0389414	0.0365263	0.0340742	0.0315875	0.0290689	0.0265208	0.0239459	0.0213467	0.0187259	0.0160861	0.01343	0.0107603	0.0080798	0.00539107	0.00269689	0	
0	0.00283756	0.00567226	0.00850126	0.0113217	0.0141308	0.0169258	0.0197037	0.022462	0.0251977	0.0279081	0.0305906	0.0332425	0.035861	0.0384437	0.0409878	0.0434908	0.0459503	0.0483638	0.0507288	0.053043	0.055304	0.0575096	0.0596576	0.0617458	0.0637721	0.0657345	0.067631	0.0694597	0.0712187	0.0729063	0.0745208	0.0760605	0.0775239	0.0789095	0.080216	0.0814418	0.082586	0.0836472	0.0846243	0.0855165	0.0863227	0.0870422	0.0876742	0.0882181	0.0886732	0.0890392	0.0893156	0.0895021	0.0895985	0.0896048	0.0895208	0.0893467	0.0890826	0.0887287	0.0882854	0.0877531	0.0871323	0.0864237	0.0856279	0.0847457	0.083778	0.0827258	0.08159	0.0803719	0.0790726	0.0776934	0.0762357	0.074701	0.0730907	0.0714066	0.0696503	0.0678236	0.0659283	0.0639662	0.0619395	0.0598501	0.0577001	0.0554917	0.0532272	0.0509087	0.0485387	0.0461196	0.0436537	0.0411437	0.038592	0.0360012	0.0333739	0.0307128	0.0280206	0.0253001	0.0225539	0.0197849	0.0169958	0.0141895	0.0113689	0.00853674	0.00569595	0.00284941	0	
0	0.0029866	0.00597019	0.00894777	0.0119164	0.014873	0.0178148	0.0207386	0.0236417	0.0265211	0.0293739	0.0321973	0.0349885	0.0377446	0.0404628	0.0431406	0.0457751	0.0483638	0.050904	0.0533932	0.0558289	0.0582087	0.0605302	0.062791	0.0649889	0.0671216	0.0691871	0.0711832	0.0731079	0.0749594	0.0767356	0.0784349	0.0800555	0.0815958	0.0830541	0.0844292	0.0857195	0.0869237	0.0880406	0.0890691	0.0900081	0.0908567	0.091614	0.0922792	0.0928516	0.0933307	0.0937159	0.0940068	0.0942031	0.0943046	0.0943112	0.0942228	0.0940395	0.0937615	0.0933891	0.0929225	0.0923622	0.0917089	0.090963	0.0901254	0.0891969	0.0881784	0.0870709	0.0858754	0.0845933	0.0832258	0.0817741	0.0802399	0.0786246	0.0769298	0.0751572	0.0733087	0.071386	0.0693911	0.067326	0.0651928	0.0629937	0.0607307	0.0584064	0.0560229	0.0535826	0.0510882	0.048542	0.0459466	0.0433047	0.040619	0.0378921	0.0351268	0.032326	0.0294924	0.026629	0.0237385	0.0208241	0.0178885	0.0149348	0.011966	0.00898512	0.00599513	0.00299908	0	
0	0.00313265	0.00626213	0.00938532	0.0124991	0.0156003	0.0186859	0.0217528	0.0247978	0.027818	0.0308103	0.0337718	0.0366994	0.0395903	0.0424415	0.0452502	0.0480135	0.0507288	0.0533932	0.0560042	0.058559	0.0610552	0.0634902	0.0658615	0.0681669	0.0704039	0.0725704	0.0746641	0.076683	0.0786249	0.080488	0.0822704	0.0839702	0.0855858	0.0871155	0.0885578	0.0899112	0.0911743	0.0923458	0.0934246	0.0944096	0.0952997	0.096094	0.0967917	0.0973921	0.0978946	0.0982986	0.0986038	0.0988097	0.0989162	0.0989231	0.0988304	0.0986381	0.0983465	0.0979559	0.0974665	0.0968788	0.0961935	0.0954112	0.0945326	0.0935587	0.0924904	0.0913287	0.0900748	0.08873	0.0872956	0.085773	0.0841637	0.0824694	0.0806917	0.0788325	0.0768935	0.0748768	0.0727844	0.0706183	0.0683808	0.0660741	0.0637006	0.0612625	0.0587625	0.0562029	0.0535865	0.0509157	0.0481935	0.0454224	0.0426053	0.0397451	0.0368446	0.0339068	0.0309346	0.0279312	0.0248994	0.0218424	0.0187633	0.0156652	0.0125512	0.00942451	0.0062883	0.00314574	0	
0	0.00327555	0.0065478	0.00981346	0.0130693	0.016312	0.0195383	0.0227451	0.025929	0.029087	0.0322159	0.0353124	0.0383736	0.0413963	0.0443776	0.0473144	0.0502038	0.053043	0.0558289	0.058559	0.0612304	0.0638404	0.0663865	0.0688661	0.0712766	0.0736157	0.075881	0.0780702	0.0801811	0.0822117	0.0841598	0.0860235	0.0878009	0.0894902	0.0910897	0.0925977	0.0940129	0.0953336	0.0965586	0.0976866	0.0987165	0.0996472	0.100478	0.101207	0.101835	0.10236	0.102783	0.103102	0.103317	0.103429	0.103436	0.103339	0.103138	0.102833	0.102425	0.101913	0.101298	0.100582	0.0997638	0.0988452	0.0978268	0.0967098	0.0954951	0.094184	0.0927778	0.091278	0.0896859	0.0880032	0.0862316	0.0843728	0.0824288	0.0804014	0.0782927	0.0761048	0.0738399	0.0715003	0.0690884	0.0666065	0.0640573	0.0614432	0.0587669	0.0560311	0.0532385	0.0503921	0.0474946	0.044549	0.0415583	0.0385254	0.0354536	0.0323459	0.0292054	0.0260353	0.0228388	0.0196192	0.0163798	0.0131238	0.00985446	0.00657517	0.00328924	0	
0	0.00341518	0.00682691	0.0102318	0.0136264	0.0170073	0.0203712	0.0237146	0.0270343	0.0303269	0.0335891	0.0368177	0.0400093	0.0431609	0.0462693	0.0493313	0.0523438	0.055304	0.0582087	0.0610552	0.0638404	0.0665617	0.0692163	0.0718016	0.0743149	0.0767537	0.0791155	0.0813981	0.083599	0.0857161	0.0877473	0.0896904	0.0915435	0.0933048	0.0949725	0.0965449	0.0980203	0.0993974	0.100675	0.101851	0.102924	0.103895	0.104761	0.105521	0.106176	0.106724	0.107164	0.107497	0.107721	0.107837	0.107845	0.107744	0.107534	0.107217	0.106791	0.106257	0.105616	0.104869	0.104016	0.103059	0.101997	0.100832	0.0995658	0.0981988	0.0967327	0.0951689	0.093509	0.0917545	0.0899074	0.0879694	0.0859425	0.0838287	0.0816301	0.0793489	0.0769875	0.0745482	0.0720335	0.0694458	0.0667879	0.0640623	0.0612719	0.0584195	0.0555079	0.0525401	0.0495191	0.046448	0.0433298	0.0401677	0.0369649	0.0337247	0.0304503	0.0271451	0.0238124	0.0204556	0.017078	0.0136832	0.0102745	0.00685546	0.00342946	0	
0	0.00355138	0.00709917	0.0106398	0.0141698	0.0176856	0.0211836	0.0246604	0.0281125	0.0315364	0.0349287	0.038286	0.041605	0.0448822	0.0481146	0.0512987	0.0544314	0.0575096	0.0605302	0.0634902	0.0663865	0.0692163	0.0719768	0.0746652	0.0772787	0.0798147	0.0822708	0.0846444	0.0869331	0.0891346	0.0912468	0.0932674	0.0951945	0.097026	0.0987602	0.100395	0.10193	0.103362	0.10469	0.105913	0.107029	0.108038	0.108939	0.10973	0.110411	0.11098	0.111438	0.111784	0.112018	0.112138	0.112146	0.112041	0.111823	0.111493	0.11105	0.110495	0.109829	0.109052	0.108165	0.107169	0.106065	0.104854	0.103537	0.102115	0.100591	0.0989645	0.0972383	0.0954139	0.0934931	0.0914779	0.0893701	0.087172	0.0848857	0.0825136	0.080058	0.0775214	0.0749063	0.0722155	0.0694516	0.0666173	0.0637156	0.0607494	0.0577217	0.0546356	0.0514941	0.0483005	0.0450579	0.0417697	0.0384392	0.0350697	0.0316648	0.0282277	0.0247621	0.0212714	0.0177592	0.0142289	0.0106843	0.00712887	0.00356624	0	
0	0.00368402	0.00736433	0.0110372	0.0146991	0.0183461	0.0219748	0.0255815	0.0291625	0.0327143	0.0362333	0.039716	0.0431589	0.0465586	0.0499116	0.0532147	0.0564644	0.0596576	0.062791	0.0658615	0.0688661	0.0718016	0.0746652	0.0774539	0.080165	0.0827958	0.0853436	0.0878059	0.0901801	0.0924638	0.0946549	0.096751	0.09875	0.10065	0.102449	0.104145	0.105737	0.107222	0.1086	0.109869	0.111027	0.112074	0.113008	0.113828	0.114534	0.115125	0.1156	0.115959	0.116202	0.116327	0.116335	0.116226	0.116	0.115657	0.115197	0.114622	0.113931	0.113125	0.112205	0.111172	0.110026	0.10877	0.107404	0.105929	0.104348	0.102661	0.10087	0.0989777	0.0969852	0.0948946	0.0927081	0.0904279	0.0880563	0.0855955	0.0830482	0.0804169	0.0777042	0.0749128	0.0720456	0.0691055	0.0660955	0.0630185	0.0598777	0.0566763	0.0534175	0.0501045	0.0467409	0.0433298	0.0398749	0.0363796	0.0328475	0.0292821	0.025687	0.0220659	0.0184225	0.0147604	0.0110834	0.00739515	0.00369944	0	
0	0.00381297	0.0076221	0.0114236	0.0152136	0.0189883	0.022744	0.0264769	0.0301832	0.0338594	0.0375015	0.0411062	0.0446696	0.0481883	0.0516587	0.0550774	0.0584409	0.0617458	0.0649889	0.0681669	0.0712766	0.0743149	0.0772787	0.080165	0.0829711	0.085694	0.0883309	0.0908794	0.0933367	0.0957004	0.0979681	0.100138	0.102207	0.104173	0.106035	0.107791	0.109438	0.110975	0.112401	0.113714	0.114913	0.115997	0.116963	0.117813	0.118544	0.119155	0.119647	0.120018	0.120269	0.120399	0.120407	0.120294	0.12006	0.119705	0.11923	0.118634	0.117919	0.117085	0.116132	0.115063	0.113878	0.112577	0.111163	0.109637	0.108	0.106254	0.104401	0.102442	0.10038	0.0982163	0.0959533	0.0935932	0.0911386	0.0885917	0.0859552	0.0832318	0.0804241	0.0775351	0.0745675	0.0715245	0.0684091	0.0652244	0.0619737	0.0586602	0.0552873	0.0518584	0.048377	0.0448466	0.0412707	0.0376531	0.0339973	0.0303071	0.0265862	0.0228383	0.0190673	0.0152771	0.0114713	0.00765401	0.00382894	0	
0	0.0039381	0.00787223	0.0117984	0.0157128	0.0196114	0.0234904	0.0273458	0.0311738	0.0349705	0.0387322	0.0424551	0.0461355	0.0497697	0.053354	0.0568848	0.0603587	0.0637721	0.0671216	0.0704039	0.0736157	0.0767537	0.0798147	0.0827958	0.085694	0.0885062	0.0912297	0.0938618	0.0963997	0.098841	0.101183	0.103424	0.105561	0.107592	0.109515	0.111328	0.113029	0.114617	0.11609	0.117446	0.118684	0.119803	0.120802	0.121679	0.122434	0.123066	0.123573	0.123957	0.124216	0.12435	0.124358	0.124242	0.124	0.123634	0.123143	0.122527	0.121789	0.120927	0.119944	0.118839	0.117615	0.116272	0.114812	0.113235	0.111545	0.109741	0.107827	0.105804	0.103674	0.10144	0.0991023	0.0966648	0.0941295	0.0914991	0.0887761	0.0859633	0.0830635	0.0800796	0.0770147	0.0738718	0.0706541	0.0673649	0.0640075	0.0605853	0.0571017	0.0535603	0.0499646	0.0463183	0.0426251	0.0388888	0.035113	0.0313017	0.0274587	0.0235878	0.0196931	0.0157784	0.0118478	0.0079052	0.00395459	0	
0	0.00405928	0.00811447	0.0121615	0.0161963	0.0202149	0.0242132	0.0281872	0.032133	0.0360466	0.0399241	0.0437616	0.0475552	0.0513012	0.0549958	0.0586353	0.0622161	0.0657345	0.0691871	0.0725704	0.075881	0.0791155	0.0822708	0.0853436	0.0883309	0.0912297	0.094037	0.0967501	0.0993661	0.101883	0.104297	0.106606	0.108809	0.110903	0.112885	0.114754	0.116507	0.118144	0.119662	0.12106	0.122337	0.12349	0.124519	0.125423	0.126201	0.126853	0.127376	0.127771	0.128038	0.128176	0.128185	0.128065	0.127816	0.127438	0.126932	0.126298	0.125536	0.124648	0.123635	0.122496	0.121234	0.11985	0.118345	0.11672	0.114977	0.113118	0.111145	0.10906	0.106865	0.104561	0.102152	0.0996394	0.0970262	0.0943148	0.091508	0.0886086	0.0856196	0.0825439	0.0793846	0.076145	0.0728284	0.069438	0.0659772	0.0624497	0.0588589	0.0552085	0.0515022	0.0477437	0.0439368	0.0400855	0.0361935	0.0322649	0.0283036	0.0243137	0.0202991	0.016264	0.0122124	0.00814847	0.00407629	0	
0	0.0041764	0.00834858	0.0125124	0.0166636	0.0207981	0.0249118	0.0290005	0.0330601	0.0370866	0.0410759	0.0450241	0.0489272	0.0527813	0.0565824	0.060327	0.064011	0.067631	0.0711832	0.0746641	0.0780702	0.0813981	0.0846444	0.0878059	0.0908794	0.0938618	0.0967501	0.0995414	0.102233	0.104822	0.107306	0.109682	0.111948	0.114102	0.116142	0.118064	0.119869	0.121553	0.123115	0.124553	0.125866	0.127053	0.128112	0.129042	0.129842	0.130512	0.131051	0.131458	0.131732	0.131874	0.131884	0.13176	0.131504	0.131115	0.130594	0.129942	0.129158	0.128245	0.127202	0.12603	0.124732	0.123308	0.121759	0.120087	0.118294	0.116382	0.114352	0.112207	0.109948	0.107578	0.105099	0.102514	0.0998255	0.0970359	0.0941481	0.0911651	0.0880898	0.0849254	0.081675	0.078342	0.0749296	0.0714414	0.0678808	0.0642515	0.0605571	0.0568014	0.0529881	0.0491212	0.0452045	0.041242	0.0372378	0.0331958	0.0291203	0.0250152	0.0208848	0.0167332	0.0125648	0.00838357	0.0041939	0	
0	0.00428932	0.00857432	0.0128507	0.0171142	0.0213605	0.0255854	0.0297846	0.033954	0.0380894	0.0421866	0.0462415	0.0502501	0.0542084	0.0581124	0.0619581	0.0657418	0.0694597	0.0731079	0.076683	0.0801811	0.083599	0.0869331	0.0901801	0.0933367	0.0963997	0.0993661	0.102233	0.104997	0.107656	0.110207	0.112648	0.114975	0.117187	0.119282	0.121257	0.12311	0.124839	0.126444	0.127921	0.129269	0.130488	0.131576	0.132531	0.133353	0.134041	0.134595	0.135012	0.135294	0.13544	0.13545	0.135323	0.13506	0.13466	0.134125	0.133455	0.132651	0.131712	0.130641	0.129438	0.128105	0.126642	0.125051	0.123334	0.121493	0.119529	0.117444	0.115241	0.112921	0.110487	0.107941	0.105286	0.102525	0.0996597	0.0966939	0.0936302	0.0904718	0.0872218	0.0838835	0.0804603	0.0769557	0.0733731	0.0697163	0.0659888	0.0621945	0.0583373	0.0544209	0.0504494	0.0464268	0.0423572	0.0382447	0.0340935	0.0299077	0.0256916	0.0214495	0.0171857	0.0129045	0.00861026	0.0043073	0	
0	0.00439795	0.00879145	0.0131761	0.0175476	0.0219014	0.0262333	0.0305389	0.0348139	0.039054	0.0432549	0.0474126	0.0515227	0.0555812	0.059584	0.0635272	0.0674067	0.0712187	0.0749594	0.0786249	0.0822117	0.0857161	0.0891346	0.0924638	0.0957004	0.098841	0.101883	0.104822	0.107656	0.110383	0.112998	0.115501	0.117887	0.120155	0.122303	0.124328	0.126228	0.128001	0.129646	0.13116	0.132543	0.133793	0.134908	0.135888	0.13673	0.137436	0.138003	0.138432	0.138721	0.13887	0.13888	0.13875	0.13848	0.138071	0.137522	0.136835	0.13601	0.135048	0.13395	0.132716	0.131349	0.129849	0.128218	0.126458	0.12457	0.122556	0.120418	0.118159	0.115781	0.113285	0.110675	0.107953	0.105121	0.102184	0.0991427	0.0960014	0.092763	0.0894307	0.0860079	0.082498	0.0789046	0.0752313	0.0714819	0.06766	0.0637696	0.0598147	0.0557991	0.0517271	0.0476026	0.0434299	0.0392133	0.0349569	0.0306651	0.0263423	0.0219927	0.017621	0.0132313	0.00882832	0.00441639	0	
0	0.00450216	0.00899978	0.0134883	0.0179634	0.0224204	0.0268549	0.0312625	0.0356388	0.0399794	0.0442799	0.048536	0.0527436	0.0568983	0.060996	0.0650325	0.069004	0.0729063	0.0767356	0.080488	0.0841598	0.0877473	0.0912468	0.0946549	0.0979681	0.101183	0.104297	0.107306	0.110207	0.112998	0.115676	0.118238	0.120681	0.123002	0.125201	0.127274	0.129219	0.131034	0.132718	0.134268	0.135684	0.136963	0.138105	0.139108	0.139971	0.140693	0.141273	0.141712	0.142008	0.142161	0.142171	0.142038	0.141761	0.141342	0.140781	0.140078	0.139233	0.138248	0.137124	0.135861	0.134461	0.132926	0.131257	0.129455	0.127522	0.12546	0.123272	0.120959	0.118524	0.115969	0.113297	0.110511	0.107612	0.104605	0.101492	0.0982763	0.0949612	0.0915499	0.088046	0.084453	0.0807744	0.0770141	0.0731758	0.0692634	0.0652808	0.0612321	0.0571214	0.0529529	0.0487307	0.0444591	0.0401425	0.0357853	0.0313918	0.0269665	0.0225139	0.0180385	0.0135449	0.00903753	0.00452104	0	
0	0.00460186	0.00919907	0.013787	0.0183612	0.0229169	0.0274496	0.0319548	0.036428	0.0408647	0.0452604	0.0496108	0.0539115	0.0581582	0.0623467	0.0664727	0.0705321	0.0745208	0.0784349	0.0822704	0.0860235	0.0896904	0.0932674	0.096751	0.100138	0.103424	0.106606	0.109682	0.112648	0.115501	0.118238	0.120856	0.123353	0.125726	0.127974	0.130092	0.13208	0.133936	0.135657	0.137242	0.138689	0.139996	0.141163	0.142188	0.14307	0.143808	0.144402	0.14485	0.145153	0.145309	0.145319	0.145183	0.144901	0.144472	0.143898	0.14318	0.142316	0.14131	0.14016	0.13887	0.137439	0.13587	0.134163	0.132321	0.130346	0.128239	0.126002	0.123638	0.121149	0.118538	0.115806	0.112958	0.109995	0.106922	0.10374	0.100453	0.0970641	0.0935773	0.0899958	0.0863232	0.0825632	0.0787196	0.0747963	0.0707972	0.0667265	0.0625881	0.0583864	0.0541255	0.0498098	0.0454437	0.0410315	0.0365778	0.032087	0.0275637	0.0230125	0.018438	0.0138448	0.00923767	0.00462117	0	
0	0.00469694	0.00938914	0.0140719	0.0187405	0.0233904	0.0280168	0.0326151	0.0371807	0.041709	0.0461956	0.0506359	0.0550254	0.0593599	0.0636349	0.0678461	0.0719894	0.0760605	0.0800555	0.0839702	0.0878009	0.0915435	0.0951945	0.09875	0.102207	0.105561	0.108809	0.111948	0.114975	0.117887	0.120681	0.123353	0.125902	0.128324	0.130618	0.13278	0.134809	0.136703	0.13846	0.140077	0.141554	0.142889	0.14408	0.145126	0.146026	0.14678	0.147386	0.147843	0.148152	0.148311	0.148322	0.148183	0.147895	0.147457	0.146872	0.146138	0.145257	0.144229	0.143056	0.141739	0.140279	0.138677	0.136935	0.135055	0.133039	0.130888	0.128605	0.126193	0.123652	0.120987	0.118199	0.115292	0.112268	0.109131	0.105883	0.102528	0.0990697	0.0955109	0.0918554	0.0881069	0.0842692	0.0803461	0.0763418	0.0722601	0.0681052	0.0638814	0.0595928	0.0552439	0.050839	0.0463827	0.0418793	0.0373336	0.03275	0.0281332	0.023488	0.018819	0.0141309	0.00942855	0.00471665	0	
0	0.0047873	0.00956978	0.0143426	0.0191011	0.0238404	0.0285558	0.0332426	0.037896	0.0425115	0.0470844	0.0516101	0.0560841	0.060502	0.0648592	0.0691515	0.0733744	0.0775239	0.0815958	0.0855858	0.0894902	0.0933048	0.097026	0.10065	0.104173	0.107592	0.110903	0.114102	0.117187	0.120155	0.123002	0.125726	0.128324	0.130793	0.133131	0.135335	0.137403	0.139334	0.141124	0.142773	0.144278	0.145638	0.146852	0.147918	0.148836	0.149604	0.150221	0.150688	0.151002	0.151165	0.151176	0.151034	0.15074	0.150295	0.149698	0.14895	0.148052	0.147004	0.145809	0.144466	0.142978	0.141345	0.13957	0.137654	0.135599	0.133407	0.13108	0.128621	0.126031	0.123315	0.120473	0.11751	0.114428	0.111231	0.10792	0.104501	0.100976	0.0973486	0.0936227	0.0898021	0.0858906	0.0818921	0.0778107	0.0736504	0.0694156	0.0651105	0.0607394	0.0563069	0.0518172	0.0472751	0.0426851	0.0380519	0.0333801	0.0286745	0.0239399	0.0191811	0.0144028	0.00960996	0.0048074	0	
0	0.00487287	0.00974082	0.014599	0.0194425	0.0242665	0.0290662	0.0338367	0.0385733	0.0432713	0.0479259	0.0525326	0.0570865	0.0615833	0.0660184	0.0703874	0.0746859	0.0789095	0.0830541	0.0871155	0.0910897	0.0949725	0.0987602	0.102449	0.106035	0.109515	0.112885	0.116142	0.119282	0.122303	0.125201	0.127974	0.130618	0.133131	0.13551	0.137754	0.139859	0.141824	0.143646	0.145324	0.146857	0.148241	0.149477	0.150562	0.151496	0.152278	0.152906	0.153381	0.153701	0.153867	0.153878	0.153734	0.153435	0.152981	0.152373	0.151612	0.150698	0.149632	0.148415	0.147049	0.145534	0.143872	0.142065	0.140114	0.138023	0.135791	0.133423	0.13092	0.128284	0.125519	0.122627	0.119611	0.116474	0.113219	0.109849	0.106369	0.102781	0.0990886	0.0952962	0.0914073	0.0874258	0.0833558	0.0792015	0.0749669	0.0706564	0.0662743	0.0618251	0.0573133	0.0527434	0.0481201	0.0434481	0.038732	0.0339768	0.0291871	0.0243678	0.0195239	0.0146602	0.00978173	0.00489333	0	
0	0.00495354	0.00990209	0.0148407	0.0197644	0.0246683	0.0295474	0.0343969	0.039212	0.0439877	0.0487194	0.0534023	0.0580316	0.0626029	0.0671114	0.0715527	0.0759224	0.080216	0.0844292	0.0885578	0.0925977	0.0965449	0.100395	0.104145	0.107791	0.111328	0.114754	0.118064	0.121257	0.124328	0.127274	0.130092	0.13278	0.135335	0.137754	0.140035	0.142175	0.144172	0.146025	0.14773	0.149288	0.150695	0.151952	0.153055	0.154004	0.154799	0.155438	0.15592	0.156246	0.156414	0.156425	0.156279	0.155975	0.155514	0.154896	0.154122	0.153193	0.152109	0.150872	0.149483	0.147943	0.146254	0.144417	0.142434	0.140308	0.138039	0.135632	0.133087	0.130408	0.127597	0.124657	0.121591	0.118402	0.115093	0.111668	0.10813	0.104482	0.100729	0.096874	0.0929207	0.0888733	0.0847359	0.0805128	0.0762081	0.0718262	0.0673716	0.0628487	0.0582622	0.0536167	0.0489168	0.0441675	0.0393733	0.0345393	0.0296703	0.0247713	0.0198472	0.014903	0.00994369	0.00497435	0	
0	0.00502924	0.0100534	0.0150675	0.0200664	0.0250452	0.0299989	0.0349226	0.0398112	0.0446599	0.0494639	0.0542184	0.0589185	0.0635596	0.068137	0.0726462	0.0770826	0.0814418	0.0857195	0.0899112	0.0940129	0.0980203	0.10193	0.105737	0.109438	0.113029	0.116507	0.119869	0.12311	0.126228	0.129219	0.13208	0.134809	0.137403	0.139859	0.142175	0.144347	0.146375	0.148256	0.149988	0.151569	0.152999	0.154274	0.155394	0.156358	0.157165	0.157813	0.158303	0.158634	0.158805	0.158816	0.158667	0.158359	0.15789	0.157263	0.156478	0.155534	0.154434	0.153178	0.151768	0.150204	0.148489	0.146624	0.144611	0.142452	0.140149	0.137705	0.135121	0.132401	0.129547	0.126562	0.123449	0.120212	0.116852	0.113375	0.109783	0.106079	0.102269	0.0983545	0.0943408	0.0902316	0.086031	0.0817433	0.0773728	0.072924	0.0684013	0.0638093	0.0591527	0.0544361	0.0496645	0.0448425	0.0399751	0.0350672	0.0301238	0.0251499	0.0201505	0.0151307	0.0100957	0.00505038	0	
0	0.00509989	0.0101946	0.0152792	0.0203483	0.0253971	0.0304204	0.0354132	0.0403705	0.0452873	0.0501588	0.0549801	0.0597462	0.0644525	0.0690943	0.0736668	0.0781655	0.082586	0.0869237	0.0911743	0.0953336	0.0993974	0.103362	0.107222	0.110975	0.114617	0.118144	0.121553	0.124839	0.128001	0.131034	0.133936	0.136703	0.139334	0.141824	0.144172	0.146375	0.148432	0.150339	0.152095	0.153699	0.155148	0.156441	0.157577	0.158555	0.159373	0.16003	0.160527	0.160862	0.161036	0.161047	0.160896	0.160583	0.160109	0.159473	0.158676	0.157719	0.156604	0.15533	0.1539	0.152314	0.150575	0.148684	0.146643	0.144453	0.142118	0.139639	0.137019	0.134261	0.131367	0.12834	0.125184	0.1219	0.118494	0.114968	0.111325	0.10757	0.103705	0.0997363	0.0956662	0.0914992	0.0872396	0.0828917	0.0784598	0.0739485	0.0693622	0.0647057	0.0599837	0.0552009	0.0503622	0.0454725	0.0405367	0.0355599	0.030547	0.0255032	0.0204336	0.0153433	0.0102375	0.00512133	0	
0	0.00516543	0.0103256	0.0154755	0.0206098	0.0257234	0.0308113	0.0358682	0.0408892	0.0458693	0.0508033	0.0556865	0.0605139	0.0652807	0.0699821	0.0746134	0.0791699	0.0836472	0.0880406	0.0923458	0.0965586	0.100675	0.10469	0.1086	0.112401	0.11609	0.119662	0.123115	0.126444	0.129646	0.132718	0.135657	0.13846	0.141124	0.143646	0.146025	0.148256	0.150339	0.152271	0.15405	0.155674	0.157142	0.158451	0.159602	0.160592	0.161421	0.162087	0.16259	0.16293	0.163105	0.163117	0.162964	0.162647	0.162166	0.161522	0.160715	0.159746	0.158616	0.157326	0.155877	0.154272	0.15251	0.150595	0.148527	0.14631	0.143944	0.141434	0.13878	0.135986	0.133055	0.129989	0.126792	0.123467	0.120017	0.116445	0.112755	0.108952	0.105038	0.101018	0.0968955	0.092675	0.0883607	0.0839569	0.0794681	0.0748987	0.0702536	0.0655372	0.0607545	0.0559103	0.0510094	0.0460568	0.0410576	0.0360168	0.0309396	0.025831	0.0206962	0.0155405	0.0103691	0.00518714	0	
0	0.00522577	0.0104463	0.0156563	0.0208505	0.0260239	0.0311712	0.0362872	0.0413669	0.0464051	0.0513968	0.0563371	0.0612208	0.0660433	0.0707996	0.075485	0.0800948	0.0846243	0.0890691	0.0934246	0.0976866	0.101851	0.105913	0.109869	0.113714	0.117446	0.12106	0.124553	0.127921	0.13116	0.134268	0.137242	0.140077	0.142773	0.145324	0.14773	0.149988	0.152095	0.15405	0.155849	0.157492	0.158977	0.160302	0.161466	0.162468	0.163306	0.16398	0.164489	0.164833	0.165011	0.165022	0.164868	0.164547	0.164061	0.163409	0.162593	0.161612	0.160469	0.159164	0.157699	0.156074	0.154292	0.152354	0.150262	0.148019	0.145626	0.143086	0.140401	0.137575	0.13461	0.131508	0.128274	0.124909	0.121419	0.117805	0.114073	0.110225	0.106265	0.102198	0.0980276	0.0937577	0.089393	0.0849378	0.0803965	0.0757738	0.0710743	0.0663029	0.0614643	0.0565635	0.0516053	0.0465949	0.0415373	0.0364376	0.031301	0.0261327	0.020938	0.015722	0.0104902	0.00524775	0	
0	0.00528086	0.0105564	0.0158213	0.0210704	0.0262983	0.0314998	0.0366698	0.041803	0.0468943	0.0519387	0.056931	0.0618663	0.0667396	0.071546	0.0762808	0.0809392	0.0855165	0.0900081	0.0944096	0.0987165	0.102924	0.107029	0.111027	0.114913	0.118684	0.122337	0.125866	0.129269	0.132543	0.135684	0.138689	0.141554	0.144278	0.146857	0.149288	0.151569	0.153699	0.155674	0.157492	0.159153	0.160653	0.161993	0.163169	0.164181	0.165028	0.165709	0.166224	0.166571	0.16675	0.166762	0.166606	0.166282	0.16579	0.165132	0.164307	0.163316	0.162161	0.160842	0.159361	0.157719	0.155918	0.15396	0.151846	0.149579	0.147161	0.144595	0.141882	0.139026	0.136029	0.132895	0.129626	0.126226	0.122699	0.119047	0.115275	0.111387	0.107386	0.103276	0.0990611	0.0947463	0.0903355	0.0858333	0.0812441	0.0765727	0.0718237	0.067002	0.0621124	0.0571599	0.0521494	0.0470862	0.0419753	0.0368218	0.0316311	0.0264083	0.0211588	0.0158878	0.0106008	0.00530308	0	
0	0.00533065	0.0106559	0.0159705	0.021269	0.0265462	0.0317968	0.0370155	0.0421971	0.0473364	0.0524283	0.0574677	0.0624495	0.0673688	0.0722206	0.077	0.0817023	0.0863227	0.0908567	0.0952997	0.0996472	0.103895	0.108038	0.112074	0.115997	0.119803	0.12349	0.127053	0.130488	0.133793	0.136963	0.139996	0.142889	0.145638	0.148241	0.150695	0.152999	0.155148	0.157142	0.158977	0.160653	0.162168	0.16352	0.164707	0.165729	0.166584	0.167272	0.167791	0.168141	0.168323	0.168334	0.168177	0.16785	0.167353	0.166689	0.165856	0.164856	0.16369	0.162359	0.160864	0.159206	0.157389	0.155412	0.153278	0.15099	0.148549	0.145958	0.143219	0.140336	0.137311	0.134148	0.130848	0.127416	0.123856	0.12017	0.116362	0.112437	0.108398	0.104249	0.0999951	0.0956396	0.0911873	0.0866426	0.0820102	0.0772947	0.0725009	0.0676337	0.062698	0.0576988	0.0526411	0.0475302	0.042371	0.037169	0.0319293	0.0266573	0.0213583	0.0160376	0.0107008	0.00535308	0	
