0	0	0	0	0	0	0	0	0	0	0	0	0	0	0	0	0	0	0	0	0	0	0	0	0	0	0	0	0	0	0	0	0	0	0	0	0	0	0	0	0	0	0	0	0	0	0	0	0	0	0	0	0	0	0	0	0	0	0	0	0	0	0	0	0	0	0	0	0	0	0	0	0	0	0	0	0	0	0	0	0	0	0	0	0	0	0	0	0	0	0	0	0	0	0	0	0	0	0	0	
0	0.000147281	0.000294412	0.000441247	0.000587637	0.000733437	0.000878499	0.00102268	0.00116583	0.00130782	0.00144849	0.0015877	0.00172533	0.00186122	0.00199524	0.00212726	0.00225715	0.00238478	0.00251001	0.00263272	0.00275279	0.0028701	0.00298453	0.00309597	0.0032043	0.00330941	0.00341121	0.00350958	0.00360442	0.00369565	0.00378317	0.00386689	0.00394673	0.0040226	0.00409443	0.00416215	0.00422569	0.00428499	0.00433998	0.0043906	0.00443681	0.00447857	0.00451582	0.00454852	0.00457666	0.00460019	0.00461909	0.00463334	0.00464293	0.00464785	0.00464809	0.00464364	0.00463453	0.00462074	0.0046023	0.00457922	0.00455152	0.00451924	0.0044824	0.00444105	0.00439521	0.00434495	0.00429029	0.00423132	0.00416807	0.00410061	0.00402902	0.00395336	0.00387371	0.00379014	0.00370275	0.00361162	0.00351684	0.00341851	0.00331673	0.00321159	0.00310321	0.00299169	0.00287715	0.0027597	0.00263946	0.00251655	0.0023911	0.00226323	0.00213308	0.00200076	0.00186643	0.00173021	0.00159223	0.00145265	0.0013116	0.00116923	0.00102567	0.000881078	0.000735595	0.000589369	0.000442547	0.000295279	0.000147714	0	
0	0.000294412	0.000588526	0.000882046	0.00117468	0.00146613	0.00175611	0.00204432	0.00233049	0.00261431	0.00289551	0.0031738	0.0034489	0.00372055	0.00398846	0.00425238	0.00451202	0.00476714	0.00501748	0.00526278	0.0055028	0.0057373	0.00596605	0.00618881	0.00640536	0.00661548	0.00681896	0.0070156	0.0072052	0.00738756	0.00756251	0.00772987	0.00788946	0.00804113	0.00818472	0.0083201	0.00844711	0.00856564	0.00867556	0.00877676	0.00886914	0.0089526	0.00902706	0.00909245	0.00914869	0.00919572	0.0092335	0.009262	0.00928117	0.009291	0.00929147	0.00928259	0.00926436	0.0092368	0.00919994	0.0091538	0.00909844	0.00903391	0.00896028	0.00887761	0.00878598	0.0086855	0.00857625	0.00845835	0.00833192	0.00819708	0.00805397	0.00790272	0.0077435	0.00757646	0.00740176	0.00721959	0.00703013	0.00683357	0.0066301	0.00641994	0.00620328	0.00598036	0.00575139	0.00551661	0.00527625	0.00503056	0.00477979	0.00452418	0.004264	0.00399951	0.00373097	0.00345866	0.00318286	0.00290384	0.00262188	0.00233728	0.00205031	0.00176127	0.00147045	0.00117814	0.000884647	0.00059026	0.000295278	0	
0	0.000441247	0.000882046	0.00132196	0.00176054	0.00219735	0.00263195	0.00306391	0.00349279	0.00391816	0.00433961	0.00475669	0.00516901	0.00557613	0.00597767	0.0063732	0.00676234	0.0071447	0.00751989	0.00788753	0.00824727	0.00859872	0.00894155	0.00927541	0.00959996	0.00991488	0.0102198	0.0105146	0.0107987	0.011072	0.0113342	0.0115851	0.0118242	0.0120516	0.0122668	0.0124697	0.01266	0.0128377	0.0130024	0.0131541	0.0132925	0.0134176	0.0135292	0.0136272	0.0137115	0.013782	0.0138386	0.0138813	0.0139101	0.0139248	0.0139255	0.0139122	0.0138849	0.0138436	0.0137883	0.0137192	0.0136362	0.0135395	0.0134291	0.0133052	0.0131679	0.0130173	0.0128536	0.0126769	0.0124874	0.0122853	0.0120708	0.0118441	0.0116055	0.0113551	0.0110933	0.0108203	0.0105363	0.0102417	0.0099368	0.00962182	0.00929711	0.00896301	0.00861984	0.00826797	0.00790774	0.00753951	0.00716366	0.00678057	0.00639063	0.00599422	0.00559176	0.00518364	0.00477028	0.0043521	0.00392952	0.00350297	0.00307288	0.00263968	0.00220382	0.00176573	0.00132586	0.000884647	0.000442546	0	
0	0.000587637	0.00117468	0.00176054	0.00234462	0.00292635	0.00350514	0.00408041	0.00465158	0.00521808	0.00577934	0.0063348	0.00688391	0.00742611	0.00796086	0.00848762	0.00900586	0.00951507	0.0100147	0.0105044	0.0109834	0.0114515	0.0119081	0.0123527	0.0127849	0.0132043	0.0136105	0.0140029	0.0143814	0.0147454	0.0150946	0.0154286	0.0157471	0.0160499	0.0163365	0.0166067	0.0168602	0.0170968	0.0173162	0.0175182	0.0177026	0.0178691	0.0180178	0.0181483	0.0182605	0.0183544	0.0184298	0.0184867	0.018525	0.0185446	0.0185455	0.0185278	0.0184914	0.0184364	0.0183628	0.0182707	0.0181602	0.0180314	0.0178845	0.0177195	0.0175366	0.017336	0.017118	0.0168826	0.0166303	0.0163612	0.0160755	0.0157736	0.0154558	0.0151224	0.0147737	0.0144101	0.014032	0.0136396	0.0132335	0.012814	0.0123816	0.0119366	0.0114796	0.011011	0.0105313	0.0100409	0.00954034	0.00903015	0.00851083	0.00798292	0.00744693	0.00690341	0.00635291	0.00579599	0.00523321	0.00466514	0.00409236	0.00351544	0.00293498	0.00235154	0.00176573	0.00117815	0.000589369	0	
0	0.000733437	0.00146613	0.00219735	0.00292635	0.00365241	0.00437481	0.00509281	0.00580569	0.00651275	0.00721327	0.00790655	0.00859189	0.00926862	0.00993604	0.0105935	0.0112403	0.0118759	0.0124995	0.0131106	0.0137086	0.0142927	0.0148626	0.0154175	0.015957	0.0164805	0.0169874	0.0174772	0.0179496	0.0184039	0.0188397	0.0192566	0.0196542	0.020032	0.0203898	0.020727	0.0210434	0.0213387	0.0216125	0.0218647	0.0220948	0.0223027	0.0224882	0.0226511	0.0227912	0.0229084	0.0230025	0.0230735	0.0231212	0.0231457	0.0231469	0.0231248	0.0230794	0.0230107	0.0229189	0.0228039	0.022666	0.0225053	0.0223218	0.0221159	0.0218876	0.0216373	0.0213652	0.0210715	0.0207565	0.0204206	0.020064	0.0196873	0.0192906	0.0188745	0.0184393	0.0179855	0.0175135	0.0170238	0.0165169	0.0159934	0.0154536	0.0148983	0.0143279	0.013743	0.0131442	0.0125322	0.0119074	0.0112707	0.0106225	0.00996359	0.00929461	0.00861624	0.00792915	0.00723406	0.00653164	0.00582263	0.00510773	0.00438768	0.00366318	0.00293499	0.00220384	0.00147046	0.000735599	0	
0	0.000878499	0.00175611	0.00263195	0.00350514	0.00437481	0.00524008	0.00610009	0.00695397	0.00780087	0.00863994	0.00947034	0.0102912	0.0111018	0.0119012	0.0126887	0.0134635	0.0142248	0.0149717	0.0157037	0.0164199	0.0171196	0.0178022	0.0184669	0.0191131	0.0197401	0.0203472	0.020934	0.0214997	0.0220439	0.0225659	0.0230653	0.0235415	0.0239941	0.0244226	0.0248265	0.0252055	0.0255592	0.0258872	0.0261892	0.0264648	0.0267139	0.0269361	0.0271312	0.027299	0.0274393	0.0275521	0.0276371	0.0276943	0.0277236	0.027725	0.0276985	0.0276442	0.0275619	0.0274519	0.0273143	0.0271491	0.0269565	0.0267368	0.0264901	0.0262167	0.0259169	0.0255909	0.0252391	0.0248618	0.0244595	0.0240324	0.0235811	0.023106	0.0226076	0.0220863	0.0215427	0.0209774	0.0203909	0.0197837	0.0191566	0.0185101	0.017845	0.0171617	0.0164612	0.015744	0.0150108	0.0142626	0.0134998	0.0127235	0.0119343	0.011133	0.0103204	0.00949744	0.00866486	0.00782352	0.00697427	0.00611798	0.0052555	0.00438771	0.0035155	0.00263973	0.0017613	0.000881091	0	
0	0.00102268	0.00204432	0.00306391	0.00408041	0.00509281	0.00610009	0.00710124	0.00809526	0.00908116	0.0100579	0.0110246	0.0119803	0.0129239	0.0138545	0.0147712	0.0156731	0.0165593	0.0174289	0.018281	0.0191148	0.0199294	0.0207239	0.0214977	0.0222499	0.0229798	0.0236867	0.0243697	0.0250283	0.0256618	0.0262695	0.0268508	0.0274052	0.0279321	0.0284309	0.0289011	0.0293423	0.029754	0.0301359	0.0304874	0.0308083	0.0310982	0.0313569	0.031584	0.0317793	0.0319427	0.032074	0.0321729	0.0322395	0.0322737	0.0322753	0.0322445	0.0321812	0.0320854	0.0319574	0.0317971	0.0316048	0.0313807	0.0311249	0.0308377	0.0305195	0.0301704	0.0297909	0.0293814	0.0289422	0.0284738	0.0279767	0.0274513	0.0268982	0.026318	0.0257112	0.0250784	0.0244203	0.0237375	0.0230307	0.0223007	0.0215481	0.0207737	0.0199784	0.0191628	0.0183279	0.0174745	0.0166034	0.0157155	0.0148117	0.0138929	0.0129601	0.0120142	0.0110562	0.010087	0.00910754	0.00811891	0.00712208	0.00611805	0.00510784	0.00409247	0.00307297	0.00205037	0.0010257	0	
0	0.00116583	0.00233049	0.00349279	0.00465158	0.00580569	0.00695397	0.00809526	0.00922843	0.0103523	0.0114658	0.0125678	0.0136572	0.0147329	0.0157938	0.0168389	0.0178671	0.0188773	0.0198686	0.02084	0.0217904	0.022719	0.0236249	0.024507	0.0253645	0.0261965	0.0270023	0.027781	0.0285318	0.0292539	0.0299467	0.0306094	0.0312414	0.031842	0.0324106	0.0329467	0.0334496	0.033919	0.0343543	0.034755	0.0351208	0.0354513	0.0357462	0.0360051	0.0362278	0.0364141	0.0365637	0.0366765	0.0367524	0.0367913	0.0367932	0.0367581	0.0366859	0.0365768	0.0364308	0.0362481	0.0360289	0.0357733	0.0354817	0.0351544	0.0347916	0.0343937	0.0339611	0.0334942	0.0329935	0.0324596	0.0318929	0.031294	0.0306635	0.030002	0.0293102	0.0285889	0.0278386	0.0270602	0.0262545	0.0254223	0.0245644	0.0236816	0.0227749	0.0218452	0.0208935	0.0199205	0.0189275	0.0179153	0.016885	0.0158377	0.0147743	0.013696	0.0126038	0.0114989	0.0103824	0.0092554	0.00811903	0.00697446	0.00582284	0.00466534	0.00350313	0.00233738	0.00116928	0	
0	0.00130782	0.00261431	0.00391816	0.00521808	0.00651275	0.00780087	0.00908116	0.0103523	0.0116131	0.0128622	0.0140984	0.0153205	0.0165272	0.0177173	0.0188897	0.020043	0.0211763	0.0222884	0.023378	0.0244442	0.0254859	0.0265021	0.0274916	0.0284535	0.0293869	0.0302908	0.0311643	0.0320066	0.0328167	0.0335938	0.0343372	0.0350462	0.0357199	0.0363578	0.0369591	0.0375234	0.0380499	0.0385382	0.0389877	0.0393981	0.0397689	0.0400996	0.0403901	0.0406399	0.0408488	0.0410167	0.0411433	0.0412284	0.0412721	0.0412742	0.0412348	0.0411538	0.0410314	0.0408676	0.0406627	0.0404167	0.0401301	0.039803	0.0394358	0.0390288	0.0385824	0.0380971	0.0375734	0.0370118	0.0364128	0.035777	0.0351052	0.0343979	0.0336559	0.0328799	0.0320706	0.031229	0.0303559	0.029452	0.0285184	0.027556	0.0265658	0.0255487	0.0245057	0.023438	0.0223466	0.0212327	0.0200972	0.0189414	0.0177665	0.0165736	0.015364	0.0141388	0.0128994	0.0116469	0.0103826	0.00910784	0.00782387	0.00653199	0.00523352	0.00392977	0.00262205	0.00131168	0	
0	0.00144849	0.00289551	0.00433961	0.00577934	0.00721327	0.00863994	0.0100579	0.0114658	0.0128622	0.0142457	0.0156149	0.0169684	0.0183049	0.019623	0.0209215	0.0221989	0.0234541	0.0246857	0.0258926	0.0270735	0.0282273	0.0293527	0.0304486	0.0315141	0.0325479	0.033549	0.0345164	0.0354493	0.0363465	0.0372072	0.0380306	0.0388158	0.039562	0.0402685	0.0409345	0.0415595	0.0421426	0.0426834	0.0431813	0.0436358	0.0440465	0.0444128	0.0447345	0.0450112	0.0452426	0.0454285	0.0455687	0.045663	0.0457114	0.0457137	0.0456701	0.0455804	0.0454448	0.0452634	0.0450364	0.0447641	0.0444466	0.0440843	0.0436776	0.0432268	0.0427324	0.0421949	0.0416149	0.0409928	0.0403294	0.0396253	0.0388812	0.0380978	0.037276	0.0364165	0.0355202	0.0345881	0.033621	0.03262	0.031586	0.03052	0.0294233	0.0282968	0.0271416	0.0259591	0.0247503	0.0235165	0.0222589	0.0209788	0.0196775	0.0183563	0.0170166	0.0156597	0.0142869	0.0128996	0.0114994	0.0100875	0.00866543	0.0072346	0.00579646	0.00435247	0.00290408	0.00145277	0	
0	0.0015877	0.0031738	0.00475669	0.0063348	0.00790655	0.00947034	0.0110246	0.0125678	0.0140984	0.0156149	0.0171157	0.0185993	0.0200642	0.021509	0.0229323	0.0243325	0.0257083	0.0270583	0.0283812	0.0296756	0.0309402	0.0321738	0.0333751	0.0345429	0.0356761	0.0367735	0.0378339	0.0388564	0.0398398	0.0407833	0.0416858	0.0425465	0.0433644	0.0441388	0.0448689	0.0455538	0.046193	0.0467858	0.0473316	0.0478298	0.0482799	0.0486815	0.0490341	0.0493374	0.049591	0.0497948	0.0499484	0.0500518	0.0501048	0.0501074	0.0500595	0.0499612	0.0498126	0.0496138	0.049365	0.0490665	0.0487185	0.0483214	0.0478755	0.0473814	0.0468395	0.0462504	0.0456146	0.0449328	0.0442056	0.0434338	0.0426182	0.0417595	0.0408587	0.0399166	0.0389342	0.0379125	0.0368524	0.0357552	0.0346218	0.0334534	0.0322512	0.0310164	0.0297503	0.0284541	0.0271291	0.0257767	0.0243983	0.0229952	0.0215688	0.0201206	0.0186521	0.0171648	0.01566	0.0141395	0.0126046	0.0110571	0.00949829	0.00792994	0.00635358	0.0047708	0.0031832	0.0015924	0	
0	0.00172533	0.0034489	0.00516901	0.00688391	0.00859189	0.0102912	0.0119803	0.0136572	0.0153205	0.0169684	0.0185993	0.0202115	0.0218034	0.0233735	0.0249201	0.0264417	0.0279367	0.0294038	0.0308413	0.0322479	0.0336222	0.0349627	0.0362681	0.0375372	0.0387686	0.039961	0.0411134	0.0422245	0.0432932	0.0443185	0.0452992	0.0462345	0.0471233	0.0479648	0.0487582	0.0495025	0.0501971	0.0508413	0.0514344	0.0519758	0.0524649	0.0529012	0.0532844	0.053614	0.0538896	0.0541111	0.0542781	0.0543904	0.054448	0.0544508	0.0543988	0.054292	0.0541305	0.0539144	0.0536441	0.0533196	0.0529415	0.05251	0.0520255	0.0514886	0.0508997	0.0502595	0.0495686	0.0488276	0.0480374	0.0471988	0.0463124	0.0453793	0.0444004	0.0433767	0.0423091	0.0411988	0.0400469	0.0388545	0.0376229	0.0363532	0.0350468	0.033705	0.0323291	0.0309206	0.0294808	0.0280111	0.0265132	0.0249885	0.0234384	0.0218647	0.0202689	0.0186526	0.0170175	0.0153651	0.0136972	0.0120155	0.0103216	0.00861733	0.00690432	0.00518434	0.00345913	0.00173044	0	
0	0.00186122	0.00372055	0.00557613	0.00742611	0.00926862	0.0111018	0.0129239	0.0147329	0.0165272	0.0183049	0.0200642	0.0218034	0.0235207	0.0252144	0.0268828	0.0285243	0.0301371	0.0317197	0.0332705	0.0347879	0.0362704	0.0377165	0.0391247	0.0404937	0.0418221	0.0431085	0.0443516	0.0455503	0.0467031	0.0478092	0.0488672	0.0498761	0.0508349	0.0517427	0.0525986	0.0534015	0.0541509	0.0548458	0.0554856	0.0560696	0.0565972	0.057068	0.0574813	0.0578369	0.0581342	0.0583731	0.0585532	0.0586744	0.0587366	0.0587396	0.0586835	0.0585682	0.058394	0.0581609	0.0578693	0.0575193	0.0571114	0.0566459	0.0561232	0.055544	0.0549088	0.0542181	0.0534728	0.0526735	0.0518211	0.0509163	0.0499602	0.0489536	0.0478976	0.0467932	0.0456416	0.0444438	0.0432012	0.0419149	0.0405862	0.0392166	0.0378073	0.0363598	0.0348755	0.033356	0.0318028	0.0302174	0.0286015	0.0269567	0.0252846	0.0235869	0.0218654	0.0201218	0.0183579	0.0165754	0.0147761	0.0129619	0.0111346	0.00929607	0.00744814	0.00559269	0.00373159	0.00186673	0	
0	0.00199524	0.00398846	0.00597767	0.00796086	0.00993604	0.0119012	0.0138545	0.0157938	0.0177173	0.019623	0.021509	0.0233735	0.0252144	0.0270301	0.0288187	0.0305783	0.0323073	0.0340038	0.0356663	0.0372929	0.0388822	0.0404324	0.0419421	0.0434097	0.0448337	0.0462127	0.0475454	0.0488303	0.0500662	0.0512519	0.0523861	0.0534677	0.0544956	0.0554687	0.0563862	0.057247	0.0580503	0.0587952	0.0594811	0.0601071	0.0606728	0.0611774	0.0616205	0.0620017	0.0623205	0.0625765	0.0627696	0.0628996	0.0629662	0.0629694	0.0629093	0.0627857	0.062599	0.0623491	0.0620365	0.0616613	0.061224	0.0607249	0.0601647	0.0595437	0.0588628	0.0581224	0.0573234	0.0564666	0.0555527	0.0545828	0.0535578	0.0524788	0.0513467	0.0501628	0.0489282	0.0476442	0.0463121	0.0449332	0.0435089	0.0420406	0.0405298	0.0389781	0.0373869	0.035758	0.0340929	0.0323934	0.0306611	0.0288978	0.0271053	0.0252854	0.02344	0.0215708	0.0196798	0.017769	0.0158401	0.0138953	0.0119364	0.00996549	0.00798449	0.00599542	0.00400031	0.00200116	0	
0	0.00212726	0.00425238	0.0063732	0.00848762	0.0105935	0.0126887	0.0147712	0.0168389	0.0188897	0.0209215	0.0229323	0.0249201	0.0268828	0.0288187	0.0307256	0.0326016	0.034445	0.0362538	0.0380263	0.0397606	0.041455	0.0431078	0.0447174	0.0462821	0.0478003	0.0492706	0.0506914	0.0520614	0.0533791	0.0546432	0.0558524	0.0570056	0.0581015	0.0591391	0.0601172	0.061035	0.0618914	0.0626857	0.0634169	0.0640844	0.0646875	0.0652255	0.065698	0.0661043	0.0664442	0.0667172	0.0669231	0.0670616	0.0671327	0.0671361	0.0670719	0.0669402	0.0667411	0.0664748	0.0661414	0.0657414	0.0652752	0.0647431	0.0641458	0.0634838	0.0627577	0.0619684	0.0611165	0.0602029	0.0592287	0.0581946	0.0571018	0.0559513	0.0547443	0.0534821	0.0521658	0.0507969	0.0493766	0.0479064	0.0463879	0.0448224	0.0432117	0.0415573	0.0398608	0.0381241	0.0363489	0.0345369	0.03269	0.03081	0.0288989	0.0269586	0.024991	0.0229982	0.0209821	0.0189447	0.0168883	0.0148148	0.0127263	0.0106249	0.00851283	0.00639214	0.00426501	0.00213358	0	
0	0.00225715	0.00451202	0.00676234	0.00900586	0.0112403	0.0134635	0.0156731	0.0178671	0.020043	0.0221989	0.0243325	0.0264417	0.0285243	0.0305783	0.0326016	0.0345923	0.0365482	0.0384675	0.0403482	0.0421883	0.0439862	0.04574	0.0474478	0.049108	0.050719	0.052279	0.0537866	0.0552402	0.0566384	0.0579797	0.0592628	0.0604863	0.0616492	0.0627501	0.063788	0.0647618	0.0656705	0.0665132	0.0672891	0.0679974	0.0686373	0.0692082	0.0697095	0.0701406	0.0705013	0.070791	0.0710094	0.0711564	0.0712318	0.0712354	0.0711674	0.0710276	0.0708163	0.0705337	0.07018	0.0697556	0.0692609	0.0686963	0.0680625	0.0673601	0.0665897	0.0657522	0.0648483	0.0638789	0.0628452	0.061748	0.0605884	0.0593677	0.058087	0.0567477	0.0553511	0.0538985	0.0523915	0.0508316	0.0492203	0.0475593	0.0458502	0.0440948	0.0422948	0.040452	0.0385684	0.0366457	0.034686	0.0326913	0.0306635	0.0286047	0.026517	0.0244024	0.0222632	0.0201015	0.0179195	0.0157194	0.0135033	0.0112737	0.00903263	0.00678245	0.00452544	0.00226386	0	
0	0.00238478	0.00476714	0.0071447	0.00951507	0.0118759	0.0142248	0.0165593	0.0188773	0.0211763	0.0234541	0.0257083	0.0279367	0.0301371	0.0323073	0.034445	0.0365482	0.0386147	0.0406425	0.0426295	0.0445738	0.0464733	0.0483262	0.0501306	0.0518847	0.0535868	0.055235	0.0568279	0.0583637	0.0598409	0.061258	0.0626136	0.0639064	0.065135	0.0662981	0.0673947	0.0684236	0.0693837	0.0702741	0.0710938	0.0718421	0.0725182	0.0731214	0.073651	0.0741066	0.0744876	0.0747937	0.0750245	0.0751798	0.0752594	0.0752633	0.0751914	0.0750437	0.0748205	0.0745219	0.0741482	0.0736998	0.0731771	0.0725806	0.071911	0.0711688	0.0703549	0.06947	0.068515	0.0674909	0.0663986	0.0652394	0.0640143	0.0627245	0.0613715	0.0599564	0.0584808	0.0569461	0.0553539	0.0537058	0.0520034	0.0502485	0.0484427	0.046588	0.0446863	0.0427393	0.0407492	0.0387178	0.0366473	0.0345398	0.0323973	0.0302221	0.0280163	0.0257822	0.0235221	0.0212381	0.0189327	0.0166082	0.0142669	0.0119111	0.00954337	0.00716596	0.00478132	0.00239186	0	
0	0.00251001	0.00501748	0.00751989	0.0100147	0.0124995	0.0149717	0.0174289	0.0198686	0.0222884	0.0246857	0.0270583	0.0294038	0.0317197	0.0340038	0.0362538	0.0384675	0.0406425	0.0427768	0.0448682	0.0469145	0.0489138	0.050864	0.0527631	0.0546094	0.0564008	0.0581356	0.0598121	0.0614285	0.0629833	0.0644749	0.0659017	0.0672623	0.0685554	0.0697797	0.0709338	0.0720167	0.0730273	0.0739644	0.0748272	0.0756148	0.0763264	0.0769613	0.0775187	0.0779982	0.0783992	0.0787214	0.0789643	0.0791278	0.0792116	0.0792157	0.07914	0.0789846	0.0787496	0.0784353	0.078042	0.0775701	0.0770199	0.0763921	0.0756873	0.0749062	0.0740495	0.0731181	0.072113	0.0710351	0.0698855	0.0686654	0.0673759	0.0660185	0.0645943	0.063105	0.0615519	0.0599366	0.0582608	0.0565261	0.0547343	0.0528872	0.0509867	0.0490346	0.0470329	0.0449837	0.0428891	0.0407511	0.0385718	0.0363536	0.0340986	0.0318092	0.0294876	0.0271362	0.0247573	0.0223535	0.019927	0.0174804	0.0150161	0.0125366	0.0100445	0.00754228	0.00503241	0.00251747	0	
0	0.00263272	0.00526278	0.00788753	0.0105044	0.0131106	0.0157037	0.018281	0.02084	0.023378	0.0258926	0.0283812	0.0308413	0.0332705	0.0356663	0.0380263	0.0403482	0.0426295	0.0448682	0.0470618	0.0492082	0.0513052	0.0533507	0.0553427	0.0572792	0.0591582	0.0609779	0.0627363	0.0644318	0.0660626	0.0676271	0.0691237	0.0705508	0.0719071	0.0731912	0.0744018	0.0755377	0.0765976	0.0775806	0.0784856	0.0793117	0.0800581	0.0807239	0.0813087	0.0818116	0.0822322	0.0825701	0.0828249	0.0829964	0.0830843	0.0830886	0.0830092	0.0828462	0.0825997	0.0822701	0.0818575	0.0813625	0.0807855	0.080127	0.0793877	0.0785684	0.0776698	0.0766929	0.0756387	0.0745081	0.0733023	0.0720225	0.07067	0.0692462	0.0677524	0.0661902	0.0645612	0.062867	0.0611092	0.0592897	0.0574103	0.0554729	0.0534795	0.0514319	0.0493324	0.047183	0.044986	0.0427434	0.0404577	0.038131	0.0357658	0.0333644	0.0309293	0.0284629	0.0259677	0.0234463	0.0209012	0.018335	0.0157503	0.0131496	0.0105356	0.00791103	0.00527845	0.00264055	0	
0	0.00275279	0.0055028	0.00824727	0.0109834	0.0137086	0.0164199	0.0191148	0.0217904	0.0244442	0.0270735	0.0296756	0.0322479	0.0347879	0.0372929	0.0397606	0.0421883	0.0445738	0.0469145	0.0492082	0.0514524	0.0536451	0.0557839	0.0578668	0.0598916	0.0618563	0.063759	0.0655976	0.0673704	0.0690756	0.0707114	0.0722763	0.0737685	0.0751867	0.0765294	0.0777952	0.0789828	0.0800911	0.0811189	0.0820652	0.082929	0.0837094	0.0844056	0.085017	0.0855429	0.0859827	0.086336	0.0866024	0.0867817	0.0868736	0.0868781	0.0867951	0.0866247	0.086367	0.0860223	0.085591	0.0850733	0.08447	0.0837815	0.0830085	0.0821518	0.0812123	0.0801908	0.0790884	0.0779063	0.0766455	0.0753073	0.0738932	0.0724044	0.0708425	0.0692091	0.0675058	0.0657343	0.0638964	0.0619939	0.0600288	0.058003	0.0559186	0.0537777	0.0515824	0.049335	0.0470377	0.0446929	0.0423029	0.0398701	0.037397	0.0348861	0.0323399	0.0297611	0.0271521	0.0245157	0.0218545	0.0191713	0.0164686	0.0137493	0.0110161	0.00827185	0.0055192	0.00276099	0	
0	0.0028701	0.0057373	0.00859872	0.0114515	0.0142927	0.0171196	0.0199294	0.022719	0.0254859	0.0282273	0.0309402	0.0336222	0.0362704	0.0388822	0.041455	0.0439862	0.0464733	0.0489138	0.0513052	0.0536451	0.0559312	0.0581612	0.0603328	0.0624439	0.0644924	0.0664761	0.0683931	0.0702414	0.0720193	0.0737248	0.0753564	0.0769122	0.0783908	0.0797907	0.0811105	0.0823487	0.0835042	0.0845758	0.0855624	0.086463	0.0872767	0.0880026	0.0886401	0.0891884	0.0896469	0.0900153	0.0902931	0.09048	0.0905758	0.0905805	0.0904939	0.0903163	0.0900476	0.0896882	0.0892385	0.0886988	0.0880698	0.0873519	0.086546	0.0856528	0.0846732	0.0836082	0.0824589	0.0812263	0.0799118	0.0785166	0.0770422	0.07549	0.0738616	0.0721585	0.0703826	0.0685356	0.0666194	0.0646358	0.062587	0.0604749	0.0583016	0.0560695	0.0537807	0.0514375	0.0490423	0.0465976	0.0441057	0.0415692	0.0389907	0.0363728	0.0337182	0.0310294	0.0283092	0.0255605	0.0227859	0.0199883	0.0171704	0.0143353	0.0114856	0.00862437	0.00575441	0.00287865	0	
0	0.00298453	0.00596605	0.00894155	0.0119081	0.0148626	0.0178022	0.0207239	0.0236249	0.0265021	0.0293527	0.0321738	0.0349627	0.0377165	0.0404324	0.0431078	0.04574	0.0483262	0.050864	0.0533507	0.0557839	0.0581612	0.0604801	0.0627383	0.0649336	0.0670637	0.0691265	0.0711199	0.073042	0.0748907	0.0766643	0.0783608	0.0799787	0.0815163	0.082972	0.0843444	0.085632	0.0868336	0.0879479	0.0889739	0.0899104	0.0907565	0.0915114	0.0921742	0.0927444	0.0932212	0.0936043	0.0938931	0.0940875	0.0941872	0.094192	0.094102	0.0939172	0.0936379	0.0932642	0.0927965	0.0922353	0.0915812	0.0908347	0.0899967	0.0890678	0.0880492	0.0869418	0.0857466	0.0844649	0.083098	0.0816472	0.080114	0.0784999	0.0768065	0.0750356	0.0731889	0.0712682	0.0692756	0.0672129	0.0650824	0.0628861	0.0606262	0.0583051	0.055925	0.0534884	0.0509977	0.0484555	0.0458642	0.0432267	0.0405454	0.0378231	0.0350625	0.0322666	0.029438	0.0265796	0.0236944	0.0207852	0.0178551	0.0149068	0.0119436	0.00896824	0.00598385	0.00299343	0	
0	0.00309597	0.00618881	0.00927541	0.0123527	0.0154175	0.0184669	0.0214977	0.024507	0.0274916	0.0304486	0.0333751	0.0362681	0.0391247	0.0419421	0.0447174	0.0474478	0.0501306	0.0527631	0.0553427	0.0578668	0.0603328	0.0627383	0.0650809	0.0673581	0.0695678	0.0717076	0.0737754	0.0757693	0.077687	0.0795268	0.0812867	0.082965	0.08456	0.0860701	0.0874937	0.0888294	0.0900758	0.0912318	0.092296	0.0932675	0.0941452	0.0949283	0.0956159	0.0962073	0.096702	0.0970993	0.097399	0.0976006	0.097704	0.097709	0.0976157	0.097424	0.0971342	0.0967465	0.0962614	0.0956793	0.0950007	0.0942264	0.093357	0.0923935	0.0913369	0.0901881	0.0889483	0.0876187	0.0862008	0.0846958	0.0831053	0.081431	0.0796744	0.0778373	0.0759217	0.0739293	0.0718623	0.0697226	0.0675125	0.0652342	0.0628899	0.0604821	0.0580132	0.0554856	0.0529019	0.0502648	0.0475768	0.0448407	0.0420593	0.0392354	0.0363718	0.0334714	0.0305372	0.0275721	0.0245791	0.0215613	0.0185218	0.0154635	0.0123895	0.00930311	0.00620728	0.0031052	0	
0	0.0032043	0.00640536	0.00959996	0.0127849	0.015957	0.0191131	0.0222499	0.0253645	0.0284535	0.0315141	0.0345429	0.0375372	0.0404937	0.0434097	0.0462821	0.049108	0.0518847	0.0546094	0.0572792	0.0598916	0.0624439	0.0649336	0.0673581	0.069715	0.072002	0.0742167	0.0763569	0.0784205	0.0804054	0.0823095	0.084131	0.0858681	0.0875188	0.0890817	0.0905552	0.0919376	0.0932277	0.0944241	0.0955256	0.096531	0.0974395	0.0982499	0.0989616	0.0995737	0.100086	0.100497	0.100807	0.101016	0.101123	0.101128	0.101031	0.100833	0.100533	0.100132	0.0996297	0.0990272	0.0983249	0.0975235	0.0966237	0.0956265	0.0945329	0.0933439	0.0920607	0.0906847	0.0892171	0.0876594	0.0860133	0.0842804	0.0824623	0.080561	0.0785783	0.0765162	0.0743768	0.0721623	0.0698749	0.0675168	0.0650906	0.0625985	0.0600432	0.0574271	0.054753	0.0520236	0.0492416	0.0464098	0.043531	0.0406083	0.0376445	0.0346426	0.0316057	0.0285369	0.0254392	0.0223158	0.0191699	0.0160046	0.0128231	0.00962864	0.00642449	0.00321386	0	
0	0.00330941	0.00661548	0.00991488	0.0132043	0.0164805	0.0197401	0.0229798	0.0261965	0.0293869	0.0325479	0.0356761	0.0387686	0.0418221	0.0448337	0.0478003	0.050719	0.0535868	0.0564008	0.0591582	0.0618563	0.0644924	0.0670637	0.0695678	0.072002	0.074364	0.0766513	0.0788618	0.0809931	0.083043	0.0850096	0.0868909	0.0886849	0.0903899	0.092004	0.0935258	0.0949536	0.096286	0.0975216	0.0986593	0.0996977	0.100636	0.101473	0.102208	0.10284	0.103369	0.103794	0.104114	0.10433	0.10444	0.104445	0.104346	0.104141	0.103831	0.103417	0.102898	0.102276	0.10155	0.100723	0.0997935	0.0987636	0.097634	0.096406	0.0950808	0.0936596	0.0921438	0.0905351	0.088835	0.0870452	0.0851675	0.0832038	0.0811561	0.0790263	0.0768168	0.0745296	0.0721672	0.0697318	0.0672259	0.0646521	0.0620129	0.0593111	0.0565492	0.0537303	0.050857	0.0479323	0.0449591	0.0419405	0.0388794	0.0357791	0.0326426	0.0294731	0.0262738	0.0230479	0.0197988	0.0165296	0.0132437	0.00994451	0.00663525	0.00331929	0	
0	0.00341121	0.00681896	0.0102198	0.0136105	0.0169874	0.0203472	0.0236867	0.0270023	0.0302908	0.033549	0.0367735	0.039961	0.0431085	0.0462127	0.0492706	0.052279	0.055235	0.0581356	0.0609779	0.063759	0.0664761	0.0691265	0.0717076	0.0742167	0.0766513	0.0790091	0.0812875	0.0834843	0.0855974	0.0876245	0.0895636	0.0914128	0.0931702	0.094834	0.0964026	0.0978743	0.0992477	0.100521	0.101694	0.102764	0.103731	0.104594	0.105352	0.106004	0.106549	0.106986	0.107317	0.107539	0.107653	0.107658	0.107555	0.107344	0.107025	0.106598	0.106063	0.105422	0.104674	0.103821	0.102863	0.101801	0.100637	0.0993714	0.0980054	0.0965405	0.0949782	0.0933199	0.0915675	0.0897227	0.0877872	0.0857631	0.0836524	0.0814572	0.0791796	0.0768221	0.074387	0.0718767	0.0692937	0.0666408	0.0639204	0.0611355	0.0582887	0.055383	0.0524213	0.0494067	0.046342	0.0432305	0.0400754	0.0368797	0.0336467	0.0303797	0.0270819	0.0237569	0.0204078	0.0170381	0.0136511	0.0102504	0.00683935	0.00342139	0	
0	0.00350958	0.0070156	0.0105146	0.0140029	0.0174772	0.020934	0.0243697	0.027781	0.0311643	0.0345164	0.0378339	0.0411134	0.0443516	0.0475454	0.0506914	0.0537866	0.0568279	0.0598121	0.0627363	0.0655976	0.0683931	0.0711199	0.0737754	0.0763569	0.0788618	0.0812875	0.0836316	0.0858918	0.0880658	0.0901513	0.0921464	0.0940489	0.095857	0.0975688	0.0991826	0.100697	0.10211	0.10342	0.104627	0.105728	0.106723	0.10761	0.10839	0.10906	0.109621	0.110072	0.110411	0.11064	0.110757	0.110763	0.110657	0.11044	0.110111	0.109672	0.109122	0.108462	0.107693	0.106815	0.105829	0.104737	0.103539	0.102237	0.100832	0.0993245	0.0977171	0.0960111	0.0942082	0.0923101	0.0903189	0.0882364	0.0860648	0.0838062	0.0814631	0.0790376	0.0765322	0.0739495	0.0712921	0.0685626	0.0657638	0.0628985	0.0599696	0.0569802	0.0539331	0.0508315	0.0476785	0.0444772	0.0412311	0.0379432	0.034617	0.0312558	0.027863	0.024442	0.0209963	0.0175294	0.0140448	0.010546	0.00703659	0.00352006	0	
0	0.00360442	0.0072052	0.0107987	0.0143814	0.0179496	0.0214997	0.0250283	0.0285318	0.0320066	0.0354493	0.0388564	0.0422245	0.0455503	0.0488303	0.0520614	0.0552402	0.0583637	0.0614285	0.0644318	0.0673704	0.0702414	0.073042	0.0757693	0.0784205	0.0809931	0.0834843	0.0858918	0.0882131	0.0904458	0.0925877	0.0946367	0.0965906	0.0984476	0.100206	0.101863	0.103418	0.104869	0.106215	0.107454	0.108585	0.109607	0.110519	0.111319	0.112008	0.112584	0.113046	0.113395	0.11363	0.11375	0.113756	0.113648	0.113424	0.113087	0.112636	0.112071	0.111393	0.110603	0.109702	0.10869	0.107568	0.106338	0.105	0.103557	0.102009	0.100358	0.0986059	0.0967543	0.0948049	0.0927598	0.0906211	0.0883908	0.0860712	0.0836647	0.0811736	0.0786006	0.0759481	0.0732188	0.0704156	0.0675411	0.0645984	0.0615904	0.0585201	0.0553907	0.0522053	0.048967	0.0456793	0.0423454	0.0389687	0.0355526	0.0321005	0.028616	0.0251026	0.0215638	0.0180032	0.0144244	0.010831	0.00722676	0.0036152	0	
0	0.00369565	0.00738756	0.011072	0.0147454	0.0184039	0.0220439	0.0256618	0.0292539	0.0328167	0.0363465	0.0398398	0.0432932	0.0467031	0.0500662	0.0533791	0.0566384	0.0598409	0.0629833	0.0660626	0.0690756	0.0720193	0.0748907	0.077687	0.0804054	0.083043	0.0855974	0.0880658	0.0904458	0.092735	0.0949312	0.097032	0.0990354	0.100939	0.102742	0.104441	0.106036	0.107524	0.108904	0.110174	0.111334	0.112381	0.113316	0.114137	0.114843	0.115433	0.115908	0.116265	0.116506	0.11663	0.116636	0.116524	0.116295	0.115949	0.115487	0.114908	0.114213	0.113403	0.112478	0.111441	0.110291	0.109029	0.107658	0.106178	0.104591	0.102898	0.101102	0.0992032	0.0972045	0.0951077	0.0929148	0.0906281	0.0882498	0.0857823	0.0832282	0.08059	0.0778704	0.0750721	0.0721979	0.0692507	0.0662335	0.0631493	0.0600014	0.0567927	0.0535266	0.0502065	0.0468355	0.0434172	0.039955	0.0364524	0.032913	0.0293403	0.0257379	0.0221096	0.0184589	0.0147895	0.0111052	0.00740968	0.00370671	0	
0	0.00378317	0.00756251	0.0113342	0.0150946	0.0188397	0.0225659	0.0262695	0.0299467	0.0335938	0.0372072	0.0407833	0.0443185	0.0478092	0.0512519	0.0546432	0.0579797	0.061258	0.0644749	0.0676271	0.0707114	0.0737248	0.0766643	0.0795268	0.0823095	0.0850096	0.0876245	0.0901513	0.0925877	0.0949312	0.0971793	0.0993299	0.101381	0.10333	0.105175	0.106915	0.108547	0.11007	0.111483	0.112783	0.11397	0.115043	0.116	0.11684	0.117563	0.118167	0.118653	0.119019	0.119265	0.119392	0.119398	0.119284	0.119049	0.118695	0.118222	0.117629	0.116917	0.116088	0.115142	0.11408	0.112902	0.111611	0.110207	0.108692	0.107068	0.105335	0.103496	0.101553	0.0995066	0.0973601	0.0951152	0.0927744	0.0903398	0.0878139	0.0851993	0.0824986	0.0797146	0.07685	0.0739077	0.0708907	0.0678021	0.0646449	0.0614224	0.0581377	0.0547943	0.0513955	0.0479447	0.0444455	0.0409013	0.0373157	0.0336925	0.0300352	0.0263475	0.0226332	0.018896	0.0151397	0.0113682	0.00758517	0.00379449	0	
0	0.00386689	0.00772987	0.0115851	0.0154286	0.0192566	0.0230653	0.0268508	0.0306094	0.0343372	0.0380306	0.0416858	0.0452992	0.0488672	0.0523861	0.0558524	0.0592628	0.0626136	0.0659017	0.0691237	0.0722763	0.0753564	0.0783608	0.0812867	0.084131	0.0868909	0.0895636	0.0921464	0.0946367	0.097032	0.0993299	0.101528	0.103624	0.105617	0.107503	0.109281	0.110949	0.112506	0.11395	0.115279	0.116492	0.117589	0.118567	0.119426	0.120164	0.120782	0.121278	0.121653	0.121905	0.122034	0.12204	0.121923	0.121684	0.121322	0.120838	0.120232	0.119505	0.118657	0.11769	0.116604	0.115401	0.114081	0.112646	0.111098	0.109437	0.107666	0.105787	0.1038	0.101709	0.0995147	0.0972202	0.0948275	0.092339	0.0897573	0.0870848	0.0843244	0.0814787	0.0785507	0.0755433	0.0724596	0.0693026	0.0660755	0.0627817	0.0594244	0.056007	0.0525329	0.0490058	0.0454291	0.0418065	0.0381416	0.0344381	0.0306999	0.0269306	0.0231341	0.0193142	0.0154748	0.0116198	0.00775304	0.00387847	0	
0	0.00394673	0.00788946	0.0118242	0.0157471	0.0196542	0.0235415	0.0274052	0.0312414	0.0350462	0.0388158	0.0425465	0.0462345	0.0498761	0.0534677	0.0570056	0.0604863	0.0639064	0.0672623	0.0705508	0.0737685	0.0769122	0.0799787	0.082965	0.0858681	0.0886849	0.0914128	0.0940489	0.0965906	0.0990354	0.101381	0.103624	0.105764	0.107797	0.109722	0.111537	0.11324	0.114829	0.116302	0.117659	0.118898	0.120017	0.121015	0.121891	0.122645	0.123276	0.123782	0.124164	0.124422	0.124553	0.12456	0.124441	0.124196	0.123827	0.123333	0.122714	0.121972	0.121107	0.12012	0.119012	0.117784	0.116437	0.114972	0.113392	0.111697	0.109889	0.107971	0.105943	0.103809	0.101569	0.0992276	0.0967855	0.0942456	0.0916105	0.0888829	0.0860655	0.0831611	0.0801726	0.0771031	0.0739557	0.0707335	0.0674398	0.064078	0.0606513	0.0571634	0.0536176	0.0500176	0.0463671	0.0426697	0.0389291	0.0351492	0.0313338	0.0274866	0.0236117	0.019713	0.0157943	0.0118597	0.00791312	0.00395855	0	
0	0.0040226	0.00804113	0.0120516	0.0160499	0.020032	0.0239941	0.0279321	0.031842	0.0357199	0.039562	0.0433644	0.0471233	0.0508349	0.0544956	0.0581015	0.0616492	0.065135	0.0685554	0.0719071	0.0751867	0.0783908	0.0815163	0.08456	0.0875188	0.0903899	0.0931702	0.095857	0.0984476	0.100939	0.10333	0.105617	0.107797	0.10987	0.111832	0.113681	0.115417	0.117036	0.118538	0.119921	0.121183	0.122324	0.123341	0.124235	0.125003	0.125646	0.126162	0.126552	0.126814	0.126948	0.126954	0.126833	0.126584	0.126208	0.125704	0.125074	0.124317	0.123436	0.12243	0.1213	0.120048	0.118675	0.117183	0.115572	0.113844	0.112002	0.110047	0.10798	0.105804	0.103522	0.101135	0.0986462	0.0960575	0.0933718	0.0905917	0.0877201	0.0847599	0.081714	0.0785855	0.0753775	0.0720934	0.0687364	0.0653099	0.0618174	0.0582624	0.0546484	0.0509793	0.0472585	0.04349	0.0396776	0.035825	0.0319362	0.0280151	0.0240657	0.020092	0.016098	0.0120877	0.00806526	0.00403466	0	
0	0.00409443	0.00818472	0.0122668	0.0163365	0.0203898	0.0244226	0.0284309	0.0324106	0.0363578	0.0402685	0.0441388	0.0479648	0.0517427	0.0554687	0.0591391	0.0627501	0.0662981	0.0697797	0.0731912	0.0765294	0.0797907	0.082972	0.0860701	0.0890817	0.092004	0.094834	0.0975688	0.100206	0.102742	0.105175	0.107503	0.109722	0.111832	0.113829	0.115711	0.117478	0.119126	0.120655	0.122063	0.123348	0.124508	0.125544	0.126453	0.127236	0.12789	0.128415	0.128812	0.129078	0.129215	0.129222	0.129098	0.128845	0.128462	0.127949	0.127307	0.126537	0.12564	0.124616	0.123466	0.122192	0.120795	0.119275	0.117636	0.115877	0.114002	0.112012	0.109908	0.107694	0.105371	0.102941	0.100408	0.097773	0.0950393	0.0922096	0.0892867	0.0862736	0.0831733	0.0799889	0.0767237	0.0733809	0.069964	0.0664763	0.0629214	0.0593029	0.0556244	0.0518897	0.0481025	0.0442667	0.0403862	0.0364648	0.0325065	0.0285154	0.0244955	0.0204508	0.0163855	0.0123036	0.00820929	0.00410671	0	
0	0.00416215	0.0083201	0.0124697	0.0166067	0.020727	0.0248265	0.0289011	0.0329467	0.0369591	0.0409345	0.0448689	0.0487582	0.0525986	0.0563862	0.0601172	0.063788	0.0673947	0.0709338	0.0744018	0.0777952	0.0811105	0.0843444	0.0874937	0.0905552	0.0935258	0.0964026	0.0991826	0.101863	0.104441	0.106915	0.109281	0.111537	0.113681	0.115711	0.117625	0.119421	0.121097	0.122651	0.124082	0.125388	0.126568	0.12762	0.128545	0.12934	0.130005	0.130539	0.130942	0.131213	0.131352	0.131359	0.131234	0.130976	0.130586	0.130065	0.129413	0.12863	0.127718	0.126677	0.125508	0.124213	0.122793	0.121248	0.119581	0.117794	0.115888	0.113865	0.111726	0.109475	0.107114	0.104644	0.102069	0.0993902	0.0966113	0.0937348	0.0907636	0.0877006	0.084549	0.081312	0.0779928	0.0745947	0.0711212	0.0675758	0.0639621	0.0602838	0.0565445	0.052748	0.0488982	0.0449989	0.0410542	0.0370679	0.0330442	0.0289871	0.0249007	0.0207891	0.0166565	0.0125071	0.00834508	0.00417464	0	
0	0.00422569	0.00844711	0.01266	0.0168602	0.0210434	0.0252055	0.0293423	0.0334496	0.0375234	0.0415595	0.0455538	0.0495025	0.0534015	0.057247	0.061035	0.0647618	0.0684236	0.0720167	0.0755377	0.0789828	0.0823487	0.085632	0.0888294	0.0919376	0.0949536	0.0978743	0.100697	0.103418	0.106036	0.108547	0.110949	0.11324	0.115417	0.117478	0.119421	0.121244	0.122946	0.124523	0.125976	0.127302	0.1285	0.129569	0.130507	0.131315	0.13199	0.132532	0.132941	0.133216	0.133358	0.133364	0.133237	0.132975	0.13258	0.132051	0.131389	0.130594	0.129668	0.128611	0.127425	0.12611	0.124667	0.123099	0.121407	0.119592	0.117657	0.115603	0.113432	0.111147	0.108749	0.106242	0.103627	0.100908	0.0980863	0.0951658	0.0921492	0.0890395	0.0858398	0.0825534	0.0791835	0.0757335	0.072207	0.0686075	0.0649387	0.0612041	0.0574077	0.0535533	0.0496447	0.0456859	0.041681	0.0376339	0.0335487	0.0294296	0.0252808	0.0211065	0.0169108	0.0126981	0.00847249	0.00423838	0	
0	0.00428499	0.00856564	0.0128377	0.0170968	0.0213387	0.0255592	0.029754	0.033919	0.0380499	0.0421426	0.046193	0.0501971	0.0541509	0.0580503	0.0618914	0.0656705	0.0693837	0.0730273	0.0765976	0.0800911	0.0835042	0.0868336	0.0900758	0.0932277	0.096286	0.0992477	0.10211	0.104869	0.107524	0.11007	0.112506	0.114829	0.117036	0.119126	0.121097	0.122946	0.124671	0.126271	0.127744	0.129088	0.130303	0.131387	0.132339	0.133157	0.133842	0.134392	0.134807	0.135086	0.135229	0.135236	0.135107	0.134841	0.13444	0.133904	0.133232	0.132427	0.131488	0.130416	0.129213	0.127879	0.126417	0.124827	0.123111	0.121271	0.119308	0.117225	0.115024	0.112706	0.110275	0.107733	0.105081	0.102324	0.0994627	0.0965013	0.0934424	0.090289	0.0870444	0.0837118	0.0802947	0.0767963	0.0732203	0.0695703	0.0658499	0.062063	0.0582133	0.0543048	0.0503414	0.046327	0.0422659	0.038162	0.0340195	0.0298426	0.0256356	0.0214027	0.0171481	0.0128763	0.00859139	0.00429785	0	
0	0.00433998	0.00867556	0.0130024	0.0173162	0.0216125	0.0258872	0.0301359	0.0343543	0.0385382	0.0426834	0.0467858	0.0508413	0.0548458	0.0587952	0.0626857	0.0665132	0.0702741	0.0739644	0.0775806	0.0811189	0.0845758	0.0879479	0.0912318	0.0944241	0.0975216	0.100521	0.10342	0.106215	0.108904	0.111483	0.11395	0.116302	0.118538	0.120655	0.122651	0.124523	0.126271	0.127891	0.129383	0.130745	0.131975	0.133073	0.134037	0.134866	0.13556	0.136117	0.136537	0.136819	0.136964	0.136971	0.136841	0.136572	0.136166	0.135622	0.134942	0.134126	0.133175	0.13209	0.130871	0.12952	0.128039	0.126429	0.124691	0.122827	0.120839	0.11873	0.1165	0.114153	0.11169	0.109115	0.10643	0.103637	0.100739	0.0977397	0.0946416	0.0914478	0.0881615	0.0847862	0.0813251	0.0777819	0.07416	0.0704631	0.0666951	0.0628595	0.0589604	0.0550018	0.0509875	0.0469216	0.0428083	0.0386517	0.0344561	0.0302256	0.0259646	0.0216774	0.0173682	0.0130415	0.00870165	0.00435301	0	
0	0.0043906	0.00877676	0.0131541	0.0175182	0.0218647	0.0261892	0.0304874	0.034755	0.0389877	0.0431813	0.0473316	0.0514344	0.0554856	0.0594811	0.0634169	0.0672891	0.0710938	0.0748272	0.0784856	0.0820652	0.0855624	0.0889739	0.092296	0.0955256	0.0986593	0.101694	0.104627	0.107454	0.110174	0.112783	0.115279	0.117659	0.119921	0.122063	0.124082	0.125976	0.127744	0.129383	0.130892	0.13227	0.133515	0.134625	0.135601	0.136439	0.137141	0.137705	0.138129	0.138415	0.138562	0.138569	0.138437	0.138165	0.137754	0.137204	0.136516	0.135691	0.134729	0.13363	0.132398	0.131031	0.129533	0.127904	0.126145	0.12426	0.122249	0.120115	0.117859	0.115485	0.112993	0.110388	0.107671	0.104846	0.101914	0.09888	0.0957457	0.0925146	0.08919	0.0857753	0.0822739	0.0786893	0.0750252	0.0712852	0.0674731	0.0635929	0.0596483	0.0556434	0.0515823	0.047469	0.0433077	0.0391027	0.0348581	0.0305783	0.0262675	0.0219303	0.0175708	0.0131937	0.00880316	0.0044038	0	
0	0.00443681	0.00886914	0.0132925	0.0177026	0.0220948	0.0264648	0.0308083	0.0351208	0.0393981	0.0436358	0.0478298	0.0519758	0.0560696	0.0601071	0.0640844	0.0679974	0.0718421	0.0756148	0.0793117	0.082929	0.086463	0.0899104	0.0932675	0.096531	0.0996977	0.102764	0.105728	0.108585	0.111334	0.11397	0.116492	0.118898	0.121183	0.123348	0.125388	0.127302	0.129088	0.130745	0.13227	0.133662	0.13492	0.136043	0.137028	0.137876	0.138584	0.139154	0.139583	0.139872	0.140021	0.140028	0.139894	0.139619	0.139204	0.138649	0.137953	0.137119	0.136147	0.135037	0.133791	0.132411	0.130896	0.12925	0.127473	0.125568	0.123536	0.121379	0.1191	0.1167	0.114183	0.11155	0.108805	0.105949	0.102987	0.0999208	0.0967535	0.0934884	0.0901289	0.0866782	0.0831399	0.0795176	0.0758149	0.0720356	0.0681834	0.0642623	0.0602762	0.0562292	0.0521253	0.0479687	0.0437636	0.0395143	0.035225	0.0309001	0.026544	0.0221611	0.0177558	0.0133325	0.00889583	0.00445015	0	
