0	0	0	0	0	0	0	0	0	0	0	0	0	0	0	0	0	0	0	0	0	0	0	0	0	0	0	0	0	0	0	0	0	0	0	0	0	0	0	0	0	0	0	0	0	0	0	0	0	0	0	0	0	0	0	0	0	0	0	0	0	0	0	0	0	0	0	0	0	0	0	0	0	0	0	0	0	0	0	0	0	0	0	0	0	0	0	0	0	0	0	0	0	0	0	0	0	0	0	0	
0	0.000138992	0.000277844	0.000416414	0.000554566	0.00069216	0.000829057	0.000965122	0.00110022	0.00123421	0.00136696	0.00149833	0.00162821	0.00175645	0.00188292	0.00200751	0.00213008	0.00225051	0.00236869	0.00248448	0.00259779	0.00270848	0.00281646	0.00292161	0.00302383	0.00312301	0.00321906	0.00331187	0.00340136	0.00348744	0.00357001	0.003649	0.00372432	0.0037959	0.00386367	0.00392755	0.00398749	0.00404342	0.00409529	0.00414304	0.00418663	0.00422601	0.00426113	0.00429198	0.0043185	0.00434068	0.00435849	0.00437192	0.00438095	0.00438556	0.00438576	0.00438155	0.00437292	0.00435989	0.00434246	0.00432066	0.00429451	0.00426403	0.00422925	0.00419021	0.00414694	0.00409949	0.00404791	0.00399224	0.00393255	0.00386888	0.00380132	0.00372991	0.00365475	0.00357589	0.00349342	0.00340743	0.003318	0.00322521	0.00312917	0.00302996	0.0029277	0.00282248	0.0027144	0.00260359	0.00249014	0.00237418	0.00225582	0.00213518	0.00201238	0.00188755	0.00176081	0.00163229	0.00150212	0.00137044	0.00123737	0.00110305	0.000967618	0.000831208	0.000693958	0.000556008	0.000417497	0.000278565	0.000139352	0	
0	0.000277844	0.000555405	0.000832407	0.00110857	0.00138362	0.00165727	0.00192927	0.00219932	0.00246716	0.00273253	0.00299515	0.00325477	0.00351111	0.00376394	0.00401298	0.004258	0.00449874	0.00473497	0.00496645	0.00519294	0.00541422	0.00563006	0.00584026	0.00604459	0.00624285	0.00643485	0.00662039	0.00679928	0.00697134	0.0071364	0.0072943	0.00744486	0.00758795	0.00772342	0.00785113	0.00797095	0.00808275	0.00818644	0.00828189	0.00836902	0.00844774	0.00851795	0.00857961	0.00863263	0.00867697	0.00871257	0.00873941	0.00875746	0.00876668	0.00876709	0.00875866	0.00874141	0.00871536	0.00868053	0.00863696	0.00858468	0.00852375	0.00845422	0.00837618	0.00828968	0.00819483	0.00809172	0.00798044	0.00786111	0.00773385	0.00759879	0.00745606	0.0073058	0.00714816	0.00698331	0.00681141	0.00663263	0.00644716	0.00625517	0.00605686	0.00585244	0.0056421	0.00542606	0.00520454	0.00497777	0.00474596	0.00450936	0.0042682	0.00402273	0.00377319	0.00351984	0.00326293	0.00300273	0.00273949	0.00247349	0.00220499	0.00193426	0.00166157	0.00138721	0.00111145	0.000834572	0.000556848	0.000278564	0	
0	0.000416414	0.000832407	0.00124756	0.00166146	0.00207368	0.00248382	0.00289146	0.0032962	0.00369763	0.00409534	0.00448895	0.00487804	0.00526224	0.00564115	0.00601441	0.00638162	0.00674244	0.00709648	0.0074434	0.00778286	0.0081145	0.00843799	0.00875302	0.00905926	0.00935641	0.00964416	0.00992223	0.0101903	0.0104482	0.0106956	0.0109322	0.0111579	0.0113724	0.0115754	0.0117668	0.0119464	0.0121139	0.0122693	0.0124124	0.012543	0.0126609	0.0127662	0.0128586	0.0129381	0.0130045	0.0130579	0.0130981	0.0131251	0.013139	0.0131396	0.0131269	0.0131011	0.0130621	0.0130099	0.0129445	0.0128662	0.0127749	0.0126707	0.0125537	0.0124241	0.0122819	0.0121274	0.0119606	0.0117818	0.011591	0.0113886	0.0111747	0.0109495	0.0107132	0.0104662	0.0102085	0.00994059	0.00966261	0.00937487	0.00907766	0.00877128	0.00845604	0.00813225	0.00780026	0.00746037	0.00711296	0.00675835	0.00639692	0.00602902	0.00565503	0.00527532	0.00489029	0.00450031	0.00410579	0.00370712	0.0033047	0.00289895	0.00249027	0.00207907	0.00166578	0.00125081	0.000834571	0.000417495	0	
0	0.000554566	0.00110857	0.00166146	0.00221267	0.00276165	0.00330786	0.00385075	0.00438977	0.00492437	0.00545404	0.00597822	0.0064964	0.00700807	0.00751269	0.00800978	0.00849883	0.00897934	0.00945085	0.00991287	0.0103649	0.0108066	0.0112374	0.011657	0.0120648	0.0124605	0.0128438	0.0132141	0.0135711	0.0139146	0.014244	0.0145592	0.0148597	0.0151453	0.0154157	0.0156706	0.0159098	0.0161329	0.0163399	0.0165304	0.0167043	0.0168614	0.0170016	0.0171246	0.0172305	0.017319	0.01739	0.0174436	0.0174796	0.017498	0.0174988	0.017482	0.0174476	0.0173956	0.0173261	0.0172391	0.0171348	0.0170131	0.0168744	0.0167186	0.016546	0.0163566	0.0161508	0.0159287	0.0156905	0.0154365	0.015167	0.0148821	0.0145822	0.0142675	0.0139385	0.0135954	0.0132385	0.0128683	0.0124851	0.0120893	0.0116813	0.0112615	0.0108303	0.0103881	0.00993548	0.0094728	0.00900055	0.0085192	0.00802925	0.00753118	0.0070255	0.00651272	0.00599337	0.00546795	0.00493702	0.00440109	0.00386073	0.00331646	0.00276884	0.00221843	0.00166578	0.00111145	0.000556006	0	
0	0.00069216	0.00138362	0.00207368	0.00276165	0.00344685	0.00412858	0.00480616	0.00547891	0.00614616	0.00680724	0.00746148	0.00810823	0.00874684	0.00937668	0.00999709	0.0106075	0.0112072	0.0117957	0.0123724	0.0129366	0.0134878	0.0140256	0.0145492	0.0150582	0.0155521	0.0160304	0.0164926	0.0169383	0.0173669	0.0177781	0.0181715	0.0185466	0.018903	0.0192405	0.0195587	0.0198572	0.0201357	0.020394	0.0206318	0.0208488	0.0210449	0.0212199	0.0213735	0.0215055	0.021616	0.0217047	0.0217716	0.0218165	0.0218395	0.0218405	0.0218195	0.0217766	0.0217117	0.0216249	0.0215163	0.0213861	0.0212343	0.0210611	0.0208667	0.0206512	0.0204149	0.020158	0.0198808	0.0195836	0.0192665	0.0189301	0.0185745	0.0182002	0.0178075	0.0173968	0.0169686	0.0165232	0.0160611	0.0155828	0.0150888	0.0145796	0.0140556	0.0135174	0.0129655	0.0124006	0.0118231	0.0112337	0.0106329	0.0100214	0.00939976	0.00876861	0.00812861	0.0074804	0.00682462	0.00616195	0.00549306	0.00481862	0.00413931	0.00345583	0.00276885	0.00207908	0.00138722	0.000693958	0	
0	0.000829057	0.00165727	0.00248382	0.00330786	0.00412858	0.00494515	0.00575674	0.00656255	0.00736178	0.0081536	0.00893724	0.00971191	0.0104768	0.0112312	0.0119744	0.0127055	0.0134238	0.0141287	0.0148194	0.0154952	0.0161555	0.0167996	0.0174268	0.0180365	0.0186281	0.019201	0.0197546	0.0202884	0.0208018	0.0212944	0.0217655	0.0222148	0.0226418	0.023046	0.0234271	0.0237846	0.0241182	0.0244276	0.0247124	0.0249724	0.0252073	0.0254168	0.0256008	0.025759	0.0258913	0.0259976	0.0260776	0.0261315	0.026159	0.0261602	0.0261351	0.0260836	0.0260059	0.025902	0.0257719	0.0256159	0.0254341	0.0252267	0.0249938	0.0247357	0.0244527	0.024145	0.023813	0.0234569	0.0230772	0.0226741	0.0222482	0.0217999	0.0213295	0.0208376	0.0203247	0.0197912	0.0192378	0.0186649	0.0180732	0.0174632	0.0168356	0.0161909	0.0155299	0.0148532	0.0141616	0.0134556	0.012736	0.0120035	0.0112589	0.0105029	0.00973633	0.00895991	0.00817443	0.0073807	0.00657951	0.00577167	0.00495801	0.00413934	0.00331649	0.0024903	0.00166159	0.000831213	0	
0	0.000965122	0.00192927	0.00289146	0.00385075	0.00480616	0.00575674	0.00670154	0.0076396	0.00856999	0.00949177	0.010404	0.0113058	0.0121963	0.0130745	0.0139396	0.0147907	0.0156269	0.0164475	0.0172516	0.0180383	0.018807	0.0195567	0.0202869	0.0209967	0.0216854	0.0223523	0.0229968	0.0236182	0.0242159	0.0247892	0.0253377	0.0258607	0.0263578	0.0268283	0.0272719	0.0276881	0.0280765	0.0284367	0.0287683	0.0290709	0.0293443	0.0295883	0.0298024	0.0299866	0.0301406	0.0302643	0.0303575	0.0304202	0.0304523	0.0304537	0.0304244	0.0303645	0.030274	0.030153	0.0300016	0.02982	0.0296084	0.0293669	0.0290958	0.0287954	0.0284659	0.0281077	0.0277212	0.0273067	0.0268646	0.0263954	0.0258996	0.0253777	0.0248301	0.0242575	0.0236604	0.0230394	0.0223951	0.0217282	0.0210394	0.0203293	0.0195986	0.0188482	0.0180787	0.017291	0.0164858	0.0156639	0.0148262	0.0139735	0.0131067	0.0122267	0.0113343	0.0104304	0.00951603	0.00859203	0.00765935	0.00671893	0.00577173	0.0048187	0.0038608	0.00289901	0.0019343	0.000967633	0	
0	0.00110022	0.00219932	0.0032962	0.00438977	0.00547891	0.00656255	0.0076396	0.00870897	0.00976959	0.0108204	0.0118603	0.0128884	0.0139035	0.0149046	0.0158908	0.0168611	0.0178144	0.0187498	0.0196664	0.0205633	0.0214395	0.0222943	0.0231266	0.0239357	0.0247208	0.0254811	0.0262158	0.0269242	0.0276055	0.0282592	0.0288844	0.0294806	0.0300473	0.0305837	0.0310894	0.0315639	0.0320066	0.0324172	0.0327952	0.0331402	0.0334519	0.03373	0.0339741	0.0341841	0.0343596	0.0345006	0.0346069	0.0346784	0.0347149	0.0347165	0.0346831	0.0346148	0.0345117	0.0343738	0.0342012	0.0339942	0.0337529	0.0334776	0.0331686	0.0328261	0.0324505	0.0320422	0.0316015	0.031129	0.0306251	0.0300902	0.029525	0.02893	0.0283058	0.027653	0.0269723	0.0262644	0.0255299	0.0247697	0.0239844	0.0231749	0.022342	0.0214865	0.0206094	0.0197113	0.0187934	0.0178565	0.0169016	0.0159295	0.0149414	0.0139381	0.0129208	0.0118905	0.0108481	0.00979473	0.0087315	0.00765944	0.00657965	0.00549321	0.00440123	0.00330481	0.00220506	0.00110308	0	
0	0.00123421	0.00246716	0.00369763	0.00492437	0.00614616	0.00736178	0.00856999	0.00976959	0.0109594	0.0121382	0.0133048	0.014458	0.0155967	0.0167198	0.0178261	0.0189145	0.0199839	0.0210333	0.0220615	0.0230676	0.0240506	0.0250094	0.0259431	0.0268507	0.0277315	0.0285843	0.0294085	0.0302032	0.0309675	0.0317007	0.0324021	0.033071	0.0337066	0.0343083	0.0348756	0.0354079	0.0359046	0.0363651	0.0367892	0.0371762	0.0375259	0.0378378	0.0381117	0.0383472	0.0385441	0.0387023	0.0388215	0.0389017	0.0389427	0.0389445	0.0389071	0.0388305	0.0387147	0.03856	0.0383664	0.0381342	0.0378636	0.0375547	0.037208	0.0368238	0.0364025	0.0359445	0.0354501	0.0349201	0.0343548	0.0337548	0.0331208	0.0324533	0.0317531	0.0310208	0.0302572	0.029463	0.0286391	0.0277863	0.0269054	0.0259973	0.025063	0.0241033	0.0231193	0.0221119	0.0210822	0.0200312	0.0189599	0.0178695	0.016761	0.0156356	0.0144944	0.0133386	0.0121692	0.0109876	0.00979488	0.00859226	0.00738096	0.00616221	0.00493724	0.00370729	0.0024736	0.00123742	0	
0	0.00136696	0.00273253	0.00409534	0.00545404	0.00680724	0.0081536	0.00949177	0.0108204	0.0121382	0.0134437	0.0147358	0.0160131	0.0172743	0.0185182	0.0197435	0.0209489	0.0221334	0.0232956	0.0244344	0.0255487	0.0266374	0.0276994	0.0287335	0.0297388	0.0307143	0.0316589	0.0325717	0.0334518	0.0342984	0.0351104	0.0358873	0.0366281	0.0373321	0.0379986	0.0386269	0.0392164	0.0397665	0.0402766	0.0407462	0.0411749	0.0415621	0.0419076	0.042211	0.0424718	0.04269	0.0428652	0.0429972	0.043086	0.0431314	0.0431334	0.0430919	0.0430071	0.0428789	0.0427075	0.0424932	0.042236	0.0419362	0.0415941	0.0412102	0.0407846	0.040318	0.0398107	0.0392632	0.0386761	0.03805	0.0373855	0.0366833	0.035944	0.0351685	0.0343574	0.0335117	0.0326321	0.0317196	0.030775	0.0297994	0.0287936	0.0277588	0.0266959	0.025606	0.0244903	0.0233498	0.0221858	0.0209993	0.0197916	0.0185639	0.0173174	0.0160535	0.0147733	0.0134782	0.0121694	0.0108484	0.00951645	0.00817487	0.00682503	0.0054683	0.00410605	0.00273967	0.00137052	0	
0	0.00149833	0.00299515	0.00448895	0.00597822	0.00746148	0.00893724	0.010404	0.0118603	0.0133048	0.0147358	0.0161521	0.0175521	0.0189345	0.020298	0.021641	0.0229623	0.0242606	0.0255345	0.0267828	0.0280042	0.0291976	0.0303616	0.0314951	0.032597	0.0336662	0.0347016	0.0357022	0.0366669	0.0375948	0.0384849	0.0393364	0.0401484	0.0409201	0.0416506	0.0423393	0.0429855	0.0435884	0.0441476	0.0446623	0.0451322	0.0455567	0.0459354	0.0462679	0.0465538	0.0467929	0.0469849	0.0471297	0.047227	0.0472768	0.0472789	0.0472335	0.0471405	0.047	0.0468122	0.0465772	0.0462953	0.0459667	0.0455918	0.0451709	0.0447045	0.044193	0.0436369	0.0430368	0.0423933	0.041707	0.0409787	0.0402089	0.0393986	0.0385485	0.0376595	0.0367325	0.0357684	0.0347682	0.0337328	0.0326634	0.031561	0.0304267	0.0292617	0.0280671	0.0268441	0.025594	0.0243181	0.0230176	0.0216938	0.0203481	0.0189818	0.0175964	0.0161932	0.0147736	0.0133391	0.0118911	0.0104311	0.00896057	0.00748099	0.00599387	0.00450069	0.00300298	0.00150225	0	
0	0.00162821	0.00325477	0.00487804	0.0064964	0.00810823	0.00971191	0.0113058	0.0128884	0.014458	0.0160131	0.0175521	0.0190735	0.0205758	0.0220574	0.0235168	0.0249527	0.0263635	0.0277478	0.0291043	0.0304316	0.0317284	0.0329933	0.0342251	0.0354225	0.0365844	0.0377095	0.0387968	0.0398451	0.0408535	0.0418208	0.0427461	0.0436284	0.044467	0.0452609	0.0460093	0.0467114	0.0473666	0.0479743	0.0485337	0.0490443	0.0495055	0.049917	0.0502783	0.0505891	0.0508489	0.0510576	0.0512149	0.0513206	0.0513747	0.0513771	0.0513277	0.0512266	0.051074	0.0508699	0.0506145	0.0503081	0.0499511	0.0495437	0.0490863	0.0485794	0.0480236	0.0474193	0.0467672	0.0460679	0.0453222	0.0445307	0.0436942	0.0428137	0.0418899	0.0409239	0.0399165	0.0388688	0.0377819	0.0366568	0.0354947	0.0342967	0.0330641	0.0317981	0.0304999	0.029171	0.0278125	0.026426	0.0250127	0.0235742	0.0221119	0.0206272	0.0191216	0.0175968	0.0160542	0.0144953	0.0129218	0.0113353	0.00973727	0.00812945	0.00651342	0.00489082	0.00326328	0.00163246	0	
0	0.00175645	0.00351111	0.00526224	0.00700807	0.00874684	0.0104768	0.0121963	0.0139035	0.0155967	0.0172743	0.0189345	0.0205758	0.0221963	0.0237946	0.025369	0.026918	0.0284399	0.0299333	0.0313966	0.0328285	0.0342273	0.0355919	0.0369207	0.0382124	0.0394658	0.0406796	0.0418525	0.0429834	0.0440711	0.0451146	0.0461128	0.0470647	0.0479693	0.0488257	0.049633	0.0503905	0.0510973	0.0517528	0.0523562	0.0529071	0.0534047	0.0538486	0.0542384	0.0545736	0.0548539	0.055079	0.0552486	0.0553627	0.0554211	0.0554236	0.0553704	0.0552613	0.0550967	0.0548765	0.054601	0.0542705	0.0538853	0.0534458	0.0529524	0.0524057	0.051806	0.0511542	0.0504507	0.0496963	0.0488918	0.048038	0.0471357	0.0461858	0.0451893	0.0441471	0.0430604	0.0419302	0.0407577	0.039544	0.0382903	0.036998	0.0356683	0.0343026	0.0329022	0.0314685	0.0300031	0.0285073	0.0269828	0.025431	0.0238534	0.0222518	0.0206277	0.0189828	0.0173186	0.015637	0.0139396	0.0122281	0.0105042	0.00876975	0.00702644	0.00527603	0.00352031	0.00176104	0	
0	0.00188292	0.00376394	0.00564115	0.00751269	0.00937668	0.0112312	0.0130745	0.0149046	0.0167198	0.0185182	0.020298	0.0220574	0.0237946	0.025508	0.0271958	0.0288563	0.0304878	0.0320887	0.0336574	0.0351923	0.036692	0.0381547	0.0395792	0.040964	0.0423076	0.0436088	0.0448662	0.0460785	0.0472446	0.0483632	0.0494333	0.0504537	0.0514234	0.0523415	0.053207	0.054019	0.0547767	0.0554794	0.0561263	0.0567168	0.0572502	0.0577261	0.0581439	0.0585033	0.0588038	0.0590451	0.059227	0.0593493	0.0594118	0.0594145	0.0593574	0.0592406	0.059064	0.058828	0.0585327	0.0581784	0.0577655	0.0572943	0.0567654	0.0561793	0.0555365	0.0548377	0.0540836	0.0532749	0.0524124	0.0514971	0.0505298	0.0495115	0.0484433	0.0473261	0.0461611	0.0449495	0.0436926	0.0423915	0.0410475	0.0396621	0.0382367	0.0367726	0.0352714	0.0337345	0.0321636	0.0305601	0.0289258	0.0272622	0.0255711	0.0238541	0.0221131	0.0203497	0.0185657	0.016763	0.0149433	0.0131086	0.0112606	0.00940125	0.0075324	0.00565595	0.0037738	0.00188785	0	
0	0.00200751	0.00401298	0.00601441	0.00800978	0.00999709	0.0119744	0.0139396	0.0158908	0.0178261	0.0197435	0.021641	0.0235168	0.025369	0.0271958	0.0289952	0.0307656	0.032505	0.0342119	0.0358844	0.0375209	0.0391197	0.0406793	0.0421981	0.0436744	0.045107	0.0464942	0.0478348	0.0491274	0.0503706	0.0515633	0.0527041	0.053792	0.0548259	0.0558048	0.0567275	0.0575932	0.0584011	0.0591503	0.05984	0.0604695	0.0610383	0.0615457	0.0619911	0.0623743	0.0626946	0.0629519	0.0631458	0.0632762	0.0633429	0.0633458	0.063285	0.0631604	0.0629721	0.0627205	0.0624056	0.0620279	0.0615877	0.0610853	0.0605214	0.0598965	0.0592112	0.0584661	0.0576621	0.0567999	0.0558804	0.0549046	0.0538733	0.0527876	0.0516486	0.0504575	0.0492155	0.0479237	0.0465836	0.0451964	0.0437636	0.0422865	0.0407667	0.0392058	0.0376052	0.0359667	0.0342918	0.0325822	0.0308397	0.0290661	0.0272631	0.0254325	0.0235762	0.0216962	0.0197942	0.0178722	0.0159321	0.013976	0.0120057	0.0100233	0.0080308	0.0060302	0.00402351	0.00201276	0	
0	0.00213008	0.004258	0.00638162	0.00849883	0.0106075	0.0127055	0.0147907	0.0168611	0.0189145	0.0209489	0.0229623	0.0249527	0.026918	0.0288563	0.0307656	0.032644	0.0344897	0.0363008	0.0380754	0.0398118	0.0415083	0.0431631	0.0447745	0.0463411	0.0478611	0.049333	0.0507555	0.052127	0.0534461	0.0547116	0.0559221	0.0570764	0.0581734	0.059212	0.0601911	0.0611097	0.0619669	0.0627618	0.0634936	0.0641616	0.0647651	0.0653035	0.0657761	0.0661827	0.0665226	0.0667956	0.0670014	0.0671397	0.0672105	0.0672136	0.067149	0.0670168	0.066817	0.06655	0.066216	0.0658152	0.065348	0.0648151	0.0642167	0.0635536	0.0628265	0.0620359	0.0611828	0.060268	0.0592924	0.0582569	0.0571626	0.0560107	0.0548022	0.0535383	0.0522205	0.0508498	0.0494279	0.047956	0.0464357	0.0448684	0.0432559	0.0415996	0.0399013	0.0381627	0.0363855	0.0345716	0.0327227	0.0308408	0.0289277	0.0269854	0.0250158	0.0230209	0.0210028	0.0189634	0.0169049	0.0148293	0.0127387	0.0106353	0.00852115	0.00639839	0.00426917	0.00213566	0	
0	0.00225051	0.00449874	0.00674244	0.00897934	0.0112072	0.0134238	0.0156269	0.0178144	0.0199839	0.0221334	0.0242606	0.0263635	0.0284399	0.0304878	0.032505	0.0344897	0.0364397	0.0383532	0.0402281	0.0420627	0.0438551	0.0456035	0.0473061	0.0489612	0.0505671	0.0521223	0.0536252	0.0550742	0.0564679	0.0578049	0.0590839	0.0603035	0.0614626	0.0625599	0.0635943	0.0645649	0.0654705	0.0663104	0.0670836	0.0677893	0.0684269	0.0689957	0.0694951	0.0699246	0.0702838	0.0705722	0.0707896	0.0709358	0.0710105	0.0710138	0.0709456	0.0708059	0.0705949	0.0703128	0.0699598	0.0695364	0.0690428	0.0684797	0.0678476	0.067147	0.0663787	0.0655435	0.0646421	0.0636756	0.0626448	0.0615508	0.0603946	0.0591775	0.0579007	0.0565654	0.055173	0.0537249	0.0522225	0.0506674	0.0490612	0.0474053	0.0457016	0.0439517	0.0421574	0.0403204	0.0384428	0.0365263	0.0345729	0.0325846	0.0305633	0.0285111	0.0264302	0.0243225	0.0221903	0.0200356	0.0178607	0.0156678	0.013459	0.0112366	0.00900294	0.00676016	0.00451056	0.00225641	0	
0	0.00236869	0.00473497	0.00709648	0.00945085	0.0117957	0.0141287	0.0164475	0.0187498	0.0210333	0.0232956	0.0255345	0.0277478	0.0299333	0.0320887	0.0342119	0.0363008	0.0383532	0.0403671	0.0423405	0.0442715	0.046158	0.0479981	0.0497901	0.0515321	0.0532224	0.0548593	0.0564411	0.0579662	0.0594331	0.0608403	0.0621864	0.0634701	0.06469	0.0658449	0.0669337	0.0679552	0.0689084	0.0697924	0.0706062	0.071349	0.0720201	0.0726187	0.0731444	0.0735964	0.0739744	0.074278	0.0745068	0.0746607	0.0747394	0.0747428	0.074671	0.074524	0.0743019	0.074005	0.0736335	0.0731878	0.0726684	0.0720757	0.0714103	0.0706729	0.0698643	0.0689852	0.0680366	0.0670192	0.0659343	0.0647829	0.063566	0.062285	0.0609411	0.0595357	0.0580702	0.0565461	0.0549648	0.0533281	0.0516374	0.0498946	0.0481014	0.0462596	0.0443711	0.0424377	0.0404615	0.0384444	0.0363884	0.0342956	0.0321682	0.0300083	0.0278181	0.0255997	0.0233555	0.0210877	0.0187986	0.0164905	0.0141658	0.0118267	0.00947571	0.00711515	0.00474742	0.0023749	0	
0	0.00248448	0.00496645	0.0074434	0.00991287	0.0123724	0.0148194	0.0172516	0.0196664	0.0220615	0.0244344	0.0267828	0.0291043	0.0313966	0.0336574	0.0358844	0.0380754	0.0402281	0.0423405	0.0444104	0.0464358	0.0484145	0.0503446	0.0522242	0.0540514	0.0558243	0.0575412	0.0592003	0.0608	0.0623386	0.0638146	0.0652265	0.066573	0.0678525	0.0690639	0.0702059	0.0712773	0.0722772	0.0732043	0.0740579	0.0748371	0.075541	0.0761689	0.0767202	0.0771944	0.0775909	0.0779093	0.0781493	0.0783107	0.0783932	0.0783968	0.0783215	0.0781673	0.0779343	0.0776229	0.0772333	0.0767658	0.0762209	0.0755993	0.0749014	0.074128	0.0732798	0.0723578	0.0713627	0.0702957	0.0691577	0.0679499	0.0666736	0.06533	0.0639204	0.0624463	0.0609092	0.0593105	0.0576519	0.0559351	0.0541619	0.0523339	0.050453	0.0485212	0.0465403	0.0445124	0.0424396	0.0403238	0.0381673	0.0359723	0.0337409	0.0314754	0.029178	0.0268513	0.0244973	0.0221187	0.0197176	0.0172967	0.0148583	0.0124049	0.00993896	0.007463	0.00497951	0.00249101	0	
0	0.00259779	0.00519294	0.00778286	0.0103649	0.0129366	0.0154952	0.0180383	0.0205633	0.0230676	0.0255487	0.0280042	0.0304316	0.0328285	0.0351923	0.0375209	0.0398118	0.0420627	0.0442715	0.0464358	0.0485535	0.0506224	0.0526406	0.0546059	0.0565164	0.0583702	0.0601654	0.0619001	0.0635728	0.0651815	0.0667249	0.0682012	0.069609	0.0709469	0.0722136	0.0734076	0.074528	0.0755734	0.0765428	0.0774354	0.07825	0.078986	0.0796426	0.0802191	0.0807148	0.0811294	0.0814623	0.0817133	0.081882	0.0819683	0.0819721	0.0818934	0.0817321	0.0814886	0.0811629	0.0807555	0.0802667	0.079697	0.079047	0.0783173	0.0775086	0.0766218	0.0756577	0.0746172	0.0735015	0.0723117	0.0710488	0.0697143	0.0683094	0.0668356	0.0652942	0.063687	0.0620154	0.0602812	0.0584861	0.056632	0.0547206	0.052754	0.050734	0.0486628	0.0465425	0.0443751	0.0421628	0.039908	0.0376128	0.0352796	0.0329108	0.0305087	0.0280758	0.0256146	0.0231274	0.0206169	0.0180855	0.0155359	0.0129706	0.0103922	0.00780336	0.00520661	0.00260461	0	
0	0.00270848	0.00541422	0.0081145	0.0108066	0.0134878	0.0161555	0.018807	0.0214395	0.0240506	0.0266374	0.0291976	0.0317284	0.0342273	0.036692	0.0391197	0.0415083	0.0438551	0.046158	0.0484145	0.0506224	0.0527796	0.0548837	0.0569328	0.0589247	0.0608575	0.0627291	0.0645378	0.0662817	0.0679591	0.0695682	0.0711074	0.0725752	0.0739701	0.0752908	0.0765357	0.0777038	0.0787937	0.0798045	0.0807351	0.0815844	0.0823518	0.0830364	0.0836374	0.0841543	0.0845865	0.0849337	0.0851953	0.0853712	0.0854612	0.0854652	0.085383	0.0852149	0.084961	0.0846215	0.0841967	0.0836871	0.0830931	0.0824154	0.0816546	0.0808115	0.0798868	0.0788817	0.0777969	0.0766336	0.0753931	0.0740764	0.072685	0.0712203	0.0696836	0.0680766	0.0664008	0.064658	0.06285	0.0609784	0.0590452	0.0570524	0.055002	0.0528959	0.0507365	0.0485258	0.046266	0.0439595	0.0416086	0.0392156	0.036783	0.0343133	0.0318088	0.0292722	0.0267061	0.0241129	0.0214954	0.0188562	0.016198	0.0135234	0.0108351	0.00813588	0.00542848	0.0027156	0	
0	0.00281646	0.00563006	0.00843799	0.0112374	0.0140256	0.0167996	0.0195567	0.0222943	0.0250094	0.0276994	0.0303616	0.0329933	0.0355919	0.0381547	0.0406793	0.0431631	0.0456035	0.0479981	0.0503446	0.0526406	0.0548837	0.0570717	0.0592025	0.0612738	0.0632837	0.0652299	0.0671108	0.0689242	0.0706684	0.0723417	0.0739423	0.0754686	0.0769191	0.0782924	0.079587	0.0808016	0.081935	0.0829861	0.0839537	0.084837	0.0856349	0.0863468	0.0869718	0.0875093	0.0879588	0.0883197	0.0885918	0.0887748	0.0888683	0.0888724	0.088787	0.0886122	0.0883482	0.0879951	0.0875534	0.0870235	0.0864058	0.0857011	0.08491	0.0840332	0.0830717	0.0820265	0.0808985	0.0796888	0.0783988	0.0770297	0.0755828	0.0740596	0.0724617	0.0707906	0.0690481	0.0672358	0.0653556	0.0634094	0.0613992	0.059327	0.0571948	0.0550048	0.0527592	0.0504604	0.0481105	0.0457121	0.0432674	0.0407791	0.0382495	0.0356813	0.033077	0.0304393	0.0277708	0.0250743	0.0223524	0.019608	0.0168437	0.0140625	0.0112671	0.00846025	0.0056449	0.00282387	0	
0	0.00292161	0.00584026	0.00875302	0.011657	0.0145492	0.0174268	0.0202869	0.0231266	0.0259431	0.0287335	0.0314951	0.0342251	0.0369207	0.0395792	0.0421981	0.0447745	0.0473061	0.0497901	0.0522242	0.0546059	0.0569328	0.0592025	0.0614128	0.0635615	0.0656463	0.0676653	0.0696163	0.0714975	0.0733068	0.0750425	0.0767029	0.0782862	0.0797909	0.0812154	0.0825583	0.0838183	0.0849941	0.0860844	0.0870881	0.0880044	0.0888321	0.0895705	0.0902189	0.0907764	0.0912427	0.0916172	0.0918994	0.0920892	0.0921862	0.0921905	0.0921019	0.0919206	0.0916467	0.0912804	0.0908222	0.0902725	0.0896318	0.0889008	0.0880801	0.0871706	0.0861732	0.085089	0.0839188	0.0826641	0.0813259	0.0799056	0.0784047	0.0768247	0.0751671	0.0734337	0.071626	0.0697461	0.0677957	0.0657769	0.0636916	0.061542	0.0593302	0.0570584	0.054729	0.0523444	0.0499068	0.0474188	0.0448829	0.0423016	0.0396776	0.0370134	0.0343119	0.0315757	0.0288076	0.0260104	0.023187	0.0203401	0.0174726	0.0145875	0.0116877	0.00877612	0.00585566	0.0029293	0	
0	0.00302383	0.00604459	0.00905926	0.0120648	0.0150582	0.0180365	0.0209967	0.0239357	0.0268507	0.0297388	0.032597	0.0354225	0.0382124	0.040964	0.0436744	0.0463411	0.0489612	0.0515321	0.0540514	0.0565164	0.0589247	0.0612738	0.0635615	0.0657853	0.0679431	0.0700327	0.072052	0.073999	0.0758716	0.0776681	0.0793865	0.0810252	0.0825826	0.0840569	0.0854468	0.0867509	0.0879678	0.0890962	0.0901351	0.0910834	0.0919401	0.0927044	0.0933754	0.0939525	0.0944351	0.0948226	0.0951148	0.0953112	0.0954116	0.095416	0.0953244	0.0951367	0.0948532	0.0944741	0.0939999	0.093431	0.0927678	0.0920112	0.0911618	0.0902205	0.0891883	0.088066	0.086855	0.0855563	0.0841713	0.0827014	0.081148	0.0795126	0.0777971	0.0760029	0.0741321	0.0721864	0.0701678	0.0680783	0.06592	0.0636952	0.061406	0.0590548	0.0566439	0.0541758	0.0516529	0.0490779	0.0464532	0.0437816	0.0410658	0.0383085	0.0355124	0.0326805	0.0298156	0.0269205	0.0239982	0.0210517	0.018084	0.0150979	0.0120967	0.00908318	0.00606054	0.00303179	0	
0	0.00312301	0.00624285	0.00935641	0.0124605	0.0155521	0.0186281	0.0216854	0.0247208	0.0277315	0.0307143	0.0336662	0.0365844	0.0394658	0.0423076	0.045107	0.0478611	0.0505671	0.0532224	0.0558243	0.0583702	0.0608575	0.0632837	0.0656463	0.0679431	0.0701717	0.0723298	0.0744154	0.0764262	0.0783603	0.0802156	0.0819905	0.0836829	0.0852913	0.0868141	0.0882496	0.0895964	0.0908532	0.0920187	0.0930917	0.0940711	0.0949559	0.0957452	0.0964382	0.0970342	0.0975326	0.0979329	0.0982346	0.0984375	0.0985412	0.0985458	0.0984511	0.0982573	0.0979645	0.097573	0.0970832	0.0964956	0.0958107	0.0950293	0.0941521	0.0931799	0.0921138	0.0909547	0.0897039	0.0883627	0.0869322	0.0854141	0.0838097	0.0821208	0.0803489	0.078496	0.0765637	0.0745542	0.0724694	0.0703114	0.0680823	0.0657845	0.0634202	0.0609919	0.0585019	0.0559529	0.0533472	0.0506877	0.047977	0.0452178	0.0424128	0.0395651	0.0366773	0.0337525	0.0307936	0.0278035	0.0247854	0.0217423	0.0186772	0.0155932	0.0124935	0.00938113	0.00625934	0.00313124	0	
0	0.00321906	0.00643485	0.00964416	0.0128438	0.0160304	0.019201	0.0223523	0.0254811	0.0285843	0.0316589	0.0347016	0.0377095	0.0406796	0.0436088	0.0464942	0.049333	0.0521223	0.0548593	0.0575412	0.0601654	0.0627291	0.0652299	0.0676653	0.0700327	0.0723298	0.0745544	0.076704	0.0787767	0.0807702	0.0826827	0.0845121	0.0862566	0.0879145	0.0894841	0.0909637	0.092352	0.0936474	0.0948488	0.0959547	0.0969643	0.0978763	0.0986899	0.0994042	0.100019	0.100532	0.100945	0.101256	0.101465	0.101572	0.101577	0.101479	0.101279	0.100977	0.100574	0.100069	0.0994634	0.0987575	0.097952	0.0970478	0.0960457	0.0949468	0.0937521	0.0924628	0.0910803	0.0896059	0.0880411	0.0863874	0.0846465	0.0828201	0.0809102	0.0789185	0.0768472	0.0746982	0.0724738	0.0701763	0.0678078	0.0653708	0.0628678	0.0603012	0.0576737	0.054988	0.0522467	0.0494526	0.0466085	0.0437173	0.0407819	0.0378054	0.0347906	0.0317407	0.0286587	0.0255477	0.022411	0.0192516	0.0160728	0.0128777	0.00966966	0.00645185	0.00322755	0	
0	0.00331187	0.00662039	0.00992223	0.0132141	0.0164926	0.0197546	0.0229968	0.0262158	0.0294085	0.0325717	0.0357022	0.0387968	0.0418525	0.0448662	0.0478348	0.0507555	0.0536252	0.0564411	0.0592003	0.0619001	0.0645378	0.0671108	0.0696163	0.072052	0.0744154	0.076704	0.0789157	0.0810481	0.0830991	0.0850667	0.0869489	0.0887437	0.0904494	0.0920642	0.0935865	0.0950148	0.0963476	0.0975836	0.0987215	0.0997601	0.100698	0.101535	0.10227	0.102902	0.103431	0.103856	0.104175	0.104391	0.104501	0.104505	0.104405	0.1042	0.103889	0.103474	0.102954	0.102331	0.101605	0.100776	0.0998461	0.0988151	0.0976845	0.0964554	0.0951289	0.0937065	0.0921896	0.0905796	0.0888783	0.0870872	0.0852082	0.0832431	0.0811941	0.079063	0.0768521	0.0745636	0.0721997	0.069763	0.0672557	0.0646805	0.06204	0.0593367	0.0565735	0.0537532	0.0508785	0.0479524	0.0449779	0.0419579	0.0388955	0.0357938	0.0326559	0.029485	0.0262844	0.0230572	0.0198067	0.0165362	0.013249	0.00994848	0.00663789	0.00332061	0	
0	0.00340136	0.00679928	0.0101903	0.0135711	0.0169383	0.0202884	0.0236182	0.0269242	0.0302032	0.0334518	0.0366669	0.0398451	0.0429834	0.0460785	0.0491274	0.052127	0.0550742	0.0579662	0.0608	0.0635728	0.0662817	0.0689242	0.0714975	0.073999	0.0764262	0.0787767	0.0810481	0.0832381	0.0853446	0.0873654	0.0892984	0.0911417	0.0928935	0.0945519	0.0961154	0.0975823	0.0989511	0.10022	0.101389	0.102456	0.103419	0.104279	0.105034	0.105683	0.106226	0.106662	0.10699	0.107211	0.107324	0.107329	0.107226	0.107015	0.106696	0.10627	0.105736	0.105097	0.104351	0.1035	0.102544	0.101485	0.100324	0.0990618	0.0976995	0.0962387	0.0946808	0.0930273	0.0912799	0.0894405	0.0875107	0.0854926	0.0833881	0.0811995	0.0789288	0.0765785	0.0741507	0.0716481	0.0690731	0.0664283	0.0637164	0.0609401	0.0581023	0.0552057	0.0522534	0.0492482	0.0461933	0.0430917	0.0399465	0.036761	0.0335383	0.0302818	0.0269947	0.0236803	0.0203419	0.0169831	0.0136071	0.0102173	0.00681726	0.00341034	0	
0	0.00348744	0.00697134	0.0104482	0.0139146	0.0173669	0.0208018	0.0242159	0.0276055	0.0309675	0.0342984	0.0375948	0.0408535	0.0440711	0.0472446	0.0503706	0.0534461	0.0564679	0.0594331	0.0623386	0.0651815	0.0679591	0.0706684	0.0733068	0.0758716	0.0783603	0.0807702	0.0830991	0.0853446	0.0875044	0.0895763	0.0915582	0.0934482	0.0952443	0.0969447	0.0985477	0.100052	0.101455	0.102757	0.103955	0.105049	0.106037	0.106918	0.107692	0.108358	0.108914	0.109361	0.109698	0.109925	0.11004	0.110046	0.10994	0.109723	0.109396	0.108959	0.108412	0.107756	0.106991	0.106119	0.105139	0.104054	0.102863	0.101569	0.100172	0.0986742	0.0970768	0.0953815	0.09359	0.0917039	0.0897253	0.0876561	0.0854984	0.0832544	0.0809263	0.0785164	0.0760273	0.0734613	0.0708212	0.0681094	0.0653289	0.0624824	0.0595727	0.0566028	0.0535758	0.0504945	0.0473623	0.0441822	0.0409575	0.0376913	0.0343871	0.0310482	0.0276778	0.0242795	0.0208567	0.0174129	0.0139514	0.0104759	0.00698979	0.00349665	0	
0	0.00357001	0.0071364	0.0106956	0.014244	0.0177781	0.0212944	0.0247892	0.0282592	0.0317007	0.0351104	0.0384849	0.0418208	0.0451146	0.0483632	0.0515633	0.0547116	0.0578049	0.0608403	0.0638146	0.0667249	0.0695682	0.0723417	0.0750425	0.0776681	0.0802156	0.0826827	0.0850667	0.0873654	0.0895763	0.0916972	0.0937261	0.0956608	0.0974995	0.0992402	0.100881	0.102421	0.103857	0.10519	0.106416	0.107536	0.108547	0.10945	0.110242	0.110923	0.111493	0.111951	0.112295	0.112527	0.112646	0.112651	0.112543	0.112321	0.111987	0.111539	0.110979	0.110308	0.109525	0.108631	0.107629	0.106517	0.105299	0.103974	0.102544	0.101011	0.0993754	0.09764	0.095806	0.0938753	0.0918499	0.0897317	0.0875229	0.0852257	0.0828425	0.0803756	0.0778275	0.0752008	0.0724981	0.0697222	0.0668758	0.0639619	0.0609833	0.0579431	0.0548443	0.0516902	0.0484838	0.0452284	0.0419273	0.0385838	0.0352014	0.0317833	0.0283332	0.0248545	0.0213506	0.0178252	0.0142818	0.0107239	0.0071553	0.00357945	0	
0	0.003649	0.0072943	0.0109322	0.0145592	0.0181715	0.0217655	0.0253377	0.0288844	0.0324021	0.0358873	0.0393364	0.0427461	0.0461128	0.0494333	0.0527041	0.0559221	0.0590839	0.0621864	0.0652265	0.0682012	0.0711074	0.0739423	0.0767029	0.0793865	0.0819905	0.0845121	0.0869489	0.0892984	0.0915582	0.0937261	0.0957998	0.0977774	0.0996567	0.101436	0.103113	0.104687	0.106155	0.107517	0.108771	0.109915	0.110949	0.111871	0.112681	0.113378	0.11396	0.114428	0.11478	0.115017	0.115138	0.115144	0.115033	0.114807	0.114465	0.114007	0.113435	0.112748	0.111948	0.111035	0.11001	0.108874	0.107628	0.106274	0.104813	0.103246	0.101574	0.0998004	0.0979258	0.0959524	0.0938822	0.0917171	0.0894594	0.0871114	0.0846755	0.082154	0.0795495	0.0768647	0.0741022	0.0712649	0.0683555	0.0653771	0.0623326	0.0592252	0.0560579	0.0528339	0.0495566	0.0462291	0.042855	0.0394375	0.0359802	0.0324866	0.0289601	0.0254044	0.021823	0.0182196	0.0145978	0.0109612	0.00731362	0.00365865	0	
0	0.00372432	0.00744486	0.0111579	0.0148597	0.0185466	0.0222148	0.0258607	0.0294806	0.033071	0.0366281	0.0401484	0.0436284	0.0470647	0.0504537	0.053792	0.0570764	0.0603035	0.0634701	0.066573	0.069609	0.0725752	0.0754686	0.0782862	0.0810252	0.0836829	0.0862566	0.0887437	0.0911417	0.0934482	0.0956608	0.0977774	0.0997957	0.101714	0.10353	0.105242	0.106848	0.108347	0.109737	0.111016	0.112184	0.113239	0.114181	0.115007	0.115718	0.116312	0.11679	0.11715	0.117391	0.117515	0.117521	0.117408	0.117177	0.116827	0.116361	0.115776	0.115076	0.114259	0.113327	0.112281	0.111122	0.10985	0.108468	0.106976	0.105377	0.103671	0.101861	0.0999473	0.0979332	0.0958202	0.0936104	0.0913062	0.0889097	0.0864234	0.0838499	0.0811917	0.0784514	0.0756319	0.072736	0.0697666	0.0667267	0.0636194	0.0604478	0.0572151	0.0539246	0.0505796	0.0471834	0.0437397	0.0402517	0.036723	0.0331572	0.029558	0.0259288	0.0222735	0.0185957	0.0148991	0.0111875	0.0074646	0.00373418	0	
0	0.0037959	0.00758795	0.0113724	0.0151453	0.018903	0.0226418	0.0263578	0.0300473	0.0337066	0.0373321	0.0409201	0.044467	0.0479693	0.0514234	0.0548259	0.0581734	0.0614626	0.06469	0.0678525	0.0709469	0.0739701	0.0769191	0.0797909	0.0825826	0.0852913	0.0879145	0.0904494	0.0928935	0.0952443	0.0974995	0.0996567	0.101714	0.103669	0.10552	0.107265	0.108902	0.110429	0.111846	0.11315	0.11434	0.115416	0.116375	0.117218	0.117942	0.118548	0.119034	0.119401	0.119648	0.119774	0.119779	0.119664	0.119429	0.119073	0.118597	0.118002	0.117288	0.116455	0.115505	0.114439	0.113257	0.111962	0.110553	0.109033	0.107402	0.105664	0.103818	0.101868	0.0998155	0.0976619	0.0954097	0.0930612	0.0906186	0.0880846	0.0854616	0.0827523	0.0799593	0.0770856	0.0741341	0.0711076	0.0680093	0.0648422	0.0616096	0.0583148	0.0549611	0.0515518	0.0480904	0.0445804	0.0410254	0.0374289	0.0337946	0.0301261	0.0264272	0.0227016	0.0189531	0.0151855	0.0114025	0.00760808	0.00380595	0	
0	0.00386367	0.00772342	0.0115754	0.0154157	0.0192405	0.023046	0.0268283	0.0305837	0.0343083	0.0379986	0.0416506	0.0452609	0.0488257	0.0523415	0.0558048	0.059212	0.0625599	0.0658449	0.0690639	0.0722136	0.0752908	0.0782924	0.0812154	0.0840569	0.0868141	0.0894841	0.0920642	0.0945519	0.0969447	0.0992402	0.101436	0.10353	0.10552	0.107404	0.10918	0.110846	0.112401	0.113843	0.11517	0.116382	0.117476	0.118453	0.11931	0.120048	0.120664	0.12116	0.121533	0.121784	0.121912	0.121918	0.121801	0.121561	0.121199	0.120715	0.120109	0.119382	0.118534	0.117568	0.116482	0.11528	0.113961	0.112527	0.110979	0.10932	0.10755	0.105672	0.103687	0.101598	0.0994056	0.0971131	0.0947227	0.0922365	0.0896573	0.0869874	0.0842297	0.0813869	0.0784619	0.0754577	0.0723772	0.0692235	0.0659999	0.0627096	0.059356	0.0559423	0.0524722	0.048949	0.0453763	0.0417578	0.0380971	0.0343979	0.030664	0.0268991	0.023107	0.0192915	0.0154566	0.0116061	0.00774392	0.00387391	0	
0	0.00392755	0.00785113	0.0117668	0.0156706	0.0195587	0.0234271	0.0272719	0.0310894	0.0348756	0.0386269	0.0423393	0.0460093	0.049633	0.053207	0.0567275	0.0601911	0.0635943	0.0669337	0.0702059	0.0734076	0.0765357	0.079587	0.0825583	0.0854468	0.0882496	0.0909637	0.0935865	0.0961154	0.0985477	0.100881	0.103113	0.105242	0.107265	0.10918	0.110985	0.112679	0.114259	0.115725	0.117075	0.118306	0.119419	0.120412	0.121283	0.122033	0.12266	0.123163	0.123543	0.123798	0.123928	0.123934	0.123815	0.123571	0.123203	0.122711	0.122095	0.121356	0.120494	0.119512	0.118408	0.117186	0.115845	0.114387	0.112814	0.111128	0.109329	0.107419	0.105402	0.103278	0.101049	0.098719	0.096289	0.0937618	0.0911398	0.0884259	0.0856226	0.0827328	0.0797594	0.0767054	0.073574	0.0703682	0.0670913	0.0637466	0.0603375	0.0568674	0.0533399	0.0497584	0.0461267	0.0424483	0.0387271	0.0349667	0.0311711	0.0273439	0.0234891	0.0196106	0.0157122	0.0117981	0.00787198	0.00393797	0	
0	0.00398749	0.00797095	0.0119464	0.0159098	0.0198572	0.0237846	0.0276881	0.0315639	0.0354079	0.0392164	0.0429855	0.0467114	0.0503905	0.054019	0.0575932	0.0611097	0.0645649	0.0679552	0.0712773	0.074528	0.0777038	0.0808016	0.0838183	0.0867509	0.0895964	0.092352	0.0950148	0.0975823	0.100052	0.102421	0.104687	0.106848	0.108902	0.110846	0.112679	0.114398	0.116003	0.117491	0.118861	0.120112	0.121242	0.122249	0.123134	0.123895	0.124532	0.125043	0.125428	0.125687	0.12582	0.125825	0.125705	0.125457	0.125083	0.124583	0.123958	0.123208	0.122333	0.121336	0.120216	0.118974	0.117613	0.116133	0.114536	0.112824	0.110997	0.109059	0.10701	0.104854	0.102592	0.100226	0.0977586	0.0951928	0.0925308	0.0897754	0.0869294	0.0839955	0.0809767	0.0778762	0.0746969	0.0714422	0.0681153	0.0647196	0.0612584	0.0577354	0.054154	0.0505179	0.0468307	0.0430962	0.0393182	0.0355004	0.0316468	0.0277612	0.0238476	0.0199099	0.015952	0.0119781	0.00799212	0.00399807	0	
0	0.00404342	0.00808275	0.0121139	0.0161329	0.0201357	0.0241182	0.0280765	0.0320066	0.0359046	0.0397665	0.0435884	0.0473666	0.0510973	0.0547767	0.0584011	0.0619669	0.0654705	0.0689084	0.0722772	0.0755734	0.0787937	0.081935	0.0849941	0.0879678	0.0908532	0.0936474	0.0963476	0.0989511	0.101455	0.103857	0.106155	0.108347	0.110429	0.112401	0.114259	0.116003	0.11763	0.119139	0.120529	0.121797	0.122942	0.123964	0.124862	0.125633	0.126279	0.126797	0.127188	0.12745	0.127585	0.12759	0.127468	0.127217	0.126838	0.126331	0.125697	0.124936	0.124049	0.123038	0.121902	0.120643	0.119263	0.117762	0.116143	0.114406	0.112554	0.110589	0.108512	0.106325	0.104031	0.101632	0.0991299	0.0965281	0.0938289	0.0910348	0.0881488	0.0851738	0.0821127	0.0789686	0.0757448	0.0724444	0.0690708	0.0656274	0.0621178	0.0585453	0.0549137	0.0512265	0.0474877	0.0437008	0.0398698	0.0359984	0.0320908	0.0281507	0.0241821	0.0201892	0.0161758	0.0121462	0.00810424	0.00405416	0	
0	0.00409529	0.00818644	0.0122693	0.0163399	0.020394	0.0244276	0.0284367	0.0324172	0.0363651	0.0402766	0.0441476	0.0479743	0.0517528	0.0554794	0.0591503	0.0627618	0.0663104	0.0697924	0.0732043	0.0765428	0.0798045	0.0829861	0.0860844	0.0890962	0.0920187	0.0948488	0.0975836	0.10022	0.102757	0.10519	0.107517	0.109737	0.111846	0.113843	0.115725	0.117491	0.119139	0.120668	0.122075	0.123359	0.124519	0.125555	0.126463	0.127245	0.127899	0.128423	0.128819	0.129085	0.129221	0.129227	0.129103	0.128849	0.128465	0.127952	0.127309	0.126539	0.125641	0.124616	0.123466	0.122191	0.120793	0.119273	0.117633	0.115874	0.113998	0.112007	0.109904	0.107689	0.105365	0.102935	0.100402	0.0977665	0.0950326	0.0922027	0.0892797	0.0862664	0.0831661	0.0799817	0.0767165	0.0733738	0.0699569	0.0664694	0.0629147	0.0592964	0.0556181	0.0518837	0.0480969	0.0442614	0.0403812	0.0364603	0.0325025	0.0285118	0.0244924	0.0204482	0.0163833	0.012302	0.00820821	0.00410617	0	
0	0.00414304	0.00828189	0.0124124	0.0165304	0.0206318	0.0247124	0.0287683	0.0327952	0.0367892	0.0407462	0.0446623	0.0485337	0.0523562	0.0561263	0.05984	0.0634936	0.0670836	0.0706062	0.0740579	0.0774354	0.0807351	0.0839537	0.0870881	0.0901351	0.0930917	0.0959547	0.0987215	0.101389	0.103955	0.106416	0.108771	0.111016	0.11315	0.11517	0.117075	0.118861	0.120529	0.122075	0.123498	0.124798	0.125971	0.127019	0.127938	0.128729	0.12939	0.129921	0.130321	0.13059	0.130728	0.130734	0.130609	0.130351	0.129963	0.129444	0.128794	0.128014	0.127106	0.126069	0.124906	0.123616	0.122201	0.120664	0.119005	0.117225	0.115328	0.113314	0.111185	0.108945	0.106594	0.104136	0.101572	0.0989066	0.0961408	0.0932779	0.0903208	0.0872724	0.0841359	0.0809144	0.0776111	0.0742294	0.0707727	0.0672445	0.0636483	0.0599878	0.0562667	0.0524888	0.0486578	0.0447776	0.0408521	0.0368854	0.0328815	0.0288443	0.024778	0.0206866	0.0165744	0.0124454	0.00830393	0.00415405	0	
0	0.00418663	0.00836902	0.012543	0.0167043	0.0208488	0.0249724	0.0290709	0.0331402	0.0371762	0.0411749	0.0451322	0.0490443	0.0529071	0.0567168	0.0604695	0.0641616	0.0677893	0.071349	0.0748371	0.07825	0.0815844	0.084837	0.0880044	0.0910834	0.0940711	0.0969643	0.0997601	0.102456	0.105049	0.107536	0.109915	0.112184	0.11434	0.116382	0.118306	0.120112	0.121797	0.123359	0.124798	0.126111	0.127297	0.128355	0.129284	0.130083	0.130751	0.131288	0.131692	0.131964	0.132103	0.13211	0.131983	0.131723	0.13133	0.130806	0.130149	0.129361	0.128443	0.127396	0.12622	0.124916	0.123487	0.121933	0.120257	0.118459	0.116541	0.114506	0.112355	0.110091	0.107716	0.105231	0.102641	0.0999472	0.0971523	0.0942593	0.0912711	0.0881906	0.0850211	0.0817657	0.0784277	0.0750104	0.0715173	0.067952	0.064318	0.060619	0.0568587	0.053041	0.0491697	0.0452487	0.041282	0.0372735	0.0332274	0.0291478	0.0250387	0.0209043	0.0167488	0.0125764	0.0083913	0.00419776	0	
