0	0	0	0	0	0	0	0	0	0	0	0	0	0	0	0	0	0	0	0	0	0	0	0	0	0	0	0	0	0	0	0	0	0	0	0	0	0	0	0	0	0	0	0	0	0	0	0	0	0	0	0	0	0	0	0	0	0	0	0	0	0	0	0	0	0	0	0	0	0	0	0	0	0	0	0	0	0	0	0	0	0	0	0	0	0	0	0	0	0	0	0	0	0	0	0	0	0	0	0	
0	0.00010406	0.000208013	0.000311756	0.000415184	0.000518193	0.00062068	0.000722541	0.000823675	0.000923979	0.00102335	0.0011217	0.00121891	0.0013149	0.00140957	0.00150282	0.00159456	0.00168469	0.00177313	0.00185979	0.00194458	0.00202741	0.00210821	0.00218688	0.00226336	0.00233756	0.00240941	0.00247884	0.00254578	0.00261016	0.00267191	0.00273098	0.0027873	0.00284082	0.00289148	0.00293924	0.00298403	0.00302583	0.00306458	0.00310026	0.00313281	0.00316221	0.00318842	0.00321143	0.00323121	0.00324774	0.003261	0.00327097	0.00327765	0.00328103	0.00328111	0.00327789	0.00327136	0.00326154	0.00324844	0.00323206	0.00321243	0.00318956	0.00316347	0.0031342	0.00310177	0.00306622	0.00302757	0.00298587	0.00294117	0.00289349	0.0028429	0.00278945	0.00273318	0.00267416	0.00261244	0.00254808	0.00248116	0.00241173	0.00233987	0.00226565	0.00218915	0.00211043	0.00202959	0.00194671	0.00186186	0.00177513	0.00168661	0.00159639	0.00150456	0.00141121	0.00131644	0.00122034	0.00112302	0.00102456	0.000925064	0.00082464	0.000723385	0.000621401	0.000518792	0.000415661	0.000312111	0.000208248	0.000104176	0	
0	0.000208013	0.000415815	0.000623195	0.000829946	0.00103586	0.00124073	0.00144435	0.00164651	0.00184702	0.00204566	0.00224225	0.00243658	0.00262846	0.0028177	0.00300411	0.00318749	0.00336767	0.00354446	0.00371768	0.00388717	0.00405276	0.00421426	0.00437154	0.00452441	0.00467274	0.00481637	0.00495516	0.00508897	0.00521766	0.00534111	0.00545918	0.00557177	0.00567875	0.00578002	0.00587548	0.00596503	0.00604858	0.00612605	0.00619735	0.00626243	0.00632119	0.0063736	0.0064196	0.00645914	0.00649217	0.00651867	0.00653861	0.00655197	0.00655873	0.00655889	0.00655244	0.0065394	0.00651977	0.00649357	0.00646083	0.00642158	0.00637587	0.00632372	0.00626521	0.00620039	0.00612931	0.00605206	0.00596871	0.00587934	0.00578404	0.00568292	0.00557606	0.00546358	0.00534559	0.00522222	0.00509357	0.00495979	0.00482101	0.00467736	0.004529	0.00437607	0.00421872	0.00405713	0.00389143	0.00372182	0.00354845	0.0033715	0.00319115	0.00300759	0.00282099	0.00263154	0.00243945	0.00224489	0.00204807	0.00184919	0.00164844	0.00144603	0.00124217	0.00103706	0.000830899	0.000623905	0.000416285	0.000208246	0	
0	0.000311756	0.000623195	0.000934002	0.00124387	0.00155248	0.00185952	0.00216469	0.00246768	0.00276818	0.0030659	0.00336054	0.00365179	0.00393937	0.00422298	0.00450235	0.00477719	0.00504723	0.00531219	0.00557182	0.00582584	0.006074	0.00631606	0.00655177	0.00678089	0.00700319	0.00721846	0.00742647	0.00762701	0.00781988	0.00800489	0.00818186	0.00835059	0.00851093	0.00866271	0.00880578	0.00893999	0.00906522	0.00918132	0.00928818	0.00938571	0.00947379	0.00955234	0.00962127	0.00968053	0.00973004	0.00976976	0.00979964	0.00981966	0.00982979	0.00983003	0.00982037	0.00980082	0.00977139	0.00973213	0.00968306	0.00962424	0.00955573	0.00947758	0.00938989	0.00929273	0.00918621	0.00907043	0.00894551	0.00881157	0.00866874	0.00851718	0.00835703	0.00818846	0.00801162	0.00782671	0.00763391	0.00743341	0.00722541	0.00701012	0.00678777	0.00655857	0.00632275	0.00608055	0.00583223	0.00557802	0.00531818	0.00505299	0.00478269	0.00450757	0.00422791	0.00394398	0.00365608	0.00336449	0.00306952	0.00277144	0.00247058	0.00216722	0.00186169	0.00155427	0.0012453	0.000935069	0.000623901	0.000312106	0	
0	0.000415184	0.000829946	0.00124387	0.00165653	0.00206752	0.00247643	0.00288284	0.00328635	0.00368655	0.00408304	0.00447542	0.0048633	0.00524629	0.005624	0.00599605	0.00636207	0.0067217	0.00707457	0.00742032	0.00775862	0.00808911	0.00841148	0.00872538	0.00903052	0.00932657	0.00961326	0.00989027	0.0101573	0.0104142	0.0106606	0.0108963	0.011121	0.0113345	0.0115367	0.0117272	0.0119059	0.0120727	0.0122273	0.0123696	0.0124995	0.0126168	0.0127214	0.0128132	0.0128921	0.0129581	0.013011	0.0130508	0.0130774	0.0130909	0.0130912	0.0130784	0.0130523	0.0130132	0.0129609	0.0128955	0.0128172	0.0127259	0.0126219	0.0125051	0.0123757	0.0122338	0.0120796	0.0119133	0.0117349	0.0115447	0.0113428	0.0111296	0.0109051	0.0106696	0.0104233	0.0101665	0.00989952	0.00962252	0.00933581	0.00903968	0.00873444	0.00842039	0.00809785	0.00776713	0.00742859	0.00708255	0.00672937	0.0063694	0.00600301	0.00563057	0.00525245	0.00486903	0.00448071	0.00408786	0.0036909	0.00329022	0.00288623	0.00247932	0.00206992	0.00165844	0.00124529	0.000830887	0.000415651	0	
0	0.000518193	0.00103586	0.00155248	0.00206752	0.00258048	0.00309085	0.00359809	0.00410171	0.00460121	0.00509607	0.0055858	0.00606991	0.00654792	0.00701934	0.0074837	0.00794054	0.00838939	0.0088298	0.00926134	0.00968357	0.0100961	0.0104984	0.0108902	0.011271	0.0116405	0.0119984	0.0123441	0.0126774	0.012998	0.0133056	0.0135997	0.0138802	0.0141467	0.014399	0.0146368	0.0148599	0.015068	0.015261	0.0154386	0.0156007	0.0157471	0.0158777	0.0159923	0.0160908	0.0161731	0.0162391	0.0162887	0.016322	0.0163389	0.0163393	0.0163232	0.0162907	0.0162418	0.0161765	0.016095	0.0159972	0.0158833	0.0157534	0.0156077	0.0154462	0.0152691	0.0150767	0.014869	0.0146464	0.014409	0.0141571	0.0138909	0.0136107	0.0133168	0.0130094	0.0126889	0.0123557	0.0120099	0.0116521	0.0112825	0.0109015	0.0105095	0.010107	0.00969421	0.00927167	0.00883978	0.00839897	0.0079497	0.0074924	0.00702755	0.00655562	0.00607707	0.0055924	0.00510209	0.00460664	0.00410655	0.00360232	0.00309446	0.00258349	0.00206991	0.00155425	0.00103704	0.000518777	0	
0	0.00062068	0.00124073	0.00185952	0.00247643	0.00309085	0.00370214	0.00430971	0.00491294	0.00551122	0.00610395	0.00669054	0.0072704	0.00784295	0.00840761	0.00896381	0.009511	0.0100486	0.0105761	0.011093	0.0115988	0.0120928	0.0125748	0.013044	0.0135002	0.0139428	0.0143714	0.0147855	0.0151848	0.0155688	0.0159371	0.0162894	0.0166254	0.0169446	0.0172468	0.0175316	0.0177988	0.0180481	0.0182793	0.018492	0.0186862	0.0188616	0.0190179	0.0191552	0.0192732	0.0193717	0.0194508	0.0195103	0.0195502	0.0195703	0.0195708	0.0195516	0.0195127	0.0194541	0.0193759	0.0192782	0.0191611	0.0190247	0.0188691	0.0186945	0.0185011	0.018289	0.0180585	0.0178098	0.0175431	0.0172588	0.016957	0.0166382	0.0163026	0.0159505	0.0155824	0.0151985	0.0147993	0.0143852	0.0139566	0.0135139	0.0130576	0.0125881	0.0121059	0.0116115	0.0111054	0.0105881	0.0100601	0.00952198	0.00897424	0.00841745	0.00785218	0.00727899	0.00669846	0.00611118	0.00551774	0.00491874	0.00431478	0.00370648	0.00309445	0.0024793	0.00186165	0.00124214	0.000621381	0	
0	0.000722541	0.00144435	0.00216469	0.00288284	0.00359809	0.00430971	0.00501699	0.00571921	0.00641568	0.00710569	0.00778855	0.00846357	0.00913008	0.0097874	0.0104349	0.0110719	0.0116977	0.0123118	0.0129135	0.0135023	0.0140774	0.0146384	0.0151847	0.0157158	0.016231	0.0167299	0.017212	0.0176768	0.0181238	0.0185526	0.0189627	0.0193538	0.0197254	0.0200772	0.0204088	0.0207198	0.0210101	0.0212791	0.0215268	0.0217529	0.021957	0.022139	0.0222988	0.0224361	0.0225509	0.022643	0.0227122	0.0227586	0.0227821	0.0227827	0.0227603	0.0227149	0.0226468	0.0225558	0.022442	0.0223057	0.0221469	0.0219658	0.0217626	0.0215374	0.0212905	0.0210222	0.0207326	0.0204222	0.0200912	0.0197399	0.0193688	0.0189781	0.0185682	0.0181397	0.0176928	0.0172281	0.0167461	0.0162471	0.0157318	0.0152005	0.014654	0.0140927	0.0135171	0.012928	0.0123258	0.0117111	0.0110847	0.010447	0.00979888	0.00914084	0.00847358	0.00779778	0.00711411	0.00642328	0.00572598	0.0050229	0.00431477	0.00360229	0.00288619	0.00216718	0.001446	0.000723359	0	
0	0.000823675	0.00164651	0.00246768	0.00328635	0.00410171	0.00491294	0.00571921	0.00651973	0.00731368	0.00810027	0.0088787	0.00964821	0.010408	0.0111573	0.0118955	0.0126216	0.0133351	0.0140351	0.014721	0.0153922	0.0160478	0.0166874	0.0173101	0.0179155	0.0185028	0.0190716	0.0196211	0.020151	0.0206606	0.0211494	0.0216169	0.0220628	0.0224864	0.0228874	0.0232654	0.02362	0.0239508	0.0242576	0.0245399	0.0247976	0.0250303	0.0252379	0.02542	0.0255765	0.0257074	0.0258123	0.0258913	0.0259441	0.0259709	0.0259716	0.025946	0.0258944	0.0258166	0.0257129	0.0255833	0.0254279	0.0252468	0.0250404	0.0248087	0.024552	0.0242706	0.0239647	0.0236346	0.0232807	0.0229034	0.022503	0.0220798	0.0216344	0.0211672	0.0206787	0.0201693	0.0196396	0.01909	0.0185212	0.0179337	0.0173282	0.0167051	0.0160652	0.0154092	0.0147375	0.014051	0.0133503	0.0126362	0.0119093	0.0111704	0.0104203	0.00965964	0.00888924	0.00810989	0.00732236	0.00652745	0.00572597	0.00491871	0.00410651	0.00329017	0.00247052	0.00164839	0.000824609	0	
0	0.000923979	0.00184702	0.00276818	0.00368655	0.00460121	0.00551122	0.00641568	0.00731368	0.00820431	0.00908669	0.00995993	0.0108231	0.0116755	0.012516	0.013344	0.0141586	0.014959	0.0157443	0.0165137	0.0172666	0.0180021	0.0187195	0.0194181	0.0200972	0.0207561	0.0213941	0.0220106	0.0226049	0.0231766	0.0237249	0.0242494	0.0247495	0.0252247	0.0256746	0.0260986	0.0264964	0.0268675	0.0272116	0.0275284	0.0278174	0.0280785	0.0283113	0.0285156	0.0286912	0.0288379	0.0289557	0.0290442	0.0291036	0.0291336	0.0291343	0.0291057	0.0290477	0.0289605	0.0288442	0.0286987	0.0285244	0.0283213	0.0280897	0.0278298	0.0275419	0.0272262	0.026883	0.0265128	0.0261158	0.0256925	0.0252433	0.0247687	0.024269	0.023745	0.0231969	0.0226255	0.0220312	0.0214148	0.0207767	0.0201177	0.0194384	0.0187395	0.0180216	0.0172857	0.0165322	0.0157621	0.0149761	0.014175	0.0133596	0.0125308	0.0116893	0.010836	0.00997176	0.0090975	0.00821407	0.00732236	0.00642327	0.00551771	0.0046066	0.00369085	0.00277138	0.00184913	0.000925029	0	
0	0.00102335	0.00204566	0.0030659	0.00408304	0.00509607	0.00610395	0.00710569	0.00810027	0.00908669	0.010064	0.0110311	0.0119872	0.0129312	0.0138622	0.0147792	0.0156814	0.0165678	0.0174376	0.0182898	0.0191236	0.0199383	0.0207328	0.0215066	0.0222587	0.0229884	0.023695	0.0243778	0.0250361	0.0256692	0.0262766	0.0268574	0.0274113	0.0279377	0.0284359	0.0289055	0.0293461	0.0297572	0.0301383	0.0304891	0.0308092	0.0310983	0.0313562	0.0315825	0.031777	0.0319395	0.0320699	0.032168	0.0322337	0.032267	0.0322677	0.032236	0.0321719	0.0320753	0.0319464	0.0317853	0.0315923	0.0313674	0.0311108	0.030823	0.0305041	0.0301544	0.0297743	0.0293643	0.0289246	0.0284558	0.0279583	0.0274326	0.0268792	0.0262988	0.0256918	0.0250589	0.0244007	0.023718	0.0230113	0.0222814	0.021529	0.0207549	0.0199599	0.0191448	0.0183103	0.0174574	0.0165868	0.0156996	0.0147965	0.0138785	0.0129465	0.0120014	0.0110443	0.010076	0.00909751	0.0081099	0.00711411	0.00611116	0.00510205	0.00408781	0.00306945	0.00204801	0.00102452	0	
0	0.0011217	0.00224225	0.00336054	0.00447542	0.0055858	0.00669054	0.00778855	0.0088787	0.00995993	0.0110311	0.0120912	0.0131391	0.0141739	0.0151943	0.0161995	0.0171884	0.01816	0.0191133	0.0200475	0.0209614	0.0218543	0.0227253	0.0235734	0.0243977	0.0251976	0.0259721	0.0267206	0.0274421	0.0281361	0.0288018	0.0294385	0.0300456	0.0306225	0.0311686	0.0316834	0.0321663	0.0326168	0.0330346	0.0334191	0.03377	0.0340869	0.0343695	0.0346176	0.0348308	0.0350089	0.0351518	0.0352594	0.0353314	0.0353679	0.0353687	0.035334	0.0352636	0.0351578	0.0350165	0.03484	0.0346283	0.0343818	0.0341006	0.0337851	0.0334356	0.0330523	0.0326357	0.0321862	0.0317043	0.0311904	0.0306451	0.0300689	0.0294624	0.0288261	0.0281608	0.0274671	0.0267457	0.0259973	0.0252227	0.0244227	0.023598	0.0227495	0.0218781	0.0209846	0.02007	0.0191351	0.0181809	0.0172084	0.0162185	0.0152122	0.0141907	0.0131548	0.0121056	0.0110443	0.0099718	0.00888928	0.00779779	0.00669845	0.00559237	0.00448066	0.00336444	0.00224483	0.00112298	0	
0	0.00121891	0.00243658	0.00365179	0.0048633	0.00606991	0.0072704	0.00846357	0.00964821	0.0108231	0.0119872	0.0131391	0.0142779	0.0154023	0.0165112	0.0176035	0.0186781	0.0197339	0.0207699	0.021785	0.0227781	0.0237484	0.0246948	0.0256164	0.0265123	0.0273815	0.0282231	0.0290364	0.0298205	0.0305746	0.031298	0.0319899	0.0326496	0.0332765	0.03387	0.0344294	0.0349541	0.0354437	0.0358977	0.0363155	0.0366968	0.0370412	0.0373483	0.0376179	0.0378496	0.0380431	0.0381984	0.0383153	0.0383936	0.0384332	0.0384341	0.0383964	0.0383199	0.0382049	0.0380514	0.0378595	0.0376296	0.0373617	0.0370561	0.0367133	0.0363334	0.0359169	0.0354642	0.0349758	0.0344521	0.0338937	0.0333011	0.032675	0.0320159	0.0313245	0.0306015	0.0298477	0.0290638	0.0282505	0.0274088	0.0265394	0.0256432	0.0247212	0.0237743	0.0228034	0.0218094	0.0207935	0.0197566	0.0186998	0.0176241	0.0165307	0.0154206	0.0142949	0.0131548	0.0120015	0.0108361	0.00965972	0.00847363	0.00727901	0.00607707	0.004869	0.00365603	0.0024394	0.00122031	0	
0	0.0013149	0.00262846	0.00393937	0.00524629	0.00654792	0.00784295	0.00913008	0.010408	0.0116755	0.0129312	0.0141739	0.0154023	0.0166152	0.0178115	0.0189898	0.020149	0.0212879	0.0224055	0.0235005	0.0245719	0.0256186	0.0266396	0.0276337	0.0286001	0.0295378	0.0304457	0.031323	0.0321689	0.0329824	0.0337627	0.0345091	0.0352208	0.0358971	0.0365373	0.0371407	0.0377068	0.038235	0.0387247	0.0391754	0.0395868	0.0399583	0.0402896	0.0405803	0.0408303	0.0410391	0.0412066	0.0413327	0.0414171	0.0414599	0.0414609	0.0414201	0.0413377	0.0412136	0.041048	0.040841	0.0405929	0.040304	0.0399744	0.0396045	0.0391947	0.0387454	0.0382571	0.0377302	0.0371653	0.0365629	0.0359237	0.0352482	0.0345372	0.0337914	0.0330114	0.0321982	0.0313526	0.0304753	0.0295673	0.0286294	0.0276627	0.0266681	0.0256466	0.0245992	0.023527	0.0224311	0.0213125	0.0201725	0.0190121	0.0178325	0.016635	0.0154207	0.0141908	0.0129466	0.0116894	0.0104204	0.00914095	0.00785226	0.00655565	0.00525245	0.00394396	0.0026315	0.00131641	0	
0	0.00140957	0.0028177	0.00422298	0.005624	0.00701934	0.00840761	0.0097874	0.0111573	0.012516	0.0138622	0.0151943	0.0165112	0.0178115	0.0190938	0.020357	0.0215996	0.0228206	0.0240186	0.0251925	0.026341	0.0274631	0.0285575	0.0296233	0.0306592	0.0316644	0.0326377	0.0335782	0.0344849	0.035357	0.0361935	0.0369937	0.0377566	0.0384816	0.0391678	0.0398147	0.0404216	0.0409878	0.0415127	0.0419959	0.0424369	0.0428351	0.0431903	0.043502	0.0437699	0.0439938	0.0441734	0.0443085	0.044399	0.0444448	0.0444459	0.0444022	0.0443138	0.0441808	0.0440033	0.0437815	0.0435155	0.0432057	0.0428524	0.0424559	0.0420166	0.041535	0.0410115	0.0404467	0.0398411	0.0391953	0.0385101	0.037786	0.0370238	0.0362242	0.0353882	0.0345164	0.0336099	0.0326694	0.031696	0.0306907	0.0296543	0.0285881	0.027493	0.0263702	0.0252209	0.024046	0.0228469	0.0216248	0.0203809	0.0191164	0.0178327	0.0165309	0.0152125	0.0138788	0.012531	0.0111707	0.00979908	0.0084176	0.00702764	0.00563061	0.00422791	0.00282097	0.00141119	0	
0	0.00150282	0.00300411	0.00450235	0.00599605	0.0074837	0.00896381	0.0104349	0.0118955	0.013344	0.0147792	0.0161995	0.0176035	0.0189898	0.020357	0.0217037	0.0230286	0.0243303	0.0256076	0.0268591	0.0280836	0.0292799	0.0304468	0.031583	0.0326875	0.0337591	0.0347968	0.0357996	0.0367663	0.0376961	0.0385879	0.039441	0.0402544	0.0410273	0.041759	0.0424487	0.0430957	0.0436993	0.044259	0.0447742	0.0452443	0.0456689	0.0460476	0.0463799	0.0466655	0.0469042	0.0470957	0.0472397	0.0473363	0.0473851	0.0473863	0.0473397	0.0472455	0.0471036	0.0469144	0.0466779	0.0463943	0.046064	0.0456873	0.0452646	0.0447963	0.0442828	0.0437247	0.0431225	0.0424768	0.0417883	0.0410577	0.0402857	0.0394731	0.0386207	0.0377293	0.0367999	0.0358334	0.0348307	0.0337929	0.032721	0.0316162	0.0304794	0.0293119	0.0281148	0.0268894	0.0256368	0.0243584	0.0230555	0.0217292	0.0203811	0.0190124	0.0176245	0.0162189	0.0147969	0.0133601	0.0119097	0.0104474	0.00897448	0.00749257	0.00600311	0.00450762	0.00300759	0.00150455	0	
0	0.00159456	0.00318749	0.00477719	0.00636207	0.00794054	0.009511	0.0110719	0.0126216	0.0141586	0.0156814	0.0171884	0.0186781	0.020149	0.0215996	0.0230286	0.0244343	0.0258155	0.0271708	0.0284987	0.029798	0.0310673	0.0323054	0.033511	0.0346829	0.03582	0.036921	0.0379849	0.0390107	0.0399972	0.0409435	0.0418487	0.0427117	0.0435318	0.0443082	0.04504	0.0457264	0.0463669	0.0469608	0.0475074	0.0480062	0.0484568	0.0488585	0.0492111	0.0495142	0.0497675	0.0499706	0.0501235	0.0502259	0.0502778	0.050279	0.0502296	0.0501296	0.0499791	0.0497783	0.0495273	0.0492265	0.048876	0.0484763	0.0480278	0.0475309	0.0469861	0.0463939	0.0457549	0.0450698	0.0443393	0.0435641	0.042745	0.0418828	0.0409783	0.0400325	0.0390464	0.0380209	0.036957	0.0358558	0.0347185	0.0335462	0.03234	0.0311013	0.0298311	0.0285309	0.0272019	0.0258454	0.0244629	0.0230557	0.0216253	0.020173	0.0187005	0.017209	0.0157002	0.0141756	0.0126368	0.0110851	0.00952234	0.00794996	0.00636958	0.00478279	0.0031912	0.0015964	0	
0	0.00168469	0.00336767	0.00504723	0.0067217	0.00838939	0.0100486	0.0116977	0.0133351	0.014959	0.0165678	0.01816	0.0197339	0.0212879	0.0228206	0.0243303	0.0258155	0.0272748	0.0287066	0.0301096	0.0314824	0.0328234	0.0341315	0.0354053	0.0366434	0.0378448	0.039008	0.0401321	0.0412158	0.0422581	0.0432579	0.0442143	0.0451261	0.0459926	0.0468128	0.047586	0.0483112	0.0489879	0.0496154	0.0501929	0.0507199	0.0511959	0.0516204	0.0519929	0.0523131	0.0525807	0.0527954	0.0529569	0.0530651	0.0531198	0.0531211	0.0530689	0.0529633	0.0528043	0.0525921	0.052327	0.0520091	0.0516389	0.0512166	0.0507427	0.0502177	0.0496421	0.0490164	0.0483413	0.0476175	0.0468458	0.0460267	0.0451613	0.0442503	0.0432947	0.0422955	0.0412536	0.0401701	0.0390461	0.0378827	0.0366811	0.0354425	0.0341682	0.0328594	0.0315174	0.0301437	0.0287395	0.0273064	0.0258457	0.024359	0.0228477	0.0213134	0.0197576	0.0181818	0.0165878	0.014977	0.0133511	0.0117118	0.0100606	0.00839937	0.00672965	0.00505316	0.00337159	0.00168664	0	
0	0.00177313	0.00354446	0.00531219	0.00707457	0.0088298	0.0105761	0.0123118	0.0140351	0.0157443	0.0174376	0.0191133	0.0207699	0.0224055	0.0240186	0.0256076	0.0271708	0.0287066	0.0302137	0.0316903	0.0331351	0.0345466	0.0359233	0.0372639	0.0385671	0.0398315	0.0410559	0.042239	0.0433796	0.0444766	0.0455289	0.0465354	0.0474951	0.0484071	0.0492704	0.0500841	0.0508475	0.0515597	0.0522201	0.0528279	0.0533826	0.0538836	0.0543303	0.0547224	0.0550595	0.0553411	0.055567	0.055737	0.0558509	0.0559085	0.0559099	0.0558549	0.0557437	0.0555764	0.0553531	0.0550741	0.0547395	0.0543498	0.0539054	0.0534066	0.052854	0.0522482	0.0515897	0.0508792	0.0501174	0.0493051	0.048443	0.0475322	0.0465734	0.0455676	0.0445159	0.0434193	0.042279	0.0410959	0.0398715	0.0386068	0.0373032	0.0359619	0.0345844	0.033172	0.0317262	0.0302483	0.02874	0.0272026	0.0256378	0.0240472	0.0224323	0.0207948	0.0191364	0.0174586	0.0157632	0.014052	0.0123266	0.0105888	0.00884032	0.00708295	0.00531845	0.0035486	0.00177519	0	
0	0.00185979	0.00371768	0.00557182	0.00742032	0.00926134	0.011093	0.0129135	0.014721	0.0165137	0.0182898	0.0200475	0.021785	0.0235005	0.0251925	0.0268591	0.0284987	0.0301096	0.0316903	0.0332391	0.0347545	0.036235	0.037679	0.0390852	0.040452	0.0417782	0.0430624	0.0443033	0.0454997	0.0466503	0.047754	0.0488097	0.0498164	0.0507729	0.0516784	0.0525319	0.0533326	0.0540796	0.0547723	0.0554098	0.0559916	0.0565171	0.0569857	0.0573969	0.0577504	0.0580458	0.0582828	0.0584611	0.0585805	0.058641	0.0586424	0.0585848	0.0584682	0.0582927	0.0580585	0.0577658	0.0574149	0.0570061	0.05654	0.0560168	0.0554372	0.0548018	0.0541111	0.0533659	0.0525668	0.0517148	0.0508107	0.0498553	0.0488496	0.0477947	0.0466916	0.0455414	0.0443453	0.0431045	0.0418202	0.0404937	0.0391264	0.0377196	0.0362747	0.0347933	0.0332768	0.0317267	0.0301446	0.0285321	0.0268909	0.0252225	0.0235287	0.0218112	0.0200716	0.0183119	0.0165337	0.0147388	0.0129291	0.0111063	0.0092724	0.00742913	0.00557839	0.00372203	0.00186195	0	
0	0.00194458	0.00388717	0.00582584	0.00775862	0.00968357	0.0115988	0.0135023	0.0153922	0.0172666	0.0191236	0.0209614	0.0227781	0.0245719	0.026341	0.0280836	0.029798	0.0314824	0.0331351	0.0347545	0.036339	0.037887	0.0393968	0.0408671	0.0422963	0.0436829	0.0450257	0.0463232	0.0475741	0.0487772	0.0499312	0.051035	0.0520876	0.0530877	0.0540345	0.0549269	0.0557641	0.0565452	0.0572694	0.057936	0.0585443	0.0590938	0.0595837	0.0600137	0.0603834	0.0606922	0.06094	0.0611264	0.0612513	0.0613145	0.061316	0.0612558	0.0611338	0.0609503	0.0607054	0.0603994	0.0600325	0.0596051	0.0591177	0.0585707	0.0579647	0.0573003	0.0565781	0.0557989	0.0549635	0.0540726	0.0531272	0.0521283	0.0510768	0.0499738	0.0488204	0.0476178	0.0463671	0.0450697	0.0437268	0.0423399	0.0409102	0.0394393	0.0379286	0.0363796	0.0347939	0.0331732	0.031519	0.029833	0.0281169	0.0263725	0.0246014	0.0228056	0.0209868	0.0191468	0.0172875	0.0154108	0.0135185	0.0116127	0.00969515	0.00776784	0.00583272	0.00389173	0.00194684	0	
0	0.00202741	0.00405276	0.006074	0.00808911	0.0100961	0.0120928	0.0140774	0.0160478	0.0180021	0.0199383	0.0218543	0.0237484	0.0256186	0.0274631	0.0292799	0.0310673	0.0328234	0.0345466	0.036235	0.037887	0.0395009	0.041075	0.0426079	0.044098	0.0455437	0.0469437	0.0482964	0.0496006	0.050855	0.0520582	0.053209	0.0543064	0.0553491	0.0563362	0.0572667	0.0581395	0.0589539	0.059709	0.060404	0.0610382	0.061611	0.0621219	0.0625702	0.0629556	0.0632776	0.0635359	0.0637303	0.0638605	0.0639264	0.063928	0.0638651	0.063738	0.0635467	0.0632914	0.0629723	0.0625898	0.0621442	0.061636	0.0610657	0.0604339	0.0597412	0.0589883	0.0581759	0.0573048	0.056376	0.0553904	0.0543489	0.0532526	0.0521026	0.0509001	0.0496462	0.0483423	0.0469896	0.0455896	0.0441435	0.0426529	0.0411193	0.0395443	0.0379293	0.0362761	0.0345863	0.0328616	0.0311038	0.0293146	0.0274959	0.0256494	0.0237771	0.0218808	0.0199624	0.0180239	0.0160673	0.0140944	0.0121074	0.0101082	0.00809875	0.00608119	0.00405752	0.00202977	0	
0	0.00210821	0.00421426	0.00631606	0.00841148	0.0104984	0.0125748	0.0146384	0.0166874	0.0187195	0.0207328	0.0227253	0.0246948	0.0266396	0.0285575	0.0304468	0.0323054	0.0341315	0.0359233	0.037679	0.0393968	0.041075	0.042712	0.0443059	0.0458554	0.0473587	0.0488145	0.0502211	0.0515773	0.0528816	0.0541328	0.0553295	0.0564706	0.0575549	0.0585814	0.0595489	0.0604565	0.0613033	0.0620885	0.0628112	0.0634707	0.0640664	0.0645976	0.0650638	0.0654645	0.0657994	0.066068	0.0662701	0.0664055	0.066474	0.0664757	0.0664103	0.0662781	0.0660792	0.0658137	0.0654819	0.0650842	0.0646208	0.0640924	0.0634994	0.0628424	0.062122	0.0613391	0.0604943	0.0595886	0.0586227	0.0575978	0.0565148	0.0553748	0.054179	0.0529286	0.0516248	0.0502689	0.0488623	0.0474064	0.0459028	0.0443528	0.0427581	0.0411202	0.0394409	0.0377218	0.0359647	0.0341713	0.0323434	0.0304829	0.0285917	0.0266716	0.0247247	0.0227528	0.020758	0.0187422	0.0167076	0.0146561	0.0125899	0.010511	0.00842151	0.00632355	0.00421922	0.00211067	0	
0	0.00218688	0.00437154	0.00655177	0.00872538	0.0108902	0.013044	0.0151847	0.0173101	0.0194181	0.0215066	0.0235734	0.0256164	0.0276337	0.0296233	0.031583	0.033511	0.0354053	0.0372639	0.0390852	0.0408671	0.0426079	0.0443059	0.0459594	0.0475667	0.0491261	0.0506362	0.0520954	0.0535022	0.0548552	0.056153	0.0573944	0.0585781	0.0597028	0.0607676	0.0617712	0.0627127	0.0635912	0.0644056	0.0651553	0.0658394	0.0664573	0.0670084	0.067492	0.0679076	0.068255	0.0685336	0.0687433	0.0688837	0.0689548	0.0689565	0.0688888	0.0687516	0.0685453	0.0682699	0.0679257	0.0675131	0.0670325	0.0664843	0.0658692	0.0651877	0.0644404	0.0636283	0.062752	0.0618124	0.0608106	0.0597474	0.058624	0.0574415	0.056201	0.0549039	0.0535514	0.0521449	0.0506859	0.0491757	0.0476159	0.046008	0.0443538	0.0426549	0.0409129	0.0391296	0.0373069	0.0354466	0.0335505	0.0316206	0.0296588	0.027667	0.0256474	0.0236019	0.0215327	0.0194417	0.0173311	0.0152031	0.0130598	0.0109033	0.00873581	0.00655955	0.00437669	0.00218944	0	
0	0.00226336	0.00452441	0.00678089	0.00903052	0.011271	0.0135002	0.0157158	0.0179155	0.0200972	0.0222587	0.0243977	0.0265123	0.0286001	0.0306592	0.0326875	0.0346829	0.0366434	0.0385671	0.040452	0.0422963	0.044098	0.0458554	0.0475667	0.0492302	0.0508441	0.052407	0.0539172	0.0553732	0.0567735	0.0581168	0.0594016	0.0606266	0.0617908	0.0628927	0.0639315	0.0649059	0.0658151	0.066658	0.0674339	0.068142	0.0687815	0.0693518	0.0698523	0.0702825	0.070642	0.0709304	0.0711474	0.0712927	0.0713663	0.0713681	0.071298	0.071156	0.0709424	0.0706574	0.0703012	0.0698742	0.0693768	0.0688094	0.0681728	0.0674674	0.0666941	0.0658535	0.0649466	0.0639741	0.0629372	0.0618369	0.0606742	0.0594503	0.0581665	0.056824	0.0554242	0.0539686	0.0524585	0.0508955	0.0492811	0.0476171	0.045905	0.0441466	0.0423437	0.0404981	0.0386116	0.0366862	0.0347238	0.0327264	0.030696	0.0286346	0.0265444	0.0244274	0.0222857	0.0201216	0.0179373	0.0157348	0.0135165	0.0112846	0.00904133	0.00678895	0.00452976	0.00226601	0	
0	0.00233756	0.00467274	0.00700319	0.00932657	0.0116405	0.0139428	0.016231	0.0185028	0.0207561	0.0229884	0.0251976	0.0273815	0.0295378	0.0316644	0.0337591	0.03582	0.0378448	0.0398315	0.0417782	0.0436829	0.0455437	0.0473587	0.0491261	0.0508441	0.0525111	0.0541252	0.0556849	0.0571886	0.0586348	0.0600221	0.061349	0.0626143	0.0638166	0.0649547	0.0660274	0.0670338	0.0679728	0.0688434	0.0696447	0.070376	0.0710365	0.0716255	0.0721424	0.0725867	0.072958	0.0732558	0.0734799	0.0736301	0.0737061	0.0737079	0.0736355	0.0734889	0.0732683	0.0729739	0.072606	0.072165	0.0716513	0.0710654	0.0704078	0.0696794	0.0688807	0.0680125	0.0670759	0.0660716	0.0650007	0.0638642	0.0626634	0.0613994	0.0600735	0.058687	0.0572414	0.055738	0.0541783	0.0525641	0.0508968	0.0491782	0.04741	0.045594	0.043732	0.0418259	0.0398776	0.037889	0.0358623	0.0337994	0.0317024	0.0295734	0.0274147	0.0252282	0.0230164	0.0207813	0.0185254	0.0162507	0.0139597	0.0116546	0.00933775	0.00701154	0.00467827	0.0023403	0	
0	0.00240941	0.00481637	0.00721846	0.00961326	0.0119984	0.0143714	0.0167299	0.0190716	0.0213941	0.023695	0.0259721	0.0282231	0.0304457	0.0326377	0.0347968	0.036921	0.039008	0.0410559	0.0430624	0.0450257	0.0469437	0.0488145	0.0506362	0.052407	0.0541252	0.0557889	0.0573966	0.0589465	0.0604372	0.0618671	0.0632348	0.064539	0.0657782	0.0669513	0.0680571	0.0690944	0.0700622	0.0709595	0.0717855	0.0725393	0.07322	0.0738271	0.07436	0.074818	0.0752006	0.0755076	0.0757386	0.0758934	0.0759717	0.0759736	0.0758989	0.0757479	0.0755205	0.0752171	0.0748379	0.0743833	0.0738538	0.0732499	0.0725721	0.0718212	0.070998	0.0701032	0.0691377	0.0681026	0.0669987	0.0658274	0.0645897	0.0632868	0.0619201	0.060491	0.0590009	0.0574513	0.0558438	0.0541799	0.0524614	0.0506899	0.0488674	0.0469955	0.0450763	0.0431116	0.0411034	0.0390537	0.0369647	0.0348384	0.0326769	0.0304825	0.0282574	0.0260038	0.0237239	0.0214202	0.0190948	0.0167502	0.0143888	0.0120128	0.0096248	0.00722707	0.00482208	0.00241225	0	
0	0.00247884	0.00495516	0.00742647	0.00989027	0.0123441	0.0147855	0.017212	0.0196211	0.0220106	0.0243778	0.0267206	0.0290364	0.031323	0.0335782	0.0357996	0.0379849	0.0401321	0.042239	0.0443033	0.0463232	0.0482964	0.0502211	0.0520954	0.0539172	0.0556849	0.0573966	0.0590505	0.0606451	0.0621788	0.0636499	0.065057	0.0663988	0.0676737	0.0688806	0.0700182	0.0710855	0.0720812	0.0730044	0.0738542	0.0746296	0.07533	0.0759546	0.0765028	0.076974	0.0773677	0.0776835	0.0779212	0.0780804	0.078161	0.0781629	0.0780861	0.0779307	0.0776968	0.0773846	0.0769945	0.0765268	0.0759821	0.0753607	0.0746634	0.0738909	0.073044	0.0721234	0.0711301	0.0700651	0.0689295	0.0677244	0.066451	0.0651106	0.0637045	0.0622342	0.0607012	0.0591069	0.057453	0.0557412	0.0539732	0.0521507	0.0502756	0.0483498	0.0463753	0.044354	0.0422879	0.0401792	0.0380299	0.0358423	0.0336186	0.031361	0.0290717	0.0267531	0.0244076	0.0220375	0.0196451	0.0172329	0.0148034	0.012359	0.00990216	0.00743534	0.00496104	0.00248176	0	
0	0.00254578	0.00508897	0.00762701	0.0101573	0.0126774	0.0151848	0.0176768	0.020151	0.0226049	0.0250361	0.0274421	0.0298205	0.0321689	0.0344849	0.0367663	0.0390107	0.0412158	0.0433796	0.0454997	0.0475741	0.0496006	0.0515773	0.0535022	0.0553732	0.0571886	0.0589465	0.0606451	0.0622828	0.0638579	0.0653687	0.0668139	0.0681918	0.0695012	0.0707407	0.071909	0.0730051	0.0740277	0.0749758	0.0758485	0.076645	0.0773643	0.0780057	0.0785687	0.0790526	0.079457	0.0797814	0.0800254	0.0801889	0.0802717	0.0802737	0.0801948	0.0800352	0.079795	0.0794744	0.0790737	0.0785934	0.0780339	0.0773958	0.0766797	0.0758864	0.0750165	0.0740711	0.0730509	0.0719572	0.0707909	0.0695532	0.0682455	0.0668689	0.0654249	0.0639149	0.0623404	0.0607031	0.0590046	0.0572465	0.0554307	0.053559	0.0516333	0.0496555	0.0476277	0.0455517	0.0434299	0.0412642	0.0390569	0.0368103	0.0345265	0.0322079	0.0298568	0.0274756	0.0250667	0.0226326	0.0201756	0.0176983	0.0152032	0.0126928	0.0101696	0.00763614	0.00509502	0.00254878	0	
0	0.00261016	0.00521766	0.00781988	0.0104142	0.012998	0.0155688	0.0181238	0.0206606	0.0231766	0.0256692	0.0281361	0.0305746	0.0329824	0.035357	0.0376961	0.0399972	0.0422581	0.0444766	0.0466503	0.0487772	0.050855	0.0528816	0.0548552	0.0567735	0.0586348	0.0604372	0.0621788	0.0638579	0.0654728	0.0670218	0.0685035	0.0699163	0.0712588	0.0725296	0.0737275	0.0748513	0.0758998	0.0768719	0.0777667	0.0785832	0.0793207	0.0799784	0.0805556	0.0810518	0.0814664	0.081799	0.0820492	0.0822169	0.0823017	0.0823037	0.0822229	0.0820592	0.0818129	0.0814842	0.0810734	0.080581	0.0800074	0.0793531	0.0786189	0.0778055	0.0769136	0.0759443	0.0748984	0.073777	0.0725812	0.0713122	0.0699714	0.06856	0.0670794	0.0655312	0.063917	0.0622383	0.0604968	0.0586943	0.0568326	0.0549135	0.0529391	0.0509113	0.0488321	0.0467037	0.0445282	0.0423078	0.0400447	0.0377412	0.0353997	0.0330224	0.0306119	0.0281705	0.0257007	0.023205	0.0206859	0.0181459	0.0155877	0.0130138	0.0104268	0.00782926	0.00522387	0.00261324	0	
0	0.00267191	0.00534111	0.00800489	0.0106606	0.0133056	0.0159371	0.0185526	0.0211494	0.0237249	0.0262766	0.0288018	0.031298	0.0337627	0.0361935	0.0385879	0.0409435	0.0432579	0.0455289	0.047754	0.0499312	0.0520582	0.0541328	0.056153	0.0581168	0.0600221	0.0618671	0.0636499	0.0653687	0.0670218	0.0686075	0.0701243	0.0715705	0.0729448	0.0742457	0.0754719	0.0766223	0.0776955	0.0786907	0.0796066	0.0804425	0.0811975	0.0818707	0.0824616	0.0829695	0.0833939	0.0837343	0.0839905	0.0841621	0.084249	0.0842511	0.0841683	0.0840008	0.0837486	0.0834121	0.0829916	0.0824875	0.0819003	0.0812306	0.080479	0.0796464	0.0787334	0.0777411	0.0766705	0.0755225	0.0742985	0.0729995	0.0716269	0.0701821	0.0686665	0.0670817	0.0654293	0.0637108	0.0619281	0.060083	0.0581772	0.0562128	0.0541917	0.0521159	0.0499875	0.0478088	0.0455818	0.0433088	0.0409922	0.0386342	0.0362372	0.0338037	0.0313362	0.028837	0.0263088	0.023754	0.0211753	0.0185753	0.0159565	0.0133217	0.0106735	0.0080145	0.00534747	0.00267507	0	
0	0.00273098	0.00545918	0.00818186	0.0108963	0.0135997	0.0162894	0.0189627	0.0216169	0.0242494	0.0268574	0.0294385	0.0319899	0.0345091	0.0369937	0.039441	0.0418487	0.0442143	0.0465354	0.0488097	0.051035	0.053209	0.0553295	0.0573944	0.0594016	0.061349	0.0632348	0.065057	0.0668139	0.0685035	0.0701243	0.0716746	0.0731528	0.0745574	0.0758871	0.0771404	0.0783162	0.0794132	0.0804303	0.0813665	0.0822209	0.0829925	0.0836807	0.0842846	0.0848037	0.0852375	0.0855855	0.0858473	0.0860227	0.0861116	0.0861137	0.0860291	0.0858578	0.0856001	0.0852562	0.0848264	0.0843112	0.083711	0.0830265	0.0822583	0.0814072	0.0804741	0.0794598	0.0783655	0.0771922	0.0759411	0.0746134	0.0732104	0.0717337	0.0701846	0.0685648	0.0668758	0.0651194	0.0632973	0.0614113	0.0594634	0.0574556	0.0553898	0.0532681	0.0510927	0.0488657	0.0465895	0.0442663	0.0418984	0.0394883	0.0370384	0.0345511	0.032029	0.0294745	0.0268904	0.0242792	0.0216435	0.0189859	0.0163093	0.0136162	0.0109095	0.00819169	0.0054657	0.00273422	0	
0	0.0027873	0.00557177	0.00835059	0.011121	0.0138802	0.0166254	0.0193538	0.0220628	0.0247495	0.0274113	0.0300456	0.0326496	0.0352208	0.0377566	0.0402544	0.0427117	0.0451261	0.0474951	0.0498164	0.0520876	0.0543064	0.0564706	0.0585781	0.0606266	0.0626143	0.064539	0.0663988	0.0681918	0.0699163	0.0715705	0.0731528	0.0746614	0.0760951	0.0774521	0.0787314	0.0799314	0.081051	0.0820891	0.0830446	0.0839166	0.0847042	0.0854065	0.0860229	0.0865527	0.0869955	0.0873506	0.0876178	0.0877969	0.0878875	0.0878897	0.0878033	0.0876286	0.0873656	0.0870146	0.0865759	0.08605	0.0854375	0.0847388	0.0839548	0.0830861	0.0821338	0.0810986	0.0799817	0.0787842	0.0775073	0.0761522	0.0747204	0.0732132	0.0716322	0.0699789	0.0682551	0.0664624	0.0646027	0.0626779	0.0606898	0.0586406	0.0565322	0.0543667	0.0521465	0.0498736	0.0475504	0.0451793	0.0427626	0.0403028	0.0378023	0.0352637	0.0326896	0.0300825	0.027445	0.0247799	0.0220899	0.0193775	0.0166457	0.0138971	0.0111345	0.00836065	0.00557843	0.00279061	0	
0	0.00284082	0.00567875	0.00851093	0.0113345	0.0141467	0.0169446	0.0197254	0.0224864	0.0252247	0.0279377	0.0306225	0.0332765	0.0358971	0.0384816	0.0410273	0.0435318	0.0459926	0.0484071	0.0507729	0.0530877	0.0553491	0.0575549	0.0597028	0.0617908	0.0638166	0.0657782	0.0676737	0.0695012	0.0712588	0.0729448	0.0745574	0.0760951	0.0775562	0.0789393	0.0802431	0.0814662	0.0826073	0.0836653	0.0846392	0.085528	0.0863306	0.0870465	0.0876747	0.0882147	0.0886659	0.0890279	0.0893003	0.0894827	0.0895751	0.0895773	0.0894893	0.0893112	0.0890431	0.0886854	0.0882383	0.0877023	0.087078	0.086366	0.0855669	0.0846816	0.0837109	0.0826559	0.0815176	0.080297	0.0789956	0.0776145	0.0761552	0.074619	0.0730076	0.0713226	0.0695657	0.0677387	0.0658433	0.0638815	0.0618552	0.0597666	0.0576177	0.0554107	0.0531478	0.0508313	0.0484635	0.0460468	0.0435837	0.0410767	0.0385282	0.0359409	0.0333173	0.0306601	0.027972	0.0252558	0.022514	0.0197496	0.0169653	0.0141639	0.0113483	0.00852119	0.00568555	0.0028442	0	
0	0.00289148	0.00578002	0.00866271	0.0115367	0.014399	0.0172468	0.0200772	0.0228874	0.0256746	0.0284359	0.0311686	0.03387	0.0365373	0.0391678	0.041759	0.0443082	0.0468128	0.0492704	0.0516784	0.0540345	0.0563362	0.0585814	0.0607676	0.0628927	0.0649547	0.0669513	0.0688806	0.0707407	0.0725296	0.0742457	0.0758871	0.0774521	0.0789393	0.0803472	0.0816742	0.0829191	0.0840806	0.0851575	0.0861487	0.0870533	0.0878703	0.0885989	0.0892383	0.0897879	0.0902472	0.0906157	0.0908929	0.0910786	0.0911727	0.0911749	0.0910853	0.090904	0.0906312	0.0902671	0.089812	0.0892665	0.088631	0.0879063	0.0870929	0.0861918	0.0852039	0.08413	0.0829714	0.0817291	0.0804045	0.0789987	0.0775134	0.0759498	0.0743097	0.0725947	0.0708064	0.0689468	0.0670176	0.0650208	0.0629584	0.0608325	0.0586453	0.0563989	0.0540957	0.0517379	0.0493278	0.0468681	0.0443611	0.0418093	0.0392153	0.0365819	0.0339115	0.0312069	0.0284709	0.0257062	0.0229156	0.0201019	0.0172679	0.0144165	0.0115507	0.00867317	0.00578695	0.00289492	0	
0	0.00293924	0.00587548	0.00880578	0.0117272	0.0146368	0.0175316	0.0204088	0.0232654	0.0260986	0.0289055	0.0316834	0.0344294	0.0371407	0.0398147	0.0424487	0.04504	0.047586	0.0500841	0.0525319	0.0549269	0.0572667	0.0595489	0.0617712	0.0639315	0.0660274	0.0680571	0.0700182	0.071909	0.0737275	0.0754719	0.0771404	0.0787314	0.0802431	0.0816742	0.0830231	0.0842886	0.0854692	0.0865639	0.0875716	0.0884911	0.0893216	0.0900622	0.0907122	0.0912709	0.0917378	0.0921123	0.0923941	0.0925829	0.0926785	0.0926808	0.0925897	0.0924054	0.0921281	0.0917579	0.0912954	0.0907408	0.0900949	0.0893582	0.0885314	0.0876154	0.0866111	0.0855196	0.0843418	0.083079	0.0817325	0.0803035	0.0787936	0.0772043	0.0755371	0.0737937	0.0719759	0.0700855	0.0681245	0.0660947	0.0639983	0.0618373	0.059614	0.0573305	0.0549892	0.0525924	0.0501426	0.0476422	0.0450938	0.0424998	0.0398631	0.0371861	0.0344716	0.0317224	0.0289412	0.0261308	0.0232941	0.0204339	0.0175531	0.0146547	0.0117415	0.00881643	0.00588254	0.00294274	0	
0	0.00298403	0.00596503	0.00893999	0.0119059	0.0148599	0.0177988	0.0207198	0.02362	0.0264964	0.0293461	0.0321663	0.0349541	0.0377068	0.0404216	0.0430957	0.0457264	0.0483112	0.0508475	0.0533326	0.0557641	0.0581395	0.0604565	0.0627127	0.0649059	0.0670338	0.0690944	0.0710855	0.0730051	0.0748513	0.0766223	0.0783162	0.0799314	0.0814662	0.0829191	0.0842886	0.0855733	0.086772	0.0878833	0.0889063	0.0898399	0.090683	0.0914349	0.0920948	0.0926621	0.0931361	0.0935163	0.0938024	0.0939941	0.0940911	0.0940934	0.094001	0.0938139	0.0935323	0.0931566	0.0926869	0.092124	0.0914682	0.0907202	0.0898808	0.0889509	0.0879313	0.0868231	0.0856274	0.0843453	0.0829783	0.0815276	0.0799946	0.0783811	0.0766885	0.0749185	0.073073	0.0711538	0.0691629	0.0671022	0.0649738	0.0627799	0.0605226	0.0582043	0.0558274	0.0533941	0.0509069	0.0483684	0.0457811	0.0431477	0.0404707	0.0377529	0.0349971	0.0322059	0.0293823	0.0265291	0.0236492	0.0207454	0.0178207	0.014878	0.0119204	0.00895082	0.00597221	0.0029876	0	
0	0.00302583	0.00604858	0.00906522	0.0120727	0.015068	0.0180481	0.0210101	0.0239508	0.0268675	0.0297572	0.0326168	0.0354437	0.038235	0.0409878	0.0436993	0.0463669	0.0489879	0.0515597	0.0540796	0.0565452	0.0589539	0.0613033	0.0635912	0.0658151	0.0679728	0.0700622	0.0720812	0.0740277	0.0758998	0.0776955	0.0794132	0.081051	0.0826073	0.0840806	0.0854692	0.086772	0.0879874	0.0891144	0.0901517	0.0910983	0.0919533	0.0927157	0.0933849	0.09396	0.0944407	0.0948262	0.0951163	0.0953107	0.0954091	0.0954115	0.0953177	0.095128	0.0948425	0.0944615	0.0939853	0.0934144	0.0927494	0.091991	0.0911399	0.0901969	0.089163	0.0880393	0.0868268	0.0855268	0.0841406	0.0826696	0.0811152	0.079479	0.0777627	0.075968	0.0740966	0.0721505	0.0701317	0.0680421	0.0658839	0.0636593	0.0613704	0.0590197	0.0566094	0.054142	0.05162	0.049046	0.0464224	0.0437521	0.0410376	0.0382818	0.0354873	0.0326571	0.0297939	0.0269007	0.0239804	0.021036	0.0180703	0.0150865	0.0120874	0.0090762	0.00605587	0.00302945	0	
0	0.00306458	0.00612605	0.00918132	0.0122273	0.015261	0.0182793	0.0212791	0.0242576	0.0272116	0.0301383	0.0330346	0.0358977	0.0387247	0.0415127	0.044259	0.0469608	0.0496154	0.0522201	0.0547723	0.0572694	0.059709	0.0620885	0.0644056	0.066658	0.0688434	0.0709595	0.0730044	0.0749758	0.0768719	0.0786907	0.0804303	0.0820891	0.0836653	0.0851575	0.0865639	0.0878833	0.0891144	0.0902558	0.0913064	0.0922651	0.093131	0.0939032	0.094581	0.0951635	0.0956503	0.0960408	0.0963346	0.0965315	0.0966311	0.0966335	0.0965386	0.0963465	0.0960573	0.0956714	0.0951891	0.0946109	0.0939374	0.0931693	0.0923072	0.0913522	0.0903051	0.089167	0.087939	0.0866223	0.0852183	0.0837285	0.0821542	0.080497	0.0787587	0.076941	0.0750457	0.0730747	0.07103	0.0689137	0.0667278	0.0644747	0.0621565	0.0597757	0.0573345	0.0548355	0.0522812	0.0496742	0.047017	0.0443125	0.0415633	0.0387721	0.0359419	0.0330754	0.0301756	0.0272453	0.0242876	0.0213054	0.0183018	0.0152797	0.0122422	0.00919246	0.00613344	0.00306825	0	
0	0.00310026	0.00619735	0.00928818	0.0123696	0.0154386	0.018492	0.0215268	0.0245399	0.0275284	0.0304891	0.0334191	0.0363155	0.0391754	0.0419959	0.0447742	0.0475074	0.0501929	0.0528279	0.0554098	0.057936	0.060404	0.0628112	0.0651553	0.0674339	0.0696447	0.0717855	0.0738542	0.0758485	0.0777667	0.0796066	0.0813665	0.0830446	0.0846392	0.0861487	0.0875716	0.0889063	0.0901517	0.0913064	0.0923692	0.0933391	0.0942151	0.0949963	0.0956819	0.0962712	0.0967637	0.0971587	0.097456	0.0976551	0.097756	0.0977584	0.0976623	0.097468	0.0971754	0.096785	0.0962971	0.0957122	0.0950309	0.0942538	0.0933817	0.0924156	0.0913563	0.0902049	0.0889626	0.0876307	0.0862103	0.0847031	0.0831105	0.0814341	0.0796755	0.0778367	0.0759193	0.0739253	0.0718569	0.0697159	0.0675046	0.0652252	0.0628801	0.0604715	0.0580019	0.0554738	0.0528898	0.0502524	0.0475644	0.0448283	0.0420471	0.0392235	0.0363603	0.0334604	0.0305268	0.0275625	0.0245703	0.0215534	0.0185148	0.0154576	0.0123848	0.00929947	0.00620484	0.00310397	0	
0	0.00313281	0.00626243	0.00938571	0.0124995	0.0156007	0.0186862	0.0217529	0.0247976	0.0278174	0.0308092	0.03377	0.0366968	0.0395868	0.0424369	0.0452443	0.0480062	0.0507199	0.0533826	0.0559916	0.0585443	0.0610382	0.0634707	0.0658394	0.068142	0.070376	0.0725393	0.0746296	0.076645	0.0785832	0.0804425	0.0822209	0.0839166	0.085528	0.0870533	0.0884911	0.0898399	0.0910983	0.0922651	0.0933391	0.0943192	0.0952044	0.0959938	0.0966866	0.0972821	0.0977797	0.0981789	0.0984793	0.0986806	0.0987825	0.0987849	0.0986879	0.0984914	0.0981958	0.0978013	0.0973083	0.0967172	0.0960288	0.0952435	0.0943623	0.093386	0.0923156	0.0911521	0.0898968	0.0885508	0.0871156	0.0855926	0.0839832	0.0822892	0.0805122	0.078654	0.0767165	0.0747016	0.0726114	0.070448	0.0682135	0.0659102	0.0635404	0.0611065	0.058611	0.0560564	0.0534452	0.0507801	0.0480639	0.0452991	0.0424886	0.0396354	0.0367421	0.0338118	0.0308474	0.0278519	0.0248284	0.0217798	0.0187093	0.0156199	0.0125148	0.00939713	0.00627	0.00313657	0	
