0	0	0	0	0	0	0	0	0	0	0	0	0	0	0	0	0	0	0	0	0	0	0	0	0	0	0	0	0	0	0	0	0	0	0	0	0	0	0	0	0	0	0	0	0	0	0	0	0	0	0	0	0	0	0	0	0	0	0	0	0	0	0	0	0	0	0	0	0	0	0	0	0	0	0	0	0	0	0	0	0	0	0	0	0	0	0	0	0	0	0	0	0	0	0	0	0	0	0	0	
0	0.000784118	0.00156746	0.00234925	0.00312873	0.00390511	0.00467764	0.00544555	0.00620808	0.00696448	0.00771401	0.00845593	0.00918949	0.00991399	0.0106287	0.0113329	0.0120259	0.0127071	0.0133757	0.0140311	0.0146727	0.0152998	0.0159118	0.0165081	0.0170881	0.0176512	0.0181969	0.0187246	0.0192339	0.0197242	0.020195	0.0206458	0.0210763	0.021486	0.0218745	0.0222414	0.0225864	0.022909	0.0232091	0.0234862	0.0237401	0.0239706	0.0241775	0.0243605	0.0245194	0.0246541	0.0247644	0.0248503	0.0249117	0.0249484	0.0249605	0.0249479	0.0249107	0.0248488	0.0247623	0.0246514	0.024516	0.0243563	0.0241726	0.0239648	0.0237333	0.0234781	0.0231997	0.0228981	0.0225737	0.0222268	0.0218576	0.0214666	0.0210539	0.02062	0.0201653	0.0196901	0.0191948	0.0186798	0.0181456	0.0175926	0.0170212	0.0164318	0.0158249	0.015201	0.0145605	0.0139039	0.0132317	0.0125444	0.0118425	0.0111265	0.010397	0.00965443	0.00889948	0.00813276	0.00735494	0.00656674	0.00576894	0.00496241	0.00414809	0.00332703	0.00250038	0.0016694	0.000835458	0	
0	0.00156746	0.00313337	0.00469619	0.00625436	0.00780636	0.00935065	0.0108857	0.01241	0.0139221	0.0154204	0.0169035	0.0183699	0.0198182	0.0212469	0.0226546	0.02404	0.0254016	0.0267382	0.0280484	0.0293309	0.0305845	0.0318078	0.0329998	0.0341592	0.0352849	0.0363758	0.0374307	0.0384487	0.0394288	0.04037	0.0412713	0.0421319	0.0429508	0.0437274	0.0444609	0.0451504	0.0457954	0.0463952	0.0469492	0.0474568	0.0479176	0.0483311	0.0486968	0.0490145	0.0492838	0.0495044	0.0496761	0.0497987	0.0498721	0.0498963	0.0498711	0.0497967	0.049673	0.0495001	0.0492783	0.0490077	0.0486886	0.0483212	0.0479059	0.047443	0.0469331	0.0463764	0.0457736	0.0451252	0.0444316	0.0436937	0.0429119	0.042087	0.0412197	0.0403107	0.0393607	0.0383706	0.0373412	0.0362733	0.0351678	0.0340255	0.0328473	0.0316341	0.0303869	0.0291066	0.0277941	0.0264504	0.0250765	0.0236733	0.022242	0.0207837	0.0192993	0.0177902	0.0162575	0.0147026	0.013127	0.0115322	0.00991991	0.00829208	0.00665078	0.0049983	0.00333716	0.00167009	0	
0	0.00234925	0.00469619	0.00703848	0.00937381	0.0116999	0.0140144	0.0163151	0.0185997	0.0208659	0.0231115	0.0253344	0.0275322	0.0297028	0.0318441	0.0339539	0.0360303	0.0380711	0.0400743	0.042038	0.0439601	0.0458389	0.0476725	0.049459	0.0511966	0.0528838	0.0545187	0.0560999	0.0576256	0.0590945	0.0605051	0.0618559	0.0631457	0.0643732	0.0655372	0.0666364	0.0676699	0.0686366	0.0695355	0.0703658	0.0711266	0.0718172	0.0724369	0.0729851	0.0734612	0.0738648	0.0741954	0.0744527	0.0746365	0.0747466	0.0747828	0.0747451	0.0746335	0.0744481	0.0741891	0.0738566	0.0734511	0.0729728	0.0724221	0.0717997	0.071106	0.0703416	0.0695074	0.0686039	0.067632	0.0665926	0.0654866	0.0643149	0.0630785	0.0617786	0.0604162	0.0589924	0.0575085	0.0559657	0.0543652	0.0527082	0.0509962	0.0492304	0.0474121	0.0455429	0.043624	0.0416568	0.0396429	0.0375837	0.0354808	0.0333356	0.0311498	0.0289251	0.0266633	0.0243662	0.0220358	0.0196743	0.017284	0.0148676	0.0124279	0.00996795	0.00749127	0.00500162	0.00250307	0	
0	0.00312873	0.00625436	0.00937381	0.012484	0.0155819	0.0186644	0.0217284	0.024771	0.0277892	0.0307799	0.0337402	0.0366672	0.039558	0.0424098	0.0452197	0.047985	0.0507029	0.0533708	0.055986	0.058546	0.0610481	0.06349	0.0658692	0.0681835	0.0704304	0.0726078	0.0747136	0.0767456	0.0787019	0.0805805	0.0823795	0.0840973	0.085732	0.0872821	0.0887461	0.0901225	0.0914099	0.0926071	0.0937129	0.0947261	0.0956459	0.0964712	0.0972013	0.0978354	0.0983728	0.0988132	0.0991559	0.0994007	0.0995473	0.0995955	0.0995453	0.0993966	0.0991497	0.0988047	0.098362	0.0978219	0.0971848	0.0964515	0.0956225	0.0946987	0.0936807	0.0925696	0.0913664	0.0900721	0.0886878	0.0872148	0.0856543	0.0840077	0.0822765	0.0804621	0.0785659	0.0765897	0.0745349	0.0724033	0.0701966	0.0679165	0.0655648	0.0631433	0.0606538	0.0580982	0.0554784	0.0527963	0.0500539	0.0472532	0.0443962	0.0414852	0.0385224	0.0355101	0.0324508	0.0293472	0.0262021	0.0230188	0.0198006	0.0165514	0.0132753	0.00997685	0.00666114	0.00333359	0	
0	0.00390511	0.00780636	0.0116999	0.0155819	0.0194485	0.0232959	0.0271202	0.0309179	0.0346849	0.0384178	0.0421127	0.0457661	0.0493742	0.0529337	0.0564409	0.0598923	0.0632847	0.0666146	0.0698788	0.0730739	0.076197	0.0792449	0.0822145	0.085103	0.0879075	0.0906252	0.0932535	0.0957898	0.0982315	0.100576	0.102822	0.104966	0.107006	0.108941	0.110768	0.112486	0.114093	0.115587	0.116967	0.118232	0.11938	0.12041	0.121321	0.122113	0.122784	0.123333	0.123761	0.124067	0.12425	0.12431	0.124247	0.124062	0.123753	0.123323	0.12277	0.122096	0.121301	0.120386	0.119351	0.118198	0.116927	0.115541	0.114039	0.112423	0.110695	0.108857	0.106909	0.104854	0.102693	0.100428	0.0980618	0.0955952	0.0930306	0.09037	0.0876157	0.0847698	0.0818346	0.0788122	0.0757049	0.0725151	0.0692452	0.0658975	0.0624746	0.0589789	0.055413	0.0517797	0.0480816	0.0443218	0.0405033	0.0366296	0.0327041	0.0287309	0.0247141	0.0206586	0.0165695	0.0124526	0.00831408	0.00416081	0	
0	0.00467764	0.00935065	0.0140144	0.0186644	0.0232959	0.0279044	0.0324853	0.0370342	0.0415465	0.0460178	0.0504436	0.0548197	0.0591417	0.0634053	0.0676063	0.0717405	0.075804	0.0797926	0.0837025	0.0875298	0.0912707	0.0949215	0.0984786	0.101938	0.105298	0.108553	0.111701	0.114739	0.117664	0.120473	0.123162	0.125731	0.128175	0.130492	0.132681	0.134739	0.136663	0.138453	0.140107	0.141621	0.142996	0.14423	0.145322	0.14627	0.147073	0.147732	0.148244	0.14861	0.148829	0.148901	0.148826	0.148604	0.148235	0.147719	0.147057	0.14625	0.145297	0.144201	0.142962	0.14158	0.140058	0.138397	0.136598	0.134663	0.132594	0.130391	0.128058	0.125597	0.123008	0.120296	0.117461	0.114506	0.111434	0.108247	0.104948	0.101539	0.0980235	0.0944032	0.0906812	0.0868604	0.0829436	0.0789337	0.0748337	0.0706464	0.0663751	0.062023	0.0575933	0.0530897	0.0485159	0.0438758	0.0391738	0.0344145	0.0296032	0.0247454	0.0198474	0.014916	0.00995881	0.00498392	0	
0	0.00544555	0.0108857	0.0163151	0.0217284	0.0271202	0.0324853	0.0378183	0.0431139	0.048367	0.0535723	0.0587248	0.0638193	0.0688507	0.0738143	0.0787049	0.0835179	0.0882484	0.0928919	0.0974436	0.101899	0.106254	0.110504	0.114645	0.118673	0.122584	0.126374	0.130039	0.133576	0.136981	0.14025	0.143382	0.146371	0.149217	0.151915	0.154463	0.156858	0.159099	0.161183	0.163107	0.164871	0.166472	0.167908	0.169179	0.170282	0.171218	0.171984	0.172581	0.173007	0.173262	0.173346	0.173259	0.173	0.17257	0.17197	0.171199	0.170259	0.16915	0.167874	0.166431	0.164823	0.163051	0.161118	0.159023	0.15677	0.154361	0.151797	0.149081	0.146216	0.143202	0.140044	0.136744	0.133304	0.129728	0.126018	0.122177	0.118209	0.114116	0.109901	0.105568	0.10112	0.0965602	0.091892	0.0871188	0.0822442	0.0772717	0.0722051	0.0670482	0.0618053	0.0564806	0.0510787	0.0456048	0.0400642	0.034463	0.0288077	0.0231056	0.0173647	0.0115937	0.00580211	0	
0	0.00620808	0.01241	0.0185997	0.024771	0.0309179	0.0370342	0.0431139	0.0491511	0.0551398	0.061074	0.0669479	0.0727558	0.0784918	0.0841504	0.0897259	0.0952128	0.100606	0.105899	0.111089	0.116168	0.121133	0.125978	0.130699	0.135291	0.139749	0.14407	0.148248	0.15228	0.156162	0.159889	0.163459	0.166867	0.170111	0.173187	0.176092	0.178823	0.181377	0.183753	0.185947	0.187958	0.189782	0.19142	0.192869	0.194127	0.195193	0.196067	0.196747	0.197233	0.197524	0.197619	0.19752	0.197225	0.196735	0.19605	0.195172	0.1941	0.192836	0.191381	0.189736	0.187903	0.185883	0.183679	0.181291	0.178723	0.175976	0.173053	0.169957	0.16669	0.163255	0.159655	0.155892	0.151971	0.147894	0.143664	0.139286	0.134761	0.130095	0.12529	0.120351	0.11528	0.110081	0.10476	0.099318	0.0937607	0.088092	0.0823159	0.0764369	0.0704598	0.0643895	0.0582313	0.0519908	0.0456744	0.0392888	0.0328417	0.0263411	0.0197963	0.0132172	0.00661457	0	
0	0.00696448	0.0139221	0.0208659	0.0277892	0.0346849	0.0415465	0.048367	0.0551398	0.0618581	0.0685154	0.075105	0.0816205	0.0880554	0.0944034	0.100658	0.106814	0.112864	0.118802	0.124624	0.130322	0.135892	0.141328	0.146624	0.151775	0.156777	0.161624	0.166311	0.170834	0.175189	0.179371	0.183375	0.187199	0.190838	0.194288	0.197547	0.200611	0.203477	0.206142	0.208603	0.210859	0.212906	0.214743	0.216368	0.21778	0.218976	0.219956	0.220719	0.221264	0.22159	0.221698	0.221586	0.221255	0.220706	0.219938	0.218952	0.21775	0.216332	0.214699	0.212854	0.210798	0.208532	0.206058	0.20338	0.200499	0.197417	0.194139	0.190665	0.187	0.183146	0.179107	0.174886	0.170487	0.165913	0.161169	0.156257	0.151181	0.145946	0.140556	0.135014	0.129326	0.123494	0.117524	0.111419	0.105185	0.0988253	0.0923454	0.0857502	0.0790448	0.0722349	0.0653263	0.0583255	0.0512395	0.0440759	0.0368432	0.0295506	0.0222083	0.0148276	0.00742051	0	
0	0.00771401	0.0154204	0.0231115	0.0307799	0.0384178	0.0460178	0.0535723	0.061074	0.0685154	0.0758891	0.0831879	0.0904046	0.0975321	0.104563	0.111491	0.118309	0.12501	0.131588	0.138036	0.144348	0.150517	0.156537	0.162404	0.168109	0.173649	0.179018	0.18421	0.18922	0.194043	0.198675	0.20311	0.207346	0.211376	0.215198	0.218808	0.222201	0.225375	0.228327	0.231053	0.233552	0.235819	0.237854	0.239654	0.241218	0.242543	0.243628	0.244473	0.245077	0.245438	0.245557	0.245433	0.245067	0.244458	0.243608	0.242516	0.241184	0.239614	0.237806	0.235762	0.233484	0.230974	0.228235	0.225268	0.222077	0.218664	0.215032	0.211185	0.207125	0.202857	0.198383	0.193708	0.188835	0.183769	0.178514	0.173073	0.167451	0.161653	0.155683	0.149545	0.143244	0.136785	0.130172	0.12341	0.116505	0.109461	0.102284	0.0949788	0.0875518	0.0800089	0.0723568	0.0646026	0.056754	0.0488194	0.0408083	0.0327309	0.0245984	0.0164234	0.00821912	0	
0	0.00845593	0.0169035	0.0253344	0.0337402	0.0421127	0.0504436	0.0587248	0.0669479	0.075105	0.0831879	0.0911887	0.0990995	0.106912	0.11462	0.122214	0.129688	0.137034	0.144244	0.151312	0.158231	0.164993	0.171593	0.178023	0.184278	0.19035	0.196235	0.201927	0.207418	0.212706	0.217783	0.222645	0.227288	0.231706	0.235895	0.239852	0.243572	0.247051	0.250287	0.253276	0.256014	0.2585	0.26073	0.262704	0.264417	0.26587	0.26706	0.267986	0.268648	0.269044	0.269174	0.269039	0.268637	0.26797	0.267037	0.265841	0.264381	0.262659	0.260677	0.258437	0.25594	0.253189	0.250186	0.246934	0.243436	0.239694	0.235713	0.231496	0.227046	0.222367	0.217463	0.212338	0.206997	0.201444	0.195683	0.189719	0.183557	0.177201	0.170656	0.163928	0.157021	0.14994	0.142691	0.13528	0.12771	0.119989	0.112121	0.104114	0.0959723	0.087704	0.0793159	0.0708159	0.0622124	0.0535148	0.0447331	0.0358788	0.0269642	0.0180029	0.00900961	0	
0	0.00918949	0.0183699	0.0275322	0.0366672	0.0457661	0.0548197	0.0638193	0.0727558	0.0816205	0.0904046	0.0990995	0.107697	0.116187	0.124563	0.132817	0.140939	0.148921	0.156757	0.164439	0.171957	0.179307	0.186479	0.193467	0.200264	0.206864	0.213259	0.219444	0.225412	0.231158	0.236676	0.24196	0.247005	0.251807	0.25636	0.26066	0.264702	0.268484	0.272	0.275248	0.278224	0.280925	0.283349	0.285494	0.287356	0.288935	0.290228	0.291235	0.291954	0.292384	0.292526	0.292378	0.291942	0.291217	0.290203	0.288903	0.287316	0.285445	0.283292	0.280857	0.278143	0.275153	0.27189	0.268356	0.264554	0.260488	0.256162	0.251579	0.246743	0.241658	0.236328	0.230759	0.224955	0.21892	0.212659	0.206177	0.19948	0.192573	0.185461	0.178149	0.170643	0.162948	0.15507	0.147015	0.138789	0.130398	0.121848	0.113146	0.104298	0.0953125	0.0861968	0.0769594	0.0676095	0.0581573	0.0486138	0.0389914	0.0293034	0.0195647	0.00979122	0	
0	0.00991399	0.0198182	0.0297028	0.039558	0.0493742	0.0591417	0.0688507	0.0784918	0.0880554	0.0975321	0.106912	0.116187	0.125347	0.134384	0.143288	0.15205	0.160662	0.169116	0.177403	0.185515	0.193443	0.201181	0.20872	0.216053	0.223173	0.230072	0.236745	0.243184	0.249383	0.255335	0.261036	0.266479	0.271659	0.276571	0.28121	0.285571	0.289651	0.293444	0.296948	0.300159	0.303073	0.305688	0.308002	0.310011	0.311714	0.313109	0.314195	0.314971	0.315436	0.315588	0.315429	0.314958	0.314176	0.313083	0.31168	0.309968	0.30795	0.305626	0.302999	0.300072	0.296846	0.293326	0.289513	0.285412	0.281025	0.276358	0.271413	0.266196	0.26071	0.25496	0.248952	0.24269	0.236179	0.229425	0.222432	0.215207	0.207756	0.200083	0.192194	0.184096	0.175795	0.167296	0.158606	0.149731	0.140679	0.131454	0.122066	0.112521	0.102827	0.0929925	0.0830268	0.0729398	0.0627424	0.0524466	0.0420655	0.0316137	0.0211072	0.0105632	0	
0	0.0106287	0.0212469	0.0318441	0.0424098	0.0529337	0.0634053	0.0738143	0.0841504	0.0944034	0.104563	0.11462	0.124563	0.134384	0.144072	0.153617	0.163012	0.172245	0.181308	0.190192	0.198888	0.207389	0.215684	0.223767	0.231628	0.239262	0.246659	0.253812	0.260715	0.267361	0.273743	0.279854	0.28569	0.291243	0.296509	0.301483	0.306158	0.310532	0.314599	0.318355	0.321798	0.324922	0.327726	0.330206	0.33236	0.334186	0.335682	0.336846	0.337678	0.338176	0.33834	0.338169	0.337664	0.336825	0.335653	0.334149	0.332314	0.33015	0.327659	0.324843	0.321705	0.318246	0.314472	0.310384	0.305987	0.301285	0.296281	0.29098	0.285386	0.279505	0.273341	0.266899	0.260186	0.253206	0.245964	0.238468	0.230722	0.222733	0.214507	0.20605	0.197368	0.188468	0.179356	0.17004	0.160526	0.15082	0.140931	0.130866	0.120633	0.11024	0.0996965	0.0890123	0.0781982	0.0672656	0.0562275	0.045098	0.0338928	0.0226288	0.0113247	0	
0	0.0113329	0.0226546	0.0339539	0.0452197	0.0564409	0.0676063	0.0787049	0.0897259	0.100658	0.111491	0.122214	0.132817	0.143288	0.153617	0.163796	0.173812	0.183657	0.193321	0.202793	0.212066	0.221129	0.229975	0.238593	0.246975	0.255114	0.263001	0.270629	0.277989	0.285075	0.29188	0.298397	0.304619	0.31054	0.316155	0.321458	0.326443	0.331107	0.335443	0.339449	0.343119	0.34645	0.34944	0.352084	0.354381	0.356328	0.357923	0.359164	0.360051	0.360582	0.360757	0.360575	0.360037	0.359142	0.357893	0.356289	0.354332	0.352025	0.349369	0.346366	0.34302	0.339332	0.335308	0.330949	0.326261	0.321247	0.315911	0.310259	0.304295	0.298024	0.291452	0.284583	0.277425	0.269982	0.262261	0.254268	0.246009	0.23749	0.228719	0.219702	0.210445	0.200955	0.19124	0.181306	0.171162	0.160813	0.150269	0.139537	0.128625	0.117544	0.106302	0.09491	0.0833793	0.0717224	0.0599529	0.0480861	0.0361384	0.0241282	0.012075	0	
0	0.0120259	0.02404	0.0360303	0.047985	0.0598923	0.0717405	0.0835179	0.0952128	0.106814	0.118309	0.129688	0.140939	0.15205	0.163012	0.173812	0.184441	0.194888	0.205143	0.215195	0.225034	0.234652	0.244038	0.253183	0.262078	0.270715	0.279084	0.287178	0.294989	0.302508	0.309729	0.316644	0.323247	0.32953	0.335489	0.341116	0.346406	0.351355	0.355956	0.360207	0.364101	0.367637	0.370809	0.373615	0.376052	0.378118	0.379811	0.381128	0.382069	0.382633	0.382818	0.382625	0.382054	0.381105	0.379779	0.378077	0.376001	0.373552	0.370733	0.367547	0.363996	0.360083	0.355813	0.351188	0.346213	0.340892	0.33523	0.329232	0.322903	0.316249	0.309274	0.301986	0.29439	0.286492	0.278299	0.269817	0.261053	0.252014	0.242706	0.233137	0.223314	0.213244	0.202935	0.192394	0.181629	0.170647	0.159458	0.14807	0.136491	0.124732	0.112803	0.100714	0.0884782	0.0761084	0.0636192	0.0510267	0.0383484	0.0256037	0.0128134	0	
0	0.0127071	0.0254016	0.0380711	0.0507029	0.0632847	0.075804	0.0882484	0.100606	0.112864	0.12501	0.137034	0.148921	0.160662	0.172245	0.183657	0.194888	0.205927	0.216762	0.227384	0.237781	0.247943	0.257861	0.267524	0.276923	0.286049	0.294892	0.303445	0.311697	0.319643	0.327273	0.334579	0.341556	0.348195	0.354491	0.360437	0.366027	0.371256	0.376118	0.380609	0.384724	0.38846	0.391812	0.394777	0.397352	0.399535	0.401324	0.402716	0.40371	0.404305	0.404501	0.404297	0.403694	0.402691	0.40129	0.399491	0.397298	0.394711	0.391732	0.388365	0.384613	0.380479	0.375966	0.371079	0.365823	0.3602	0.354218	0.34788	0.341193	0.334161	0.326792	0.319091	0.311065	0.302719	0.294062	0.2851	0.275839	0.266288	0.256453	0.246342	0.235963	0.225323	0.214429	0.203291	0.191916	0.180313	0.16849	0.156457	0.144222	0.131797	0.119192	0.106419	0.0934897	0.0804193	0.0672227	0.0539169	0.0405205	0.0270539	0.0135392	0	
0	0.0133757	0.0267382	0.0400743	0.0533708	0.0666146	0.0797926	0.0928919	0.105899	0.118802	0.131588	0.144244	0.156757	0.169116	0.181308	0.193321	0.205143	0.216762	0.228168	0.239348	0.250292	0.260989	0.271429	0.2816	0.291494	0.3011	0.310409	0.319411	0.328098	0.336462	0.344493	0.352184	0.359528	0.366517	0.373144	0.379402	0.385287	0.39079	0.395909	0.400636	0.404968	0.4089	0.412428	0.415549	0.41826	0.420558	0.422441	0.423906	0.424952	0.425579	0.425785	0.425571	0.424935	0.42388	0.422405	0.420512	0.418203	0.415479	0.412344	0.4088	0.404851	0.400499	0.395749	0.390605	0.385071	0.379153	0.372856	0.366185	0.359146	0.351744	0.343987	0.335881	0.327432	0.318648	0.309535	0.300101	0.290353	0.2803	0.269947	0.259304	0.248379	0.237179	0.225712	0.213988	0.202014	0.189801	0.177356	0.164689	0.151811	0.138732	0.125464	0.112018	0.0984089	0.0846508	0.0707598	0.0567539	0.0426526	0.0284774	0.0142516	0	
0	0.0140311	0.0280484	0.042038	0.055986	0.0698788	0.0837025	0.0974436	0.111089	0.124624	0.138036	0.151312	0.164439	0.177403	0.190192	0.202793	0.215195	0.227384	0.239348	0.251076	0.262557	0.273778	0.284729	0.295399	0.305777	0.315854	0.325619	0.335062	0.344175	0.352948	0.361373	0.369441	0.377145	0.384476	0.391428	0.397993	0.404166	0.409939	0.415308	0.420267	0.424812	0.428936	0.432638	0.435912	0.438755	0.441166	0.44314	0.444678	0.445775	0.446433	0.446649	0.446424	0.445757	0.44465	0.443103	0.441117	0.438695	0.435838	0.43255	0.428832	0.424689	0.420124	0.415141	0.409745	0.40394	0.397732	0.391126	0.384128	0.376744	0.36898	0.360843	0.352339	0.343477	0.334262	0.324703	0.314806	0.304581	0.294034	0.283175	0.27201	0.260549	0.248801	0.236772	0.224474	0.211913	0.199101	0.186046	0.172759	0.15925	0.14553	0.131611	0.117507	0.103231	0.0887988	0.0742271	0.0595349	0.0447426	0.0298728	0.0149499	0	
0	0.0146727	0.0293309	0.0439601	0.058546	0.0730739	0.0875298	0.101899	0.116168	0.130322	0.144348	0.158231	0.171957	0.185515	0.198888	0.212066	0.225034	0.237781	0.250292	0.262557	0.274562	0.286296	0.297748	0.308906	0.319759	0.330296	0.340508	0.350383	0.359913	0.369087	0.377897	0.386334	0.39439	0.402056	0.409326	0.416191	0.422646	0.428684	0.434298	0.439484	0.444236	0.448549	0.45242	0.455844	0.458817	0.461338	0.463403	0.46501	0.466158	0.466846	0.467072	0.466836	0.466139	0.464982	0.463364	0.461287	0.458754	0.455767	0.452328	0.44844	0.444108	0.439334	0.434123	0.42848	0.42241	0.415918	0.40901	0.401692	0.393971	0.385852	0.377342	0.36845	0.359182	0.349546	0.33955	0.329201	0.318508	0.307479	0.296123	0.284448	0.272463	0.260177	0.247599	0.234738	0.221603	0.208205	0.194553	0.180658	0.166532	0.152184	0.137629	0.12288	0.107951	0.0928591	0.0776212	0.0622571	0.0467885	0.0312388	0.0156335	0	
0	0.0152998	0.0305845	0.0458389	0.0610481	0.076197	0.0912707	0.106254	0.121133	0.135892	0.150517	0.164993	0.179307	0.193443	0.207389	0.221129	0.234652	0.247943	0.260989	0.273778	0.286296	0.298532	0.310473	0.322108	0.333425	0.344413	0.355061	0.365358	0.375295	0.384861	0.394048	0.402845	0.411245	0.419239	0.42682	0.433979	0.44071	0.447005	0.45286	0.458267	0.463222	0.46772	0.471756	0.475326	0.478426	0.481055	0.483208	0.484884	0.486081	0.486798	0.487034	0.486788	0.486062	0.484854	0.483167	0.481002	0.478361	0.475246	0.47166	0.467606	0.463088	0.45811	0.452677	0.446793	0.440463	0.433694	0.426491	0.41886	0.410808	0.402342	0.39347	0.384197	0.374533	0.364485	0.354061	0.34327	0.33212	0.32062	0.308779	0.296605	0.284108	0.271296	0.258181	0.24477	0.231074	0.217103	0.202868	0.188379	0.173649	0.158688	0.143511	0.128132	0.112565	0.0968277	0.0809386	0.0649179	0.0487881	0.0325739	0.0163017	0	
0	0.0159118	0.0318078	0.0476725	0.06349	0.0792449	0.0949215	0.110504	0.125978	0.141328	0.156537	0.171593	0.186479	0.201181	0.215684	0.229975	0.244038	0.257861	0.271429	0.284729	0.297748	0.310473	0.322892	0.334992	0.346762	0.358189	0.369263	0.379972	0.390306	0.400255	0.40981	0.418959	0.427695	0.436009	0.443892	0.451338	0.458338	0.464885	0.470974	0.476598	0.481751	0.486428	0.490626	0.494339	0.497563	0.500297	0.502536	0.504279	0.505524	0.50627	0.506515	0.50626	0.505504	0.504248	0.502494	0.500242	0.497495	0.494255	0.490526	0.48631	0.481612	0.476435	0.470784	0.464665	0.458082	0.451042	0.44355	0.435614	0.427241	0.418436	0.409208	0.399565	0.389514	0.379064	0.368224	0.357001	0.345405	0.333445	0.32113	0.308469	0.295472	0.282148	0.268508	0.254561	0.240317	0.225787	0.210983	0.195915	0.180595	0.165036	0.149252	0.133257	0.117068	0.100701	0.0841761	0.0675146	0.0507397	0.0338768	0.0169538	0	
0	0.0165081	0.0329998	0.049459	0.0658692	0.0822145	0.0984786	0.114645	0.130699	0.146624	0.162404	0.178023	0.193467	0.20872	0.223767	0.238593	0.253183	0.267524	0.2816	0.295399	0.308906	0.322108	0.334992	0.347546	0.359756	0.371612	0.383101	0.394211	0.404933	0.415255	0.425167	0.434659	0.443723	0.452348	0.460527	0.468251	0.475514	0.482307	0.488623	0.494458	0.499804	0.504657	0.509012	0.512864	0.516209	0.519045	0.521369	0.523177	0.524469	0.525242	0.525496	0.525232	0.524447	0.523145	0.521324	0.518988	0.516138	0.512777	0.508908	0.504534	0.49966	0.494289	0.488426	0.482078	0.475248	0.467944	0.460172	0.451939	0.443251	0.434117	0.424543	0.414538	0.404111	0.39327	0.382023	0.37038	0.358349	0.345941	0.333164	0.320029	0.306545	0.292722	0.27857	0.2641	0.249323	0.234249	0.218889	0.203256	0.187363	0.171221	0.154845	0.138251	0.121455	0.104475	0.0873306	0.0700447	0.0526411	0.0351463	0.0175891	0	
0	0.0170881	0.0341592	0.0511966	0.0681835	0.085103	0.101938	0.118673	0.135291	0.151775	0.168109	0.184278	0.200264	0.216053	0.231628	0.246975	0.262078	0.276923	0.291494	0.305777	0.319759	0.333425	0.346762	0.359756	0.372396	0.384668	0.39656	0.408061	0.41916	0.429844	0.440105	0.44993	0.459312	0.468241	0.476707	0.484703	0.49222	0.499252	0.50579	0.51183	0.517364	0.522387	0.526895	0.530882	0.534346	0.537281	0.539686	0.541558	0.542895	0.543696	0.543959	0.543685	0.542873	0.541525	0.53964	0.537222	0.534272	0.530793	0.526788	0.52226	0.517215	0.511655	0.505587	0.499015	0.491946	0.484385	0.47634	0.467817	0.458824	0.449369	0.439459	0.429103	0.418309	0.407087	0.395445	0.383392	0.370939	0.358095	0.344869	0.331273	0.317315	0.303006	0.288357	0.273379	0.258082	0.242479	0.22658	0.210398	0.193945	0.177236	0.160285	0.143108	0.125722	0.108145	0.0903989	0.0725056	0.0544906	0.0363812	0.0182071	0	
0	0.0176512	0.0352849	0.0528838	0.0704304	0.0879075	0.105298	0.122584	0.139749	0.156777	0.173649	0.19035	0.206864	0.223173	0.239262	0.255114	0.270715	0.286049	0.3011	0.315854	0.330296	0.344413	0.358189	0.371612	0.384668	0.397345	0.409629	0.421509	0.432973	0.444009	0.454608	0.464758	0.474449	0.483671	0.492417	0.500676	0.508441	0.515704	0.522458	0.528697	0.534413	0.539602	0.544259	0.548377	0.551955	0.554987	0.557471	0.559405	0.560786	0.561613	0.561885	0.561602	0.560763	0.55937	0.557424	0.554926	0.551879	0.548285	0.544148	0.539471	0.534259	0.528516	0.522248	0.51546	0.508157	0.500348	0.492037	0.483234	0.473945	0.464178	0.453941	0.443244	0.432094	0.420502	0.408476	0.396027	0.383163	0.369896	0.356234	0.34219	0.327772	0.312992	0.29786	0.282388	0.266587	0.25047	0.234047	0.217331	0.200337	0.183077	0.165567	0.147824	0.129865	0.111709	0.0933779	0.074895	0.0562863	0.0375801	0.0188071	0	
0	0.0181969	0.0363758	0.0545187	0.0726078	0.0906252	0.108553	0.126374	0.14407	0.161624	0.179018	0.196235	0.213259	0.230072	0.246659	0.263001	0.279084	0.294892	0.310409	0.325619	0.340508	0.355061	0.369263	0.383101	0.39656	0.409629	0.422293	0.43454	0.446359	0.457736	0.468663	0.479126	0.489117	0.498625	0.50764	0.516155	0.52416	0.531648	0.538611	0.545042	0.550935	0.556285	0.561085	0.565331	0.569019	0.572145	0.574706	0.576699	0.578123	0.578976	0.579256	0.578964	0.5781	0.576664	0.574657	0.572082	0.568941	0.565236	0.560971	0.55615	0.550776	0.544856	0.538394	0.531395	0.523868	0.515816	0.507249	0.498174	0.488597	0.478528	0.467975	0.456947	0.445453	0.433502	0.421105	0.408271	0.395009	0.381332	0.367248	0.352769	0.337905	0.322668	0.307069	0.291119	0.274829	0.258213	0.241282	0.22405	0.20653	0.188737	0.170686	0.152394	0.13388	0.115163	0.0962648	0.0772105	0.0580265	0.0387419	0.0193885	0	
0	0.0187246	0.0374307	0.0560999	0.0747136	0.0932535	0.111701	0.130039	0.148248	0.166311	0.18421	0.201927	0.219444	0.236745	0.253812	0.270629	0.287178	0.303445	0.319411	0.335062	0.350383	0.365358	0.379972	0.394211	0.408061	0.421509	0.43454	0.447143	0.459304	0.471012	0.482255	0.493022	0.503302	0.513086	0.522363	0.531124	0.539362	0.547067	0.554232	0.560849	0.566914	0.572418	0.577357	0.581727	0.585522	0.588738	0.591374	0.593425	0.59489	0.595767	0.596056	0.595755	0.594866	0.593388	0.591323	0.588674	0.585441	0.581629	0.57724	0.572279	0.56675	0.560658	0.554008	0.546807	0.539061	0.530776	0.52196	0.512622	0.502767	0.492406	0.481547	0.470199	0.458372	0.446075	0.433318	0.420111	0.406465	0.392391	0.377899	0.363	0.347705	0.332026	0.315974	0.299562	0.2828	0.265702	0.24828	0.230548	0.21252	0.194211	0.175636	0.156814	0.137763	0.118503	0.0990567	0.0794498	0.0597094	0.0398655	0.0199508	0	
0	0.0192339	0.0384487	0.0576256	0.0767456	0.0957898	0.114739	0.133576	0.15228	0.170834	0.18922	0.207418	0.225412	0.243184	0.260715	0.277989	0.294989	0.311697	0.328098	0.344175	0.359913	0.375295	0.390306	0.404933	0.41916	0.432973	0.446359	0.459304	0.471796	0.483822	0.495371	0.506431	0.516991	0.52704	0.53657	0.54557	0.554031	0.561945	0.569305	0.576103	0.582332	0.587986	0.59306	0.597548	0.601446	0.604751	0.607458	0.609565	0.611069	0.611971	0.612267	0.611958	0.611045	0.609527	0.607406	0.604684	0.601364	0.597448	0.59294	0.587844	0.582164	0.575906	0.569076	0.561679	0.553722	0.545212	0.536157	0.526564	0.516441	0.505799	0.494644	0.482988	0.470839	0.458207	0.445103	0.431537	0.41752	0.403063	0.388177	0.372872	0.357162	0.341056	0.324568	0.307709	0.290491	0.272928	0.255033	0.236819	0.2183	0.199493	0.180413	0.161079	0.141509	0.121726	0.101751	0.0816106	0.0613333	0.0409498	0.0204934	0	
0	0.0197242	0.0394288	0.0590945	0.0787019	0.0982315	0.117664	0.136981	0.156162	0.175189	0.194043	0.212706	0.231158	0.249383	0.267361	0.285075	0.302508	0.319643	0.336462	0.352948	0.369087	0.384861	0.400255	0.415255	0.429844	0.444009	0.457736	0.471012	0.483822	0.496155	0.507998	0.51934	0.530169	0.540475	0.550247	0.559476	0.568153	0.57627	0.583817	0.590788	0.597176	0.602974	0.608177	0.61278	0.616777	0.620166	0.622942	0.625103	0.626646	0.62757	0.627874	0.627557	0.626621	0.625064	0.622889	0.620098	0.616693	0.612677	0.608054	0.602828	0.597004	0.590586	0.583582	0.575996	0.567836	0.55911	0.549823	0.539986	0.529606	0.518692	0.507253	0.495299	0.482841	0.469887	0.456449	0.442537	0.428163	0.413337	0.398072	0.382377	0.366266	0.34975	0.332841	0.315553	0.297896	0.279885	0.261534	0.242855	0.223865	0.204578	0.185012	0.165185	0.145117	0.124828	0.104344	0.0836909	0.0628967	0.0419936	0.0210158	0	
0	0.020195	0.04037	0.0605051	0.0805805	0.100576	0.120473	0.14025	0.159889	0.179371	0.198675	0.217783	0.236676	0.255335	0.273743	0.29188	0.309729	0.327273	0.344493	0.361373	0.377897	0.394048	0.40981	0.425167	0.440105	0.454608	0.468663	0.482255	0.495371	0.507998	0.520124	0.531736	0.542824	0.553376	0.563381	0.572831	0.581715	0.590025	0.597753	0.60489	0.611431	0.617367	0.622695	0.627407	0.6315	0.634969	0.637811	0.640024	0.641604	0.64255	0.642861	0.642537	0.641578	0.639984	0.637757	0.6349	0.631413	0.627302	0.622568	0.617217	0.611254	0.604684	0.597512	0.589745	0.581391	0.572456	0.562948	0.552875	0.542247	0.531073	0.519361	0.507122	0.494366	0.481103	0.467344	0.453101	0.438383	0.423204	0.407573	0.391504	0.375009	0.358099	0.340786	0.323085	0.305007	0.286566	0.267776	0.248652	0.229208	0.209461	0.189428	0.169128	0.148581	0.127808	0.106835	0.0856886	0.0643981	0.042996	0.0215175	0	
0	0.0206458	0.0412713	0.0618559	0.0823795	0.102822	0.123162	0.143382	0.163459	0.183375	0.20311	0.222645	0.24196	0.261036	0.279854	0.298397	0.316644	0.334579	0.352184	0.369441	0.386334	0.402845	0.418959	0.434659	0.44993	0.464758	0.479126	0.493022	0.506431	0.51934	0.531736	0.543608	0.554943	0.565731	0.57596	0.58562	0.594703	0.603198	0.611098	0.618395	0.625082	0.631151	0.636597	0.641415	0.645599	0.649146	0.652051	0.654313	0.655928	0.656896	0.657214	0.656883	0.655902	0.654273	0.651996	0.649075	0.64551	0.641307	0.636468	0.630998	0.624901	0.618184	0.610852	0.602912	0.594371	0.585236	0.575516	0.565219	0.554354	0.54293	0.530957	0.518444	0.505403	0.491844	0.477778	0.463217	0.448171	0.432652	0.416673	0.400245	0.383381	0.366094	0.348395	0.330298	0.311817	0.292964	0.273755	0.254204	0.234326	0.214138	0.193658	0.172904	0.151898	0.130662	0.10922	0.0876018	0.0658359	0.0439559	0.0219979	0	
0	0.0210763	0.0421319	0.0631457	0.0840973	0.104966	0.125731	0.146371	0.166867	0.187199	0.207346	0.227288	0.247005	0.266479	0.28569	0.304619	0.323247	0.341556	0.359528	0.377145	0.39439	0.411245	0.427695	0.443723	0.459312	0.474449	0.489117	0.503302	0.516991	0.530169	0.542824	0.554943	0.566515	0.577527	0.587969	0.597831	0.607103	0.615776	0.623841	0.63129	0.638116	0.644311	0.649871	0.654789	0.659061	0.662682	0.665648	0.667957	0.669606	0.670593	0.670918	0.67058	0.669579	0.667915	0.665592	0.662609	0.65897	0.654679	0.649739	0.644155	0.637932	0.631074	0.62359	0.615484	0.606765	0.59744	0.587517	0.577005	0.565913	0.554251	0.542028	0.529255	0.515942	0.5021	0.487741	0.472876	0.457516	0.441674	0.425362	0.408591	0.391376	0.373727	0.35566	0.337185	0.318319	0.299073	0.279463	0.259504	0.239212	0.218603	0.197696	0.176509	0.155065	0.133386	0.111498	0.0894284	0.0672087	0.0448725	0.0224566	0	
0	0.021486	0.0429508	0.0643732	0.085732	0.107006	0.128175	0.149217	0.170111	0.190838	0.211376	0.231706	0.251807	0.271659	0.291243	0.31054	0.32953	0.348195	0.366517	0.384476	0.402056	0.419239	0.436009	0.452348	0.468241	0.483671	0.498625	0.513086	0.52704	0.540475	0.553376	0.565731	0.577527	0.588754	0.599399	0.609453	0.618905	0.627746	0.635968	0.643561	0.65052	0.656836	0.662504	0.667518	0.671872	0.675563	0.678587	0.680941	0.682622	0.683629	0.68396	0.683615	0.682595	0.680899	0.67853	0.675489	0.67178	0.667406	0.66237	0.656677	0.650332	0.643342	0.635711	0.627448	0.61856	0.609053	0.598938	0.588221	0.576914	0.565025	0.552564	0.539543	0.525971	0.511861	0.497222	0.482068	0.46641	0.45026	0.43363	0.416534	0.398984	0.380992	0.362573	0.34374	0.324506	0.304887	0.284896	0.264549	0.243862	0.222853	0.201539	0.179941	0.15808	0.135979	0.113665	0.0911668	0.0685152	0.0457448	0.0228931	0	
0	0.0218745	0.0437274	0.0655372	0.0872821	0.108941	0.130492	0.151915	0.173187	0.194288	0.215198	0.235895	0.25636	0.276571	0.296509	0.316155	0.335489	0.354491	0.373144	0.391428	0.409326	0.42682	0.443892	0.460527	0.476707	0.492417	0.50764	0.522363	0.53657	0.550247	0.563381	0.57596	0.587969	0.599399	0.610237	0.620472	0.630095	0.639096	0.647467	0.655198	0.662282	0.668713	0.674483	0.679587	0.684021	0.687778	0.690857	0.693253	0.694965	0.69599	0.696327	0.695976	0.694937	0.69321	0.690799	0.687703	0.683927	0.679473	0.674346	0.66855	0.662091	0.654974	0.647206	0.638793	0.629744	0.620066	0.609767	0.598857	0.587345	0.575241	0.562555	0.549299	0.535481	0.521116	0.506213	0.490784	0.474843	0.458401	0.441471	0.424065	0.406198	0.387881	0.369129	0.349955	0.330374	0.3104	0.290047	0.269332	0.248271	0.226882	0.205183	0.183194	0.160938	0.138438	0.115721	0.0928152	0.069754	0.0465719	0.0233071	0	
0	0.0222414	0.0444609	0.0666364	0.0887461	0.110768	0.132681	0.154463	0.176092	0.197547	0.218808	0.239852	0.26066	0.28121	0.301483	0.321458	0.341116	0.360437	0.379402	0.397993	0.416191	0.433979	0.451338	0.468251	0.484703	0.500676	0.516155	0.531124	0.54557	0.559476	0.572831	0.58562	0.597831	0.609453	0.620472	0.630879	0.640664	0.649816	0.658327	0.666187	0.673391	0.679929	0.685796	0.690986	0.695494	0.699315	0.702445	0.704881	0.706621	0.707664	0.708006	0.707649	0.706593	0.704838	0.702385	0.699238	0.695398	0.69087	0.685657	0.679764	0.673196	0.66596	0.658062	0.649508	0.640307	0.630466	0.619995	0.608902	0.597197	0.58489	0.571991	0.558512	0.544463	0.529856	0.514703	0.499016	0.482808	0.46609	0.448876	0.431178	0.413011	0.394387	0.37532	0.355825	0.335915	0.315606	0.294912	0.27385	0.252436	0.230688	0.208624	0.186267	0.163637	0.14076	0.117662	0.094372	0.070924	0.0473531	0.023698	0	
0	0.0225864	0.0451504	0.0676699	0.0901225	0.112486	0.134739	0.156858	0.178823	0.200611	0.222201	0.243572	0.264702	0.285571	0.306158	0.326443	0.346406	0.366027	0.385287	0.404166	0.422646	0.44071	0.458338	0.475514	0.49222	0.508441	0.52416	0.539362	0.554031	0.568153	0.581715	0.594703	0.607103	0.618905	0.630095	0.640664	0.6506	0.659894	0.668537	0.676519	0.683834	0.690474	0.696432	0.701703	0.70628	0.71016	0.713339	0.715813	0.717581	0.718639	0.718987	0.718625	0.717552	0.715769	0.713279	0.710083	0.706183	0.701585	0.696291	0.690307	0.683637	0.676289	0.668268	0.659581	0.650237	0.640244	0.62961	0.618345	0.606459	0.593961	0.580862	0.567174	0.552907	0.538074	0.522686	0.506756	0.490296	0.473318	0.455837	0.437866	0.419416	0.400504	0.381141	0.361344	0.341125	0.320501	0.299486	0.278097	0.256351	0.234265	0.21186	0.189156	0.166175	0.142943	0.119486	0.0958357	0.072024	0.0480875	0.0240655	0	
0	0.022909	0.0457954	0.0686366	0.0914099	0.114093	0.136663	0.159099	0.181377	0.203477	0.225375	0.247051	0.268484	0.289651	0.310532	0.331107	0.351355	0.371256	0.39079	0.409939	0.428684	0.447005	0.464885	0.482307	0.499252	0.515704	0.531648	0.547067	0.561945	0.57627	0.590025	0.603198	0.615776	0.627746	0.639096	0.649816	0.659894	0.669321	0.678087	0.686184	0.693603	0.700338	0.706381	0.711727	0.71637	0.720305	0.723529	0.726039	0.727832	0.728905	0.729258	0.72889	0.727802	0.725994	0.723468	0.720226	0.716271	0.711607	0.706238	0.700168	0.693403	0.68595	0.677814	0.669004	0.659526	0.64939	0.638605	0.627179	0.615122	0.602446	0.58916	0.575276	0.560806	0.545761	0.530153	0.513995	0.4973	0.48008	0.462349	0.444121	0.425408	0.406225	0.386586	0.366506	0.345998	0.325079	0.303764	0.28207	0.260013	0.237612	0.214887	0.191858	0.168549	0.144985	0.121193	0.0972048	0.0730529	0.0487744	0.0244093	0	
0	0.0232091	0.0463952	0.0695355	0.0926071	0.115587	0.138453	0.161183	0.183753	0.206142	0.228327	0.250287	0.272	0.293444	0.314599	0.335443	0.355956	0.376118	0.395909	0.415308	0.434298	0.45286	0.470974	0.488623	0.50579	0.522458	0.538611	0.554232	0.569305	0.583817	0.597753	0.611098	0.623841	0.635968	0.647467	0.658327	0.668537	0.678087	0.686968	0.695171	0.702687	0.70951	0.715632	0.721048	0.725752	0.729739	0.733006	0.735548	0.737364	0.738451	0.738809	0.738437	0.737334	0.735503	0.732944	0.729659	0.725653	0.720927	0.715487	0.709338	0.702485	0.694934	0.686691	0.677766	0.668164	0.657895	0.646968	0.635393	0.623179	0.610336	0.596877	0.582811	0.568151	0.552909	0.537096	0.520727	0.503813	0.486368	0.468405	0.449937	0.43098	0.411545	0.391649	0.371306	0.35053	0.329337	0.307743	0.285764	0.263418	0.240724	0.217701	0.194371	0.170757	0.146884	0.122781	0.0984779	0.0740097	0.0494133	0.024729	0	
0	0.0234862	0.0469492	0.0703658	0.0937129	0.116967	0.140107	0.163107	0.185947	0.208603	0.231053	0.253276	0.275248	0.296948	0.318355	0.339449	0.360207	0.380609	0.400636	0.420267	0.439484	0.458267	0.476598	0.494458	0.51183	0.528697	0.545042	0.560849	0.576103	0.590788	0.60489	0.618395	0.63129	0.643561	0.655198	0.666187	0.676519	0.686184	0.695171	0.703471	0.711078	0.717982	0.724177	0.729658	0.734418	0.738453	0.741758	0.744331	0.746169	0.747269	0.747631	0.747254	0.746138	0.744285	0.741695	0.738372	0.734317	0.729535	0.724031	0.717808	0.710873	0.703231	0.694891	0.685859	0.676142	0.665751	0.654694	0.64298	0.63062	0.617624	0.604004	0.58977	0.574935	0.559511	0.54351	0.526945	0.509829	0.492175	0.473998	0.45531	0.436126	0.41646	0.396326	0.37574	0.354715	0.333269	0.311417	0.289176	0.266564	0.243598	0.220301	0.196692	0.172796	0.148638	0.124247	0.0996538	0.0748934	0.0500033	0.0250243	0	
0	0.0237401	0.0474568	0.0711266	0.0947261	0.118232	0.141621	0.164871	0.187958	0.210859	0.233552	0.256014	0.278224	0.300159	0.321798	0.343119	0.364101	0.384724	0.404968	0.424812	0.444236	0.463222	0.481751	0.499804	0.517364	0.534413	0.550935	0.566914	0.582332	0.597176	0.611431	0.625082	0.638116	0.65052	0.662282	0.673391	0.683834	0.693603	0.702687	0.711078	0.718766	0.725745	0.732008	0.737547	0.742359	0.746437	0.749778	0.752379	0.754236	0.755349	0.755715	0.755334	0.754206	0.752333	0.749715	0.746355	0.742257	0.737424	0.731859	0.725569	0.718559	0.710835	0.702404	0.693274	0.683453	0.67295	0.661773	0.649932	0.637438	0.624302	0.610534	0.596147	0.581151	0.56556	0.549386	0.532642	0.515341	0.497497	0.479123	0.460233	0.440841	0.420963	0.400611	0.379802	0.358551	0.336873	0.314785	0.292303	0.269446	0.246232	0.222683	0.198819	0.174664	0.150245	0.12559	0.100731	0.0757032	0.050544	0.0252949	0	
0	0.0239706	0.0479176	0.0718172	0.0956459	0.11938	0.142996	0.166472	0.189782	0.212906	0.235819	0.2585	0.280925	0.303073	0.324922	0.34645	0.367637	0.38846	0.4089	0.428936	0.448549	0.46772	0.486428	0.504657	0.522387	0.539602	0.556285	0.572418	0.587986	0.602974	0.617367	0.631151	0.644311	0.656836	0.668713	0.679929	0.690474	0.700338	0.70951	0.717982	0.725745	0.732792	0.739115	0.744709	0.749567	0.753685	0.757058	0.759684	0.76156	0.762683	0.763052	0.762668	0.761529	0.759637	0.756994	0.753602	0.749464	0.744584	0.738965	0.732614	0.725536	0.717737	0.709225	0.700006	0.690089	0.679484	0.668198	0.656243	0.643628	0.630364	0.616463	0.601935	0.586794	0.571052	0.554721	0.537814	0.520345	0.502327	0.483775	0.464702	0.445122	0.42505	0.404501	0.38349	0.362032	0.340144	0.317841	0.295141	0.272062	0.248623	0.224845	0.200749	0.17636	0.151704	0.12681	0.101709	0.0764383	0.0510347	0.0255405	0	
0	0.0241775	0.0483311	0.0724369	0.0964712	0.12041	0.14423	0.167908	0.19142	0.214743	0.237854	0.26073	0.283349	0.305688	0.327726	0.34944	0.370809	0.391812	0.412428	0.432638	0.45242	0.471756	0.490626	0.509012	0.526895	0.544259	0.561085	0.577357	0.59306	0.608177	0.622695	0.636597	0.649871	0.662504	0.674483	0.685796	0.696432	0.706381	0.715632	0.724177	0.732008	0.739115	0.745493	0.751135	0.756035	0.760188	0.763591	0.76624	0.768131	0.769264	0.769637	0.769249	0.7681	0.766192	0.763526	0.760105	0.755931	0.751009	0.745342	0.738936	0.731797	0.723931	0.715344	0.706046	0.696044	0.685347	0.673964	0.661905	0.649182	0.635803	0.621782	0.607129	0.591858	0.575979	0.559507	0.542455	0.524835	0.506662	0.487949	0.468712	0.448963	0.428718	0.407992	0.386799	0.365156	0.343079	0.320584	0.297688	0.27441	0.250769	0.226785	0.202481	0.177882	0.153013	0.127904	0.102587	0.0770979	0.0514751	0.0257609	0	
0	0.0243605	0.0486968	0.0729851	0.0972013	0.121321	0.145322	0.169179	0.192869	0.216368	0.239654	0.262704	0.285494	0.308002	0.330206	0.352084	0.373615	0.394777	0.415549	0.435912	0.455844	0.475326	0.494339	0.512864	0.530882	0.548377	0.565331	0.581727	0.597548	0.61278	0.627407	0.641415	0.654789	0.667518	0.679587	0.690986	0.701703	0.711727	0.721048	0.729658	0.737547	0.744709	0.751135	0.756819	0.761756	0.765941	0.76937	0.772038	0.773944	0.775086	0.775461	0.77507	0.773913	0.771991	0.769305	0.765857	0.761652	0.756692	0.750983	0.744528	0.737335	0.729409	0.720758	0.71139	0.701312	0.690534	0.679065	0.666915	0.654095	0.640615	0.626488	0.611724	0.596337	0.580338	0.563742	0.54656	0.528807	0.510496	0.491642	0.472259	0.452361	0.431962	0.411079	0.389726	0.36792	0.345675	0.32301	0.299941	0.276487	0.252666	0.228501	0.204014	0.179228	0.154171	0.128872	0.103363	0.0776813	0.0518647	0.0259558	0	
0	0.0245194	0.0490145	0.0734612	0.0978354	0.122113	0.14627	0.170282	0.194127	0.21778	0.241218	0.264417	0.287356	0.310011	0.33236	0.354381	0.376052	0.397352	0.41826	0.438755	0.458817	0.478426	0.497563	0.516209	0.534346	0.551955	0.569019	0.585522	0.601446	0.616777	0.6315	0.645599	0.659061	0.671872	0.684021	0.695494	0.70628	0.71637	0.725752	0.734418	0.742359	0.749567	0.756035	0.761756	0.766726	0.770938	0.774389	0.777075	0.778993	0.780142	0.78052	0.780127	0.778962	0.777027	0.774323	0.770854	0.766621	0.761629	0.755882	0.749385	0.742145	0.734167	0.72546	0.71603	0.705887	0.695038	0.683495	0.671265	0.658362	0.644794	0.630575	0.615715	0.600227	0.584124	0.567419	0.550126	0.532257	0.513827	0.49485	0.47534	0.455312	0.43478	0.413761	0.392269	0.37032	0.34793	0.325117	0.301898	0.27829	0.254315	0.229992	0.205345	0.180397	0.155177	0.129713	0.104038	0.0781881	0.052203	0.0261252	0	
