0	0	0	0	0	0	0	0	0	0	0	0	0	0	0	0	0	0	0	0	0	0	0	0	0	0	0	0	0	0	0	0	0	0	0	0	0	0	0	0	0	0	0	0	0	0	0	0	0	0	0	0	0	0	0	0	0	0	0	0	0	0	0	0	0	0	0	0	0	0	0	0	0	0	0	0	0	0	0	0	0	0	0	0	0	0	0	0	0	0	0	0	0	0	0	0	0	0	0	0	
0	9.26941e-05	0.000185293	0.000277705	0.000369835	0.000461592	0.000552883	0.000643616	0.000733701	0.000823046	0.000911562	0.000999159	0.00108575	0.00117125	0.00125557	0.00133863	0.00142034	0.00150062	0.00157939	0.00165657	0.00173208	0.00180586	0.00187781	0.00194788	0.00201599	0.00208207	0.00214606	0.00220789	0.00226749	0.00232482	0.00237981	0.00243241	0.00248256	0.00253021	0.00257531	0.00261783	0.00265771	0.00269492	0.00272942	0.00276117	0.00279014	0.00281631	0.00283964	0.00286011	0.00287771	0.0028924	0.00290419	0.00291305	0.00291898	0.00292198	0.00292203	0.00291913	0.0029133	0.00290454	0.00289284	0.00287824	0.00286073	0.00284035	0.0028171	0.00279102	0.00276212	0.00273044	0.00269601	0.00265886	0.00261903	0.00257656	0.0025315	0.00248388	0.00243376	0.00238119	0.00232622	0.0022689	0.00220929	0.00214746	0.00208347	0.00201737	0.00194924	0.00187914	0.00180715	0.00173334	0.00165778	0.00158055	0.00150173	0.00142139	0.00133962	0.0012565	0.00117212	0.00108655	0.000999891	0.000912223	0.000823637	0.000734222	0.000644067	0.000553265	0.000461905	0.000370082	0.000277887	0.000185412	9.27524e-05	0	
0	0.000185293	0.000370397	0.000555126	0.000739292	0.000922712	0.0011052	0.00128657	0.00146665	0.00164525	0.00182219	0.0019973	0.00217039	0.0023413	0.00250986	0.00267589	0.00283922	0.0029997	0.00315716	0.00331145	0.0034624	0.00360987	0.00375371	0.00389377	0.00402992	0.00416202	0.00428993	0.00441352	0.00453268	0.00464727	0.0047572	0.00486233	0.00496258	0.00505783	0.005148	0.00523299	0.00531271	0.00538709	0.00545605	0.00551952	0.00557744	0.00562974	0.00567638	0.00571731	0.00575248	0.00578186	0.00580542	0.00582314	0.00583499	0.00584097	0.00584107	0.00583529	0.00582363	0.00580611	0.00578274	0.00575354	0.00571855	0.0056778	0.00563133	0.00557919	0.00552142	0.00545809	0.00538926	0.00531501	0.00523539	0.0051505	0.00506042	0.00496523	0.00486504	0.00475995	0.00465006	0.00453549	0.00441634	0.00429274	0.00416481	0.00403268	0.00389649	0.00375637	0.00361246	0.00346491	0.00331387	0.00315949	0.00300192	0.00284133	0.00267788	0.00251172	0.00234304	0.002172	0.00199876	0.00182352	0.00164644	0.0014677	0.00128748	0.00110597	0.000923341	0.000739787	0.000555491	0.000370636	0.00018541	0	
0	0.000277705	0.000555126	0.000831983	0.001108	0.0013829	0.0016564	0.00192823	0.00219812	0.00246579	0.00273097	0.00299341	0.00325284	0.00350898	0.0037616	0.00401043	0.00425523	0.00449574	0.00473173	0.00496297	0.0051892	0.00541022	0.0056258	0.00583572	0.00603977	0.00623775	0.00642945	0.00661468	0.00679326	0.00696501	0.00712976	0.00728733	0.00743757	0.00758034	0.00771547	0.00784285	0.00796233	0.00807381	0.00817716	0.00827228	0.00835908	0.00843747	0.00850737	0.00856871	0.00862142	0.00866546	0.00870077	0.00872732	0.00874509	0.00875405	0.0087542	0.00874554	0.00872806	0.0087018	0.00866677	0.00862302	0.00857058	0.0085095	0.00843986	0.00836171	0.00827513	0.00818022	0.00807706	0.00796577	0.00784645	0.00771922	0.00758421	0.00744155	0.0072914	0.0071339	0.0069692	0.00679748	0.00661891	0.00643366	0.00624193	0.00604391	0.00583979	0.00562979	0.00541411	0.00519298	0.00496661	0.00473523	0.00449908	0.0042584	0.00401342	0.0037644	0.00351159	0.00325524	0.00299561	0.00273297	0.00246757	0.00219968	0.00192959	0.00165755	0.00138384	0.00110874	0.000832532	0.000555485	0.000277881	0	
0	0.000369835	0.000739292	0.001108	0.00147559	0.00184168	0.00220592	0.00256793	0.00292736	0.00328383	0.003637	0.0039865	0.00433199	0.00467312	0.00500954	0.00534092	0.00566693	0.00598724	0.00630152	0.00660947	0.00691076	0.00720511	0.00749221	0.00777177	0.00804351	0.00830717	0.00856247	0.00880916	0.00904698	0.00927571	0.00949511	0.00970496	0.00990505	0.0100952	0.0102751	0.0104448	0.0106039	0.0107524	0.01089	0.0110167	0.0111323	0.0112367	0.0113298	0.0114114	0.0114816	0.0115403	0.0115873	0.0116227	0.0116463	0.0116583	0.0116585	0.0116469	0.0116237	0.0115887	0.0115421	0.0114838	0.0114139	0.0113326	0.0112399	0.0111358	0.0110205	0.0108941	0.0107567	0.0106085	0.0104496	0.0102801	0.0101003	0.00991036	0.00971039	0.00950063	0.0092813	0.00905261	0.00881479	0.00856809	0.00831275	0.00804903	0.0077772	0.00749753	0.0072103	0.0069158	0.00661433	0.00630619	0.0059917	0.00567116	0.00534492	0.00501328	0.0046766	0.0043352	0.00398944	0.00363965	0.00328621	0.00292945	0.00256975	0.00220746	0.00184295	0.00147658	0.00110873	0.000739773	0.000370071	0	
0	0.000461592	0.000922712	0.0013829	0.00184168	0.00229861	0.00275321	0.00320504	0.00365364	0.00409856	0.00453934	0.00497556	0.00540677	0.00583253	0.00625242	0.00666602	0.00707291	0.00747269	0.00786495	0.0082493	0.00862534	0.00899272	0.00935104	0.00969997	0.0100391	0.0103682	0.0106868	0.0109947	0.0112916	0.011577	0.0118509	0.0121128	0.0123625	0.0125998	0.0128244	0.0130362	0.0132348	0.0134201	0.0135918	0.01375	0.0138942	0.0140245	0.0141407	0.0142427	0.0143303	0.0144035	0.0144622	0.0145063	0.0145358	0.0145507	0.014551	0.0145366	0.0145075	0.0144639	0.0144057	0.0143329	0.0142458	0.0141443	0.0140285	0.0138986	0.0137547	0.0135969	0.0134255	0.0132405	0.0130422	0.0128307	0.0126063	0.0123692	0.0121196	0.0118578	0.011584	0.0112986	0.0110018	0.0106939	0.0103752	0.010046	0.00970676	0.00935769	0.0089992	0.00863164	0.00825537	0.00787078	0.00747826	0.0070782	0.00667101	0.0062571	0.00583688	0.00541078	0.00497923	0.00454267	0.00410153	0.00365626	0.00320731	0.00275514	0.00230019	0.00184293	0.00138382	0.000923314	0.000461887	0	
0	0.000552883	0.0011052	0.0016564	0.00220592	0.00275321	0.00329773	0.00383892	0.00437624	0.00490915	0.00543711	0.0059596	0.00647609	0.00698606	0.00748899	0.00798439	0.00847176	0.0089506	0.00942044	0.0098808	0.0103312	0.0107713	0.0112004	0.0116184	0.0120246	0.0124188	0.0128004	0.0131692	0.0135248	0.0138667	0.0141947	0.0145084	0.0148075	0.0150918	0.0153608	0.0156144	0.0158523	0.0160742	0.01628	0.0164694	0.0166422	0.0167982	0.0169374	0.0170595	0.0171645	0.0172521	0.0173224	0.0173753	0.0174107	0.0174285	0.0174288	0.0174116	0.0173768	0.0173245	0.0172548	0.0171677	0.0170633	0.0169417	0.016803	0.0166474	0.0164751	0.0162861	0.0160807	0.0158591	0.0156216	0.0153683	0.0150995	0.0148155	0.0145165	0.014203	0.0138751	0.0135332	0.0131777	0.0128089	0.0124271	0.0120329	0.0116265	0.0112084	0.010779	0.0103388	0.00988809	0.00942744	0.00895729	0.00847811	0.00799038	0.00749461	0.00699128	0.00648091	0.00596401	0.00544111	0.00491272	0.00437939	0.00384165	0.00330004	0.00275511	0.00220742	0.0016575	0.00110592	0.000553238	0	
0	0.000643616	0.00128657	0.00192823	0.00256793	0.00320504	0.00383892	0.00446892	0.00509442	0.00571478	0.00632939	0.00693763	0.00753888	0.00813254	0.00871801	0.00929471	0.00986206	0.0104195	0.0109664	0.0115023	0.0120267	0.0125389	0.0130386	0.0135251	0.013998	0.0144568	0.0149011	0.0153304	0.0157443	0.0161424	0.0165242	0.0168894	0.0172376	0.0175685	0.0178817	0.0181769	0.0184538	0.0187122	0.0189517	0.0191722	0.0193733	0.019555	0.019717	0.0198592	0.0199813	0.0200834	0.0201652	0.0202268	0.020268	0.0202887	0.0202891	0.020269	0.0202285	0.0201677	0.0200865	0.0199851	0.0198635	0.019722	0.0195606	0.0193794	0.0191788	0.0189588	0.0187197	0.0184618	0.0181853	0.0178904	0.0175775	0.0172469	0.0168989	0.0165338	0.0161521	0.0157541	0.0153403	0.0149109	0.0144666	0.0140076	0.0135346	0.0130479	0.012548	0.0120355	0.0115108	0.0109746	0.0104273	0.00986947	0.0093017	0.00872456	0.00813864	0.00754451	0.00694278	0.00633406	0.00571896	0.0050981	0.00447211	0.00384162	0.00320726	0.00256968	0.00192952	0.00128742	0.000644031	0	
0	0.000733701	0.00146665	0.00219812	0.00292736	0.00365364	0.00437624	0.00509442	0.00580747	0.00651466	0.0072153	0.00790866	0.00859407	0.00927082	0.00993824	0.0105957	0.0112424	0.0118779	0.0125014	0.0131123	0.01371	0.014294	0.0148635	0.0154181	0.0159572	0.0164803	0.0169868	0.0174762	0.017948	0.0184018	0.018837	0.0192534	0.0196503	0.0200275	0.0203845	0.0207211	0.0210367	0.0213313	0.0216043	0.0218556	0.022085	0.0222921	0.0224768	0.0226388	0.0227781	0.0228944	0.0229877	0.0230579	0.0231048	0.0231285	0.0231289	0.023106	0.0230599	0.0229905	0.0228979	0.0227823	0.0226438	0.0224824	0.0222984	0.0220919	0.0218632	0.0216124	0.0213399	0.0210459	0.0207306	0.0203945	0.0200378	0.0196609	0.0192642	0.018848	0.0184129	0.0179592	0.0174874	0.016998	0.0164914	0.0159683	0.015429	0.0148741	0.0143043	0.0137201	0.013122	0.0125107	0.0118868	0.0112509	0.0106036	0.00994573	0.00927779	0.0086005	0.00791455	0.00722063	0.00651943	0.00581167	0.00509807	0.00437933	0.00365618	0.00292936	0.00219959	0.00146762	0.000734176	0	
0	0.000823046	0.00164525	0.00246579	0.00328383	0.00409856	0.00490915	0.00571478	0.00651466	0.00730798	0.00809393	0.00887173	0.0096406	0.0103998	0.0111485	0.0118859	0.0126115	0.0133243	0.0140237	0.014709	0.0153795	0.0160346	0.0166735	0.0172957	0.0179004	0.0184872	0.0190553	0.0196043	0.0201336	0.0206426	0.0211309	0.0215979	0.0220432	0.0224663	0.0228668	0.0232444	0.0235985	0.0239289	0.0242352	0.0245171	0.0247744	0.0250067	0.0252139	0.0253957	0.0255519	0.0256824	0.0257871	0.0258658	0.0259184	0.025945	0.0259454	0.0259197	0.025868	0.0257901	0.0256863	0.0255566	0.0254012	0.0252202	0.0250138	0.0247822	0.0245256	0.0242443	0.0239386	0.0236087	0.0232551	0.022878	0.0224779	0.0220551	0.0216101	0.0211433	0.0206551	0.0201462	0.019617	0.0190679	0.0184997	0.0179128	0.0173079	0.0166855	0.0160462	0.0153908	0.0147199	0.0140342	0.0133343	0.012621	0.0118949	0.0111569	0.0104076	0.00964784	0.00887835	0.00809993	0.00731334	0.0065194	0.00571889	0.00491262	0.00410142	0.00328608	0.00246745	0.00164634	0.000823581	0	
0	0.000911562	0.00182219	0.00273097	0.003637	0.00453934	0.00543711	0.00632939	0.0072153	0.00809393	0.00896441	0.00982586	0.0106774	0.0115182	0.0123474	0.0131642	0.0139678	0.0147573	0.0155319	0.0162909	0.0170336	0.0177591	0.0184667	0.0191558	0.0198256	0.0204754	0.0211047	0.0217127	0.0222989	0.0228627	0.0234035	0.0239207	0.0244139	0.0248825	0.0253261	0.0257442	0.0261365	0.0265024	0.0268416	0.0271539	0.0274388	0.0276961	0.0279256	0.0281269	0.0282999	0.0284445	0.0285604	0.0286476	0.0287059	0.0287353	0.0287358	0.0287074	0.02865	0.0285638	0.0284489	0.0283052	0.0281331	0.0279326	0.027704	0.0274475	0.0271633	0.0268517	0.0265131	0.0261478	0.0257561	0.0253385	0.0248953	0.0244271	0.0239342	0.0234172	0.0228766	0.0223129	0.0217267	0.0211187	0.0204893	0.0198393	0.0191693	0.01848	0.017772	0.0170461	0.016303	0.0155436	0.0147684	0.0139783	0.0131742	0.0123568	0.0115269	0.0106855	0.00983322	0.00897107	0.00809989	0.00722056	0.00633395	0.00544097	0.00454252	0.0036395	0.00273283	0.00182341	0.000912157	0	
0	0.000999159	0.0019973	0.00299341	0.0039865	0.00497556	0.0059596	0.00693763	0.00790866	0.00887173	0.00982586	0.0107701	0.0117035	0.0126251	0.013534	0.0144293	0.0153101	0.0161754	0.0170245	0.0178565	0.0186705	0.0194657	0.0202413	0.0209966	0.0217308	0.0224431	0.0231328	0.0237993	0.0244418	0.0250598	0.0256525	0.0262195	0.02676	0.0272737	0.0277599	0.0282182	0.0286481	0.0290492	0.0294211	0.0297633	0.0300756	0.0303577	0.0306092	0.0308298	0.0310195	0.0311779	0.031305	0.0314005	0.0314645	0.0314967	0.0314973	0.0314661	0.0314032	0.0313088	0.0311827	0.0310253	0.0308366	0.0306169	0.0303663	0.0300851	0.0297736	0.0294322	0.029061	0.0286606	0.0282313	0.0277735	0.0272877	0.0267745	0.0262342	0.0256675	0.025075	0.0244571	0.0238147	0.0231482	0.0224583	0.0217458	0.0210114	0.0202559	0.0194799	0.0186842	0.0178698	0.0170373	0.0161876	0.0153216	0.0144402	0.0135443	0.0126347	0.0117123	0.0107782	0.00983318	0.00887828	0.00791445	0.00694264	0.00596385	0.00497906	0.00398926	0.00299545	0.00199863	0.000999815	0	
0	0.00108575	0.00217039	0.00325284	0.00433199	0.00540677	0.00647609	0.00753888	0.00859407	0.0096406	0.0106774	0.0117035	0.0127178	0.0137193	0.0147069	0.0156798	0.0166369	0.0175773	0.0184999	0.019404	0.0202885	0.0211527	0.0219955	0.0228163	0.0236141	0.0243881	0.0251376	0.0258619	0.0265601	0.0272316	0.0278757	0.0284918	0.0290792	0.0296374	0.0301657	0.0306638	0.0311309	0.0315668	0.0319709	0.0323428	0.0326822	0.0329886	0.0332619	0.0335017	0.0337078	0.03388	0.0340181	0.0341219	0.0341914	0.0342264	0.034227	0.0341931	0.0341248	0.0340222	0.0338852	0.0337142	0.0335091	0.0332703	0.032998	0.0326925	0.032354	0.0319829	0.0315796	0.0311445	0.030678	0.0301805	0.0296527	0.0290949	0.0285079	0.0278921	0.0272482	0.0265768	0.0258786	0.0251543	0.0244047	0.0236305	0.0228324	0.0220114	0.0211681	0.0203035	0.0194185	0.0185138	0.0175905	0.0166495	0.0156917	0.0147181	0.0137297	0.0127274	0.0117123	0.0106854	0.00964774	0.00860037	0.00754434	0.00648072	0.00541058	0.004335	0.00325506	0.00217185	0.00108647	0	
0	0.00117125	0.0023413	0.00350898	0.00467312	0.00583253	0.00698606	0.00813254	0.00927082	0.0103998	0.0115182	0.0126251	0.0137193	0.0147996	0.0158651	0.0169145	0.017947	0.0189614	0.0199567	0.020932	0.0218862	0.0228184	0.0237276	0.024613	0.0254736	0.0263086	0.0271171	0.0278984	0.0286516	0.029376	0.0300708	0.0307354	0.0313691	0.0319712	0.0325412	0.0330784	0.0335824	0.0340526	0.0344885	0.0348897	0.0352558	0.0355864	0.0358812	0.0361399	0.0363623	0.036548	0.0366969	0.0368089	0.0368839	0.0369217	0.0369223	0.0368858	0.0368121	0.0367013	0.0365536	0.0363691	0.0361479	0.0358903	0.0355966	0.035267	0.0349018	0.0345015	0.0340665	0.0335971	0.0330938	0.0325572	0.0319878	0.0313861	0.0307528	0.0300885	0.0293939	0.0286696	0.0279165	0.0271352	0.0263265	0.0254913	0.0246305	0.0237447	0.0228351	0.0219024	0.0209476	0.0199718	0.0189758	0.0179607	0.0169274	0.0158771	0.0148109	0.0137297	0.0126346	0.0115269	0.0104075	0.00927764	0.00813845	0.00699107	0.00583666	0.00467637	0.00351139	0.00234288	0.00117203	0	
0	0.00125557	0.00250986	0.0037616	0.00500954	0.00625242	0.00748899	0.00871801	0.00993824	0.0111485	0.0123474	0.013534	0.0147069	0.0158651	0.0170072	0.0181323	0.019239	0.0203265	0.0213935	0.0224389	0.0234618	0.0244611	0.0254358	0.0263849	0.0273075	0.0282026	0.0290694	0.0299069	0.0307143	0.0314909	0.0322357	0.0329482	0.0336275	0.0342729	0.0348839	0.0354598	0.0360001	0.0365041	0.0369714	0.0374015	0.0377939	0.0381484	0.0384644	0.0387417	0.0389801	0.0391792	0.0393388	0.0394589	0.0395393	0.0395798	0.0395805	0.0395413	0.0394623	0.0393436	0.0391852	0.0389874	0.0387503	0.0384742	0.0381593	0.0378059	0.0374145	0.0369854	0.036519	0.0360158	0.0354763	0.0349011	0.0342907	0.0336457	0.0329668	0.0322547	0.0315101	0.0307337	0.0299263	0.0290887	0.0282219	0.0273265	0.0264037	0.0254542	0.0244791	0.0234792	0.0224557	0.0214096	0.0203419	0.0192537	0.0181461	0.0170202	0.0158772	0.0147181	0.0135442	0.0123567	0.0111568	0.00994557	0.00872437	0.00749438	0.00625686	0.00501304	0.00376419	0.00251156	0.0012564	0	
0	0.00133863	0.00267589	0.00401043	0.00534092	0.00666602	0.00798439	0.00929471	0.0105957	0.0118859	0.0131642	0.0144293	0.0156798	0.0169145	0.0181323	0.0193317	0.0205117	0.0216711	0.0228087	0.0239233	0.0250139	0.0260793	0.0271184	0.0281303	0.0291139	0.0300683	0.0309923	0.0318853	0.0327461	0.033574	0.0343682	0.0351277	0.035852	0.0365401	0.0371916	0.0378056	0.0383815	0.0389189	0.0394171	0.0398757	0.0402941	0.0406719	0.0410089	0.0413046	0.0415587	0.0417709	0.0419412	0.0420692	0.0421548	0.0421981	0.0421988	0.042157	0.0420728	0.0419462	0.0417774	0.0415665	0.0413137	0.0410193	0.0406836	0.0403069	0.0398896	0.0394321	0.0389348	0.0383983	0.0378232	0.0372099	0.0365591	0.0358714	0.0351476	0.0343884	0.0335945	0.0327668	0.031906	0.031013	0.0300888	0.0291343	0.0281503	0.0271381	0.0260984	0.0250324	0.0239412	0.0228259	0.0216876	0.0205274	0.0193465	0.0181461	0.0169275	0.0156918	0.0144402	0.0131742	0.0118948	0.0106035	0.00930151	0.00799016	0.00667077	0.00534467	0.0040132	0.0026777	0.00133952	0	
0	0.00142034	0.00283922	0.00425523	0.00566693	0.00707291	0.00847176	0.00986206	0.0112424	0.0126115	0.0139678	0.0153101	0.0166369	0.017947	0.019239	0.0205117	0.0217638	0.0229939	0.0242009	0.0253836	0.0265407	0.0276712	0.0287738	0.0298474	0.0308911	0.0319037	0.0328841	0.0338316	0.0347449	0.0356234	0.036466	0.0372719	0.0380404	0.0387706	0.0394618	0.0401132	0.0407244	0.0412945	0.0418232	0.0423097	0.0427537	0.0431546	0.0435121	0.0438258	0.0440955	0.0443207	0.0445013	0.0446371	0.044728	0.0447739	0.0447746	0.0447303	0.044641	0.0445067	0.0443275	0.0441037	0.0438355	0.0435232	0.043167	0.0427673	0.0423245	0.041839	0.0413114	0.0407422	0.0401319	0.0394812	0.0387907	0.0380611	0.0372931	0.0364875	0.0356452	0.0347669	0.0338536	0.0329061	0.0319255	0.0309127	0.0298687	0.0287946	0.0276915	0.0265605	0.0254027	0.0242193	0.0230114	0.0217804	0.0205275	0.0192538	0.0179608	0.0166496	0.0153217	0.0139783	0.0126209	0.0112508	0.0098693	0.0084779	0.00707797	0.00567092	0.00425818	0.00284116	0.00142129	0	
0	0.00150062	0.0029997	0.00449574	0.00598724	0.00747269	0.0089506	0.0104195	0.0118779	0.0133243	0.0147573	0.0161754	0.0175773	0.0189614	0.0203265	0.0216711	0.0229939	0.0242936	0.0255688	0.0268183	0.0280409	0.0292352	0.0304001	0.0315345	0.0326371	0.0337069	0.0347428	0.0357438	0.0367088	0.0376369	0.0385272	0.0393787	0.0401906	0.040962	0.0416923	0.0423806	0.0430262	0.0436286	0.0441871	0.0447012	0.0451702	0.0455938	0.0459716	0.046303	0.0465879	0.0468258	0.0470167	0.0471602	0.0472562	0.0473046	0.0473055	0.0472586	0.0471642	0.0470223	0.0468331	0.0465966	0.0463133	0.0459833	0.0456069	0.0451846	0.0447168	0.0442039	0.0436465	0.0430451	0.0424003	0.0417128	0.0409833	0.0402124	0.039401	0.0385499	0.03766	0.0367321	0.0357671	0.0347661	0.03373	0.03266	0.031557	0.0304222	0.0292567	0.0280618	0.0268385	0.0255882	0.0243121	0.0230115	0.0216878	0.0203421	0.018976	0.0175907	0.0161877	0.0147685	0.0133343	0.0118867	0.0104272	0.00895711	0.00747805	0.00599147	0.00449887	0.00300175	0.00150162	0	
0	0.00157939	0.00315716	0.00473173	0.00630152	0.00786495	0.00942044	0.0109664	0.0125014	0.0140237	0.0155319	0.0170245	0.0184999	0.0199567	0.0213935	0.0228087	0.0242009	0.0255688	0.026911	0.0282261	0.0295128	0.0307698	0.0319959	0.0331898	0.0343503	0.0354763	0.0365666	0.0376201	0.0386358	0.0396126	0.0405496	0.0414458	0.0423003	0.0431122	0.0438808	0.0446053	0.0452848	0.0459188	0.0465067	0.0470477	0.0475414	0.0479872	0.0483848	0.0487336	0.0490334	0.0492839	0.0494847	0.0496358	0.0497368	0.0497878	0.0497887	0.0497394	0.0496401	0.0494907	0.0492915	0.0490427	0.0487444	0.0483971	0.048001	0.0475565	0.0470642	0.0465244	0.0459377	0.0453047	0.0446261	0.0439025	0.0431347	0.0423233	0.0414694	0.0405736	0.0396369	0.0386603	0.0376447	0.0365911	0.0355007	0.0343744	0.0332135	0.0320192	0.0307925	0.0295348	0.0282474	0.0269315	0.0255884	0.0242195	0.0228262	0.02141	0.0199721	0.0185141	0.0170375	0.0155437	0.0140343	0.0125107	0.0109745	0.00942731	0.00787061	0.00630599	0.00473504	0.00315933	0.00158045	0	
0	0.00165657	0.00331145	0.00496297	0.00660947	0.0082493	0.0098808	0.0115023	0.0131123	0.014709	0.0162909	0.0178565	0.019404	0.020932	0.0224389	0.0239233	0.0253836	0.0268183	0.0282261	0.0296055	0.0309551	0.0322735	0.0335595	0.0348118	0.036029	0.03721	0.0383536	0.0394586	0.0405239	0.0415484	0.0425312	0.0434712	0.0443675	0.0452191	0.0460252	0.0467851	0.0474979	0.0481629	0.0487794	0.0493469	0.0498647	0.0503323	0.0507493	0.0511152	0.0514297	0.0516924	0.051903	0.0520614	0.0521674	0.0522209	0.0522218	0.0521702	0.0520659	0.0519093	0.0517004	0.0514394	0.0511265	0.0507622	0.0503468	0.0498806	0.0493642	0.048798	0.0481826	0.0475187	0.046807	0.046048	0.0452426	0.0443917	0.043496	0.0425564	0.0415739	0.0405496	0.0394843	0.0383793	0.0372356	0.0360543	0.0348367	0.033584	0.0322974	0.0309782	0.0296278	0.0282476	0.0268389	0.0254031	0.0239418	0.0224563	0.0209482	0.0194189	0.0178701	0.0163033	0.0147201	0.0131221	0.0115109	0.00988802	0.00825525	0.00661417	0.00496644	0.00331373	0.00165769	0	
0	0.00173208	0.0034624	0.0051892	0.00691076	0.00862534	0.0103312	0.0120267	0.01371	0.0153795	0.0170336	0.0186705	0.0202885	0.0218862	0.0234618	0.0250139	0.0265407	0.0280409	0.0295128	0.0309551	0.0323662	0.0337448	0.0350894	0.0363987	0.0376714	0.0389063	0.040102	0.0412573	0.0423712	0.0434425	0.04447	0.0454529	0.04639	0.0472805	0.0481234	0.0489178	0.0496631	0.0503584	0.0510031	0.0515964	0.0521378	0.0526268	0.0530628	0.0534454	0.0537742	0.0540488	0.0542691	0.0544347	0.0545456	0.0546015	0.0546025	0.0545484	0.0544395	0.0542757	0.0540572	0.0537843	0.0534572	0.0530763	0.0526419	0.0521545	0.0516145	0.0510225	0.0503791	0.049685	0.0489408	0.0481472	0.0473051	0.0464154	0.0454788	0.0444964	0.0434692	0.0423981	0.0412843	0.0401289	0.038933	0.0376979	0.0364248	0.035115	0.0337697	0.0323904	0.0309785	0.0295353	0.0280624	0.0265612	0.0250332	0.02348	0.0219031	0.0203042	0.0186848	0.0170466	0.0153912	0.0137203	0.0120356	0.0103388	0.00863159	0.00691569	0.00519285	0.00346479	0.00173326	0	
0	0.00180586	0.00360987	0.00541022	0.00720511	0.00899272	0.0107713	0.0125389	0.014294	0.0160346	0.0177591	0.0194657	0.0211527	0.0228184	0.0244611	0.0260793	0.0276712	0.0292352	0.0307698	0.0322735	0.0337448	0.035182	0.0365839	0.037949	0.039276	0.0405634	0.04181	0.0430146	0.0441759	0.0452928	0.0463641	0.0473889	0.0483659	0.0492943	0.0501731	0.0510014	0.0517784	0.0525034	0.0531755	0.0537941	0.0543585	0.0548683	0.0553229	0.0557218	0.0560646	0.056351	0.0565806	0.0567533	0.0568689	0.0569272	0.0569282	0.0568718	0.0567582	0.0565875	0.0563597	0.0560752	0.0557342	0.055337	0.0548841	0.0543759	0.053813	0.0531958	0.052525	0.0518012	0.0510253	0.050198	0.04932	0.0483924	0.0474159	0.0463917	0.0453207	0.044204	0.0430428	0.0418382	0.0405914	0.0393036	0.0379763	0.0366106	0.0352081	0.0337701	0.032298	0.0307934	0.0292577	0.0276925	0.0260995	0.0244801	0.0228361	0.021169	0.0194807	0.0177727	0.0160468	0.0143047	0.0125483	0.0107792	0.00899924	0.00721026	0.00541404	0.00361237	0.00180709	0	
0	0.00187781	0.00375371	0.0056258	0.00749221	0.00935104	0.0112004	0.0130386	0.0148635	0.0166735	0.0184667	0.0202413	0.0219955	0.0237276	0.0254358	0.0271184	0.0287738	0.0304001	0.0319959	0.0335595	0.0350894	0.0365839	0.0380417	0.0394612	0.040841	0.0421797	0.043476	0.0447286	0.0459362	0.0470976	0.0482116	0.0492772	0.0502931	0.0512585	0.0521723	0.0530337	0.0538417	0.0545955	0.0552944	0.0559376	0.0565246	0.0570547	0.0575274	0.0579421	0.0582986	0.0585964	0.0588352	0.0590148	0.0591349	0.0591956	0.0591966	0.059138	0.0590199	0.0588423	0.0586055	0.0583096	0.057955	0.0575421	0.0570711	0.0565427	0.0559573	0.0553155	0.054618	0.0538654	0.0530586	0.0521982	0.0512853	0.0503207	0.0493053	0.0482403	0.0471266	0.0459655	0.044758	0.0435053	0.0422088	0.0408698	0.0394896	0.0380695	0.0366111	0.0351157	0.033585	0.0320204	0.0304236	0.028796	0.0271395	0.0254556	0.0237461	0.0220126	0.0202569	0.0184809	0.0166862	0.0148747	0.0130483	0.0112087	0.00935785	0.00749758	0.00562978	0.00375632	0.0018791	0	
0	0.00194788	0.00389377	0.00583572	0.00777177	0.00969997	0.0116184	0.0135251	0.0154181	0.0172957	0.0191558	0.0209966	0.0228163	0.024613	0.0263849	0.0281303	0.0298474	0.0315345	0.0331898	0.0348118	0.0363987	0.037949	0.0394612	0.0409336	0.0423649	0.0437536	0.0450983	0.0463976	0.0476503	0.048855	0.0500106	0.0511159	0.0521698	0.0531712	0.0541191	0.0550126	0.0558507	0.0566327	0.0573576	0.0580249	0.0586338	0.0591837	0.059674	0.0601042	0.060474	0.0607829	0.0610306	0.0612169	0.0613415	0.0614044	0.0614055	0.0613447	0.0612222	0.061038	0.0607923	0.0604855	0.0601176	0.0596893	0.0592007	0.0586526	0.0580453	0.0573796	0.056656	0.0558754	0.0550384	0.054146	0.053199	0.0521984	0.0511452	0.0500404	0.0488852	0.0476807	0.0464281	0.0451287	0.0437839	0.0423949	0.0409631	0.0394901	0.0379772	0.0364261	0.0348383	0.0332153	0.0315588	0.0298706	0.0281522	0.0264055	0.0246322	0.022834	0.0210128	0.0191705	0.0173089	0.0154298	0.0135352	0.011627	0.00970705	0.00777736	0.00583986	0.00389649	0.00194922	0	
0	0.00201599	0.00402992	0.00603977	0.00804351	0.0100391	0.0120246	0.013998	0.0159572	0.0179004	0.0198256	0.0217308	0.0236141	0.0254736	0.0273075	0.0291139	0.0308911	0.0326371	0.0343503	0.036029	0.0376714	0.039276	0.040841	0.0423649	0.0438463	0.0452835	0.0466752	0.04802	0.0493164	0.0505633	0.0517593	0.0529032	0.053994	0.0550304	0.0560115	0.0569362	0.0578036	0.0586129	0.0593632	0.0600538	0.060684	0.0612531	0.0617606	0.0622059	0.0625886	0.0629083	0.0631647	0.0633574	0.0634865	0.0635516	0.0635527	0.0634898	0.063363	0.0631723	0.0629181	0.0626004	0.0622198	0.0617764	0.0612708	0.0607035	0.060075	0.059386	0.0586371	0.0578292	0.056963	0.0560393	0.0550592	0.0540236	0.0529336	0.0517902	0.0505946	0.0493479	0.0480516	0.0467068	0.0453149	0.0438773	0.0423955	0.040871	0.0393052	0.0376998	0.0360565	0.0343767	0.0326624	0.0309151	0.0291366	0.0273288	0.0254935	0.0236324	0.0217476	0.0198408	0.0179141	0.0159693	0.0140085	0.0120335	0.0100465	0.00804932	0.00604407	0.00403274	0.00201738	0	
0	0.00208207	0.00416202	0.00623775	0.00830717	0.0103682	0.0124188	0.0144568	0.0164803	0.0184872	0.0204754	0.0224431	0.0243881	0.0263086	0.0282026	0.0300683	0.0319037	0.0337069	0.0354763	0.03721	0.0389063	0.0405634	0.0421797	0.0437536	0.0452835	0.0467679	0.0482052	0.049594	0.050933	0.0522207	0.0534559	0.0546374	0.0557639	0.0568343	0.0578475	0.0588025	0.0596984	0.0605342	0.0613091	0.0620224	0.0626732	0.063261	0.063785	0.064245	0.0646402	0.0649704	0.0652352	0.0654343	0.0655675	0.0656348	0.0656359	0.0655709	0.06544	0.0652431	0.0649805	0.0646525	0.0642593	0.0638014	0.0632793	0.0626933	0.0620443	0.0613327	0.0605593	0.0597248	0.0588302	0.0578763	0.0568641	0.0557945	0.0546687	0.0534879	0.052253	0.0509656	0.0496267	0.0482378	0.0468003	0.0453156	0.0437852	0.0422107	0.0405936	0.0389356	0.0372384	0.0355036	0.0337331	0.0319285	0.0300917	0.0282247	0.0263292	0.0244071	0.0224605	0.0204912	0.0185013	0.0164928	0.0144677	0.012428	0.0103758	0.00831318	0.00624219	0.00416494	0.00208351	0	
0	0.00214606	0.00428993	0.00642945	0.00856247	0.0106868	0.0128004	0.0149011	0.0169868	0.0190553	0.0211047	0.0231328	0.0251376	0.0271171	0.0290694	0.0309923	0.0328841	0.0347428	0.0365666	0.0383536	0.040102	0.04181	0.043476	0.0450983	0.0466752	0.0482052	0.0496867	0.0511182	0.0524983	0.0538256	0.0550988	0.0563166	0.0574777	0.058581	0.0596253	0.0606097	0.0615331	0.0623946	0.0631934	0.0639285	0.0645994	0.0652052	0.0657454	0.0662194	0.0666268	0.0669671	0.0672401	0.0674453	0.0675826	0.0676519	0.0676531	0.0675862	0.0674512	0.0672483	0.0669776	0.0666395	0.0662342	0.0657623	0.0652241	0.0646201	0.0639511	0.0632176	0.0624205	0.0615604	0.0606383	0.0596551	0.0586117	0.0575093	0.0563489	0.0551317	0.053859	0.0525319	0.0511519	0.0497204	0.0482387	0.0467083	0.0451309	0.043508	0.0418413	0.0401323	0.0383829	0.0365948	0.0347698	0.0329098	0.0310166	0.0290921	0.0271384	0.0251573	0.0231508	0.021121	0.01907	0.0169997	0.0149124	0.01281	0.0106947	0.00856868	0.00643405	0.00429295	0.00214755	0	
0	0.00220789	0.00441352	0.00661468	0.00880916	0.0109947	0.0131692	0.0153304	0.0174762	0.0196043	0.0217127	0.0237993	0.0258619	0.0278984	0.0299069	0.0318853	0.0338316	0.0357438	0.0376201	0.0394586	0.0412573	0.0430146	0.0447286	0.0463976	0.04802	0.049594	0.0511182	0.052591	0.0540109	0.0553764	0.0566863	0.0579391	0.0591337	0.0602687	0.0613432	0.062356	0.063306	0.0641923	0.0650141	0.0657704	0.0664605	0.0670838	0.0676396	0.0681273	0.0685464	0.0688966	0.0691774	0.0693885	0.0695298	0.0696011	0.0696023	0.0695334	0.0693945	0.0691858	0.0689073	0.0685595	0.0681425	0.067657	0.0671033	0.066482	0.0657936	0.0650391	0.0642189	0.0633341	0.0623854	0.0613738	0.0603004	0.0591663	0.0579724	0.0567202	0.0554108	0.0540455	0.0526257	0.0511529	0.0496285	0.0480541	0.0464312	0.0447616	0.0430468	0.0412886	0.0394888	0.0376492	0.0357716	0.033858	0.0319103	0.0299304	0.0279203	0.0258821	0.0238178	0.0217296	0.0196194	0.0174895	0.015342	0.0131791	0.0110028	0.00881557	0.00661943	0.00441664	0.00220942	0	
0	0.00226749	0.00453268	0.00679326	0.00904698	0.0112916	0.0135248	0.0157443	0.017948	0.0201336	0.0222989	0.0244418	0.0265601	0.0286516	0.0307143	0.0327461	0.0347449	0.0367088	0.0386358	0.0405239	0.0423712	0.0441759	0.0459362	0.0476503	0.0493164	0.050933	0.0524983	0.0540109	0.0554691	0.0568715	0.0582167	0.0595034	0.0607302	0.0618959	0.0629994	0.0640395	0.0650152	0.0659254	0.0667693	0.0675461	0.0682549	0.068895	0.0694658	0.0699666	0.0703971	0.0707567	0.0710451	0.0712619	0.071407	0.0714802	0.0714815	0.0714108	0.0712681	0.0710537	0.0707677	0.0704105	0.0699823	0.0694837	0.068915	0.0682769	0.06757	0.066795	0.0659528	0.065044	0.0640697	0.0630309	0.0619285	0.0607637	0.0595377	0.0582516	0.0569068	0.0555047	0.0540466	0.052534	0.0509685	0.0493515	0.0476849	0.0459701	0.044209	0.0424034	0.040555	0.0386657	0.0367374	0.0347721	0.0327718	0.0307385	0.0286741	0.0265809	0.0244609	0.0223163	0.0201491	0.0179617	0.0157562	0.0135349	0.0112999	0.00905359	0.00679815	0.00453589	0.00226908	0	
0	0.00232482	0.00464727	0.00696501	0.00927571	0.011577	0.0138667	0.0161424	0.0184018	0.0206426	0.0228627	0.0250598	0.0272316	0.029376	0.0314909	0.033574	0.0356234	0.0376369	0.0396126	0.0415484	0.0434425	0.0452928	0.0470976	0.048855	0.0505633	0.0522207	0.0538256	0.0553764	0.0568715	0.0583094	0.0596886	0.0610078	0.0622656	0.0634608	0.0645922	0.0656586	0.0666589	0.0675922	0.0684575	0.0692539	0.0699806	0.0706369	0.0712221	0.0717356	0.072177	0.0725456	0.0728413	0.0730636	0.0732124	0.0732875	0.0732888	0.0732163	0.07307	0.0728502	0.072557	0.0721907	0.0717517	0.0712405	0.0706574	0.0700032	0.0692784	0.0684839	0.0676203	0.0666886	0.0656897	0.0646245	0.0634943	0.0623	0.061043	0.0597244	0.0583456	0.056908	0.0554131	0.0538623	0.0522571	0.0505993	0.0488905	0.0471324	0.0453268	0.0434755	0.0415804	0.0396433	0.0376663	0.0356513	0.0336004	0.0315157	0.0293991	0.027253	0.0250794	0.0228805	0.0206586	0.0184159	0.0161546	0.0138771	0.0115856	0.0092825	0.00697004	0.00465057	0.00232645	0	
0	0.00237981	0.0047572	0.00712976	0.00949511	0.0118509	0.0141947	0.0165242	0.018837	0.0211309	0.0234035	0.0256525	0.0278757	0.0300708	0.0322357	0.0343682	0.036466	0.0385272	0.0405496	0.0425312	0.04447	0.0463641	0.0482116	0.0500106	0.0517593	0.0534559	0.0550988	0.0566863	0.0582167	0.0596886	0.0611005	0.0624509	0.0637385	0.0649619	0.0661201	0.0672117	0.0682357	0.069191	0.0700768	0.070892	0.0716359	0.0723077	0.0729068	0.0734325	0.0738842	0.0742616	0.0745643	0.0747919	0.0749442	0.0750211	0.0750224	0.0749481	0.0747984	0.0745734	0.0742733	0.0738983	0.073449	0.0729256	0.0723288	0.0716591	0.0709172	0.0701038	0.0692198	0.0682661	0.0672435	0.0661532	0.0649962	0.0637737	0.0624869	0.0611372	0.0597258	0.0582542	0.0567239	0.0551363	0.0534933	0.0517962	0.050047	0.0482473	0.046399	0.0445039	0.0425639	0.0405811	0.0385573	0.0364947	0.0343952	0.0322612	0.0300946	0.0278977	0.0256726	0.0234218	0.0211473	0.0188515	0.0165368	0.0142054	0.0118597	0.00950208	0.00713491	0.00476058	0.00238148	0	
0	0.00243241	0.00486233	0.00728733	0.00970496	0.0121128	0.0145084	0.0168894	0.0192534	0.0215979	0.0239207	0.0262195	0.0284918	0.0307354	0.0329482	0.0351277	0.0372719	0.0393787	0.0414458	0.0434712	0.0454529	0.0473889	0.0492772	0.0511159	0.0529032	0.0546374	0.0563166	0.0579391	0.0595034	0.0610078	0.0624509	0.0638311	0.0651472	0.0663977	0.0675814	0.0686972	0.0697438	0.0707203	0.0716256	0.0724588	0.0732192	0.0739058	0.0745181	0.0750554	0.0755172	0.075903	0.0762123	0.0764449	0.0766006	0.0766791	0.0766805	0.0766046	0.0764516	0.0762216	0.0759149	0.0755316	0.0750723	0.0745374	0.0739274	0.0732429	0.0724846	0.0716532	0.0707497	0.0697749	0.0687297	0.0676153	0.0664328	0.0651832	0.063868	0.0624884	0.0610458	0.0595417	0.0579776	0.056355	0.0546756	0.0529411	0.0511532	0.0493137	0.0474245	0.0454875	0.0435047	0.041478	0.0394095	0.0373013	0.0351555	0.0329742	0.0307597	0.0285143	0.0262401	0.0239394	0.0216147	0.0192682	0.0169023	0.0145194	0.0121218	0.0097121	0.00729262	0.00486581	0.00243412	0	
0	0.00248256	0.00496258	0.00743757	0.00990505	0.0123625	0.0148075	0.0172376	0.0196503	0.0220432	0.0244139	0.02676	0.0290792	0.0313691	0.0336275	0.035852	0.0380404	0.0401906	0.0423003	0.0443675	0.04639	0.0483659	0.0502931	0.0521698	0.053994	0.0557639	0.0574777	0.0591337	0.0607302	0.0622656	0.0637385	0.0651472	0.0664903	0.0677666	0.0689748	0.0701135	0.0711817	0.0721784	0.0731023	0.0739528	0.0747288	0.0754296	0.0760545	0.0766029	0.0770742	0.0774679	0.0777836	0.0780211	0.0781799	0.0782601	0.0782615	0.0781841	0.0780279	0.0777932	0.0774801	0.0770889	0.0766202	0.0760742	0.0754516	0.074753	0.0739791	0.0731306	0.0722084	0.0712135	0.0701468	0.0690094	0.0678025	0.0665272	0.0651849	0.0637768	0.0623045	0.0607694	0.059173	0.0575169	0.0558029	0.0540326	0.0522079	0.0503305	0.0484023	0.0464254	0.0444017	0.0423332	0.0402221	0.0380704	0.0358803	0.0336541	0.031394	0.0291022	0.0267811	0.024433	0.0220604	0.0196655	0.0172508	0.0148187	0.0123718	0.00991235	0.00744298	0.00496613	0.00248431	0	
0	0.00253021	0.00505783	0.00758034	0.0100952	0.0125998	0.0150918	0.0175685	0.0200275	0.0224663	0.0248825	0.0272737	0.0296374	0.0319712	0.0342729	0.0365401	0.0387706	0.040962	0.0431122	0.0452191	0.0472805	0.0492943	0.0512585	0.0531712	0.0550304	0.0568343	0.058581	0.0602687	0.0618959	0.0634608	0.0649619	0.0663977	0.0677666	0.0690674	0.0702988	0.0714594	0.0725481	0.0735638	0.0745056	0.0753723	0.0761633	0.0768775	0.0775144	0.0780734	0.0785537	0.078955	0.0792767	0.0795187	0.0796807	0.0797624	0.0797638	0.0796849	0.0795257	0.0792865	0.0789674	0.0785687	0.0780909	0.0775345	0.0769	0.0761879	0.0753992	0.0745344	0.0735945	0.0725805	0.0714933	0.0703341	0.069104	0.0678043	0.0664362	0.0650011	0.0635005	0.0619359	0.0603089	0.058621	0.0568741	0.0550698	0.05321	0.0512966	0.0493315	0.0473166	0.045254	0.0431459	0.0409942	0.0388012	0.0365691	0.0343001	0.0319966	0.0296608	0.0272952	0.0249021	0.0224838	0.020043	0.0175819	0.0151032	0.0126093	0.0101026	0.00758586	0.00506147	0.002532	0	
0	0.00257531	0.005148	0.00771547	0.0102751	0.0128244	0.0153608	0.0178817	0.0203845	0.0228668	0.0253261	0.0277599	0.0301657	0.0325412	0.0348839	0.0371916	0.0394618	0.0416923	0.0438808	0.0460252	0.0481234	0.0501731	0.0521723	0.0541191	0.0560115	0.0578475	0.0596253	0.0613432	0.0629994	0.0645922	0.0661201	0.0675814	0.0689748	0.0702988	0.0715521	0.0727334	0.0738415	0.0748753	0.0758339	0.0767161	0.0775211	0.0782481	0.0788964	0.0794653	0.0799541	0.0803626	0.0806901	0.0809364	0.0811012	0.0811844	0.0811858	0.0811055	0.0809435	0.0807	0.0803752	0.0799695	0.0794832	0.0789168	0.078271	0.0775462	0.0767434	0.0758632	0.0749066	0.0738745	0.072768	0.0715881	0.070336	0.0690131	0.0676206	0.06616	0.0646326	0.0630401	0.0613841	0.0596662	0.0578881	0.0560517	0.0541587	0.0522112	0.050211	0.0481602	0.0460609	0.0439151	0.0417251	0.039493	0.0372211	0.0349117	0.0325671	0.0301897	0.0277818	0.025346	0.0228847	0.0204003	0.0178954	0.0153725	0.0128341	0.0102828	0.00772111	0.00515171	0.00257714	0	
0	0.00261783	0.00523299	0.00784285	0.0104448	0.0130362	0.0156144	0.0181769	0.0207211	0.0232444	0.0257442	0.0282182	0.0306638	0.0330784	0.0354598	0.0378056	0.0401132	0.0423806	0.0446053	0.0467851	0.0489178	0.0510014	0.0530337	0.0550126	0.0569362	0.0588025	0.0606097	0.062356	0.0640395	0.0656586	0.0672117	0.0686972	0.0701135	0.0714594	0.0727334	0.0739342	0.0750606	0.0761115	0.0770859	0.0779826	0.0788009	0.07954	0.0801989	0.0807772	0.0812742	0.0816893	0.0820223	0.0822727	0.0824402	0.0825247	0.0825262	0.0824445	0.0822799	0.0820324	0.0817022	0.0812898	0.0807954	0.0802197	0.0795632	0.0788265	0.0780104	0.0771157	0.0761433	0.0750942	0.0739694	0.07277	0.0714973	0.0701525	0.0687371	0.0672523	0.0656997	0.0640809	0.0623976	0.0606513	0.0588438	0.0569771	0.0550529	0.0530732	0.05104	0.0489554	0.0468214	0.0446402	0.042414	0.040145	0.0378356	0.0354881	0.0331048	0.0306881	0.0282405	0.0257645	0.0232625	0.0207371	0.0181909	0.0156263	0.013046	0.0104525	0.00784859	0.00523677	0.00261969	0	
0	0.00265771	0.00531271	0.00796233	0.0106039	0.0132348	0.0158523	0.0184538	0.0210367	0.0235985	0.0261365	0.0286481	0.0311309	0.0335824	0.0360001	0.0383815	0.0407244	0.0430262	0.0452848	0.0474979	0.0496631	0.0517784	0.0538417	0.0558507	0.0578036	0.0596984	0.0615331	0.063306	0.0650152	0.0666589	0.0682357	0.0697438	0.0711817	0.0725481	0.0738415	0.0750606	0.0762042	0.0772711	0.0782603	0.0791708	0.0800015	0.0807518	0.0814208	0.0820079	0.0825125	0.0829339	0.083272	0.0835261	0.0836962	0.0837821	0.0837835	0.0837007	0.0835335	0.0832822	0.082947	0.0825283	0.0820264	0.081442	0.0807754	0.0800275	0.079199	0.0782907	0.0773035	0.0762383	0.0750964	0.0738787	0.0725866	0.0712214	0.0697843	0.068277	0.0667008	0.0650573	0.0633483	0.0615754	0.0597404	0.0578452	0.0558917	0.0538818	0.0518177	0.0497013	0.0475347	0.0453203	0.0430602	0.0407567	0.0384121	0.0360288	0.0336092	0.0311557	0.0286708	0.0261571	0.023617	0.0210531	0.018468	0.0158644	0.0132447	0.0106118	0.00796818	0.00531656	0.00265961	0	
0	0.00269492	0.00538709	0.00807381	0.0107524	0.0134201	0.0160742	0.0187122	0.0213313	0.0239289	0.0265024	0.0290492	0.0315668	0.0340526	0.0365041	0.0389189	0.0412945	0.0436286	0.0459188	0.0481629	0.0503584	0.0525034	0.0545955	0.0566327	0.0586129	0.0605342	0.0623946	0.0641923	0.0659254	0.0675922	0.069191	0.0707203	0.0721784	0.0735638	0.0748753	0.0761115	0.0772711	0.078353	0.079356	0.0802792	0.0811216	0.0818824	0.0825608	0.0831561	0.0836677	0.0840951	0.0844379	0.0846956	0.0848681	0.0849551	0.0849566	0.0848726	0.0847031	0.0844482	0.0841084	0.0836838	0.0831749	0.0825823	0.0819064	0.081148	0.0803079	0.0793869	0.0783858	0.0773058	0.0761478	0.0749132	0.073603	0.0722186	0.0707614	0.0692329	0.0676347	0.0659682	0.0642352	0.0624375	0.0605769	0.0586551	0.0566743	0.0546363	0.0525432	0.0503972	0.0482003	0.0459549	0.0436631	0.0413274	0.0389499	0.0365333	0.0340798	0.0315919	0.0290723	0.0265233	0.0239477	0.0213479	0.0187266	0.0160865	0.0134302	0.0107604	0.00807975	0.005391	0.00269685	0	
0	0.00272942	0.00545605	0.00817716	0.01089	0.0135918	0.01628	0.0189517	0.0216043	0.0242352	0.0268416	0.0294211	0.0319709	0.0344885	0.0369714	0.0394171	0.0418232	0.0441871	0.0465067	0.0487794	0.0510031	0.0531755	0.0552944	0.0573576	0.0593632	0.0613091	0.0631934	0.0650141	0.0667693	0.0684575	0.0700768	0.0716256	0.0731023	0.0745056	0.0758339	0.0770859	0.0782603	0.079356	0.0803719	0.0813069	0.0821601	0.0829306	0.0836177	0.0842206	0.0847388	0.0851717	0.0855188	0.0857798	0.0859545	0.0860427	0.0860442	0.0859591	0.0857874	0.0855293	0.0851851	0.0847551	0.0842397	0.0836395	0.082955	0.0821869	0.081336	0.0804032	0.0793893	0.0782954	0.0771227	0.0758722	0.0745452	0.0731431	0.0716673	0.0701193	0.0685005	0.0668127	0.0650576	0.0632369	0.0613524	0.0594061	0.0573998	0.0553357	0.0532159	0.0510424	0.0488174	0.0465432	0.0442221	0.0418564	0.0394486	0.037001	0.0345161	0.0319964	0.0294445	0.0268629	0.0242543	0.0216212	0.0189664	0.0162925	0.0136021	0.0108981	0.00818319	0.00546002	0.00273137	0	
0	0.00276117	0.00551952	0.00827228	0.0110167	0.01375	0.0164694	0.0191722	0.0218556	0.0245171	0.0271539	0.0297633	0.0323428	0.0348897	0.0374015	0.0398757	0.0423097	0.0447012	0.0470477	0.0493469	0.0515964	0.0537941	0.0559376	0.0580249	0.0600538	0.0620224	0.0639285	0.0657704	0.0675461	0.0692539	0.070892	0.0724588	0.0739528	0.0753723	0.0767161	0.0779826	0.0791708	0.0802792	0.0813069	0.0822528	0.0831159	0.0838954	0.0845905	0.0852004	0.0857246	0.0861625	0.0865137	0.0867778	0.0869545	0.0870437	0.0870452	0.0869591	0.0867854	0.0865244	0.0861761	0.0857411	0.0852197	0.0846125	0.0839201	0.083143	0.0822823	0.0813386	0.0803129	0.0792063	0.0780199	0.0767549	0.0754125	0.0739941	0.0725011	0.070935	0.0692975	0.06759	0.0658145	0.0639726	0.0620662	0.0600972	0.0580676	0.0559795	0.053835	0.0516362	0.0493853	0.0470847	0.0447366	0.0423434	0.0399075	0.0374315	0.0349176	0.0323687	0.029787	0.0271754	0.0245365	0.0218728	0.019187	0.016482	0.0137604	0.0110249	0.0082784	0.00552355	0.00276315	0	
