0	0	0	0	0	0	0	0	0	0	0	0	0	0	0	0	0	0	0	0	0	0	0	0	0	0	0	0	0	0	0	0	0	0	0	0	0	0	0	0	0	0	0	0	0	0	0	0	0	0	0	0	0	0	0	0	0	0	0	0	0	0	0	0	0	0	0	0	0	0	0	0	0	0	0	0	0	0	0	0	0	0	0	0	0	0	0	0	0	0	0	0	0	0	0	0	0	0	0	0	
0	8.25781e-05	0.000165072	0.000247397	0.000329472	0.000411214	0.000492541	0.00057337	0.000653621	0.000733212	0.000812065	0.000890099	0.000967236	0.0010434	0.00111851	0.0011925	0.00126528	0.00133679	0.00140696	0.00147571	0.00154297	0.00160868	0.00167277	0.00173518	0.00179585	0.0018547	0.00191169	0.00196676	0.00201985	0.0020709	0.00211987	0.00216671	0.00221137	0.00225381	0.00229397	0.00233183	0.00236734	0.00240047	0.00243118	0.00245945	0.00248524	0.00250853	0.0025293	0.00254752	0.00256317	0.00257625	0.00258673	0.00259461	0.00259988	0.00260253	0.00260255	0.00259996	0.00259475	0.00258693	0.0025765	0.00256347	0.00254787	0.0025297	0.00250898	0.00248573	0.00245998	0.00243175	0.00240107	0.00236797	0.00233248	0.00229465	0.0022545	0.00221208	0.00216744	0.0021206	0.00207164	0.00202058	0.00196749	0.00191241	0.00185541	0.00179654	0.00173586	0.00167343	0.00160931	0.00154357	0.00147628	0.0014075	0.0013373	0.00126576	0.00119294	0.00111891	0.00104377	0.000967566	0.000890392	0.000812323	0.000733436	0.000653811	0.000573529	0.00049267	0.000411316	0.000329549	0.000247451	0.000165105	8.25934e-05	0	
0	0.000165072	0.000329974	0.000494541	0.000658607	0.000822008	0.000984577	0.00114615	0.00130657	0.00146567	0.0016233	0.00177929	0.00193348	0.00208573	0.00223588	0.00238377	0.00252927	0.00267221	0.00281247	0.0029499	0.00308436	0.00321572	0.00334384	0.00346859	0.00358985	0.00370751	0.00382143	0.00393151	0.00403763	0.00413969	0.00423758	0.00433121	0.00442048	0.00450531	0.0045856	0.00466127	0.00473226	0.00479849	0.00485988	0.00491639	0.00496794	0.0050145	0.00505601	0.00509243	0.00512373	0.00514987	0.00517082	0.00518657	0.0051971	0.00520239	0.00520245	0.00519726	0.00518685	0.00517121	0.00515036	0.00512433	0.00509313	0.00505681	0.00501539	0.00496892	0.00491744	0.00486101	0.00479968	0.00473352	0.00466258	0.00458695	0.0045067	0.00442191	0.00433266	0.00423904	0.00414116	0.0040391	0.00393297	0.00382288	0.00370893	0.00359125	0.00346995	0.00334515	0.00321698	0.00308557	0.00295105	0.00281356	0.00267324	0.00253022	0.00238465	0.00223669	0.00208647	0.00193414	0.00177988	0.00162382	0.00146612	0.00130696	0.00114647	0.000984837	0.000822212	0.000658761	0.000494649	0.000330041	0.000165103	0	
0	0.000247397	0.000494541	0.000741183	0.000987073	0.00123197	0.00147561	0.00171777	0.0019582	0.00219665	0.00243288	0.00266667	0.00289776	0.00312594	0.00335097	0.00357263	0.00379068	0.00400493	0.00421514	0.0044211	0.00462262	0.00481949	0.0050115	0.00519848	0.00538022	0.00555655	0.00572729	0.00589226	0.00605131	0.00620427	0.00635098	0.00649131	0.00662511	0.00675223	0.00687257	0.00698599	0.00709238	0.00719163	0.00728365	0.00736834	0.00744561	0.00751538	0.0075776	0.00763218	0.00767909	0.00771826	0.00774966	0.00777327	0.00778904	0.00779698	0.00779706	0.0077893	0.00777368	0.00775025	0.007719	0.00767998	0.00763323	0.00757879	0.00751671	0.00744706	0.00736991	0.00728534	0.00719343	0.00709426	0.00698796	0.00687461	0.00675433	0.00662725	0.00649349	0.00635318	0.00620648	0.00605352	0.00589446	0.00572946	0.00555869	0.00538231	0.00520052	0.00501348	0.00482139	0.00462444	0.00442284	0.00421677	0.00400646	0.00379212	0.00357395	0.00335219	0.00312705	0.00289876	0.00266756	0.00243367	0.00219733	0.00195878	0.00171826	0.00147601	0.00123228	0.000987306	0.000741346	0.000494643	0.000247444	0	
0	0.000329472	0.000658607	0.000987073	0.00131454	0.00164068	0.00196516	0.00228765	0.00260784	0.0029254	0.00324	0.00355135	0.00385911	0.00416299	0.00446267	0.00475786	0.00504826	0.00533358	0.00561353	0.00588783	0.0061562	0.00641838	0.0066741	0.0069231	0.00716514	0.00739997	0.00762735	0.00784705	0.00805887	0.00826257	0.00845796	0.00864484	0.00882302	0.00899233	0.00915259	0.00930363	0.00944532	0.0095775	0.00970004	0.00981283	0.00991573	0.0100087	0.0100915	0.0101642	0.0102267	0.0102788	0.0103207	0.0103521	0.0103731	0.0103837	0.0103838	0.0103734	0.0103527	0.0103214	0.0102798	0.0102279	0.0101656	0.0100931	0.0100104	0.00991768	0.00981493	0.0097023	0.00957989	0.00944784	0.00930626	0.0091553	0.00899512	0.00882588	0.00864775	0.0084609	0.00826552	0.00806182	0.00784999	0.00763025	0.00740282	0.00716793	0.00692582	0.00667674	0.00642092	0.00615863	0.00589014	0.00561572	0.00533564	0.00505018	0.00475964	0.0044643	0.00416447	0.00386045	0.00355254	0.00324105	0.00292631	0.00260861	0.0022883	0.00196568	0.00164109	0.00131485	0.000987294	0.000658745	0.000329536	0	
0	0.000411214	0.000822008	0.00123197	0.00164068	0.00204773	0.00245271	0.00285522	0.00325484	0.00365119	0.00404385	0.00443244	0.00481656	0.00519583	0.00556986	0.00593829	0.00630074	0.00665685	0.00700625	0.0073486	0.00768356	0.00801078	0.00832995	0.00864073	0.00894281	0.0092359	0.0095197	0.00979392	0.0100583	0.0103125	0.0105564	0.0107896	0.011012	0.0112233	0.0114234	0.0116119	0.0117887	0.0119537	0.0121066	0.0122474	0.0123758	0.0124918	0.0125952	0.012686	0.0127639	0.012829	0.0128812	0.0129205	0.0129467	0.0129599	0.01296	0.0129471	0.0129212	0.0128822	0.0128303	0.0127654	0.0126877	0.0125972	0.012494	0.0123783	0.01225	0.0121095	0.0119567	0.0117919	0.0116152	0.0114268	0.0112268	0.0110156	0.0107933	0.0105601	0.0103162	0.010062	0.00979759	0.00952333	0.00923948	0.00894631	0.00864414	0.00833325	0.00801396	0.0076866	0.0073515	0.00700899	0.00665942	0.00630314	0.00594052	0.00557191	0.00519769	0.00481824	0.00443393	0.00404517	0.00365233	0.00325582	0.00285603	0.00245338	0.00204825	0.00164107	0.00123224	0.000822181	0.000411295	0	
0	0.000492541	0.000984577	0.00147561	0.00196516	0.00245271	0.00293779	0.0034199	0.00389856	0.00437329	0.00484361	0.00530905	0.00576914	0.00622342	0.00667143	0.00711272	0.00754685	0.00797339	0.00839189	0.00880196	0.00920316	0.0095951	0.00997738	0.0103496	0.0107115	0.0110625	0.0114024	0.0117309	0.0120475	0.0123521	0.0126442	0.0129235	0.0131899	0.013443	0.0136826	0.0139084	0.0141202	0.0143178	0.014501	0.0146696	0.0148234	0.0149624	0.0150862	0.0151949	0.0152883	0.0153663	0.0154288	0.0154758	0.0155072	0.015523	0.0155232	0.0155077	0.0154766	0.01543	0.0153678	0.0152901	0.015197	0.0150886	0.014965	0.0148264	0.0146728	0.0145044	0.0143214	0.014124	0.0139123	0.0136867	0.0134472	0.0131942	0.0129279	0.0126486	0.0123565	0.012052	0.0117353	0.0114068	0.0110668	0.0107157	0.0103537	0.00998135	0.00959892	0.00920682	0.00880544	0.00839519	0.00797648	0.00754974	0.0071154	0.00667389	0.00622566	0.00577116	0.00531085	0.0048452	0.00437467	0.00389974	0.00342088	0.00293859	0.00245335	0.00196564	0.00147595	0.000984788	0.000492639	0	
0	0.00057337	0.00114615	0.00171777	0.00228765	0.00285522	0.0034199	0.00398113	0.00453834	0.00509098	0.00563848	0.0061803	0.0067159	0.00724473	0.00776626	0.00827997	0.00878535	0.00928188	0.00976907	0.0102464	0.0107135	0.0111697	0.0116147	0.0120481	0.0124693	0.012878	0.0132737	0.013656	0.0140246	0.0143791	0.0147192	0.0150444	0.0153545	0.0156491	0.015928	0.0161909	0.0164374	0.0166675	0.0168807	0.017077	0.0172561	0.0174178	0.017562	0.0176885	0.0177972	0.017888	0.0179608	0.0180155	0.0180521	0.0180705	0.0180707	0.0180527	0.0180165	0.0179622	0.0178897	0.0177993	0.017691	0.0175648	0.0174209	0.0172595	0.0170807	0.0168847	0.0166717	0.0164418	0.0161955	0.0159328	0.015654	0.0153595	0.0150495	0.0147243	0.0143843	0.0140298	0.0136612	0.0132788	0.012883	0.0124742	0.0120529	0.0116194	0.0111742	0.0107177	0.0102505	0.00977292	0.0092855	0.00878873	0.0082831	0.00776914	0.00724735	0.00671826	0.00618241	0.00564034	0.00509259	0.00453972	0.00398229	0.00342084	0.00285596	0.00228822	0.00171817	0.0011464	0.000573486	0	
0	0.000653621	0.00130657	0.0019582	0.00260784	0.00325484	0.00389856	0.00453834	0.00517355	0.00580353	0.00642767	0.00704532	0.00765588	0.00825873	0.00885326	0.00943887	0.010015	0.010581	0.0111364	0.0116806	0.012213	0.0127331	0.0132404	0.0137344	0.0142146	0.0146804	0.0151315	0.0155674	0.0159876	0.0163917	0.0167793	0.0171501	0.0175036	0.0178394	0.0181574	0.018457	0.0187381	0.0190003	0.0192434	0.0194672	0.0196713	0.0198557	0.0200201	0.0201643	0.0202882	0.0203917	0.0204747	0.020537	0.0205787	0.0205997	0.0205999	0.0205794	0.0205382	0.0204762	0.0203937	0.0202906	0.0201671	0.0200232	0.0198592	0.0196752	0.0194714	0.019248	0.0190051	0.0187431	0.0184623	0.0181628	0.017845	0.0175093	0.0171559	0.0167852	0.0163976	0.0159935	0.0155733	0.0151373	0.0146861	0.0142202	0.0137398	0.0132457	0.0127382	0.0122179	0.0116852	0.0111408	0.0105852	0.0100189	0.00944246	0.00885655	0.00826173	0.00765859	0.00704774	0.0064298	0.00580539	0.00517513	0.00453967	0.00389965	0.0032557	0.00260849	0.00195866	0.00130686	0.000653755	0	
0	0.000733212	0.00146567	0.00219665	0.0029254	0.00365119	0.00437329	0.00509098	0.00580353	0.00651023	0.00721037	0.00790324	0.00858814	0.0092644	0.00993133	0.0105883	0.0112345	0.0118695	0.0124925	0.0131029	0.0137002	0.0142836	0.0148527	0.0154068	0.0159455	0.0164681	0.0169741	0.017463	0.0179344	0.0183877	0.0188226	0.0192385	0.019635	0.0200118	0.0203684	0.0207046	0.0210199	0.021314	0.0215868	0.0218377	0.0220668	0.0222736	0.0224579	0.0226197	0.0227587	0.0228748	0.0229679	0.0230379	0.0230846	0.0231082	0.0231084	0.0230854	0.0230391	0.0229697	0.0228771	0.0227614	0.0226229	0.0224615	0.0222775	0.0220711	0.0218425	0.0215918	0.0213194	0.0210255	0.0207105	0.0203745	0.0200181	0.0196414	0.019245	0.0188292	0.0183944	0.0179411	0.0174696	0.0169806	0.0164745	0.0159518	0.015413	0.0148587	0.0142894	0.0137057	0.0131082	0.0124974	0.0118741	0.0112389	0.0105923	0.00993504	0.00926779	0.0085912	0.00790597	0.00721278	0.00651233	0.00580532	0.00509248	0.00437452	0.00365216	0.00292613	0.00219717	0.001466	0.000733365	0	
0	0.000812065	0.0016233	0.00243288	0.00324	0.00404385	0.00484361	0.00563848	0.00642767	0.00721037	0.0079858	0.00875318	0.00951175	0.0102607	0.0109994	0.011727	0.0124427	0.013146	0.013836	0.0145121	0.0151735	0.0158197	0.01645	0.0170638	0.0176603	0.0182391	0.0187996	0.0193411	0.0198632	0.0203652	0.0208468	0.0213075	0.0217466	0.0221639	0.0225589	0.0229312	0.0232805	0.0236063	0.0239083	0.0241863	0.0244399	0.024669	0.0248732	0.0250524	0.0252063	0.0253349	0.025438	0.0255155	0.0255673	0.0255933	0.0255936	0.0255681	0.0255169	0.0254399	0.0253374	0.0252093	0.0250558	0.0248771	0.0246734	0.0244448	0.0241915	0.0239139	0.0236122	0.0232867	0.0229378	0.0225657	0.0221709	0.0217538	0.0213147	0.0208542	0.0203726	0.0198705	0.0193484	0.0188068	0.0182463	0.0176673	0.0170706	0.0164566	0.0158261	0.0151796	0.0145179	0.0138415	0.0131512	0.0124476	0.0117315	0.0110035	0.0102645	0.00951516	0.00875623	0.00798849	0.00721271	0.00642967	0.00564016	0.00484499	0.00404494	0.00324083	0.00243347	0.00162366	0.000812237	0	
0	0.000890099	0.00177929	0.00266667	0.00355135	0.00443244	0.00530905	0.0061803	0.00704532	0.00790324	0.00875318	0.00959431	0.0104258	0.0112467	0.0120564	0.0128538	0.0136384	0.0144092	0.0151655	0.0159066	0.0166316	0.0173399	0.0180308	0.0187035	0.0193574	0.0199918	0.0206061	0.0211997	0.0217719	0.0223222	0.0228501	0.023355	0.0238364	0.0242938	0.0247267	0.0251348	0.0255176	0.0258747	0.0262058	0.0265105	0.0267885	0.0270395	0.0272634	0.0274598	0.0276285	0.0277695	0.0278825	0.0279674	0.0280242	0.0280527	0.028053	0.0280251	0.0279689	0.0278846	0.0277722	0.0276318	0.0274636	0.0272677	0.0270444	0.0267938	0.0265162	0.0262119	0.0258812	0.0255245	0.025142	0.0247342	0.0243014	0.0238442	0.023363	0.0228582	0.0223303	0.02178	0.0212077	0.0206141	0.0199997	0.0193651	0.018711	0.0180381	0.0173469	0.0166383	0.015913	0.0151716	0.0144149	0.0136437	0.0128588	0.0120609	0.0112509	0.0104295	0.00959767	0.00875615	0.00790582	0.00704753	0.00618216	0.00531057	0.00443364	0.00355226	0.00266732	0.00177969	0.00089029	0	
0	0.000967236	0.00193348	0.00289776	0.00385911	0.00481656	0.00576914	0.0067159	0.00765588	0.00858814	0.00951175	0.0104258	0.0113293	0.0122214	0.0131012	0.0139678	0.0148203	0.0156579	0.0164798	0.0172851	0.018073	0.0188426	0.0195934	0.0203244	0.0210349	0.0217243	0.0223919	0.0230369	0.0236587	0.0242567	0.0248304	0.025379	0.0259021	0.0263991	0.0268696	0.0273131	0.027729	0.0281171	0.0284768	0.0288079	0.02911	0.0293829	0.0296261	0.0298395	0.0300229	0.0301761	0.0302988	0.0303911	0.0304528	0.0304838	0.0304842	0.0304538	0.0303928	0.0303011	0.030179	0.0300265	0.0298437	0.0296308	0.0293881	0.0291158	0.0288142	0.0284835	0.0281242	0.0277365	0.0273209	0.0268777	0.0264075	0.0259106	0.0253877	0.0248391	0.0242656	0.0236675	0.0230457	0.0224006	0.0217329	0.0210433	0.0203326	0.0196013	0.0188503	0.0180803	0.0172921	0.0164864	0.0156642	0.0148262	0.0139732	0.0131062	0.0122259	0.0113334	0.0104294	0.00951499	0.00859097	0.0076583	0.00671793	0.00577081	0.00481788	0.00386012	0.00289848	0.00193393	0.000967446	0	
0	0.0010434	0.00208573	0.00312594	0.00416299	0.00519583	0.00622342	0.00724473	0.00825873	0.0092644	0.0102607	0.0112467	0.0122214	0.0131837	0.0141328	0.0150677	0.0159873	0.0168909	0.0177775	0.0186462	0.0194961	0.0203264	0.0211362	0.0219248	0.0226913	0.023435	0.0241551	0.0248509	0.0255217	0.0261668	0.0267856	0.0273774	0.0279417	0.0284779	0.0289854	0.0294638	0.0299125	0.0303311	0.0307192	0.0310764	0.0314023	0.0316966	0.031959	0.0321892	0.032387	0.0325522	0.0326847	0.0327843	0.0328508	0.0328843	0.0328846	0.0328519	0.032786	0.0326872	0.0325554	0.0323909	0.0321937	0.0319641	0.0317023	0.0314085	0.0310832	0.0307265	0.0303388	0.0299206	0.0294722	0.0289942	0.0284869	0.027951	0.0273868	0.0267951	0.0261763	0.0255312	0.0248604	0.0241645	0.0234443	0.0227004	0.0219336	0.0211448	0.0203347	0.019504	0.0186537	0.0177847	0.0168977	0.0159936	0.0150735	0.0141382	0.0131887	0.0122258	0.0112507	0.0102643	0.00926747	0.00826136	0.00724694	0.00622523	0.00519727	0.00416409	0.00312672	0.00208622	0.00104363	0	
0	0.00111851	0.00223588	0.00335097	0.00446267	0.00556986	0.00667143	0.00776626	0.00885326	0.00993133	0.0109994	0.0120564	0.0131012	0.0141328	0.0151502	0.0161523	0.0171382	0.0181069	0.0190573	0.0199885	0.0208996	0.0217896	0.0226578	0.0235031	0.0243248	0.025122	0.025894	0.0266399	0.027359	0.0280505	0.0287138	0.0293483	0.0299532	0.030528	0.0310721	0.0315849	0.0320659	0.0325146	0.0329306	0.0333135	0.0336629	0.0339784	0.0342597	0.0345065	0.0347185	0.0348957	0.0350376	0.0351444	0.0352157	0.0352516	0.035252	0.0352169	0.0351463	0.0350403	0.0348991	0.0347227	0.0345113	0.0342652	0.0339845	0.0336696	0.0333208	0.0329385	0.0325229	0.0320746	0.0315939	0.0310815	0.0305377	0.0299631	0.0293584	0.028724	0.0280608	0.0273692	0.0266501	0.0259041	0.025132	0.0243346	0.0235126	0.022667	0.0217985	0.0209081	0.0199966	0.019065	0.0181141	0.017145	0.0161587	0.015156	0.0141381	0.013106	0.0120607	0.0110032	0.00993464	0.0088561	0.00776865	0.00667339	0.00557142	0.00446386	0.00335181	0.00223641	0.00111876	0	
0	0.0011925	0.00238377	0.00357263	0.00475786	0.00593829	0.00711272	0.00827997	0.00943887	0.0105883	0.011727	0.0128538	0.0139678	0.0150677	0.0161523	0.0172208	0.0182719	0.0193046	0.0203178	0.0213106	0.022282	0.023231	0.0241565	0.0250578	0.0259338	0.0267838	0.0276068	0.028402	0.0291687	0.029906	0.0306132	0.0312896	0.0319345	0.0325473	0.0331274	0.0336741	0.034187	0.0346654	0.0351089	0.0355171	0.0358896	0.036226	0.0365259	0.036789	0.0370151	0.0372039	0.0373553	0.0374691	0.0375451	0.0375834	0.0375838	0.0375464	0.0374711	0.0373582	0.0372076	0.0370195	0.0367941	0.0365317	0.0362325	0.0358968	0.0355249	0.0351173	0.0346742	0.0341963	0.0336838	0.0331375	0.0325577	0.0319451	0.0313004	0.0306241	0.0299169	0.0291796	0.0284129	0.0276176	0.0267944	0.0259443	0.025068	0.0241664	0.0232405	0.0222912	0.0213194	0.0203261	0.0193124	0.0182791	0.0172275	0.0161586	0.0150733	0.0139729	0.0128585	0.011731	0.0105918	0.00944192	0.00828254	0.00711483	0.00593997	0.00475914	0.00357353	0.00238434	0.00119277	0	
0	0.00126528	0.00252927	0.00379068	0.00504826	0.00630074	0.00754685	0.00878535	0.010015	0.0112345	0.0124427	0.0136384	0.0148203	0.0159873	0.0171382	0.0182719	0.0193871	0.0204828	0.021558	0.0226114	0.023642	0.0246489	0.025631	0.0265872	0.0275168	0.0284186	0.0292918	0.0301356	0.030949	0.0317313	0.0324817	0.0331994	0.0338837	0.0345339	0.0351494	0.0357295	0.0362736	0.0367813	0.0372519	0.037685	0.0380802	0.0384371	0.0387553	0.0390345	0.0392744	0.0394747	0.0396354	0.0397561	0.0398368	0.0398774	0.0398778	0.0398381	0.0397583	0.0396384	0.0394786	0.0392791	0.03904	0.0387615	0.0384441	0.0380879	0.0376933	0.0372607	0.0367907	0.0362835	0.0357398	0.0351601	0.0345449	0.033895	0.0332109	0.0324933	0.031743	0.0309607	0.0301472	0.0293033	0.0284299	0.0275279	0.0265981	0.0256415	0.024659	0.0236518	0.0226207	0.0215668	0.0204911	0.0193949	0.0182791	0.0171449	0.0159934	0.0148258	0.0136433	0.0124471	0.0112383	0.0100182	0.00878809	0.00754911	0.00630254	0.00504963	0.00379166	0.00252988	0.00126557	0	
0	0.00133679	0.00267221	0.00400493	0.00533358	0.00665685	0.00797339	0.00928188	0.010581	0.0118695	0.013146	0.0144092	0.0156579	0.0168909	0.0181069	0.0193046	0.0204828	0.0216405	0.0227764	0.0238893	0.0249782	0.026042	0.0270796	0.0280899	0.029072	0.0300248	0.0309474	0.0318388	0.0326982	0.0335248	0.0343176	0.0350758	0.0357988	0.0364858	0.037136	0.0377489	0.0383238	0.0388601	0.0393573	0.0398149	0.0402325	0.0406095	0.0409457	0.0412407	0.0414941	0.0417058	0.0418755	0.0420031	0.0420883	0.0421312	0.0421317	0.0420897	0.0420054	0.0418787	0.0417099	0.0414991	0.0412465	0.0409523	0.0406169	0.0402406	0.0398237	0.0393667	0.0388701	0.0383342	0.0377598	0.0371473	0.0364974	0.0358107	0.035088	0.0343298	0.0335371	0.0327106	0.0318511	0.0309596	0.0300368	0.0290837	0.0281014	0.0270907	0.0260528	0.0249886	0.0238992	0.0227857	0.0216493	0.0204911	0.0193122	0.0181139	0.0168973	0.0156638	0.0144144	0.0131506	0.0118735	0.0105845	0.0092848	0.00797579	0.00665876	0.00533504	0.00400596	0.00267287	0.0013371	0	
0	0.00140696	0.00281247	0.00421514	0.00561353	0.00700625	0.00839189	0.00976907	0.0111364	0.0124925	0.013836	0.0151655	0.0164798	0.0177775	0.0190573	0.0203178	0.021558	0.0227764	0.0239719	0.0251433	0.0262893	0.0274089	0.028501	0.0295643	0.0305979	0.0316007	0.0325717	0.03351	0.0344145	0.0352844	0.0361188	0.0369169	0.0376778	0.0384009	0.0390852	0.0397303	0.0403353	0.0408998	0.0414231	0.0419048	0.0423442	0.0427411	0.0430949	0.0434054	0.0436721	0.0438949	0.0440735	0.0442078	0.0442975	0.0443427	0.0443432	0.044299	0.0442102	0.0440769	0.0438993	0.0436774	0.0434115	0.0431019	0.0427489	0.0423528	0.041914	0.041433	0.0409103	0.0403464	0.0397418	0.0390972	0.0384132	0.0376904	0.0369297	0.0361318	0.0352975	0.0344276	0.033523	0.0325846	0.0316134	0.0306103	0.0295764	0.0285127	0.0274203	0.0263002	0.0251537	0.0239817	0.0227857	0.0215667	0.0203259	0.0190647	0.0177843	0.016486	0.0151711	0.0138409	0.0124968	0.0111401	0.00977217	0.00839444	0.00700828	0.00561508	0.00421624	0.00281317	0.00140729	0	
0	0.00147571	0.0029499	0.0044211	0.00588783	0.0073486	0.00880196	0.0102464	0.0116806	0.0131029	0.0145121	0.0159066	0.0172851	0.0186462	0.0199885	0.0213106	0.0226114	0.0238893	0.0251433	0.0263719	0.0275739	0.0287483	0.0298936	0.031009	0.0320931	0.0331449	0.0341634	0.0351475	0.0360962	0.0370086	0.0378838	0.0387209	0.039519	0.0402773	0.0409951	0.0416717	0.0423063	0.0428984	0.0434473	0.0439525	0.0444134	0.0448296	0.0452008	0.0455264	0.0458062	0.0460399	0.0462272	0.046368	0.0464621	0.0465095	0.04651	0.0464637	0.0463706	0.0462308	0.0460444	0.0458117	0.0455328	0.0452081	0.0448378	0.0444224	0.0439622	0.0434577	0.0429094	0.0423179	0.0416838	0.0410077	0.0402902	0.0395322	0.0387343	0.0378974	0.0370223	0.0361099	0.0351611	0.0341769	0.0331582	0.0321061	0.0310217	0.029906	0.0287602	0.0275854	0.0263828	0.0251536	0.0238991	0.0226205	0.0213192	0.0199963	0.0186533	0.0172916	0.0159124	0.0145172	0.0131074	0.0116844	0.0102497	0.00880465	0.00735075	0.00588947	0.00442227	0.00295064	0.00147606	0	
0	0.00154297	0.00308436	0.00462262	0.0061562	0.00768356	0.00920316	0.0107135	0.012213	0.0137002	0.0151735	0.0166316	0.018073	0.0194961	0.0208996	0.022282	0.023642	0.0249782	0.0262893	0.0275739	0.0288308	0.0300586	0.0312562	0.0324224	0.0335559	0.0346557	0.0357206	0.0367495	0.0377415	0.0386955	0.0396106	0.0404858	0.0413203	0.0421132	0.0428638	0.0435712	0.0442347	0.0448538	0.0454277	0.0459559	0.0464378	0.0468731	0.0472611	0.0476016	0.0478941	0.0481385	0.0483343	0.0484816	0.04858	0.0486295	0.04863	0.0485816	0.0484842	0.0483381	0.0481432	0.0478999	0.0476083	0.0472688	0.0468816	0.0464472	0.0459661	0.0454386	0.0448653	0.0442469	0.0435839	0.0428769	0.0421268	0.0413342	0.0404999	0.0396249	0.0387099	0.0377559	0.0367639	0.0357348	0.0346697	0.0335696	0.0324358	0.0312692	0.0300712	0.0288428	0.0275854	0.0263002	0.0249885	0.0236516	0.022291	0.0209078	0.0195036	0.0180798	0.0166377	0.015179	0.0137049	0.0122171	0.0107169	0.009206	0.00768583	0.00615793	0.00462386	0.00308514	0.00154334	0	
0	0.00160868	0.00321572	0.00481949	0.00641838	0.00801078	0.0095951	0.0111697	0.0127331	0.0142836	0.0158197	0.0173399	0.0188426	0.0203264	0.0217896	0.023231	0.0246489	0.026042	0.0274089	0.0287483	0.0300586	0.0313388	0.0325874	0.0338032	0.034985	0.0361316	0.0372419	0.0383146	0.0393489	0.0403435	0.0412976	0.04221	0.0430801	0.0439068	0.0446893	0.0454268	0.0461186	0.046764	0.0473624	0.0479131	0.0484156	0.0488693	0.0492739	0.0496289	0.0499339	0.0501886	0.0503928	0.0505463	0.0506489	0.0507006	0.0507011	0.0506506	0.0505491	0.0503967	0.0501936	0.0499399	0.0496359	0.0492819	0.0488782	0.0484254	0.0479237	0.0473738	0.0467761	0.0461313	0.0454401	0.044703	0.0439209	0.0430946	0.0422248	0.0413125	0.0403585	0.0393639	0.0383296	0.0372567	0.0361462	0.0349993	0.0338172	0.032601	0.0313519	0.0300712	0.0287603	0.0274203	0.0260528	0.024659	0.0232403	0.0217983	0.0203343	0.0188498	0.0173463	0.0158254	0.0142886	0.0127374	0.0111733	0.00959808	0.00801316	0.0064202	0.00482079	0.00321654	0.00160907	0	
0	0.00167277	0.00334384	0.0050115	0.0066741	0.00832995	0.00997738	0.0116147	0.0132404	0.0148527	0.01645	0.0180308	0.0195934	0.0211362	0.0226578	0.0241565	0.025631	0.0270796	0.028501	0.0298936	0.0312562	0.0325874	0.0338857	0.03515	0.0363789	0.0375712	0.0387257	0.0398412	0.0409166	0.0419509	0.0429429	0.0438918	0.0447965	0.0456561	0.0464698	0.0472367	0.0479561	0.0486272	0.0492494	0.0498221	0.0503446	0.0508164	0.0512371	0.0516062	0.0519234	0.0521883	0.0524006	0.0525602	0.0526669	0.0527206	0.0527212	0.0526687	0.0525632	0.0524047	0.0521934	0.0519296	0.0516135	0.0512454	0.0508257	0.0503548	0.0498331	0.0492613	0.0486398	0.0479693	0.0472505	0.0464841	0.0456709	0.0448116	0.0439072	0.0429585	0.0419665	0.0409323	0.0398568	0.0387411	0.0375864	0.0363938	0.0351646	0.0338999	0.0326011	0.0312694	0.0299062	0.0285129	0.0270908	0.0256415	0.0241663	0.0226668	0.0211445	0.0196008	0.0180375	0.016456	0.0148579	0.0132449	0.0116185	0.0099805	0.00833244	0.00667601	0.00501287	0.0033447	0.00167318	0	
0	0.00173518	0.00346859	0.00519848	0.0069231	0.00864073	0.0103496	0.0120481	0.0137344	0.0154068	0.0170638	0.0187035	0.0203244	0.0219248	0.0235031	0.0250578	0.0265872	0.0280899	0.0295643	0.031009	0.0324224	0.0338032	0.03515	0.0364614	0.0377362	0.0389729	0.0401705	0.0413276	0.0424432	0.0435161	0.0445451	0.0455294	0.0464678	0.0473595	0.0482036	0.0489991	0.0497453	0.0504415	0.0510869	0.0516809	0.0522229	0.0527124	0.0531487	0.0535316	0.0538606	0.0541354	0.0543557	0.0545213	0.0546319	0.0546876	0.0546882	0.0546338	0.0545243	0.0543599	0.0541408	0.0538671	0.0535392	0.0531574	0.052722	0.0522335	0.0516924	0.0510993	0.0504546	0.0497591	0.0490135	0.0482185	0.0473749	0.0464835	0.0455454	0.0445613	0.0435323	0.0424595	0.0413439	0.0401866	0.0389888	0.0377517	0.0364766	0.0351647	0.0338174	0.0324361	0.031022	0.0295767	0.0281016	0.0265982	0.025068	0.0235125	0.0219334	0.0203322	0.0187105	0.01707	0.0154123	0.0137391	0.012052	0.0103529	0.00864333	0.0069251	0.0051999	0.00346949	0.00173561	0	
0	0.00179585	0.00358985	0.00538022	0.00716514	0.00894281	0.0107115	0.0124693	0.0142146	0.0159455	0.0176603	0.0193574	0.0210349	0.0226913	0.0243248	0.0259338	0.0275168	0.029072	0.0305979	0.0320931	0.0335559	0.034985	0.0363789	0.0377362	0.0390555	0.0403355	0.0415749	0.0427725	0.0439271	0.0450374	0.0461025	0.0471212	0.0480924	0.0490153	0.0498888	0.0507122	0.0514845	0.052205	0.052873	0.0534878	0.0540487	0.0545553	0.0550069	0.0554032	0.0557437	0.0560281	0.0562561	0.0564274	0.056542	0.0565996	0.0566002	0.0565439	0.0564306	0.0562604	0.0560337	0.0557504	0.0554111	0.0550159	0.0545653	0.0540597	0.0534997	0.0528858	0.0522186	0.0514988	0.0507271	0.0499043	0.0490312	0.0481087	0.0471377	0.0461193	0.0450543	0.043944	0.0427893	0.0415916	0.0403519	0.0390716	0.0377519	0.0363942	0.0349998	0.0335701	0.0321066	0.0306108	0.0290841	0.0275281	0.0259444	0.0243346	0.0227002	0.021043	0.0193647	0.0176668	0.0159511	0.0142194	0.0124734	0.0107149	0.00894553	0.00716722	0.00538171	0.0035908	0.00179629	0	
0	0.0018547	0.00370751	0.00555655	0.00739997	0.0092359	0.0110625	0.012878	0.0146804	0.0164681	0.0182391	0.0199918	0.0217243	0.023435	0.025122	0.0267838	0.0284186	0.0300248	0.0316007	0.0331449	0.0346557	0.0361316	0.0375712	0.0389729	0.0403355	0.0416574	0.0429375	0.0441743	0.0453668	0.0465135	0.0476135	0.0486655	0.0496686	0.0506217	0.0515239	0.0523743	0.0531719	0.053916	0.0546059	0.0552408	0.0558201	0.0563433	0.0568097	0.057219	0.0575707	0.0578644	0.0580998	0.0582768	0.0583951	0.0584546	0.0584553	0.0583971	0.0582801	0.0581044	0.0578702	0.0575777	0.0572272	0.056819	0.0563537	0.0558315	0.0552532	0.0546191	0.0539301	0.0531867	0.0523897	0.0515399	0.0506382	0.0496855	0.0486827	0.0476308	0.046531	0.0453842	0.0441918	0.0429548	0.0416745	0.0403522	0.0389892	0.037587	0.0361469	0.0346704	0.0331589	0.0316141	0.0300373	0.0284304	0.0267948	0.0251322	0.0234443	0.0217327	0.0199993	0.0182458	0.0164739	0.0146855	0.0128822	0.011066	0.00923873	0.00740213	0.0055581	0.00370849	0.00185517	0	
0	0.00191169	0.00382143	0.00572729	0.00762735	0.0095197	0.0114024	0.0132737	0.0151315	0.0169741	0.0187996	0.0206061	0.0223919	0.0241551	0.025894	0.0276068	0.0292918	0.0309474	0.0325717	0.0341634	0.0357206	0.0372419	0.0387257	0.0401705	0.0415749	0.0429375	0.0442569	0.0455317	0.0467608	0.0479428	0.0490765	0.0501609	0.0511948	0.0521773	0.0531072	0.0539836	0.0548058	0.0555728	0.0562838	0.0569383	0.0575354	0.0580746	0.0585554	0.0589773	0.0593397	0.0596425	0.0598852	0.0600676	0.0601895	0.0602509	0.0602515	0.0601915	0.0600709	0.0598898	0.0596484	0.0593469	0.0589857	0.058565	0.0580853	0.0575472	0.056951	0.0562975	0.0555873	0.054821	0.0539995	0.0531237	0.0521943	0.0512122	0.0501786	0.0490945	0.0479608	0.0467789	0.0455497	0.0442747	0.0429551	0.0415922	0.0401874	0.038742	0.0372577	0.0357358	0.0341779	0.0325855	0.0309604	0.029304	0.0276181	0.0259045	0.0241647	0.0224006	0.0206139	0.0188065	0.0169802	0.0151368	0.0132781	0.0114061	0.00952263	0.00762959	0.0057289	0.00382245	0.00191218	0	
0	0.00196676	0.00393151	0.00589226	0.00784705	0.00979392	0.0117309	0.013656	0.0155674	0.017463	0.0193411	0.0211997	0.0230369	0.0248509	0.0266399	0.028402	0.0301356	0.0318388	0.03351	0.0351475	0.0367495	0.0383146	0.0398412	0.0413276	0.0427725	0.0441743	0.0455317	0.0468433	0.0481078	0.0493238	0.0504902	0.0516059	0.0526696	0.0536803	0.054637	0.0555387	0.0563845	0.0571736	0.0579052	0.0585784	0.0591928	0.0597475	0.0602422	0.0606762	0.0610491	0.0613605	0.0616102	0.0617979	0.0619234	0.0619865	0.0619872	0.0619254	0.0618014	0.0616151	0.0613667	0.0610565	0.0606848	0.0602521	0.0597586	0.0592049	0.0585916	0.0579192	0.0571885	0.0564002	0.0555551	0.054654	0.0536978	0.0526875	0.0516241	0.0505087	0.0493424	0.0481264	0.0468619	0.0455501	0.0441925	0.0427903	0.041345	0.0398581	0.038331	0.0367652	0.0351624	0.0335242	0.0318522	0.0301482	0.0284137	0.0266507	0.0248608	0.0230459	0.0212077	0.0193483	0.0174693	0.0155728	0.0136606	0.0117347	0.00979695	0.00784938	0.00589393	0.00393257	0.00196726	0	
0	0.00201985	0.00403763	0.00605131	0.00805887	0.0100583	0.0120475	0.0140246	0.0159876	0.0179344	0.0198632	0.0217719	0.0236587	0.0255217	0.027359	0.0291687	0.030949	0.0326982	0.0344145	0.0360962	0.0377415	0.0393489	0.0409166	0.0424432	0.0439271	0.0453668	0.0467608	0.0481078	0.0494064	0.0506552	0.0518531	0.0529989	0.0540913	0.0551293	0.0561118	0.0570379	0.0579065	0.0587169	0.0594682	0.0601597	0.0607906	0.0613603	0.0618683	0.062314	0.062697	0.0630169	0.0632733	0.0634661	0.0635949	0.0636597	0.0636604	0.063597	0.0634696	0.0632783	0.0630232	0.0627047	0.062323	0.0618785	0.0613717	0.0608031	0.0601732	0.0594827	0.0587323	0.0579227	0.0570547	0.0561293	0.0551473	0.0541098	0.0530177	0.0518722	0.0506744	0.0494255	0.0481269	0.0467797	0.0453854	0.0439454	0.0424611	0.040934	0.0393657	0.0377577	0.0361116	0.0344292	0.0327121	0.030962	0.0291808	0.0273701	0.0255319	0.023668	0.0217802	0.0198706	0.0179409	0.0159932	0.0140294	0.0120515	0.0100614	0.00806128	0.00605304	0.00403872	0.00202037	0	
0	0.0020709	0.00413969	0.00620427	0.00826257	0.0103125	0.0123521	0.0143791	0.0163917	0.0183877	0.0203652	0.0223222	0.0242567	0.0261668	0.0280505	0.029906	0.0317313	0.0335248	0.0352844	0.0370086	0.0386955	0.0403435	0.0419509	0.0435161	0.0450374	0.0465135	0.0479428	0.0493238	0.0506552	0.0519357	0.0531639	0.0543386	0.0554586	0.0565228	0.0575302	0.0584796	0.0593703	0.0602011	0.0609714	0.0616804	0.0623273	0.0629114	0.0634322	0.0638892	0.0642819	0.0646098	0.0648727	0.0650703	0.0652024	0.0652689	0.0652696	0.0652047	0.065074	0.0648778	0.0646163	0.0642897	0.0638984	0.0634427	0.0629231	0.0623401	0.0616943	0.0609863	0.0602169	0.0593869	0.058497	0.0575482	0.0565413	0.0554776	0.0543579	0.0531834	0.0519553	0.0506749	0.0493435	0.0479622	0.0465327	0.0450563	0.0435345	0.0419688	0.0403608	0.0387121	0.0370245	0.0352995	0.033539	0.0317447	0.0299184	0.028062	0.0261773	0.0242663	0.0223308	0.0203729	0.0183944	0.0163975	0.014384	0.0123561	0.0103158	0.00826506	0.00620605	0.00414082	0.00207144	0	
0	0.00211987	0.00423758	0.00635098	0.00845796	0.0105564	0.0126442	0.0147192	0.0167793	0.0188226	0.0208468	0.0228501	0.0248304	0.0267856	0.0287138	0.0306132	0.0324817	0.0343176	0.0361188	0.0378838	0.0396106	0.0412976	0.0429429	0.0445451	0.0461025	0.0476135	0.0490765	0.0504902	0.0518531	0.0531639	0.0544211	0.0556236	0.0567701	0.0578595	0.0588907	0.0598626	0.0607743	0.0616248	0.0624133	0.063139	0.0638012	0.0643992	0.0649323	0.0654001	0.065802	0.0661378	0.0664069	0.0666092	0.0667444	0.0668124	0.0668132	0.0667467	0.0666129	0.0664121	0.0661444	0.0658101	0.0654095	0.064943	0.0644111	0.0638143	0.0631533	0.0624286	0.061641	0.0607913	0.0598804	0.0589091	0.0578785	0.0567896	0.0556434	0.0544411	0.053184	0.0518734	0.0505104	0.0490965	0.0476332	0.0461218	0.044564	0.0429613	0.0413153	0.0396276	0.0379001	0.0361343	0.0343322	0.0324954	0.030626	0.0287256	0.0267964	0.0248402	0.0228589	0.0208547	0.0188295	0.0167853	0.0147242	0.0126483	0.0105597	0.00846052	0.00635282	0.00423875	0.00212043	0	
0	0.00216671	0.00433121	0.00649131	0.00864484	0.0107896	0.0129235	0.0150444	0.0171501	0.0192385	0.0213075	0.023355	0.025379	0.0273774	0.0293483	0.0312896	0.0331994	0.0350758	0.0369169	0.0387209	0.0404858	0.04221	0.0438918	0.0455294	0.0471212	0.0486655	0.0501609	0.0516059	0.0529989	0.0543386	0.0556236	0.0568526	0.0580245	0.059138	0.0601919	0.0611853	0.0621172	0.0629865	0.0637924	0.0645342	0.065211	0.0658221	0.0663671	0.0668452	0.067256	0.0675991	0.0678742	0.068081	0.0682192	0.0682887	0.0682895	0.0682215	0.0680848	0.0678796	0.067606	0.0672643	0.0668548	0.066378	0.0658344	0.0652244	0.0645487	0.063808	0.0630031	0.0621346	0.0612035	0.0602108	0.0591574	0.0580444	0.0568729	0.0556441	0.0543592	0.0530196	0.0516265	0.0501814	0.0486857	0.047141	0.0455487	0.0439106	0.0422282	0.0405033	0.0387376	0.0369328	0.0350908	0.0332135	0.0313027	0.0293604	0.0273885	0.0253891	0.0233641	0.0213155	0.0192455	0.0171562	0.0150496	0.0129278	0.0107931	0.00864748	0.0064932	0.00433241	0.00216729	0	
0	0.00221137	0.00442048	0.00662511	0.00882302	0.011012	0.0131899	0.0153545	0.0175036	0.019635	0.0217466	0.0238364	0.0259021	0.0279417	0.0299532	0.0319345	0.0338837	0.0357988	0.0376778	0.039519	0.0413203	0.0430801	0.0447965	0.0464678	0.0480924	0.0496686	0.0511948	0.0526696	0.0540913	0.0554586	0.0567701	0.0580245	0.0592205	0.0603569	0.0614326	0.0624465	0.0633975	0.0642848	0.0651073	0.0658644	0.0665551	0.0671789	0.067735	0.068223	0.0686423	0.0689925	0.0692733	0.0694843	0.0696254	0.0696963	0.0696971	0.0696277	0.0694882	0.0692787	0.0689995	0.0686507	0.0682329	0.0677462	0.0671914	0.0665689	0.0658793	0.0651233	0.0643017	0.0634154	0.0624651	0.0614519	0.0603768	0.0592409	0.0580452	0.0567911	0.0554797	0.0541125	0.0526907	0.0512158	0.0496893	0.0481127	0.0464876	0.0448157	0.0430987	0.0413382	0.0395361	0.0376941	0.0358141	0.0338981	0.031948	0.0299656	0.0279531	0.0259124	0.0238457	0.0217549	0.0196422	0.0175098	0.0153598	0.0131943	0.0110156	0.00882573	0.00662705	0.00442172	0.00221196	0	
0	0.00225381	0.00450531	0.00675223	0.00899233	0.0112233	0.013443	0.0156491	0.0178394	0.0200118	0.0221639	0.0242938	0.0263991	0.0284779	0.030528	0.0325473	0.0345339	0.0364858	0.0384009	0.0402773	0.0421132	0.0439068	0.0456561	0.0473595	0.0490153	0.0506217	0.0521773	0.0536803	0.0551293	0.0565228	0.0578595	0.059138	0.0603569	0.0615151	0.0626115	0.0636448	0.0646141	0.0655184	0.0663567	0.0671283	0.0678323	0.068468	0.0690349	0.0695322	0.0699596	0.0703165	0.0706026	0.0708177	0.0709615	0.0710338	0.0710346	0.0709639	0.0708217	0.0706082	0.0703236	0.0699682	0.0695423	0.0690463	0.0684808	0.0678463	0.0671435	0.066373	0.0655357	0.0646323	0.0636638	0.0626312	0.0615355	0.0603777	0.0591591	0.0578809	0.0565444	0.0551509	0.0537018	0.0521986	0.0506428	0.049036	0.0473798	0.0456758	0.0439258	0.0421315	0.0402948	0.0384175	0.0365014	0.0345486	0.0325611	0.0305407	0.0284895	0.0264097	0.0243033	0.0221724	0.0200192	0.0178459	0.0156546	0.0134475	0.0112269	0.00899511	0.00675423	0.00450658	0.00225441	0	
0	0.00229397	0.0045856	0.00687257	0.00915259	0.0114234	0.0136826	0.015928	0.0181574	0.0203684	0.0225589	0.0247267	0.0268696	0.0289854	0.0310721	0.0331274	0.0351494	0.037136	0.0390852	0.0409951	0.0428638	0.0446893	0.0464698	0.0482036	0.0498888	0.0515239	0.0531072	0.054637	0.0561118	0.0575302	0.0588907	0.0601919	0.0614326	0.0626115	0.0637274	0.0647791	0.0657657	0.0666861	0.0675393	0.0683247	0.0690412	0.0696883	0.0702652	0.0707714	0.0712064	0.0715697	0.0718609	0.0720798	0.0722262	0.0722998	0.0723006	0.0722286	0.0720839	0.0718666	0.0715769	0.0712152	0.0707817	0.0702769	0.0697013	0.0690555	0.0683402	0.067556	0.0667037	0.0657842	0.0647985	0.0637475	0.0626322	0.0614538	0.0602135	0.0589125	0.0575522	0.0561339	0.054659	0.053129	0.0515454	0.04991	0.0482242	0.0464899	0.0447087	0.0428824	0.041013	0.0391022	0.037152	0.0351644	0.0331414	0.031085	0.0289973	0.0268804	0.0247364	0.0225676	0.020376	0.0181639	0.0159336	0.0136872	0.0114271	0.00915543	0.00687461	0.0045869	0.00229459	0	
0	0.00233183	0.00466127	0.00698599	0.00930363	0.0116119	0.0139084	0.0161909	0.018457	0.0207046	0.0229312	0.0251348	0.0273131	0.0294638	0.0315849	0.0336741	0.0357295	0.0377489	0.0397303	0.0416717	0.0435712	0.0454268	0.0472367	0.0489991	0.0507122	0.0523743	0.0539836	0.0555387	0.0570379	0.0584796	0.0598626	0.0611853	0.0624465	0.0636448	0.0647791	0.0658482	0.0668511	0.0677867	0.068654	0.0694523	0.0701807	0.0708384	0.0714249	0.0719394	0.0723816	0.0727509	0.0730469	0.0732695	0.0734182	0.0734931	0.0734939	0.0734207	0.0732736	0.0730527	0.0727583	0.0723905	0.0719499	0.0714368	0.0708517	0.0701952	0.0694681	0.0686709	0.0678046	0.06687	0.065868	0.0647996	0.0636659	0.0624681	0.0612073	0.0598849	0.0585021	0.0570603	0.0555611	0.0540058	0.0523962	0.0507337	0.0490201	0.0472572	0.0454466	0.0435902	0.0416899	0.0397476	0.0377652	0.0357448	0.0336884	0.0315981	0.0294759	0.0273241	0.0251447	0.0229401	0.0207123	0.0184637	0.0161966	0.0139131	0.0116157	0.00930654	0.00698808	0.00466261	0.00233247	0	
0	0.00236734	0.00473226	0.00709238	0.00944532	0.0117887	0.0141202	0.0164374	0.0187381	0.0210199	0.0232805	0.0255176	0.027729	0.0299125	0.0320659	0.034187	0.0362736	0.0383238	0.0403353	0.0423063	0.0442347	0.0461186	0.0479561	0.0497453	0.0514845	0.0531719	0.0548058	0.0563845	0.0579065	0.0593703	0.0607743	0.0621172	0.0633975	0.0646141	0.0657657	0.0668511	0.0678692	0.068819	0.0696996	0.07051	0.0712495	0.0719173	0.0725127	0.0730351	0.073484	0.0738589	0.0741594	0.0743854	0.0745364	0.0746124	0.0746132	0.0745389	0.0743896	0.0741653	0.0738664	0.0734931	0.0730457	0.0725248	0.0719308	0.0712643	0.0705261	0.0697168	0.0688373	0.0678884	0.0668712	0.0657865	0.0646356	0.0634195	0.0621395	0.0607969	0.0593931	0.0579294	0.0564073	0.0548284	0.0531942	0.0515064	0.0497667	0.0479769	0.0461387	0.0442541	0.0423248	0.0403529	0.0383404	0.0362892	0.0342015	0.0320793	0.0299248	0.0277402	0.0255277	0.0232895	0.0210278	0.0187449	0.0164432	0.014125	0.0117926	0.00944829	0.00709452	0.00473362	0.00236799	0	
0	0.00240047	0.00479849	0.00719163	0.0095775	0.0119537	0.0143178	0.0166675	0.0190003	0.021314	0.0236063	0.0258747	0.0281171	0.0303311	0.0325146	0.0346654	0.0367813	0.0388601	0.0408998	0.0428984	0.0448538	0.046764	0.0486272	0.0504415	0.052205	0.053916	0.0555728	0.0571736	0.0587169	0.0602011	0.0616248	0.0629865	0.0642848	0.0655184	0.0666861	0.0677867	0.068819	0.0697822	0.0706751	0.0714968	0.0722467	0.0729238	0.0735275	0.0740572	0.0745124	0.0748926	0.0751973	0.0754264	0.0755795	0.0756566	0.0756574	0.0755821	0.0754307	0.0752033	0.0749002	0.0745216	0.074068	0.0735398	0.0729375	0.0722617	0.0715131	0.0706925	0.0698007	0.0688386	0.0678071	0.0667072	0.0655402	0.0643071	0.0630092	0.0616478	0.0602243	0.0587401	0.0571968	0.0555957	0.0539387	0.0522273	0.0504633	0.0486484	0.0467845	0.0448735	0.0429172	0.0409177	0.038877	0.0367971	0.0346802	0.0325283	0.0303437	0.0281285	0.025885	0.0236154	0.0213221	0.0190073	0.0166734	0.0143227	0.0119576	0.00958053	0.00719381	0.00479988	0.00240113	0	
0	0.00243118	0.00485988	0.00728365	0.00970004	0.0121066	0.014501	0.0168807	0.0192434	0.0215868	0.0239083	0.0262058	0.0284768	0.0307192	0.0329306	0.0351089	0.0372519	0.0393573	0.0414231	0.0434473	0.0454277	0.0473624	0.0492494	0.0510869	0.052873	0.0546059	0.0562838	0.0579052	0.0594682	0.0609714	0.0624133	0.0637924	0.0651073	0.0663567	0.0675393	0.068654	0.0696996	0.0706751	0.0715794	0.0724117	0.0731711	0.0738569	0.0744683	0.0750048	0.0754658	0.0758509	0.0761595	0.0763915	0.0765466	0.0766247	0.0766255	0.0765493	0.0763959	0.0761656	0.0758586	0.0754752	0.0750158	0.0744808	0.0738708	0.0731864	0.0724282	0.0715971	0.0706939	0.0697194	0.0686747	0.0675608	0.0663788	0.06513	0.0638155	0.0624367	0.060995	0.0594918	0.0579287	0.0563072	0.0546289	0.0528956	0.051109	0.0492709	0.0473832	0.0454477	0.0434664	0.0414413	0.0393745	0.037268	0.035124	0.0329446	0.030732	0.0284884	0.0262162	0.0239176	0.0215949	0.0192505	0.0168868	0.014506	0.0121106	0.00970313	0.00728587	0.0048613	0.00243186	0	
0	0.00245945	0.00491639	0.00736834	0.00981283	0.0122474	0.0146696	0.017077	0.0194672	0.0218377	0.0241863	0.0265105	0.0288079	0.0310764	0.0333135	0.0355171	0.037685	0.0398149	0.0419048	0.0439525	0.0459559	0.0479131	0.0498221	0.0516809	0.0534878	0.0552408	0.0569383	0.0585784	0.0601597	0.0616804	0.063139	0.0645342	0.0658644	0.0671283	0.0683247	0.0694523	0.07051	0.0714968	0.0724117	0.0732537	0.0740219	0.0747157	0.0753342	0.075877	0.0763433	0.0767328	0.0770451	0.0772798	0.0774367	0.0775156	0.0775165	0.0774394	0.0772842	0.0770512	0.0767407	0.0763528	0.075888	0.0753468	0.0747298	0.0740374	0.0732704	0.0724297	0.0715159	0.0705301	0.0694733	0.0683464	0.0671507	0.0658873	0.0645575	0.0631627	0.0617042	0.0601836	0.0586023	0.0569619	0.0552642	0.0535107	0.0517033	0.0498439	0.0479342	0.0459762	0.0439718	0.0419232	0.0398324	0.0377014	0.0355324	0.0333277	0.0310893	0.0288197	0.0265211	0.0241957	0.0218461	0.0194744	0.0170831	0.0146747	0.0122515	0.00981596	0.0073706	0.00491783	0.00246014	0	
