0	0	0	0	0	0	0	0	0	0	0	0	0	0	0	0	0	0	0	0	0	0	0	0	0	0	0	0	0	0	0	0	0	0	0	0	0	0	0	0	0	0	0	0	0	0	0	0	0	0	0	0	0	0	0	0	0	0	0	0	0	0	0	0	0	0	0	0	0	0	0	0	0	0	0	0	0	0	0	0	0	0	0	0	0	0	0	0	0	0	0	0	0	0	0	0	0	0	0	0	
0	6.18984e-05	0.000123733	0.000185441	0.000246961	0.00030823	0.000369188	0.000429771	0.00048992	0.000549574	0.000608673	0.000667157	0.000724968	0.000782048	0.000838339	0.000893784	0.000948328	0.00100192	0.0010545	0.00110601	0.00115641	0.00120565	0.00125367	0.00130043	0.00134588	0.00138997	0.00143267	0.00147392	0.00151369	0.00155193	0.00158861	0.00162369	0.00165714	0.00168892	0.00171899	0.00174734	0.00177393	0.00179873	0.00182172	0.00184288	0.00186218	0.00187961	0.00189514	0.00190877	0.00192048	0.00193025	0.00193808	0.00194395	0.00194787	0.00194983	0.00194982	0.00194786	0.00194393	0.00193804	0.0019302	0.00192042	0.0019087	0.00189506	0.00187952	0.00186208	0.00184276	0.00182159	0.00179859	0.00177377	0.00174717	0.00171881	0.00168871	0.00165692	0.00162346	0.00158836	0.00155166	0.00151341	0.00147362	0.00143236	0.00138965	0.00134554	0.00130008	0.00125331	0.00120527	0.00115603	0.00110562	0.0010541	0.00100152	0.000947925	0.000893382	0.000837941	0.000781656	0.000724586	0.000666788	0.00060832	0.00054924	0.000489609	0.000429487	0.000368934	0.000308011	0.000246779	0.0001853	0.000123636	6.18484e-05	0	
0	0.000123733	0.000247338	0.000370691	0.000493667	0.000616143	0.000737994	0.000859099	0.000979335	0.00109858	0.00121672	0.00133363	0.00144919	0.00156329	0.00167581	0.00178665	0.00189568	0.0020028	0.0021079	0.00221088	0.00231163	0.00241006	0.00250605	0.00259952	0.00269037	0.00277852	0.00286386	0.00294632	0.00302582	0.00310226	0.00317559	0.00324571	0.00331257	0.0033761	0.00343622	0.00349289	0.00354604	0.00359561	0.00364157	0.00368387	0.00372245	0.00375729	0.00378834	0.00381558	0.00383898	0.00385851	0.00387416	0.00388591	0.00389374	0.00389765	0.00389764	0.00389371	0.00388585	0.00387409	0.00385842	0.00383886	0.00381544	0.00378818	0.0037571	0.00372224	0.00368363	0.00364131	0.00359532	0.00354572	0.00349254	0.00343585	0.00337569	0.00331214	0.00324525	0.00317509	0.00310173	0.00302526	0.00294573	0.00286324	0.00277787	0.0026897	0.00259882	0.00250533	0.00240931	0.00231087	0.0022101	0.00210711	0.002002	0.00189488	0.00178585	0.00167502	0.00156251	0.00144843	0.00133289	0.00121602	0.00109792	0.000978717	0.000858534	0.000737489	0.000615705	0.000493304	0.00037041	0.000247145	0.000123633	0	
0	0.000185441	0.000370691	0.000555563	0.00073987	0.000923427	0.00110605	0.00128755	0.00146775	0.00164647	0.00182352	0.00199874	0.00217193	0.00234294	0.00251158	0.00267769	0.0028411	0.00300164	0.00315916	0.0033135	0.0034645	0.00361201	0.00375588	0.00389596	0.00403213	0.00416423	0.00429214	0.00441572	0.00453486	0.00464944	0.00475933	0.00486443	0.00496463	0.00505984	0.00514995	0.00523487	0.00531453	0.00538883	0.00545771	0.0055211	0.00557892	0.00563113	0.00567768	0.0057185	0.00575357	0.00578284	0.00580629	0.0058239	0.00583564	0.00584151	0.00584149	0.0058356	0.00582382	0.00580619	0.0057827	0.0057534	0.00571829	0.00567744	0.00563086	0.00557861	0.00552075	0.00545732	0.0053884	0.00531405	0.00523436	0.00514939	0.00505923	0.00496398	0.00486373	0.00475858	0.00464865	0.00453403	0.00441484	0.00429121	0.00416326	0.00403112	0.00389492	0.00375479	0.00361089	0.00346336	0.00331234	0.00315798	0.00300045	0.0028399	0.0026765	0.0025104	0.00234177	0.0021708	0.00199764	0.00182247	0.00164548	0.00146683	0.00128671	0.00110529	0.000922774	0.000739328	0.000555143	0.000370402	0.000185293	0	
0	0.000246961	0.000493667	0.00073987	0.000985321	0.00122977	0.00147298	0.00171469	0.00195468	0.00219268	0.00242848	0.00266182	0.00289247	0.00312021	0.0033448	0.00356601	0.00378363	0.00399744	0.00420722	0.00441275	0.00461385	0.00481029	0.00500189	0.00518845	0.00536978	0.00554571	0.00571605	0.00588064	0.0060393	0.00619189	0.00633824	0.0064782	0.00661165	0.00673844	0.00685844	0.00697154	0.00707762	0.00717658	0.00726831	0.00735272	0.00742974	0.00749927	0.00756125	0.00761562	0.00766232	0.0077013	0.00773254	0.00775598	0.00777162	0.00777943	0.00777941	0.00777156	0.00775588	0.00773239	0.00770112	0.00766209	0.00761534	0.00756093	0.0074989	0.00742932	0.00735226	0.00726779	0.00717601	0.007077	0.00697086	0.0068577	0.00673764	0.00661079	0.00647728	0.00633725	0.00619084	0.00603819	0.00587947	0.00571482	0.00554443	0.00536845	0.00518706	0.00500045	0.00480881	0.00461233	0.00441121	0.00420565	0.00399586	0.00378204	0.00356443	0.00334323	0.00311866	0.00289096	0.00266036	0.00242708	0.00219137	0.00195345	0.00171357	0.00147198	0.00122891	0.000984603	0.000739313	0.000493284	0.000246764	0	
0	0.00030823	0.000616143	0.000923427	0.00122977	0.00153487	0.00183842	0.0021401	0.00243962	0.00273667	0.00303097	0.0033222	0.00361008	0.00389431	0.00417462	0.00445072	0.00472233	0.00498918	0.005251	0.00550753	0.00575852	0.0060037	0.00624283	0.00647568	0.006702	0.00692157	0.00713417	0.00733959	0.00753762	0.00772806	0.00791072	0.00808541	0.00825197	0.00841021	0.00855999	0.00870115	0.00883355	0.00895705	0.00907154	0.0091769	0.00927302	0.0093598	0.00943716	0.00950502	0.0095633	0.00961196	0.00965094	0.00968021	0.00969973	0.00970948	0.00970945	0.00969965	0.00968008	0.00965077	0.00961173	0.00956302	0.00950468	0.00943676	0.00935935	0.0092725	0.00917632	0.0090709	0.00895635	0.00883277	0.0087003	0.00855907	0.00840922	0.0082509	0.00808427	0.0079095	0.00772676	0.00753625	0.00733814	0.00713265	0.00691998	0.00670034	0.00647395	0.00624105	0.00600186	0.00575664	0.00550562	0.00524906	0.00498722	0.00472036	0.00444875	0.00417267	0.00389239	0.0036082	0.00332039	0.00302924	0.00273504	0.0024381	0.00213871	0.00183717	0.00153379	0.00122888	0.000922735	0.000615667	0.000307986	0	
0	0.000369188	0.000737994	0.00110605	0.00147298	0.00183842	0.00220199	0.00256334	0.00292209	0.00327789	0.00363039	0.00397921	0.00432402	0.00466447	0.00500022	0.00533092	0.00565625	0.00597587	0.00628947	0.00659674	0.00689736	0.00719103	0.00747745	0.00775635	0.00802743	0.00829043	0.00854507	0.00879112	0.00902831	0.00925641	0.0094752	0.00968444	0.00988393	0.0100735	0.0102529	0.0104219	0.0105805	0.0107285	0.0108656	0.0109918	0.0111069	0.0112109	0.0113035	0.0113848	0.0114546	0.0115129	0.0115596	0.0115946	0.011618	0.0116297	0.0116297	0.0116179	0.0115945	0.0115594	0.0115126	0.0114543	0.0113844	0.011303	0.0112103	0.0111063	0.0109911	0.0108648	0.0107276	0.0105796	0.0104209	0.0102518	0.0100723	0.00988266	0.00968307	0.00947374	0.00925487	0.00902667	0.00878939	0.00854326	0.00828853	0.00802545	0.00775429	0.00747533	0.00718884	0.00689511	0.00659445	0.00628715	0.00597353	0.00565389	0.00532857	0.00499789	0.00466219	0.00432179	0.00397706	0.00362832	0.00327595	0.00292028	0.00256168	0.00220051	0.00183713	0.00147191	0.00110522	0.000737427	0.000368896	0	
0	0.000429771	0.000859099	0.00128755	0.00171469	0.0021401	0.00256334	0.00298398	0.00340161	0.0038158	0.00422613	0.0046322	0.0050336	0.00542992	0.00582076	0.00620573	0.00658444	0.00695652	0.00732158	0.00767927	0.00802922	0.00837108	0.00870451	0.00902917	0.00934474	0.00965089	0.00994733	0.0102338	0.0105099	0.0107754	0.0110301	0.0112737	0.0115059	0.0117265	0.0119354	0.0121322	0.0123168	0.012489	0.0126487	0.0127956	0.0129296	0.0130506	0.0131584	0.0132531	0.0133343	0.0134022	0.0134565	0.0134973	0.0135246	0.0135381	0.0135381	0.0135244	0.0134972	0.0134563	0.0134019	0.0133339	0.0132526	0.0131579	0.01305	0.0129289	0.0127948	0.0126478	0.012488	0.0123157	0.012131	0.0119341	0.0117252	0.0115044	0.0112721	0.0110284	0.0107736	0.010508	0.0102318	0.00994523	0.0096487	0.00934245	0.00902679	0.00870205	0.00836855	0.00802662	0.00767662	0.00731889	0.0069538	0.00658172	0.00620301	0.00581806	0.00542727	0.00503101	0.00462971	0.00422374	0.00381354	0.00339951	0.00298206	0.00256162	0.00213861	0.00171346	0.00128659	0.000858442	0.000429433	0	
0	0.00048992	0.000979335	0.00146775	0.00195468	0.00243962	0.00292209	0.00340161	0.00387769	0.00434984	0.00481761	0.00528051	0.00573809	0.00618987	0.00663541	0.00707426	0.00750598	0.00793013	0.00834629	0.00875404	0.00915297	0.00954267	0.00992277	0.0102929	0.0106526	0.0110016	0.0113395	0.011666	0.0119808	0.0122835	0.0125738	0.0128515	0.0131162	0.0133678	0.0136058	0.0138302	0.0140406	0.014237	0.0144189	0.0145864	0.0147392	0.0148771	0.0150001	0.0151079	0.0152006	0.0152779	0.0153399	0.0153864	0.0154174	0.0154329	0.0154329	0.0154173	0.0153862	0.0153396	0.0152776	0.0152001	0.0151074	0.0149995	0.0148764	0.0147384	0.0145855	0.0144179	0.0142359	0.0140394	0.0138289	0.0136044	0.0133662	0.0131146	0.0128497	0.0125719	0.0122815	0.0119787	0.0116638	0.0113372	0.0109991	0.01065	0.0102902	0.00991998	0.0095398	0.00915002	0.00875103	0.00834324	0.00792705	0.00750289	0.00707118	0.00663236	0.00618686	0.00573515	0.00527768	0.0048149	0.00434728	0.0038753	0.00339943	0.00292014	0.00243793	0.00195328	0.00146667	0.00097859	0.000489537	0	
0	0.000549574	0.00109858	0.00164647	0.00219268	0.00273667	0.00327789	0.0038158	0.00434984	0.00487949	0.00540422	0.00592348	0.00643677	0.00694357	0.00744336	0.00793565	0.00841993	0.00889573	0.00936256	0.00981996	0.0102675	0.0107046	0.011131	0.0115462	0.0119497	0.0123412	0.0127203	0.0130865	0.0134396	0.0137792	0.0141049	0.0144164	0.0147133	0.0149955	0.0152625	0.0155142	0.0157503	0.0159705	0.0161746	0.0163625	0.0165339	0.0166886	0.0168265	0.0169475	0.0170515	0.0171382	0.0172077	0.0172599	0.0172947	0.0173121	0.0173121	0.0172946	0.0172597	0.0172074	0.0171378	0.017051	0.016947	0.0168259	0.0166878	0.016533	0.0163615	0.0161735	0.0159693	0.015749	0.0155128	0.0152609	0.0149938	0.0147115	0.0144144	0.0141028	0.0137769	0.0134372	0.013084	0.0127176	0.0123384	0.0119468	0.0115432	0.0111279	0.0107014	0.0102642	0.00981661	0.00935916	0.0088923	0.00841648	0.00793221	0.00743995	0.00694021	0.0064335	0.00592032	0.00540119	0.00487663	0.00434718	0.00381336	0.00327572	0.00273479	0.00219112	0.00164526	0.00109775	0.000549146	0	
0	0.000608673	0.00121672	0.00182352	0.00242848	0.00303097	0.00363039	0.00422613	0.00481761	0.00540422	0.00598537	0.00656048	0.00712896	0.00769026	0.00824379	0.00878902	0.00932538	0.00985235	0.0103694	0.010876	0.0113716	0.0118558	0.012328	0.0127878	0.0132347	0.0136683	0.0140882	0.0144938	0.0148849	0.015261	0.0156217	0.0159667	0.0162956	0.0166081	0.0169038	0.0171826	0.017444	0.0176879	0.017914	0.0181221	0.0183119	0.0184833	0.018636	0.01877	0.0188851	0.0189812	0.0190582	0.019116	0.0191546	0.0191738	0.0191738	0.0191544	0.0191158	0.0190579	0.0189808	0.0188846	0.0187694	0.0186353	0.0184824	0.0183109	0.018121	0.0179128	0.0176866	0.0174426	0.017181	0.0169021	0.0166062	0.0162935	0.0159645	0.0156193	0.0152585	0.0148823	0.0144911	0.0140853	0.0136653	0.0132316	0.0127845	0.0123246	0.0118522	0.011368	0.0108723	0.0103656	0.00984856	0.00932158	0.00878523	0.00824004	0.00768656	0.00712535	0.00655699	0.00598203	0.00540106	0.00481467	0.00422345	0.00362799	0.00302889	0.00242675	0.00182219	0.0012158	0.000608201	0	
0	0.000667157	0.00133363	0.00199874	0.00266182	0.0033222	0.00397921	0.0046322	0.00528051	0.00592348	0.00656048	0.00719084	0.00781395	0.00842918	0.00903591	0.00963352	0.0102214	0.010799	0.0113657	0.011921	0.0124643	0.0129949	0.0135126	0.0140165	0.0145064	0.0149817	0.0154419	0.0158865	0.0163151	0.0167273	0.0171227	0.0175008	0.0178613	0.0182039	0.0185281	0.0188336	0.0191202	0.0193875	0.0196353	0.0198634	0.0200714	0.0202593	0.0204267	0.0205736	0.0206998	0.0208051	0.0208895	0.0209528	0.0209951	0.0210162	0.0210161	0.0209949	0.0209526	0.0208891	0.0208046	0.0206992	0.0205729	0.0204259	0.0202583	0.0200704	0.0198622	0.019634	0.0193861	0.0191186	0.0188318	0.0185262	0.0182018	0.0178591	0.0174985	0.0171202	0.0167246	0.0163123	0.0158835	0.0154387	0.0149784	0.0145029	0.0140129	0.0135088	0.0129911	0.0124603	0.011917	0.0113616	0.0107949	0.0102173	0.00962938	0.00903181	0.00842515	0.00781002	0.00718704	0.00655683	0.00592004	0.00527731	0.00462928	0.0039766	0.00331993	0.00265994	0.00199728	0.00133263	0.000666643	0	
0	0.000724968	0.00144919	0.00217193	0.00289247	0.00361008	0.00432402	0.0050336	0.00573809	0.00643677	0.00712896	0.00781395	0.00849106	0.0091596	0.0098189	0.0104683	0.0111071	0.0117348	0.0123506	0.012954	0.0135443	0.014121	0.0146835	0.0152311	0.0157635	0.0162799	0.01678	0.0172631	0.0177289	0.0181768	0.0186065	0.0190174	0.0194091	0.0197813	0.0201336	0.0204656	0.020777	0.0210675	0.0213368	0.0215846	0.0218107	0.0220148	0.0221968	0.0223564	0.0224935	0.0226079	0.0226996	0.0227685	0.0228144	0.0228373	0.0228373	0.0228142	0.0227682	0.0226992	0.0226074	0.0224929	0.0223556	0.0221959	0.0220138	0.0218096	0.0215833	0.0213354	0.021066	0.0207753	0.0204637	0.0201315	0.0197791	0.0194067	0.0190148	0.0186037	0.0181739	0.0177258	0.0172599	0.0167765	0.0162763	0.0157597	0.0152272	0.0146794	0.0141168	0.0135401	0.0129496	0.0123462	0.0117303	0.0111027	0.0104638	0.00981447	0.00915524	0.0084868	0.00780984	0.00712502	0.00643305	0.00573462	0.00503043	0.0043212	0.00360763	0.00289044	0.00217036	0.00144811	0.000724412	0	
0	0.000782048	0.00156329	0.00234294	0.00312021	0.00389431	0.00466447	0.00542992	0.00618987	0.00694357	0.00769026	0.00842918	0.0091596	0.00988078	0.010592	0.0112925	0.0119817	0.0126587	0.013323	0.0139739	0.0146107	0.0152328	0.0158396	0.0164304	0.0170046	0.0175617	0.0181011	0.0186223	0.0191248	0.019608	0.0200714	0.0205147	0.0209373	0.0213388	0.0217188	0.022077	0.0224129	0.0227263	0.0230168	0.0232841	0.023528	0.0237482	0.0239445	0.0241166	0.0242645	0.024388	0.0244869	0.0245612	0.0246107	0.0246354	0.0246354	0.0246105	0.0245609	0.0244865	0.0243875	0.0242639	0.0241158	0.0239435	0.0237471	0.0235268	0.0232827	0.0230153	0.0227246	0.0224111	0.022075	0.0217166	0.0213364	0.0209347	0.0205119	0.0200685	0.0196049	0.0191215	0.0186188	0.0180975	0.0175579	0.0170006	0.0164262	0.0158352	0.0152284	0.0146062	0.0139693	0.0133183	0.0126539	0.0119769	0.0112877	0.0105872	0.00987609	0.00915503	0.00842476	0.00768603	0.00693958	0.00618615	0.00542652	0.00466144	0.00389168	0.00311803	0.00234125	0.00156213	0.00078145	0	
0	0.000838339	0.00167581	0.00251158	0.0033448	0.00417462	0.00500022	0.00582076	0.00663541	0.00744336	0.00824379	0.00903591	0.0098189	0.010592	0.0113544	0.0121053	0.0128441	0.0135699	0.014282	0.0149798	0.0156624	0.0163293	0.0169797	0.017613	0.0182286	0.0188258	0.0194041	0.0199628	0.0205014	0.0210194	0.0215162	0.0219913	0.0224444	0.0228748	0.0232821	0.0236661	0.0240262	0.0243621	0.0246735	0.0249601	0.0252215	0.0254576	0.025668	0.0258526	0.0260111	0.0261435	0.0262495	0.0263291	0.0263822	0.0264087	0.0264086	0.026382	0.0263288	0.026249	0.0261429	0.0260104	0.0258517	0.025667	0.0254564	0.0252202	0.0249586	0.0246719	0.0243603	0.0240242	0.0236639	0.0232798	0.0228722	0.0224416	0.0219884	0.0215131	0.021016	0.0204979	0.019959	0.0194001	0.0188217	0.0182243	0.0176085	0.0169751	0.0163245	0.0156575	0.0149748	0.014277	0.0135648	0.012839	0.0121002	0.0113493	0.010587	0.00981403	0.00903119	0.00823929	0.0074391	0.00663144	0.00581713	0.00499698	0.00417181	0.00334247	0.00250978	0.00167457	0.000837701	0	
0	0.000893784	0.00178665	0.00267769	0.00356601	0.00445072	0.00533092	0.00620573	0.00707426	0.00793565	0.00878902	0.00963352	0.0104683	0.0112925	0.0121053	0.012906	0.0136936	0.0144674	0.0152266	0.0159705	0.0166983	0.0174093	0.0181027	0.0187779	0.0194342	0.0200709	0.0206874	0.0212831	0.0218573	0.0224096	0.0229392	0.0234458	0.0239288	0.0243877	0.024822	0.0252313	0.0256153	0.0259734	0.0263054	0.0266109	0.0268897	0.0271413	0.0273656	0.0275624	0.0277314	0.0278726	0.0279856	0.0280705	0.0281271	0.0281554	0.0281553	0.0281269	0.0280701	0.0279851	0.0278719	0.0277307	0.0275615	0.0273646	0.0271401	0.0268883	0.0266094	0.0263037	0.0259715	0.0256132	0.0252291	0.0248195	0.024385	0.0239259	0.0234427	0.0229359	0.022406	0.0218536	0.0212791	0.0206833	0.0200666	0.0194296	0.0187732	0.0180978	0.0174042	0.0166931	0.0159652	0.0152213	0.014462	0.0136881	0.0129005	0.0121	0.0112872	0.0104631	0.00962852	0.00878423	0.00793113	0.00707005	0.00620188	0.00532748	0.00444774	0.00356354	0.00267577	0.00178533	0.000893107	0	
0	0.000948328	0.00189568	0.0028411	0.00378363	0.00472233	0.00565625	0.00658444	0.00750598	0.00841993	0.00932538	0.0102214	0.0111071	0.0119817	0.0128441	0.0136936	0.0145293	0.0153503	0.0161559	0.0169451	0.0177173	0.0184717	0.0192075	0.0199239	0.0206202	0.0212958	0.0219499	0.0225819	0.0231912	0.0237772	0.0243392	0.0248767	0.0253891	0.025876	0.0263368	0.0267711	0.0271785	0.0275585	0.0279108	0.0282349	0.0285307	0.0287977	0.0290357	0.0292445	0.0294238	0.0295736	0.0296935	0.0297836	0.0298436	0.0298736	0.0298736	0.0298434	0.0297832	0.029693	0.0295729	0.0294231	0.0292436	0.0290346	0.0287964	0.0285292	0.0282333	0.027909	0.0275565	0.0271763	0.0267687	0.0263342	0.0258732	0.0253861	0.0248734	0.0243357	0.0237734	0.0231873	0.0225778	0.0219455	0.0212912	0.0206154	0.0199189	0.0192023	0.0184664	0.0177119	0.0169396	0.0161502	0.0153446	0.0145235	0.0136878	0.0128384	0.0119761	0.0111017	0.0102161	0.00932033	0.00841516	0.00750153	0.00658037	0.00565261	0.00471918	0.00378102	0.00283908	0.00189429	0.000947614	0	
0	0.00100192	0.0020028	0.00300164	0.00399744	0.00498918	0.00597587	0.00695652	0.00793013	0.00889573	0.00985235	0.010799	0.0117348	0.0126587	0.0135699	0.0144674	0.0153503	0.0162177	0.0170688	0.0179027	0.0187185	0.0195155	0.0202929	0.0210497	0.0217854	0.0224992	0.0231903	0.023858	0.0245018	0.0251208	0.0257146	0.0262824	0.0268238	0.0273382	0.0278251	0.028284	0.0287144	0.0291158	0.029488	0.0298305	0.0301429	0.030425	0.0306765	0.0308971	0.0310866	0.0312448	0.0313715	0.0314666	0.0315301	0.0315618	0.0315617	0.0315299	0.0314663	0.031371	0.0312441	0.0310858	0.0308961	0.0306754	0.0304237	0.0301414	0.0298288	0.0294861	0.0291137	0.0287121	0.0282815	0.0278224	0.0273353	0.0268206	0.026279	0.0257109	0.0251169	0.0244976	0.0238537	0.0231857	0.0224944	0.0217804	0.0210445	0.0202874	0.0195099	0.0187128	0.0178968	0.0170629	0.0162117	0.0153443	0.0144614	0.0135639	0.0126529	0.0117291	0.0107935	0.00984704	0.00889071	0.00792545	0.00695224	0.00597205	0.00498587	0.00399469	0.00299952	0.00200134	0.00100116	0	
0	0.0010545	0.0021079	0.00315916	0.00420722	0.005251	0.00628947	0.00732158	0.00834629	0.00936256	0.0103694	0.0113657	0.0123506	0.013323	0.014282	0.0152266	0.0161559	0.0170688	0.0179646	0.0188422	0.0197009	0.0205397	0.0213578	0.0221544	0.0229287	0.0236799	0.0244073	0.0251101	0.0257876	0.0264391	0.027064	0.0276617	0.0282315	0.0287729	0.0292853	0.0297683	0.0302213	0.0306438	0.0310355	0.031396	0.0317248	0.0320217	0.0322864	0.0325186	0.032718	0.0328845	0.0330178	0.033118	0.0331848	0.0332181	0.0332181	0.0331845	0.0331176	0.0330173	0.0328838	0.0327171	0.0325175	0.0322852	0.0320203	0.0317233	0.0313942	0.0310335	0.0306416	0.0302189	0.0297657	0.0292825	0.0287698	0.0282282	0.0276581	0.0270602	0.026435	0.0257832	0.0251055	0.0244025	0.0236749	0.0229234	0.0221489	0.0213521	0.0205338	0.0196949	0.0188361	0.0179583	0.0170625	0.0161495	0.0152203	0.0142758	0.0133169	0.0123446	0.0113599	0.0103638	0.0093573	0.00834139	0.0073171	0.00628547	0.00524754	0.00420434	0.00315693	0.00210637	0.00105371	0	
0	0.00110601	0.00221088	0.0033135	0.00441275	0.00550753	0.00659674	0.00767927	0.00875404	0.00981996	0.010876	0.011921	0.012954	0.0139739	0.0149798	0.0159705	0.0169451	0.0179027	0.0188422	0.0197627	0.0206633	0.0215431	0.0224012	0.0232368	0.0240489	0.0248368	0.0255997	0.0263368	0.0270474	0.0277308	0.0283862	0.0290131	0.0296108	0.0301786	0.0307161	0.0312226	0.0316977	0.0321409	0.0325518	0.0329298	0.0332747	0.0335862	0.0338638	0.0341073	0.0343164	0.034491	0.0346309	0.034736	0.034806	0.034841	0.0348409	0.0348058	0.0347356	0.0346304	0.0344903	0.0343155	0.0341062	0.0338625	0.0335847	0.0332731	0.032928	0.0325497	0.0321387	0.0316952	0.0312199	0.0307131	0.0301754	0.0296073	0.0290094	0.0283823	0.0277265	0.0270429	0.0263321	0.0255947	0.0248315	0.0240434	0.023231	0.0223953	0.021537	0.0206571	0.0197563	0.0188357	0.0178961	0.0169385	0.0159639	0.0149732	0.0139675	0.0129477	0.0119149	0.0108702	0.00981447	0.00874892	0.00767459	0.00659256	0.00550391	0.00440975	0.00331117	0.00220928	0.00110519	0	
0	0.00115641	0.00231163	0.0034645	0.00461385	0.00575852	0.00689736	0.00802922	0.00915297	0.0102675	0.0113716	0.0124643	0.0135443	0.0146107	0.0156624	0.0166983	0.0177173	0.0187185	0.0197009	0.0206633	0.021605	0.0225249	0.0234221	0.0242957	0.0251448	0.0259687	0.0267663	0.027537	0.02828	0.0289945	0.0296799	0.0303353	0.0309602	0.0315539	0.0321159	0.0326455	0.0331423	0.0336056	0.0340352	0.0344305	0.0347911	0.0351167	0.035407	0.0356616	0.0358803	0.0360629	0.0362091	0.0363189	0.0363922	0.0364288	0.0364287	0.0363919	0.0363185	0.0362086	0.0360621	0.0358794	0.0356605	0.0354057	0.0351153	0.0347894	0.0344286	0.0340331	0.0336033	0.0331397	0.0326427	0.0321128	0.0315506	0.0309566	0.0303314	0.0296757	0.0289901	0.0282753	0.0275321	0.0267611	0.0259632	0.0251391	0.0242898	0.0234159	0.0225185	0.0215985	0.0206567	0.0196941	0.0187117	0.0177105	0.0166914	0.0156556	0.014604	0.0135378	0.0124579	0.0113655	0.0102617	0.00914764	0.00802435	0.00689301	0.00575475	0.00461072	0.00346207	0.00230997	0.00115556	0	
0	0.00120565	0.00241006	0.00361201	0.00481029	0.0060037	0.00719103	0.00837108	0.00954267	0.0107046	0.0118558	0.0129949	0.014121	0.0152328	0.0163293	0.0174093	0.0184717	0.0195155	0.0205397	0.0215431	0.0225249	0.0234839	0.0244193	0.0253302	0.0262154	0.0270743	0.027906	0.0287095	0.0294841	0.0302291	0.0309436	0.0316269	0.0322784	0.0328974	0.0334833	0.0340355	0.0345534	0.0350365	0.0354844	0.0358965	0.0362725	0.036612	0.0369146	0.03718	0.037408	0.0375984	0.0377509	0.0378654	0.0379417	0.0379799	0.0379798	0.0379415	0.0378649	0.0377503	0.0375976	0.0374071	0.0371789	0.0369132	0.0366104	0.0362707	0.0358945	0.0354822	0.0350341	0.0345507	0.0340325	0.0334801	0.032894	0.0322747	0.0316229	0.0309393	0.0302245	0.0294793	0.0287044	0.0279006	0.0270687	0.0262095	0.025324	0.024413	0.0234774	0.0225181	0.0215362	0.0205327	0.0195084	0.0184646	0.0174022	0.0163222	0.0152259	0.0141142	0.0129884	0.0118495	0.0106987	0.00953715	0.00836603	0.00718651	0.00599978	0.00480704	0.00360949	0.00240833	0.00120476	0	
0	0.00125367	0.00250605	0.00375588	0.00500189	0.00624283	0.00747745	0.00870451	0.00992277	0.011131	0.012328	0.0135126	0.0146835	0.0158396	0.0169797	0.0181027	0.0192075	0.0202929	0.0213578	0.0224012	0.0234221	0.0244193	0.025392	0.0263391	0.0272597	0.0281528	0.0290175	0.0298531	0.0306585	0.0314331	0.0321761	0.0328867	0.0335641	0.0342078	0.034817	0.0353912	0.0359297	0.0364321	0.0368978	0.0373263	0.0377173	0.0380703	0.038385	0.038661	0.0388981	0.039096	0.0392546	0.0393736	0.039453	0.0394927	0.0394926	0.0394528	0.0393732	0.039254	0.0390952	0.0388971	0.0386598	0.0383836	0.0380687	0.0377155	0.0373243	0.0368955	0.0364296	0.035927	0.0353882	0.0348137	0.0342042	0.0335603	0.0328825	0.0321717	0.0314284	0.0306535	0.0298478	0.0290119	0.0281469	0.0272535	0.0263327	0.0253854	0.0244125	0.0234151	0.0223941	0.0213506	0.0202855	0.0192001	0.0180953	0.0169724	0.0158324	0.0146764	0.0135058	0.0123215	0.0111249	0.00991705	0.00869928	0.00747277	0.00623878	0.00499853	0.00375327	0.00250426	0.00125275	0	
0	0.00130043	0.00259952	0.00389596	0.00518845	0.00647568	0.00775635	0.00902917	0.0102929	0.0115462	0.0127878	0.0140165	0.0152311	0.0164304	0.017613	0.0187779	0.0199239	0.0210497	0.0221544	0.0232368	0.0242957	0.0253302	0.0263391	0.0273215	0.0282764	0.0292028	0.0300998	0.0309665	0.0318021	0.0326056	0.0333762	0.0341133	0.034816	0.0354837	0.0361156	0.0367112	0.0372699	0.037791	0.038274	0.0387186	0.0391241	0.0394903	0.0398167	0.040103	0.0403489	0.0405543	0.0407187	0.0408422	0.0409246	0.0409658	0.0409657	0.0409243	0.0408418	0.0407181	0.0405534	0.0403479	0.0401018	0.0398153	0.0394886	0.0391223	0.0387165	0.0382717	0.0377884	0.037267	0.0367081	0.0361123	0.03548	0.0348121	0.034109	0.0333717	0.0326007	0.0317969	0.0309611	0.0300941	0.0291968	0.0282701	0.0273149	0.0263323	0.0253231	0.0242885	0.0232294	0.0221469	0.0210422	0.0199163	0.0187703	0.0176055	0.0164229	0.0152239	0.0140095	0.0127811	0.0115398	0.010287	0.00902376	0.00775151	0.00647149	0.00518498	0.00389327	0.00259767	0.00129948	0	
0	0.00134588	0.00269037	0.00403213	0.00536978	0.006702	0.00802743	0.00934474	0.0106526	0.0119497	0.0132347	0.0145064	0.0157635	0.0170046	0.0182286	0.0194342	0.0206202	0.0217854	0.0229287	0.0240489	0.0251448	0.0262154	0.0272597	0.0282764	0.0292647	0.0302235	0.0311518	0.0320488	0.0329136	0.0337451	0.0345427	0.0353056	0.0360329	0.0367239	0.0373779	0.0379943	0.0385725	0.0391118	0.0396117	0.0400718	0.0404915	0.0408705	0.0412083	0.0415046	0.0417592	0.0419717	0.0421419	0.0422697	0.0423549	0.0423975	0.0423975	0.0423547	0.0422692	0.0421413	0.0419708	0.0417581	0.0415034	0.0412069	0.0408688	0.0404896	0.0400697	0.0396094	0.0391092	0.0385696	0.0379911	0.0373744	0.0367201	0.0360288	0.0353012	0.0345381	0.0337401	0.0329082	0.0320432	0.0311459	0.0302173	0.0292582	0.0282696	0.0272526	0.0262082	0.0251374	0.0240413	0.022921	0.0217776	0.0206124	0.0194264	0.0182208	0.016997	0.015756	0.0144992	0.0132278	0.0119432	0.0106465	0.00933917	0.00802245	0.00669768	0.0053662	0.00402935	0.00268846	0.0013449	0	
0	0.00138997	0.00277852	0.00416423	0.00554571	0.00692157	0.00829043	0.00965089	0.0110016	0.0123412	0.0136683	0.0149817	0.0162799	0.0175617	0.0188258	0.0200709	0.0212958	0.0224992	0.0236799	0.0248368	0.0259687	0.0270743	0.0281528	0.0292028	0.0302235	0.0312137	0.0321725	0.0330989	0.0339919	0.0348507	0.0356745	0.0364623	0.0372134	0.0379271	0.0386025	0.0392391	0.0398362	0.0403932	0.0409096	0.0413847	0.0418182	0.0422096	0.0425584	0.0428645	0.0431273	0.0433468	0.0435226	0.0436546	0.0437427	0.0437866	0.0437866	0.0437424	0.0436541	0.043522	0.043346	0.0431263	0.0428632	0.042557	0.0422078	0.0418162	0.0413825	0.0409071	0.0403905	0.0398333	0.0392359	0.038599	0.0379232	0.0372092	0.0364578	0.0356697	0.0348456	0.0339865	0.0330931	0.0321664	0.0312073	0.0302168	0.0291959	0.0281456	0.0270669	0.025961	0.024829	0.023672	0.0224912	0.0212877	0.0200629	0.0188178	0.0175539	0.0162722	0.0149743	0.0136612	0.0123345	0.0109953	0.00964516	0.0082853	0.00691713	0.00554203	0.00416137	0.00277655	0.00138896	0	
0	0.00143267	0.00286386	0.00429214	0.00571605	0.00713417	0.00854507	0.00994733	0.0113395	0.0127203	0.0140882	0.0154419	0.01678	0.0181011	0.0194041	0.0206874	0.0219499	0.0231903	0.0244073	0.0255997	0.0267663	0.027906	0.0290175	0.0300998	0.0311518	0.0321725	0.0331607	0.0341155	0.035036	0.0359212	0.0367703	0.0375823	0.0383565	0.0390921	0.0397883	0.0404444	0.0410599	0.041634	0.0421662	0.0426559	0.0431027	0.0435061	0.0438657	0.0441811	0.0444521	0.0446783	0.0448595	0.0449956	0.0450863	0.0451317	0.0451316	0.045086	0.0449951	0.0448588	0.0446774	0.044451	0.0441799	0.0438642	0.0435044	0.0431007	0.0426537	0.0421637	0.0416312	0.0410568	0.0404411	0.0397846	0.0390881	0.0383522	0.0375777	0.0367654	0.035916	0.0350304	0.0341096	0.0331545	0.0321659	0.031145	0.0300927	0.0290101	0.0278984	0.0267585	0.0255917	0.0243992	0.0231821	0.0219417	0.0206792	0.0193959	0.0180931	0.0167721	0.0154342	0.0140809	0.0127134	0.0113331	0.00994145	0.00853982	0.00712962	0.00571227	0.0042892	0.00286184	0.00143163	0	
0	0.00147392	0.00294632	0.00441572	0.00588064	0.00733959	0.00879112	0.0102338	0.011666	0.0130865	0.0144938	0.0158865	0.0172631	0.0186223	0.0199628	0.0212831	0.0225819	0.023858	0.0251101	0.0263368	0.027537	0.0287095	0.0298531	0.0309665	0.0320488	0.0330989	0.0341155	0.0350979	0.0360449	0.0369556	0.0378291	0.0386645	0.039461	0.0402177	0.040934	0.041609	0.0422422	0.0428328	0.0433803	0.0438842	0.0443438	0.0447589	0.0451288	0.0454533	0.0457321	0.0459648	0.0461512	0.0462912	0.0463846	0.0464312	0.0464311	0.0463843	0.0462907	0.0461506	0.0459639	0.045731	0.045452	0.0451273	0.0447571	0.0443418	0.0438819	0.0433778	0.04283	0.0422391	0.0416056	0.0409303	0.0402137	0.0394566	0.0386598	0.037824	0.0369502	0.0360392	0.0350918	0.0341092	0.0330922	0.0320418	0.0309593	0.0298455	0.0287017	0.027529	0.0263286	0.0251018	0.0238496	0.0225735	0.0212746	0.0199544	0.0186141	0.0172551	0.0158787	0.0144864	0.0130795	0.0116595	0.0102277	0.00878573	0.00733492	0.00587676	0.00441272	0.00294426	0.00147286	0	
0	0.00151369	0.00302582	0.00453486	0.0060393	0.00753762	0.00902831	0.0105099	0.0119808	0.0134396	0.0148849	0.0163151	0.0177289	0.0191248	0.0205014	0.0218573	0.0231912	0.0245018	0.0257876	0.0270474	0.02828	0.0294841	0.0306585	0.0318021	0.0329136	0.0339919	0.035036	0.0360449	0.0370174	0.0379527	0.0388498	0.0397077	0.0405257	0.0413029	0.0420384	0.0427317	0.043382	0.0439885	0.0445508	0.0450683	0.0455403	0.0459665	0.0463465	0.0466798	0.046966	0.047205	0.0473965	0.0475402	0.0476361	0.047684	0.0476839	0.0476358	0.0475397	0.0473958	0.0472041	0.0469649	0.0466784	0.0463449	0.0459647	0.0455383	0.0450659	0.0445482	0.0439857	0.0433788	0.0427282	0.0420347	0.0412987	0.0405212	0.0397029	0.0388446	0.0379472	0.0370116	0.0360387	0.0350295	0.0339851	0.0329064	0.0317946	0.0306508	0.0294762	0.0282718	0.0270391	0.0257791	0.0244932	0.0231826	0.0218487	0.0204928	0.0191163	0.0177207	0.0163071	0.0148772	0.0134324	0.0119741	0.0105037	0.0090228	0.00753284	0.00603534	0.00453179	0.0030237	0.0015126	0	
0	0.00155193	0.00310226	0.00464944	0.00619189	0.00772806	0.00925641	0.0107754	0.0122835	0.0137792	0.015261	0.0167273	0.0181768	0.019608	0.0210194	0.0224096	0.0237772	0.0251208	0.0264391	0.0277308	0.0289945	0.0302291	0.0314331	0.0326056	0.0337451	0.0348507	0.0359212	0.0369556	0.0379527	0.0389116	0.0398313	0.040711	0.0415496	0.0423464	0.0431006	0.0438114	0.044478	0.0450999	0.0456764	0.046207	0.0466909	0.0471279	0.0475175	0.0478592	0.0481527	0.0483977	0.048594	0.0487414	0.0488397	0.0488888	0.0488887	0.0488394	0.0487409	0.0485933	0.0483968	0.0481516	0.0478578	0.0475159	0.0471261	0.0466889	0.0462046	0.0456738	0.045097	0.0444748	0.0438078	0.0430967	0.0423422	0.0415451	0.0407061	0.0398261	0.038906	0.0379468	0.0369493	0.0359146	0.0348438	0.0337379	0.032598	0.0314253	0.0302209	0.0289862	0.0277223	0.0264304	0.025112	0.0237683	0.0224007	0.0210106	0.0195994	0.0181684	0.0167192	0.0152532	0.0137718	0.0122766	0.0107691	0.00925078	0.00772318	0.00618784	0.00464629	0.0031001	0.00155082	0	
0	0.00158861	0.00317559	0.00475933	0.00633824	0.00791072	0.0094752	0.0110301	0.0125738	0.0141049	0.0156217	0.0171227	0.0186065	0.0200714	0.0215162	0.0229392	0.0243392	0.0257146	0.027064	0.0283862	0.0296799	0.0309436	0.0321761	0.0333762	0.0345427	0.0356745	0.0367703	0.0378291	0.0388498	0.0398313	0.0407728	0.0416732	0.0425317	0.0433473	0.0441193	0.0448469	0.0455294	0.046166	0.0467561	0.0472991	0.0477946	0.0482419	0.0486406	0.0489904	0.0492909	0.0495417	0.0497426	0.0498935	0.0499941	0.0500444	0.0500443	0.0499938	0.049893	0.0497419	0.0495408	0.0492897	0.048989	0.048639	0.04824	0.0477925	0.0472967	0.0467534	0.046163	0.0455261	0.0448433	0.0441154	0.0433431	0.0425271	0.0416683	0.0407675	0.0398257	0.0388437	0.0378227	0.0367635	0.0356674	0.0345353	0.0333685	0.0321681	0.0309353	0.0296714	0.0283776	0.0270552	0.0257056	0.0243302	0.0229303	0.0215073	0.0200627	0.0185979	0.0171144	0.0156137	0.0140973	0.0125668	0.0110237	0.00946945	0.00790574	0.0063341	0.00475612	0.00317338	0.00158748	0	
0	0.00162369	0.00324571	0.00486443	0.0064782	0.00808541	0.00968444	0.0112737	0.0128515	0.0144164	0.0159667	0.0175008	0.0190174	0.0205147	0.0219913	0.0234458	0.0248767	0.0262824	0.0276617	0.0290131	0.0303353	0.0316269	0.0328867	0.0341133	0.0353056	0.0364623	0.0375823	0.0386645	0.0397077	0.040711	0.0416732	0.0425935	0.043471	0.0443046	0.0450937	0.0458373	0.0465348	0.0471855	0.0477886	0.0483437	0.0488501	0.0493073	0.0497148	0.0500723	0.0503794	0.0506358	0.0508412	0.0509954	0.0510982	0.0511496	0.0511495	0.0510979	0.0509948	0.0508404	0.0506348	0.0503782	0.0500709	0.0497132	0.0493054	0.0488479	0.0483413	0.0477859	0.0471825	0.0465315	0.0458337	0.0450897	0.0443003	0.0434663	0.0425885	0.0416678	0.0407052	0.0397016	0.038658	0.0375755	0.0364551	0.035298	0.0341055	0.0328785	0.0316185	0.0303266	0.0290043	0.0276527	0.0262733	0.0248675	0.0234367	0.0219823	0.0205057	0.0190086	0.0174924	0.0159585	0.0144087	0.0128444	0.0112671	0.00967859	0.00808034	0.006474	0.00486116	0.00324347	0.00162254	0	
0	0.00165714	0.00331257	0.00496463	0.00661165	0.00825197	0.00988393	0.0115059	0.0131162	0.0147133	0.0162956	0.0178613	0.0194091	0.0209373	0.0224444	0.0239288	0.0253891	0.0268238	0.0282315	0.0296108	0.0309602	0.0322784	0.0335641	0.034816	0.0360329	0.0372134	0.0383565	0.039461	0.0405257	0.0415496	0.0425317	0.043471	0.0443665	0.0452173	0.0460226	0.0467816	0.0474934	0.0481575	0.0487731	0.0493396	0.0498564	0.050323	0.0507389	0.0511038	0.0514172	0.0516789	0.0518885	0.0520459	0.0521508	0.0522033	0.0522032	0.0521505	0.0520454	0.0518878	0.0516779	0.0514161	0.0511024	0.0507373	0.0503211	0.0498542	0.0493371	0.0487704	0.0481545	0.0474901	0.0467779	0.0460186	0.0452129	0.0443617	0.0434659	0.0425262	0.0415438	0.0405195	0.0394544	0.0383496	0.0372061	0.0360252	0.0348081	0.0335559	0.0322699	0.0309514	0.0296018	0.0282224	0.0268146	0.0253798	0.0239195	0.0224351	0.0209282	0.0194002	0.0178527	0.0162873	0.0147055	0.013109	0.0114992	0.00987798	0.00824681	0.00660737	0.00496131	0.00331029	0.00165597	0	
0	0.00168892	0.0033761	0.00505984	0.00673844	0.00841021	0.0100735	0.0117265	0.0133678	0.0149955	0.0166081	0.0182039	0.0197813	0.0213388	0.0228748	0.0243877	0.025876	0.0273382	0.0287729	0.0301786	0.0315539	0.0328974	0.0342078	0.0354837	0.0367239	0.0379271	0.0390921	0.0402177	0.0413029	0.0423464	0.0433473	0.0443046	0.0452173	0.0460844	0.0469052	0.0476787	0.0484043	0.0490811	0.0497084	0.0502858	0.0508125	0.0512881	0.051712	0.0520839	0.0524033	0.05267	0.0528836	0.053044	0.053151	0.0532044	0.0532043	0.0531507	0.0530435	0.0528829	0.052669	0.0524021	0.0520824	0.0517103	0.0512862	0.0508103	0.0502833	0.0497057	0.049078	0.0484009	0.047675	0.0469011	0.04608	0.0452125	0.0442995	0.0433418	0.0423405	0.0412966	0.040211	0.039085	0.0379197	0.0367161	0.0354756	0.0341994	0.0328888	0.031545	0.0301695	0.0287637	0.0273289	0.0258666	0.0243782	0.0228654	0.0213296	0.0197723	0.0181951	0.0165997	0.0149876	0.0133604	0.0117198	0.0100674	0.00840497	0.00673409	0.00505646	0.00337378	0.00168773	0	
0	0.00171899	0.00343622	0.00514995	0.00685844	0.00855999	0.0102529	0.0119354	0.0136058	0.0152625	0.0169038	0.0185281	0.0201336	0.0217188	0.0232821	0.024822	0.0263368	0.0278251	0.0292853	0.0307161	0.0321159	0.0334833	0.034817	0.0361156	0.0373779	0.0386025	0.0397883	0.040934	0.0420384	0.0431006	0.0441193	0.0450937	0.0460226	0.0469052	0.0477406	0.0485279	0.0492663	0.0499552	0.0505937	0.0511814	0.0517175	0.0522015	0.052633	0.0530115	0.0533366	0.053608	0.0538255	0.0539887	0.0540976	0.054152	0.0541519	0.0540973	0.0539882	0.0538247	0.0536071	0.0533354	0.0530101	0.0526313	0.0521996	0.0517153	0.0511789	0.050591	0.0499521	0.0492629	0.0485241	0.0477365	0.0469007	0.0460178	0.0450885	0.0441137	0.0430946	0.0420321	0.0409272	0.0397812	0.038595	0.0373701	0.0361075	0.0348085	0.0334745	0.0321069	0.0307069	0.029276	0.0278156	0.0263273	0.0248124	0.0232727	0.0217095	0.0201244	0.0185192	0.0168953	0.0152545	0.0135983	0.0119285	0.0102467	0.00855468	0.00685404	0.00514653	0.00343387	0.00171779	0	
0	0.00174734	0.00349289	0.00523487	0.00697154	0.00870115	0.0104219	0.0121322	0.0138302	0.0155142	0.0171826	0.0188336	0.0204656	0.022077	0.0236661	0.0252313	0.0267711	0.028284	0.0297683	0.0312226	0.0326455	0.0340355	0.0353912	0.0367112	0.0379943	0.0392391	0.0404444	0.041609	0.0427317	0.0438114	0.0448469	0.0458373	0.0467816	0.0476787	0.0485279	0.0493282	0.0500788	0.050779	0.0514281	0.0520254	0.0525704	0.0530624	0.053501	0.0538857	0.0542162	0.0544921	0.0547131	0.0548791	0.0549898	0.0550451	0.055045	0.0549895	0.0548786	0.0547124	0.0544911	0.054215	0.0538843	0.0534993	0.0530604	0.0525682	0.0520229	0.0514253	0.0507759	0.0500753	0.0493244	0.0485237	0.0476742	0.0467767	0.0458321	0.0448413	0.0438053	0.0427253	0.0416022	0.0404372	0.0392316	0.0379864	0.036703	0.0353826	0.0340266	0.0326364	0.0312133	0.0297588	0.0282744	0.0267615	0.0252217	0.0236565	0.0220675	0.0204564	0.0188246	0.017174	0.0155061	0.0138226	0.0121253	0.0104157	0.00869577	0.00696708	0.00523141	0.0034905	0.00174612	0	
0	0.00177393	0.00354604	0.00531453	0.00707762	0.00883355	0.0105805	0.0123168	0.0140406	0.0157503	0.017444	0.0191202	0.020777	0.0224129	0.0240262	0.0256153	0.0271785	0.0287144	0.0302213	0.0316977	0.0331423	0.0345534	0.0359297	0.0372699	0.0385725	0.0398362	0.0410599	0.0422422	0.043382	0.044478	0.0455294	0.0465348	0.0474934	0.0484043	0.0492663	0.0500788	0.0508409	0.0515517	0.0522107	0.0528171	0.0533704	0.0538699	0.0543151	0.0547057	0.0550412	0.0553213	0.0555457	0.0557142	0.0558266	0.0558827	0.0558826	0.0558263	0.0557137	0.055545	0.0553204	0.05504	0.0547043	0.0543134	0.0538679	0.0533681	0.0528146	0.0522079	0.0515486	0.0508374	0.050075	0.0492622	0.0483997	0.0474885	0.0465295	0.0455237	0.044472	0.0433755	0.0422353	0.0410526	0.0398286	0.0385645	0.0372615	0.0359211	0.0345444	0.033133	0.0316883	0.0302117	0.0287046	0.0271687	0.0256055	0.0240165	0.0224033	0.0207677	0.0191111	0.0174353	0.0157421	0.014033	0.0123098	0.0105743	0.00882811	0.00707311	0.00531102	0.00354362	0.00177269	0	
0	0.00179873	0.00359561	0.00538883	0.00717658	0.00895705	0.0107285	0.012489	0.014237	0.0159705	0.0176879	0.0193875	0.0210675	0.0227263	0.0243621	0.0259734	0.0275585	0.0291158	0.0306438	0.0321409	0.0336056	0.0350365	0.0364321	0.037791	0.0391118	0.0403932	0.041634	0.0428328	0.0439885	0.0450999	0.046166	0.0471855	0.0481575	0.0490811	0.0499552	0.050779	0.0515517	0.0522725	0.0529407	0.0535556	0.0541166	0.0546231	0.0550746	0.0554706	0.0558108	0.0560949	0.0563224	0.0564932	0.0566072	0.0566641	0.056664	0.0566069	0.0564927	0.0563216	0.0560939	0.0558096	0.0554692	0.0550729	0.0546211	0.0541144	0.0535531	0.0529379	0.0522694	0.0515482	0.0507752	0.049951	0.0490765	0.0481526	0.0471801	0.0461602	0.0450938	0.043982	0.0428259	0.0416267	0.0403855	0.0391037	0.0377826	0.0364233	0.0350275	0.0335963	0.0321314	0.0306341	0.029106	0.0275486	0.0259635	0.0243523	0.0227166	0.0210581	0.0193784	0.0176792	0.0159622	0.0142292	0.0124819	0.0107221	0.00895156	0.00717201	0.00538529	0.00359318	0.00179748	0	
0	0.00182172	0.00364157	0.00545771	0.00726831	0.00907154	0.0108656	0.0126487	0.0144189	0.0161746	0.017914	0.0196353	0.0213368	0.0230168	0.0246735	0.0263054	0.0279108	0.029488	0.0310355	0.0325518	0.0340352	0.0354844	0.0368978	0.038274	0.0396117	0.0409096	0.0421662	0.0433803	0.0445508	0.0456764	0.0467561	0.0477886	0.0487731	0.0497084	0.0505937	0.0514281	0.0522107	0.0529407	0.0536175	0.0542402	0.0548084	0.0553213	0.0557786	0.0561797	0.0565243	0.0568119	0.0570424	0.0572154	0.0573308	0.0573885	0.0573884	0.0573305	0.0572148	0.0570416	0.0568109	0.0565231	0.0561783	0.0557769	0.0553194	0.0548061	0.0542377	0.0536146	0.0529376	0.0522072	0.0514243	0.0505895	0.0497038	0.0487681	0.0477833	0.0467503	0.0456703	0.0445442	0.0433734	0.0421588	0.0409018	0.0396036	0.0382656	0.036889	0.0354753	0.0340258	0.0325422	0.0310257	0.0294781	0.0279008	0.0262955	0.0246636	0.023007	0.0213273	0.0196261	0.0179052	0.0161663	0.0144111	0.0126415	0.0108592	0.00906599	0.0072637	0.00545414	0.00363911	0.00182046	0	
0	0.00184288	0.00368387	0.0055211	0.00735272	0.0091769	0.0109918	0.0127956	0.0145864	0.0163625	0.0181221	0.0198634	0.0215846	0.0232841	0.0249601	0.0266109	0.0282349	0.0298305	0.031396	0.0329298	0.0344305	0.0358965	0.0373263	0.0387186	0.0400718	0.0413847	0.0426559	0.0438842	0.0450683	0.046207	0.0472991	0.0483437	0.0493396	0.0502858	0.0511814	0.0520254	0.0528171	0.0535556	0.0542402	0.0548702	0.055445	0.0559639	0.0564265	0.0568322	0.0571808	0.0574718	0.0577049	0.0578799	0.0579967	0.058055	0.0580549	0.0579964	0.0578794	0.0577042	0.0574708	0.0571796	0.0568308	0.0564248	0.0559619	0.0554427	0.0548677	0.0542374	0.0535524	0.0528136	0.0520216	0.0511771	0.0502812	0.0493346	0.0483383	0.0472933	0.0462008	0.0450616	0.0438772	0.0426485	0.0413769	0.0400636	0.03871	0.0373175	0.0358873	0.0344211	0.0329202	0.0313861	0.0298205	0.0282249	0.0266009	0.0249501	0.0232743	0.021575	0.0198541	0.0181132	0.016354	0.0145785	0.0127883	0.0109853	0.0091713	0.00734808	0.00551749	0.00368139	0.00184161	0	
