0	0	0	0	0	0	0	0	0	0	0	0	0	0	0	0	0	0	0	0	0	0	0	0	0	0	0	0	0	0	0	0	0	0	0	0	0	0	0	0	0	0	0	0	0	0	0	0	0	0	0	0	0	0	0	0	0	0	0	0	0	0	0	0	0	0	0	0	0	0	0	0	0	0	0	0	0	0	0	0	0	0	0	0	0	0	0	0	0	0	0	0	0	0	0	0	0	0	0	0	
0	5.2098e-05	0.000104142	0.000156079	0.000207858	0.000259425	0.000310729	0.000361718	0.000412341	0.000462547	0.000512285	0.000561505	0.000610158	0.000658195	0.000705567	0.000752228	0.000798129	0.000843225	0.000887471	0.000930822	0.000973235	0.00101467	0.00105508	0.00109442	0.00113266	0.00116977	0.00120569	0.0012404	0.00127386	0.00130603	0.00133689	0.00136641	0.00139454	0.00142128	0.00144658	0.00147042	0.00149279	0.00151365	0.00153299	0.00155078	0.00156701	0.00158166	0.00159473	0.00160618	0.00161602	0.00162423	0.00163081	0.00163574	0.00163903	0.00164066	0.00164065	0.00163898	0.00163566	0.0016307	0.00162409	0.00161585	0.00160598	0.00159449	0.0015814	0.00156672	0.00155045	0.00153263	0.00151327	0.00149238	0.00146998	0.00144611	0.00142078	0.00139403	0.00136586	0.00133633	0.00130545	0.00127325	0.00123977	0.00120505	0.00116911	0.00113199	0.00109374	0.00105439	0.00101397	0.000972536	0.000930123	0.000886774	0.000842534	0.000797447	0.000751559	0.000704915	0.000657562	0.00060955	0.000560925	0.000511737	0.000462036	0.000411871	0.000361293	0.000310354	0.000259103	0.000207593	0.000155876	0.000104003	5.20273e-05	0	
0	0.000104142	0.000208176	0.000311997	0.0004155	0.000518581	0.000621136	0.000723061	0.000824254	0.000924614	0.00102404	0.00112243	0.00121968	0.00131571	0.0014104	0.00150368	0.00159543	0.00168558	0.00177402	0.00186068	0.00194546	0.00202828	0.00210906	0.00218771	0.00226416	0.00233832	0.00241013	0.00247951	0.00254639	0.00261071	0.0026724	0.0027314	0.00278764	0.00284108	0.00289166	0.00293933	0.00298403	0.00302573	0.00306439	0.00309996	0.0031324	0.0031617	0.0031878	0.0032107	0.00323037	0.00324678	0.00325993	0.00326979	0.00327636	0.00327963	0.0032796	0.00327627	0.00326963	0.00325971	0.0032465	0.00323003	0.0032103	0.00318734	0.00316117	0.00313181	0.00309931	0.00306368	0.00302497	0.00298321	0.00293845	0.00289073	0.0028401	0.00278661	0.00273032	0.00267127	0.00260954	0.00254518	0.00247826	0.00240885	0.00233701	0.00226282	0.00218635	0.00210768	0.0020269	0.00194407	0.00185929	0.00177263	0.0016842	0.00159407	0.00150234	0.0014091	0.00131445	0.00121847	0.00112127	0.00102295	0.000923596	0.000823318	0.000722215	0.000620388	0.000517939	0.000414973	0.000311592	0.0002079	0.000104001	0	
0	0.000156079	0.000311997	0.000467595	0.000622717	0.000777206	0.000930907	0.00108366	0.00123533	0.00138574	0.00153475	0.0016822	0.00182796	0.00197188	0.0021138	0.00225359	0.0023911	0.00252621	0.00265876	0.00278864	0.0029157	0.00303983	0.00316089	0.00327876	0.00339333	0.00350449	0.00361211	0.00371609	0.00381633	0.00391273	0.00400518	0.0040936	0.0041779	0.00425799	0.00433379	0.00440523	0.00447223	0.00453473	0.00459266	0.00464597	0.00469459	0.0047385	0.00477763	0.00481195	0.00484142	0.00486602	0.00488572	0.0049005	0.00491035	0.00491525	0.0049152	0.00491021	0.00490027	0.00488539	0.0048656	0.00484091	0.00481134	0.00477693	0.00473771	0.00469371	0.004645	0.0045916	0.00453358	0.004471	0.00440392	0.0043324	0.00425652	0.00417635	0.00409198	0.0040035	0.00391098	0.00381452	0.00371423	0.00361019	0.00350253	0.00339133	0.00327673	0.00315883	0.00303775	0.00291362	0.00278655	0.00265669	0.00252415	0.00238907	0.00225159	0.00211185	0.00196999	0.00182615	0.00168048	0.00153311	0.00138421	0.00123393	0.0010824	0.000929789	0.000776248	0.00062193	0.00046699	0.000311584	0.000155869	0	
0	0.000207858	0.0004155	0.000622717	0.0008293	0.00103504	0.00123973	0.00144316	0.00164514	0.00184545	0.00204389	0.00224027	0.00243438	0.00262604	0.00281504	0.00300121	0.00318434	0.00336427	0.0035408	0.00371376	0.00388297	0.00404828	0.0042095	0.00436648	0.00451906	0.00466709	0.00481041	0.00494889	0.00508238	0.00521076	0.00533388	0.00545164	0.0055639	0.00567056	0.00577151	0.00586665	0.00595587	0.00603911	0.00611626	0.00618725	0.00625201	0.00631048	0.00636259	0.00640829	0.00644755	0.00648031	0.00650654	0.00652623	0.00653934	0.00654587	0.00654581	0.00653915	0.00652592	0.00650611	0.00647975	0.00644686	0.00640749	0.00636166	0.00630943	0.00625084	0.00618596	0.00611485	0.00603759	0.00595424	0.0058649	0.00576966	0.00566861	0.00556185	0.00544949	0.00533165	0.00520843	0.00507998	0.00494641	0.00480787	0.00466448	0.0045164	0.00436378	0.00420677	0.00404552	0.0038802	0.00371099	0.00353804	0.00336153	0.00318164	0.00299856	0.00281246	0.00262353	0.00243197	0.00223797	0.00204172	0.00184343	0.00164328	0.00144148	0.00123825	0.00103377	0.000828254	0.000621913	0.000414952	0.000207578	0	
0	0.000259425	0.000518581	0.000777206	0.00103504	0.00129182	0.00154729	0.0018012	0.00205328	0.00230328	0.00255096	0.00279605	0.00303833	0.00327753	0.00351343	0.00374578	0.00397435	0.00419891	0.00441924	0.00463511	0.0048463	0.00505262	0.00525384	0.00544976	0.0056402	0.00582495	0.00600383	0.00617666	0.00634328	0.0065035	0.00665717	0.00680414	0.00694425	0.00707737	0.00720337	0.00732211	0.00743347	0.00753736	0.00763365	0.00772225	0.00780308	0.00787605	0.00794109	0.00799814	0.00804713	0.00808802	0.00812076	0.00814533	0.0081617	0.00816985	0.00816977	0.00816146	0.00814494	0.00812022	0.00808732	0.00804628	0.00799713	0.00793994	0.00787474	0.00780162	0.00772065	0.0076319	0.00753546	0.00743144	0.00731994	0.00720107	0.00707494	0.0069417	0.00680147	0.00665438	0.00650061	0.00634028	0.00617358	0.00600066	0.0058217	0.00563689	0.0054464	0.00525043	0.00504918	0.00484285	0.00463165	0.0044158	0.0041955	0.00397098	0.00374248	0.00351021	0.00327441	0.00303533	0.0027932	0.00254826	0.00230077	0.00205097	0.00179911	0.00154545	0.00129024	0.00103374	0.000776206	0.000517899	0.000259077	0	
0	0.000310729	0.000621136	0.000930907	0.00123973	0.00154729	0.00185329	0.00215741	0.00245934	0.00275878	0.00305544	0.00334901	0.00363919	0.0039257	0.00420825	0.00448655	0.00476032	0.00502929	0.00529319	0.00555175	0.00580472	0.00605183	0.00629285	0.00652752	0.00675561	0.0069769	0.00719116	0.00739818	0.00759774	0.00778965	0.00797371	0.00814974	0.00831757	0.00847701	0.00862793	0.00877015	0.00890354	0.00902796	0.0091433	0.00924943	0.00934624	0.00943364	0.00951155	0.00957987	0.00963855	0.00968753	0.00972675	0.00975618	0.00977578	0.00978554	0.00978545	0.0097755	0.00975571	0.0097261	0.00968669	0.00963753	0.00957867	0.00951016	0.00943208	0.0093445	0.00924751	0.00914121	0.0090257	0.00890111	0.00876756	0.00862518	0.00847411	0.00831452	0.00814655	0.00797038	0.00778619	0.00759416	0.00739449	0.00718737	0.00697303	0.00675166	0.0065235	0.00628878	0.00604773	0.0058006	0.00554763	0.00528908	0.00502522	0.0047563	0.0044826	0.0042044	0.00392198	0.00363561	0.00334559	0.00305222	0.00275578	0.00245658	0.00215491	0.00185108	0.0015454	0.00123818	0.000929713	0.000620322	0.000310314	0	
0	0.000361718	0.000723061	0.00108366	0.00144316	0.0018012	0.00215741	0.00251143	0.00286291	0.00321149	0.00355682	0.00389857	0.00423637	0.00456989	0.00489881	0.00522277	0.00554147	0.00585458	0.00616179	0.00646278	0.00675725	0.00704492	0.00732548	0.00759866	0.00786419	0.00812179	0.00837121	0.00861219	0.0088445	0.00906791	0.00928217	0.00948709	0.00968246	0.00986807	0.0100437	0.0102093	0.0103646	0.0105094	0.0106437	0.0107672	0.0108799	0.0109817	0.0110724	0.0111519	0.0112202	0.0112772	0.0113229	0.0113571	0.01138	0.0113913	0.0113912	0.0113796	0.0113566	0.0113221	0.0112763	0.011219	0.0111505	0.0110708	0.0109799	0.0108779	0.010765	0.0106413	0.0105068	0.0103618	0.0102063	0.0100406	0.0098647	0.00967891	0.00948338	0.00927831	0.00906389	0.00884035	0.00860791	0.00836681	0.00811729	0.0078596	0.007594	0.00732076	0.00704016	0.00675247	0.00645799	0.00615702	0.00584985	0.00553681	0.0052182	0.00489434	0.00456557	0.00423221	0.0038946	0.00355308	0.003208	0.0028597	0.00250853	0.00215485	0.001799	0.00144136	0.00108228	0.000722117	0.000361236	0	
0	0.000412341	0.000824254	0.00123533	0.00164514	0.00205328	0.00245934	0.00286291	0.00326358	0.00366094	0.00405461	0.00444418	0.00482926	0.00520946	0.00558441	0.00595371	0.00631702	0.00667395	0.00702415	0.00736726	0.00770295	0.00803088	0.00835071	0.00866212	0.00896481	0.00925846	0.00954279	0.0098175	0.0100823	0.010337	0.0105812	0.0108148	0.0110375	0.0112491	0.0114494	0.0116381	0.0118151	0.0119803	0.0121333	0.0122741	0.0124026	0.0125186	0.012622	0.0127127	0.0127905	0.0128555	0.0129076	0.0129466	0.0129726	0.0129856	0.0129855	0.0129723	0.012946	0.0129067	0.0128544	0.0127892	0.0127111	0.0126202	0.0125165	0.0124003	0.0122716	0.0121306	0.0119773	0.0118119	0.0116347	0.0114458	0.0112453	0.0110335	0.0108106	0.0105768	0.0103324	0.0100776	0.00981263	0.00953779	0.00925334	0.00895959	0.00865682	0.00834534	0.00802546	0.00769751	0.00736182	0.00701872	0.00666857	0.00631171	0.00594851	0.00557933	0.00520454	0.00482453	0.00443967	0.00405036	0.00365698	0.00325993	0.00285961	0.00245643	0.00205078	0.00164309	0.00123375	0.000823181	0.000411794	0	
0	0.000462547	0.000924614	0.00138574	0.00184545	0.00230328	0.00275878	0.00321149	0.00366094	0.00410669	0.00454829	0.0049853	0.00541726	0.00584376	0.00626436	0.00667863	0.00708617	0.00748656	0.0078794	0.00826429	0.00864086	0.00900871	0.00936748	0.00971681	0.0100564	0.0103858	0.0107047	0.0110129	0.0113099	0.0115956	0.0118696	0.0121317	0.0123815	0.0126188	0.0128435	0.0130552	0.0132538	0.013439	0.0136107	0.0137686	0.0139128	0.0140429	0.0141588	0.0142606	0.0143479	0.0144208	0.0144792	0.014523	0.0145522	0.0145667	0.0145666	0.0145518	0.0145223	0.0144782	0.0144196	0.0143464	0.0142588	0.0141568	0.0140406	0.0139102	0.0137658	0.0136076	0.0134356	0.0132502	0.0130514	0.0128394	0.0126145	0.012377	0.0121269	0.0118647	0.0115905	0.0113047	0.0110074	0.0106991	0.01038	0.0100505	0.00971088	0.00936147	0.00900265	0.00863477	0.0082582	0.00787333	0.00748054	0.00708024	0.00667281	0.00625868	0.00583826	0.00541198	0.00498026	0.00454354	0.00410226	0.00365686	0.0032078	0.00275553	0.00230049	0.00184316	0.00138398	0.000923414	0.000461935	0	
0	0.000512285	0.00102404	0.00153475	0.00204389	0.00255096	0.00305544	0.00355682	0.00405461	0.00454829	0.00503738	0.00552137	0.00599979	0.00647215	0.00693797	0.0073968	0.00784816	0.0082916	0.00872669	0.00915297	0.00957003	0.00997744	0.0103748	0.0107617	0.0111377	0.0115026	0.0118558	0.0121971	0.0125261	0.0128425	0.013146	0.0134362	0.0137129	0.0139758	0.0142246	0.0144591	0.014679	0.0148841	0.0150743	0.0152492	0.0154088	0.0155529	0.0156814	0.015794	0.0158908	0.0159715	0.0160362	0.0160847	0.016117	0.0161331	0.016133	0.0161166	0.0160839	0.0160351	0.0159702	0.0158891	0.0157921	0.0156791	0.0155504	0.015406	0.0152461	0.0150708	0.0148804	0.014675	0.0144548	0.0142201	0.013971	0.0137079	0.013431	0.0131406	0.0128369	0.0125203	0.0121911	0.0118496	0.0114962	0.0111313	0.0107551	0.0103682	0.00997074	0.0095633	0.00914624	0.00871999	0.00828496	0.00784161	0.00739037	0.0069317	0.00646607	0.00599395	0.00551581	0.00503213	0.0045434	0.00405011	0.00355276	0.00305184	0.00254788	0.00204136	0.0015328	0.00102271	0.000511609	0	
0	0.000561505	0.00112243	0.0016822	0.00224027	0.00279605	0.00334901	0.00389857	0.00444418	0.0049853	0.00552137	0.00605187	0.00657625	0.007094	0.00760458	0.00810749	0.00860222	0.00908827	0.00956516	0.0100324	0.0104895	0.0109361	0.0113716	0.0117957	0.0122079	0.0126078	0.0129949	0.013369	0.0137297	0.0140765	0.0144091	0.0147272	0.0150304	0.0153186	0.0155913	0.0158483	0.0160894	0.0163142	0.0165226	0.0167144	0.0168894	0.0170473	0.0171881	0.0173116	0.0174176	0.0175061	0.017577	0.0176302	0.0176656	0.0176832	0.0176831	0.0176651	0.0176293	0.0175758	0.0175046	0.0174158	0.0173094	0.0171856	0.0170445	0.0168863	0.016711	0.0165189	0.0163102	0.016085	0.0158437	0.0155864	0.0153134	0.015025	0.0147215	0.0144031	0.0140703	0.0137233	0.0133625	0.0129882	0.0126008	0.0122008	0.0117885	0.0113644	0.0109288	0.0104822	0.010025	0.00955783	0.00908101	0.00859505	0.00810046	0.00759773	0.00708736	0.00656987	0.00604579	0.00551563	0.00497994	0.00443926	0.00389412	0.00334508	0.00279269	0.0022375	0.00168008	0.00112098	0.000560767	0	
0	0.000610158	0.00121968	0.00182796	0.00243438	0.00303833	0.00363919	0.00423637	0.00482926	0.00541726	0.00599979	0.00657625	0.00714608	0.00770868	0.00826351	0.00880999	0.00934759	0.00987576	0.010394	0.0109017	0.0113984	0.0118837	0.012357	0.0128178	0.0132657	0.0137002	0.0141209	0.0145274	0.0149193	0.0152962	0.0156576	0.0160033	0.0163328	0.0166459	0.0169423	0.0172216	0.0174835	0.0177278	0.0179543	0.0181627	0.0183528	0.0185244	0.0186774	0.0188116	0.0189268	0.019023	0.0191	0.0191578	0.0191963	0.0192155	0.0192153	0.0191958	0.0191569	0.0190988	0.0190214	0.0189249	0.0188093	0.0186748	0.0185214	0.0183494	0.018159	0.0179503	0.0177235	0.0174788	0.0172165	0.016937	0.0166403	0.0163269	0.0159971	0.0156512	0.0152895	0.0149124	0.0145203	0.0141136	0.0136927	0.013258	0.01281	0.0123491	0.0118758	0.0113905	0.0108937	0.010386	0.00986789	0.00933983	0.00880238	0.00825608	0.00770149	0.00713916	0.00656966	0.00599357	0.00541146	0.00482393	0.00423155	0.00363494	0.00303468	0.00243139	0.00182566	0.00121812	0.000609358	0	
0	0.000658195	0.00131571	0.00197188	0.00262604	0.00327753	0.0039257	0.00456989	0.00520946	0.00584376	0.00647215	0.007094	0.00770868	0.00831558	0.00891409	0.0095036	0.0100835	0.0106533	0.0112123	0.01176	0.0122958	0.0128193	0.0133298	0.0138269	0.0143101	0.0147788	0.0152327	0.0156712	0.0160939	0.0165004	0.0168903	0.0172632	0.0176187	0.0179565	0.0182761	0.0185774	0.01886	0.0191235	0.0193679	0.0195927	0.0197977	0.0199829	0.0201479	0.0202926	0.020417	0.0205207	0.0206038	0.0206661	0.0207076	0.0207283	0.0207281	0.0207071	0.0206652	0.0206024	0.020519	0.0204148	0.0202901	0.020145	0.0199796	0.0197941	0.0195887	0.0193635	0.0191188	0.0188549	0.018572	0.0182704	0.0179504	0.0176124	0.0172566	0.0168834	0.0164932	0.0160865	0.0156635	0.0152248	0.0147708	0.0143019	0.0138186	0.0133214	0.0128108	0.0122873	0.0117514	0.0112037	0.0106448	0.0100752	0.00949541	0.0089061	0.00830784	0.00770124	0.00708691	0.00646546	0.00583752	0.00520373	0.00456471	0.00392112	0.00327361	0.00262282	0.0019694	0.00131402	0.000657335	0	
0	0.000705567	0.0014104	0.0021138	0.00281504	0.00351343	0.00420825	0.00489881	0.00558441	0.00626436	0.00693797	0.00760458	0.00826351	0.00891409	0.00955567	0.0101876	0.0108093	0.01142	0.0120193	0.0126064	0.0131808	0.0137419	0.0142892	0.0148221	0.01534	0.0158425	0.016329	0.0167991	0.0172523	0.0176881	0.018106	0.0185057	0.0188868	0.0192489	0.0195916	0.0199145	0.0202174	0.0205	0.0207619	0.0210028	0.0212227	0.0214212	0.0215981	0.0217532	0.0218865	0.0219977	0.0220867	0.0221536	0.0221981	0.0222203	0.02222	0.0221975	0.0221525	0.0220853	0.0219958	0.0218842	0.0217505	0.021595	0.0214177	0.0212188	0.0209986	0.0207572	0.0204949	0.020212	0.0199088	0.0195855	0.0192424	0.01888	0.0184986	0.0180986	0.0176804	0.0172443	0.0167909	0.0163206	0.0158339	0.0153313	0.0148132	0.0142802	0.0137328	0.0131717	0.0125972	0.0120101	0.011411	0.0108003	0.0101789	0.00954713	0.00890582	0.00825555	0.007597	0.00693082	0.00625769	0.00557827	0.00489327	0.00420336	0.00350923	0.0028116	0.00211115	0.0014086	0.000704648	0	
0	0.000752228	0.00150368	0.00225359	0.00300121	0.00374578	0.00448655	0.00522277	0.00595371	0.00667863	0.0073968	0.00810749	0.00880999	0.0095036	0.0101876	0.0108613	0.0115241	0.0121753	0.0128141	0.0134401	0.0140525	0.0146507	0.0152342	0.0158023	0.0163545	0.0168902	0.0174089	0.0179101	0.0183932	0.0188578	0.0193034	0.0197296	0.0201359	0.0205219	0.0208872	0.0212315	0.0215545	0.0218557	0.0221349	0.0223918	0.0226262	0.0228378	0.0230264	0.0231918	0.0233339	0.0234525	0.0235474	0.0236187	0.0236661	0.0236898	0.0236895	0.0236655	0.0236176	0.0235459	0.0234505	0.0233315	0.023189	0.0230231	0.0228341	0.0226221	0.0223873	0.02213	0.0218503	0.0215487	0.0212254	0.0208807	0.020515	0.0201287	0.019722	0.0192956	0.0188496	0.0183848	0.0179014	0.0174	0.0168811	0.0163452	0.0157928	0.0152246	0.014641	0.0140428	0.0134304	0.0128044	0.0121656	0.0115146	0.010852	0.0101785	0.0094948	0.00880154	0.00809943	0.0073892	0.00667154	0.0059472	0.00521689	0.00448135	0.00374132	0.00299755	0.00225078	0.00150176	0.000751251	0	
0	0.000798129	0.00159543	0.0023911	0.00318434	0.00397435	0.00476032	0.00554147	0.00631702	0.00708617	0.00784816	0.00860222	0.00934759	0.0100835	0.0108093	0.0115241	0.0122273	0.0129182	0.0135961	0.0142602	0.01491	0.0155447	0.0161638	0.0167666	0.0173525	0.0179209	0.0184713	0.019003	0.0195156	0.0200086	0.0204814	0.0209335	0.0213646	0.0217742	0.0221618	0.0225271	0.0228698	0.0231894	0.0234856	0.0237582	0.0240069	0.0242314	0.0244315	0.0246071	0.0247578	0.0248836	0.0249843	0.0250599	0.0251103	0.0251354	0.0251351	0.0251096	0.0250588	0.0249827	0.0248815	0.0247552	0.0246041	0.0244281	0.0242275	0.0240026	0.0237534	0.0234804	0.0231837	0.0228637	0.0225207	0.0221549	0.0217669	0.021357	0.0209255	0.020473	0.0199999	0.0195067	0.0189938	0.0184618	0.0179112	0.0173426	0.0167566	0.0161537	0.0155345	0.0148997	0.0142499	0.0135858	0.012908	0.0122173	0.0115143	0.0107997	0.0100742	0.00933864	0.00859369	0.00784012	0.00707867	0.00631012	0.00553524	0.00475482	0.00396963	0.00318047	0.00238813	0.0015934	0.000797095	0	
0	0.000843225	0.00168558	0.00252621	0.00336427	0.00419891	0.00502929	0.00585458	0.00667395	0.00748656	0.0082916	0.00908827	0.00987576	0.0106533	0.01142	0.0121753	0.0129182	0.0136481	0.0143643	0.015066	0.0157525	0.0164231	0.0170771	0.017714	0.018333	0.0189335	0.019515	0.0200768	0.0206183	0.0211391	0.0216386	0.0221163	0.0225718	0.0230045	0.023414	0.0238	0.024162	0.0244997	0.0248127	0.0251007	0.0253634	0.0256006	0.025812	0.0259975	0.0261567	0.0262896	0.0263961	0.0264759	0.0265291	0.0265556	0.0265554	0.0265284	0.0264747	0.0263944	0.0262874	0.026154	0.0259943	0.0258084	0.0255965	0.0253588	0.0250956	0.0248072	0.0244937	0.0241556	0.0237932	0.0234068	0.0229968	0.0225637	0.0221079	0.0216299	0.02113	0.0206089	0.020067	0.019505	0.0189233	0.0183226	0.0177034	0.0170664	0.0164123	0.0157416	0.0150551	0.0143535	0.0136374	0.0129076	0.0121649	0.0114099	0.0106435	0.00986633	0.00907929	0.00828313	0.00747866	0.00666668	0.00584802	0.00502349	0.00419394	0.00336019	0.00252307	0.00168344	0.000842136	0	
0	0.000887471	0.00177402	0.00265876	0.0035408	0.00441924	0.00529319	0.00616179	0.00702415	0.0078794	0.00872669	0.00956516	0.010394	0.0112123	0.0120193	0.0128141	0.0135961	0.0143643	0.015118	0.0158565	0.0165791	0.0172849	0.0179732	0.0186435	0.019295	0.019927	0.020539	0.0211303	0.0217002	0.0222484	0.0227741	0.0232769	0.0237562	0.0242116	0.0246427	0.0250489	0.0254299	0.0257853	0.0261147	0.0264178	0.0266943	0.026944	0.0271665	0.0273617	0.0275293	0.0276692	0.0277812	0.0278652	0.0279212	0.0279491	0.0279489	0.0279205	0.027864	0.0277794	0.0276668	0.0275264	0.0273583	0.0271627	0.0269397	0.0266895	0.0264125	0.0261089	0.025779	0.0254232	0.0250417	0.0246351	0.0242036	0.0237478	0.023268	0.0227649	0.0222388	0.0216903	0.0211201	0.0205285	0.0199163	0.019284	0.0186324	0.017962	0.0172735	0.0165677	0.0158451	0.0151067	0.014353	0.013585	0.0128032	0.0120086	0.011202	0.0103841	0.00955573	0.00871779	0.0078711	0.00701652	0.0061549	0.00528711	0.00441402	0.00353651	0.00265547	0.00177178	0.000886328	0	
0	0.000930822	0.00186068	0.00278864	0.00371376	0.00463511	0.00555175	0.00646278	0.00736726	0.00826429	0.00915297	0.0100324	0.0109017	0.01176	0.0126064	0.0134401	0.0142602	0.015066	0.0158565	0.0166311	0.0173889	0.0181292	0.0188512	0.0195542	0.0202375	0.0209004	0.0215423	0.0221624	0.0227603	0.0233352	0.0238866	0.0244139	0.0249167	0.0253943	0.0258464	0.0262725	0.0266721	0.0270449	0.0273904	0.0277083	0.0279983	0.0282602	0.0284936	0.0286983	0.0288741	0.0290208	0.0291383	0.0292264	0.0292852	0.0293144	0.0293142	0.0292844	0.0292251	0.0291364	0.0290184	0.0288711	0.0286948	0.0284896	0.0282557	0.0279933	0.0277028	0.0273843	0.0270383	0.0266651	0.026265	0.0258385	0.0253859	0.0249079	0.0244047	0.023877	0.0233252	0.0227499	0.0221518	0.0215313	0.0208892	0.0202261	0.0195426	0.0188394	0.0181173	0.017377	0.0166192	0.0158447	0.0150542	0.0142486	0.0134287	0.0125953	0.0117492	0.0108913	0.0100225	0.00914366	0.00825562	0.00735928	0.00645557	0.00554539	0.00462965	0.00370928	0.0027852	0.00185834	0.000929627	0	
0	0.000973235	0.00194546	0.0029157	0.00388297	0.0048463	0.00580472	0.00675725	0.00770295	0.00864086	0.00957003	0.0104895	0.0113984	0.0122958	0.0131808	0.0140525	0.01491	0.0157525	0.0165791	0.0173889	0.0181813	0.0189553	0.0197102	0.0204452	0.0211597	0.0218528	0.0225239	0.0231723	0.0237974	0.0243985	0.024975	0.0255264	0.026052	0.0265515	0.0270242	0.0274696	0.0278875	0.0282772	0.0286384	0.0289709	0.0292741	0.0295479	0.0297919	0.0300059	0.0301897	0.0303431	0.030466	0.0305582	0.0306196	0.0306502	0.0306499	0.0306188	0.0305568	0.030464	0.0303406	0.0301867	0.0300023	0.0297877	0.0295432	0.0292689	0.0289651	0.0286321	0.0282704	0.0278801	0.0274618	0.0270159	0.0265427	0.0260428	0.0255167	0.024965	0.024388	0.0237866	0.0231612	0.0225125	0.0218411	0.0211477	0.0204331	0.0196979	0.0189429	0.0181688	0.0173765	0.0165667	0.0157402	0.0148979	0.0140406	0.0131692	0.0122846	0.0113876	0.0104792	0.00956032	0.00863181	0.00769463	0.00674974	0.00579808	0.00484061	0.0038783	0.00291211	0.00194302	0.000971988	0	
0	0.00101467	0.00202828	0.00303983	0.00404828	0.00505262	0.00605183	0.00704492	0.00803088	0.00900871	0.00997744	0.0109361	0.0118837	0.0128193	0.0137419	0.0146507	0.0155447	0.0164231	0.0172849	0.0181292	0.0189553	0.0197622	0.0205493	0.0213156	0.0220605	0.0227831	0.0234828	0.0241588	0.0248105	0.0254372	0.0260382	0.0266131	0.0271611	0.0276818	0.0281746	0.0286391	0.0290747	0.029481	0.0298576	0.0302042	0.0305204	0.0308058	0.0310602	0.0312834	0.031475	0.0316349	0.031763	0.0318591	0.0319232	0.031955	0.0319548	0.0319223	0.0318577	0.031761	0.0316323	0.0314718	0.0312796	0.0310559	0.0308009	0.0305149	0.0301982	0.0298511	0.0294739	0.0290671	0.028631	0.028166	0.0276727	0.0271516	0.0266031	0.0260278	0.0254263	0.0247992	0.0241472	0.0234709	0.0227709	0.0220481	0.021303	0.0205365	0.0197494	0.0189423	0.0181163	0.017272	0.0164103	0.0155321	0.0146384	0.0137299	0.0128076	0.0118725	0.0109254	0.00996734	0.0089993	0.00802222	0.0070371	0.00604493	0.0050467	0.00404342	0.0030361	0.00202574	0.00101337	0	
0	0.00105508	0.00210906	0.00316089	0.0042095	0.00525384	0.00629285	0.00732548	0.00835071	0.00936748	0.0103748	0.0113716	0.012357	0.0133298	0.0142892	0.0152342	0.0161638	0.0170771	0.0179732	0.0188512	0.0197102	0.0205493	0.0213677	0.0221645	0.022939	0.0236904	0.024418	0.0251209	0.0257986	0.0264502	0.0270752	0.027673	0.0282429	0.0287843	0.0292967	0.0297797	0.0302326	0.0306551	0.0310468	0.0314071	0.0317359	0.0320327	0.0322972	0.0325293	0.0327285	0.0328948	0.033028	0.033128	0.0331945	0.0332277	0.0332274	0.0331936	0.0331265	0.0330259	0.0328921	0.0327252	0.0325254	0.0322927	0.0320276	0.0317302	0.0314009	0.03104	0.0306478	0.0302247	0.0297712	0.0292878	0.0287748	0.0282329	0.0276626	0.0270644	0.026439	0.0257869	0.0251089	0.0244057	0.0236778	0.0229262	0.0221514	0.0213544	0.0205359	0.0196968	0.0188378	0.0179599	0.0170639	0.0161508	0.0152214	0.0142767	0.0133177	0.0123453	0.0113605	0.0103643	0.00935772	0.00834173	0.00731738	0.00628569	0.0052477	0.00420446	0.00315702	0.00210642	0.00105373	0	
0	0.00109442	0.00218771	0.00327876	0.00436648	0.00544976	0.00652752	0.00759866	0.00866212	0.00971681	0.0107617	0.0117957	0.0128178	0.0138269	0.0148221	0.0158023	0.0167666	0.017714	0.0186435	0.0195542	0.0204452	0.0213156	0.0221645	0.0229911	0.0237945	0.0245739	0.0253286	0.0260578	0.0267607	0.0274366	0.0280849	0.028705	0.0292961	0.0298577	0.0303893	0.0308902	0.0313601	0.0317983	0.0322046	0.0325784	0.0329194	0.0332273	0.0335017	0.0337424	0.0339491	0.0341216	0.0342598	0.0343634	0.0344325	0.0344669	0.0344666	0.0344315	0.0343619	0.0342576	0.0341188	0.0339457	0.0337383	0.0334971	0.033222	0.0329136	0.032572	0.0321976	0.0317907	0.0313519	0.0308815	0.03038	0.029848	0.0292858	0.0286942	0.0280737	0.027425	0.0267486	0.0260453	0.0253159	0.0245609	0.0237812	0.0229776	0.0221508	0.0213018	0.0204313	0.0195403	0.0186297	0.0177003	0.0167531	0.0157891	0.0148092	0.0138144	0.0128057	0.0117842	0.0107509	0.00970672	0.00865284	0.00759028	0.00652011	0.00544341	0.00436127	0.00327476	0.00218498	0.00109303	0	
0	0.00113266	0.00226416	0.00339333	0.00451906	0.0056402	0.00675561	0.00786419	0.00896481	0.0100564	0.0111377	0.0122079	0.0132657	0.0143101	0.01534	0.0163545	0.0173525	0.018333	0.019295	0.0202375	0.0211597	0.0220605	0.022939	0.0237945	0.024626	0.0254326	0.0262137	0.0269683	0.0276958	0.0283954	0.0290664	0.0297081	0.0303198	0.0309011	0.0314512	0.0319697	0.032456	0.0329095	0.03333	0.0337169	0.0340698	0.0343884	0.0346724	0.0349215	0.0351354	0.035314	0.035457	0.0355642	0.0356357	0.0356713	0.035671	0.0356348	0.0355626	0.0354547	0.0353111	0.0351319	0.0349173	0.0346676	0.034383	0.0340637	0.0337102	0.0333227	0.0329017	0.0324475	0.0319607	0.0314417	0.030891	0.0303092	0.029697	0.0290548	0.0283834	0.0276834	0.0269555	0.0262005	0.0254192	0.0246122	0.0237805	0.0229249	0.0220462	0.0211453	0.0202232	0.0192807	0.0183188	0.0173385	0.0163408	0.0153267	0.0142971	0.0132532	0.012196	0.0111266	0.0100459	0.00895522	0.00785553	0.00674797	0.00563364	0.00451368	0.0033892	0.00226134	0.00113123	0	
0	0.00116977	0.00233832	0.00350449	0.00466709	0.00582495	0.0069769	0.00812179	0.00925846	0.0103858	0.0115026	0.0126078	0.0137002	0.0147788	0.0158425	0.0168902	0.0179209	0.0189335	0.019927	0.0209004	0.0218528	0.0227831	0.0236904	0.0245739	0.0254326	0.0262657	0.0270724	0.0278517	0.028603	0.0293255	0.0300185	0.0306812	0.031313	0.0319133	0.0324815	0.0330169	0.0335191	0.0339876	0.0344218	0.0348213	0.0351858	0.0355149	0.0358082	0.0360654	0.0362864	0.0364708	0.0366184	0.0367292	0.0368031	0.0368398	0.0368395	0.0368021	0.0367276	0.0366161	0.0364678	0.0362827	0.0360611	0.0358032	0.0355093	0.0351796	0.0348145	0.0344143	0.0339795	0.0335104	0.0330077	0.0324716	0.0319029	0.0313021	0.0306698	0.0300066	0.0293132	0.0285902	0.0278385	0.0270588	0.0262519	0.0254185	0.0245595	0.0236759	0.0227684	0.021838	0.0208857	0.0199123	0.0189189	0.0179065	0.0168761	0.0158288	0.0147655	0.0136874	0.0125955	0.0114911	0.010375	0.00924858	0.00811287	0.00696902	0.00581819	0.00466154	0.00350023	0.00233542	0.00116829	0	
0	0.00120569	0.00241013	0.00361211	0.00481041	0.00600383	0.00719116	0.00837121	0.00954279	0.0107047	0.0118558	0.0129949	0.0141209	0.0152327	0.016329	0.0174089	0.0184713	0.019515	0.020539	0.0215423	0.0225239	0.0234828	0.024418	0.0253286	0.0262137	0.0270724	0.0279038	0.0287071	0.0294815	0.0302261	0.0309404	0.0316235	0.0322747	0.0328934	0.033479	0.0340309	0.0345485	0.0350313	0.0354789	0.0358907	0.0362664	0.0366056	0.0369079	0.037173	0.0374008	0.0375908	0.037743	0.0378572	0.0379333	0.0379712	0.0379709	0.0379323	0.0378555	0.0377406	0.0375878	0.037397	0.0371686	0.0369028	0.0365998	0.03626	0.0358837	0.0354712	0.035023	0.0345396	0.0340214	0.0334689	0.0328827	0.0322635	0.0316117	0.0309281	0.0302134	0.0294683	0.0286935	0.0278898	0.0270581	0.0261991	0.0253138	0.024403	0.0234677	0.0225087	0.0215271	0.0205239	0.0195	0.0184565	0.0173944	0.0163149	0.015219	0.0141078	0.0129824	0.011844	0.0106937	0.00953263	0.00836204	0.00718306	0.00599689	0.00480471	0.00360773	0.00240715	0.00120417	0	
0	0.0012404	0.00247951	0.00371609	0.00494889	0.00617666	0.00739818	0.00861219	0.0098175	0.0110129	0.0121971	0.013369	0.0145274	0.0156712	0.0167991	0.0179101	0.019003	0.0200768	0.0211303	0.0221624	0.0231723	0.0241588	0.0251209	0.0260578	0.0269683	0.0278517	0.0287071	0.0295335	0.0303302	0.0310963	0.0318311	0.0325338	0.0332038	0.0338404	0.0344428	0.0350106	0.0355431	0.0360398	0.0365003	0.036924	0.0373105	0.0376594	0.0379704	0.0382432	0.0384775	0.038673	0.0388296	0.0389471	0.0390254	0.0390644	0.039064	0.0390243	0.0389453	0.0388272	0.0386699	0.0384736	0.0382387	0.0379652	0.0376535	0.0373039	0.0369167	0.0364924	0.0360313	0.035534	0.0350008	0.0344324	0.0338294	0.0331923	0.0325218	0.0318185	0.0310832	0.0303167	0.0295196	0.0286928	0.0278371	0.0269534	0.0260426	0.0251056	0.0241433	0.0231567	0.0221469	0.0211147	0.0200614	0.0189878	0.0178952	0.0167846	0.0156571	0.0145139	0.0133561	0.012185	0.0110015	0.00980708	0.00860278	0.00738986	0.00616954	0.00494304	0.0037116	0.00247645	0.00123884	0	
0	0.00127386	0.00254639	0.00381633	0.00508238	0.00634328	0.00759774	0.0088445	0.0100823	0.0113099	0.0125261	0.0137297	0.0149193	0.0160939	0.0172523	0.0183932	0.0195156	0.0206183	0.0217002	0.0227603	0.0237974	0.0248105	0.0257986	0.0267607	0.0276958	0.028603	0.0294815	0.0303302	0.0311483	0.0319351	0.0326897	0.0334114	0.0340995	0.0347532	0.0353719	0.035955	0.0365019	0.037012	0.0374849	0.03792	0.0383169	0.0386753	0.0389947	0.0392748	0.0395154	0.0397162	0.0398771	0.0399977	0.0400781	0.0401182	0.0401178	0.040077	0.0399959	0.0398746	0.039713	0.0395115	0.0392702	0.0389894	0.0386693	0.0383102	0.0379126	0.0374768	0.0370033	0.0364925	0.035945	0.0353613	0.034742	0.0340877	0.0333991	0.0326769	0.0319218	0.0311345	0.0303159	0.0294668	0.028588	0.0276805	0.0267451	0.0257828	0.0247946	0.0237814	0.0227443	0.0216843	0.0206026	0.0195001	0.018378	0.0172374	0.0160795	0.0149055	0.0137165	0.0125137	0.0112983	0.0100716	0.00883486	0.00758922	0.00633597	0.00507639	0.00381172	0.00254326	0.00127226	0	
0	0.00130603	0.00261071	0.00391273	0.00521076	0.0065035	0.00778965	0.00906791	0.010337	0.0115956	0.0128425	0.0140765	0.0152962	0.0165004	0.0176881	0.0188578	0.0200086	0.0211391	0.0222484	0.0233352	0.0243985	0.0254372	0.0264502	0.0274366	0.0283954	0.0293255	0.0302261	0.0310963	0.0319351	0.0327418	0.0335155	0.0342554	0.0349608	0.0356311	0.0362654	0.0368632	0.0374239	0.0379469	0.0384318	0.0388779	0.0392848	0.0396522	0.0399797	0.0402669	0.0405136	0.0407195	0.0408844	0.0410081	0.0410905	0.0411315	0.0411312	0.0410894	0.0410062	0.0408818	0.0407162	0.0405096	0.0402622	0.0399742	0.039646	0.0392779	0.0388703	0.0384235	0.037938	0.0374143	0.036853	0.0362545	0.0356196	0.0349488	0.0342428	0.0335023	0.0327281	0.031921	0.0310817	0.0302111	0.0293102	0.0283797	0.0274207	0.0264341	0.0254209	0.0243821	0.0233189	0.0222321	0.021123	0.0199927	0.0188422	0.0176728	0.0164857	0.015282	0.0140629	0.0128298	0.0115837	0.0103261	0.00905804	0.00778093	0.00649603	0.00520462	0.00390801	0.0026075	0.00130439	0	
0	0.00133689	0.0026724	0.00400518	0.00533388	0.00665717	0.00797371	0.00928217	0.0105812	0.0118696	0.013146	0.0144091	0.0156576	0.0168903	0.018106	0.0193034	0.0204814	0.0216386	0.0227741	0.0238866	0.024975	0.0260382	0.0270752	0.0280849	0.0290664	0.0300185	0.0309404	0.0318311	0.0326897	0.0335155	0.0343074	0.0350649	0.035787	0.036473	0.0371224	0.0377343	0.0383083	0.0388436	0.0393399	0.0397966	0.0402131	0.0405892	0.0409244	0.0412184	0.0414709	0.0416817	0.0418505	0.0419771	0.0420615	0.0421035	0.0421031	0.0420604	0.0419752	0.0418478	0.0416783	0.0414668	0.0412136	0.0409189	0.0405829	0.0402061	0.0397888	0.0393315	0.0388345	0.0382985	0.0377239	0.0371113	0.0364613	0.0357746	0.035052	0.034294	0.0335015	0.0326753	0.0318162	0.0309251	0.0300028	0.0290504	0.0280687	0.0270588	0.0260216	0.0249583	0.0238699	0.0227575	0.0216222	0.0204651	0.0192875	0.0180905	0.0168753	0.0156431	0.0143953	0.013133	0.0118575	0.0105701	0.00927209	0.00796481	0.00664954	0.00532762	0.00400037	0.00266912	0.00133522	0	
0	0.00136641	0.0027314	0.0040936	0.00545164	0.00680414	0.00814974	0.00948709	0.0108148	0.0121317	0.0134362	0.0147272	0.0160033	0.0172632	0.0185057	0.0197296	0.0209335	0.0221163	0.0232769	0.0244139	0.0255264	0.0266131	0.027673	0.028705	0.0297081	0.0306812	0.0316235	0.0325338	0.0334114	0.0342554	0.0350649	0.035839	0.0365771	0.0372783	0.0379419	0.0385674	0.039154	0.0397012	0.0402084	0.0406752	0.0411009	0.0414853	0.0418279	0.0421284	0.0423865	0.0426019	0.0427744	0.0429039	0.0429901	0.043033	0.0430327	0.042989	0.042902	0.0427718	0.0425985	0.0423823	0.0421235	0.0418223	0.0414789	0.0410938	0.0406673	0.0401998	0.0396919	0.039144	0.0385567	0.0379306	0.0372663	0.0365645	0.0358259	0.0350512	0.0342412	0.0333967	0.0325186	0.0316078	0.0306652	0.0296918	0.0286884	0.0276562	0.0265962	0.0255094	0.0243969	0.0232599	0.0220996	0.020917	0.0197133	0.0184899	0.0172479	0.0159885	0.0147131	0.0134229	0.0121193	0.0108035	0.00947681	0.00814066	0.00679636	0.00544525	0.00408869	0.00272805	0.0013647	0	
0	0.00139454	0.00278764	0.0041779	0.0055639	0.00694425	0.00831757	0.00968246	0.0110375	0.0123815	0.0137129	0.0150304	0.0163328	0.0176187	0.0188868	0.0201359	0.0213646	0.0225718	0.0237562	0.0249167	0.026052	0.0271611	0.0282429	0.0292961	0.0303198	0.031313	0.0322747	0.0332038	0.0340995	0.0349608	0.035787	0.0365771	0.0373303	0.0380459	0.0387233	0.0393616	0.0399603	0.0405188	0.0410365	0.0415128	0.0419474	0.0423397	0.0426893	0.042996	0.0432594	0.0434793	0.0436553	0.0437874	0.0438754	0.0439193	0.0439189	0.0438743	0.0437855	0.0436526	0.0434758	0.0432552	0.042991	0.0426835	0.0423331	0.0419401	0.0415048	0.0410277	0.0405093	0.0399502	0.0393508	0.0387118	0.0380338	0.0373175	0.0365637	0.035773	0.0349463	0.0340845	0.0331884	0.0322588	0.0312968	0.0303033	0.0292792	0.0282258	0.0271439	0.0260347	0.0248994	0.023739	0.0225547	0.0213477	0.0201193	0.0188707	0.0176031	0.0163178	0.0150161	0.0136994	0.0123689	0.011026	0.00967199	0.00830832	0.00693633	0.00555739	0.0041729	0.00278424	0.00139281	0	
0	0.00142128	0.00284108	0.00425799	0.00567056	0.00707737	0.00847701	0.00986807	0.0112491	0.0126188	0.0139758	0.0153186	0.0166459	0.0179565	0.0192489	0.0205219	0.0217742	0.0230045	0.0242116	0.0253943	0.0265515	0.0276818	0.0287843	0.0298577	0.0309011	0.0319133	0.0328934	0.0338404	0.0347532	0.0356311	0.036473	0.0372783	0.0380459	0.0387753	0.0394656	0.0401162	0.0407264	0.0412956	0.0418232	0.0423087	0.0427515	0.0431514	0.0435077	0.0438203	0.0440888	0.0443128	0.0444922	0.0446269	0.0447166	0.0447612	0.0447609	0.0447154	0.0446249	0.0444895	0.0443093	0.0440844	0.0438152	0.0435019	0.0431447	0.0427441	0.0423005	0.0418143	0.041286	0.0407161	0.0401052	0.0394539	0.038763	0.0380329	0.0372646	0.0364588	0.0356163	0.034738	0.0338246	0.0328773	0.0318968	0.0308842	0.0298406	0.0287669	0.0276643	0.0265339	0.0253767	0.0241941	0.0229871	0.021757	0.020505	0.0192325	0.0179406	0.0166306	0.015304	0.013962	0.012606	0.0112374	0.00985742	0.00846761	0.00706932	0.00566394	0.0042529	0.00283762	0.00141951	0	
0	0.00144658	0.00289166	0.00433379	0.00577151	0.00720337	0.00862793	0.0100437	0.0114494	0.0128435	0.0142246	0.0155913	0.0169423	0.0182761	0.0195916	0.0208872	0.0221618	0.023414	0.0246427	0.0258464	0.0270242	0.0281746	0.0292967	0.0303893	0.0314512	0.0324815	0.033479	0.0344428	0.0353719	0.0362654	0.0371224	0.0379419	0.0387233	0.0394656	0.0401683	0.0408304	0.0414515	0.0420308	0.0425678	0.0430619	0.0435126	0.0439196	0.0442823	0.0446005	0.0448737	0.0451017	0.0452844	0.0454214	0.0455127	0.0455582	0.0455578	0.0455115	0.0454194	0.0452816	0.0450981	0.0448693	0.0445953	0.0442763	0.0439128	0.0435051	0.0430536	0.0425587	0.042021	0.041441	0.0408192	0.0401564	0.0394531	0.0387101	0.0379281	0.037108	0.0362504	0.0353564	0.0344268	0.0334626	0.0324647	0.0314341	0.0303719	0.0292791	0.0281569	0.0270063	0.0258286	0.0246248	0.0233964	0.0221444	0.0208701	0.0195749	0.01826	0.0169267	0.0155765	0.0142106	0.0128305	0.0114374	0.0100329	0.00861838	0.00719518	0.00576479	0.00432863	0.00288814	0.00144478	0	
0	0.00147042	0.00293933	0.00440523	0.00586665	0.00732211	0.00877015	0.0102093	0.0116381	0.0130552	0.0144591	0.0158483	0.0172216	0.0185774	0.0199145	0.0212315	0.0225271	0.0238	0.0250489	0.0262725	0.0274696	0.0286391	0.0297797	0.0308902	0.0319697	0.0330169	0.0340309	0.0350106	0.035955	0.0368632	0.0377343	0.0385674	0.0393616	0.0401162	0.0408304	0.0415035	0.0421348	0.0427237	0.0432695	0.0437718	0.04423	0.0446436	0.0450123	0.0453357	0.0456134	0.0458452	0.0460309	0.0461702	0.046263	0.0463092	0.0463088	0.0462617	0.0461681	0.046028	0.0458416	0.045609	0.0453304	0.0450063	0.0446368	0.0442223	0.0437634	0.0432603	0.0427137	0.0421242	0.0414921	0.0408184	0.0401035	0.0393482	0.0385534	0.0377197	0.0368481	0.0359393	0.0349944	0.0340143	0.0329999	0.0319523	0.0308726	0.0297618	0.028621	0.0274515	0.0262544	0.0250308	0.0237821	0.0225095	0.0212142	0.0198976	0.018561	0.0172058	0.0158333	0.0144449	0.013042	0.011626	0.0101983	0.00876046	0.00731381	0.00585983	0.00439999	0.00293576	0.0014686	0	
0	0.00149279	0.00298403	0.00447223	0.00595587	0.00743347	0.00890354	0.0103646	0.0118151	0.0132538	0.014679	0.0160894	0.0174835	0.01886	0.0202174	0.0215545	0.0228698	0.024162	0.0254299	0.0266721	0.0278875	0.0290747	0.0302326	0.0313601	0.032456	0.0335191	0.0345485	0.0355431	0.0365019	0.0374239	0.0383083	0.039154	0.0399603	0.0407264	0.0414515	0.0421348	0.0427757	0.0433735	0.0439276	0.0444376	0.0449027	0.0453227	0.045697	0.0460253	0.0463072	0.0465426	0.046731	0.0468724	0.0469667	0.0470136	0.0470132	0.0469654	0.0468704	0.0467282	0.0465389	0.0463027	0.04602	0.0456908	0.0453157	0.044895	0.044429	0.0439184	0.0433635	0.0427649	0.0421233	0.0414393	0.0407135	0.0399468	0.0391398	0.0382935	0.0374086	0.036486	0.0355267	0.0345317	0.0335019	0.0324384	0.0313422	0.0302145	0.0290564	0.0278691	0.0266537	0.0254116	0.0241439	0.0228519	0.0215369	0.0202003	0.0188434	0.0174675	0.0160742	0.0146646	0.0132404	0.0118028	0.0103535	0.00889373	0.00742506	0.00594897	0.00446692	0.00298042	0.00149094	0	
0	0.00151365	0.00302573	0.00453473	0.00603911	0.00753736	0.00902796	0.0105094	0.0119803	0.013439	0.0148841	0.0163142	0.0177278	0.0191235	0.0205	0.0218557	0.0231894	0.0244997	0.0257853	0.0270449	0.0282772	0.029481	0.0306551	0.0317983	0.0329095	0.0339876	0.0350313	0.0360398	0.037012	0.0379469	0.0388436	0.0397012	0.0405188	0.0412956	0.0420308	0.0427237	0.0433735	0.0439797	0.0445416	0.0450586	0.0455303	0.0459561	0.0463356	0.0466685	0.0469544	0.047193	0.0473841	0.0475275	0.0476231	0.0476706	0.0476702	0.0476218	0.0475254	0.0473812	0.0471893	0.0469499	0.0466631	0.0463294	0.0459491	0.0455225	0.04505	0.0445322	0.0439695	0.0433626	0.042712	0.0420184	0.0412825	0.0405051	0.0396869	0.0388287	0.0379314	0.0369959	0.0360232	0.0350143	0.0339701	0.0328917	0.0317803	0.0306368	0.0294625	0.0282586	0.0270263	0.0257667	0.0244813	0.0231713	0.0218379	0.0204826	0.0191067	0.0177117	0.0162988	0.0148696	0.0134254	0.0119678	0.0104982	0.00901803	0.00752884	0.00603212	0.00452936	0.00302208	0.00151178	0	
0	0.00153299	0.00306439	0.00459266	0.00611626	0.00763365	0.0091433	0.0106437	0.0121333	0.0136107	0.0150743	0.0165226	0.0179543	0.0193679	0.0207619	0.0221349	0.0234856	0.0248127	0.0261147	0.0273904	0.0286384	0.0298576	0.0310468	0.0322046	0.03333	0.0344218	0.0354789	0.0365003	0.0374849	0.0384318	0.0393399	0.0402084	0.0410365	0.0418232	0.0425678	0.0432695	0.0439276	0.0445416	0.0451106	0.0456343	0.046112	0.0465432	0.0469276	0.0472648	0.0475543	0.047796	0.0479895	0.0481348	0.0482315	0.0482797	0.0482793	0.0482303	0.0481327	0.0479866	0.0477922	0.0475497	0.0472593	0.0469214	0.0465361	0.0461041	0.0456256	0.0451012	0.0445313	0.0439166	0.0432577	0.0425553	0.04181	0.0410226	0.0401939	0.0393248	0.038416	0.0374686	0.0364835	0.0354617	0.0344041	0.033312	0.0321863	0.0310282	0.029839	0.0286197	0.0273716	0.026096	0.0247941	0.0234673	0.0221169	0.0207443	0.0193509	0.017938	0.0165071	0.0150596	0.013597	0.0121207	0.0106323	0.00913326	0.00762504	0.00610919	0.00458723	0.00306069	0.0015311	0	
0	0.00155078	0.00309996	0.00464597	0.00618725	0.00772225	0.00924943	0.0107672	0.0122741	0.0137686	0.0152492	0.0167144	0.0181627	0.0195927	0.0210028	0.0223918	0.0237582	0.0251007	0.0264178	0.0277083	0.0289709	0.0302042	0.0314071	0.0325784	0.0337169	0.0348213	0.0358907	0.036924	0.03792	0.0388779	0.0397966	0.0406752	0.0415128	0.0423087	0.0430619	0.0437718	0.0444376	0.0450586	0.0456343	0.046164	0.0466472	0.0470835	0.0474724	0.0478134	0.0481063	0.0483508	0.0485466	0.0486935	0.0487914	0.0488401	0.0488397	0.0487901	0.0486914	0.0485436	0.048347	0.0481017	0.0478079	0.047466	0.0470764	0.0466393	0.0461552	0.0456247	0.0450483	0.0444264	0.0437599	0.0430493	0.0422954	0.0414988	0.0406605	0.0397813	0.038862	0.0379036	0.036907	0.0358733	0.0348035	0.0336987	0.03256	0.0313885	0.0301854	0.0289519	0.0276893	0.0263989	0.0250819	0.0237398	0.0223737	0.0209852	0.0195755	0.0181462	0.0166987	0.0152344	0.0137548	0.0122614	0.0107558	0.00923929	0.00771357	0.00618012	0.00464049	0.00309622	0.00154888	0	
