0	0	0	0	0	0	0	0	0	0	0	0	0	0	0	0	0	0	0	0	0	0	0	0	0	0	0	0	0	0	0	0	0	0	0	0	0	0	0	0	0	0	0	0	0	0	0	0	0	0	0	0	0	0	0	0	0	0	0	0	0	0	0	0	0	0	0	0	0	0	0	0	0	0	0	0	0	0	0	0	0	0	0	0	0	0	0	0	0	0	0	0	0	0	0	0	0	0	0	0	
0	3.91404e-05	7.82399e-05	0.000117259	0.000156158	0.000194898	0.000233439	0.000271744	0.000309772	0.000347487	0.000384849	0.000421822	0.000458368	0.000494451	0.000530033	0.00056508	0.000599556	0.000633427	0.000666658	0.000699217	0.000731069	0.000762184	0.000792531	0.000822077	0.000850795	0.000878655	0.000905629	0.000931691	0.000956813	0.00098097	0.00100414	0.0010263	0.00104742	0.00106749	0.00108648	0.00110438	0.00112116	0.00113682	0.00115133	0.00116468	0.00117686	0.00118785	0.00119765	0.00120624	0.00121362	0.00121977	0.00122469	0.00122839	0.00123084	0.00123206	0.00123203	0.00123077	0.00122826	0.00122452	0.00121954	0.00121334	0.00120592	0.00119728	0.00118744	0.0011764	0.00116418	0.00115078	0.00113623	0.00112053	0.00110371	0.00108577	0.00106674	0.00104664	0.00102549	0.0010033	0.000980107	0.000955925	0.000930781	0.000904701	0.000877712	0.000849839	0.000821113	0.00079156	0.000761212	0.000730099	0.000698252	0.000665704	0.000632487	0.000598635	0.000564182	0.000529163	0.000493612	0.000457567	0.000421063	0.000384137	0.000346826	0.000309167	0.0002712	0.000232961	0.00019449	0.000155824	0.000117003	7.80665e-05	3.90523e-05	0	
0	7.82399e-05	0.000156398	0.000234395	0.000312152	0.000389592	0.000466634	0.000543203	0.00061922	0.00069461	0.000769296	0.000843203	0.000916257	0.000988385	0.00105951	0.00112957	0.00119849	0.00126619	0.00133262	0.0013977	0.00146138	0.00152357	0.00158423	0.0016433	0.0017007	0.00175639	0.00181031	0.00186241	0.00191263	0.00196092	0.00200723	0.00205152	0.00209375	0.00213386	0.00217183	0.00220761	0.00224116	0.00227245	0.00230146	0.00232815	0.00235249	0.00237447	0.00239405	0.00241122	0.00242597	0.00243827	0.00244811	0.00245549	0.0024604	0.00246283	0.00246278	0.00246025	0.00245524	0.00244776	0.00243782	0.00242542	0.00241058	0.00239331	0.00237364	0.00235157	0.00232714	0.00230037	0.00227128	0.0022399	0.00220627	0.00217042	0.00213238	0.0020922	0.00204991	0.00200556	0.00195919	0.00191085	0.00186059	0.00180846	0.00175451	0.00169879	0.00164137	0.0015823	0.00152163	0.00145944	0.00139578	0.00133072	0.00126432	0.00119665	0.00112778	0.00105778	0.000986712	0.000914659	0.000841688	0.000767874	0.000693291	0.000618014	0.000542118	0.00046568	0.000388778	0.000311487	0.000233886	0.000156052	7.80641e-05	0	
0	0.000117259	0.000234395	0.00035129	0.000467826	0.000583885	0.000699349	0.000814104	0.000928032	0.00104102	0.00115295	0.00126372	0.0013732	0.0014813	0.0015879	0.0016929	0.00179619	0.00189766	0.00199721	0.00209475	0.00219018	0.0022834	0.00237431	0.00246283	0.00254886	0.00263233	0.00271314	0.00279122	0.00286648	0.00293885	0.00300826	0.00307464	0.00313793	0.00319805	0.00325495	0.00330857	0.00335885	0.00340576	0.00344923	0.00348923	0.00352571	0.00355864	0.00358799	0.00361373	0.00363583	0.00365426	0.00366902	0.00368008	0.00368743	0.00369107	0.003691	0.00368721	0.0036797	0.00366849	0.00365359	0.00363501	0.00361277	0.00358689	0.0035574	0.00352433	0.00348772	0.00344759	0.00340399	0.00335697	0.00330656	0.00325283	0.00319583	0.00313561	0.00307223	0.00300576	0.00293627	0.00286382	0.0027885	0.00271037	0.00262951	0.00254601	0.00245995	0.00237141	0.00228049	0.00218728	0.00209187	0.00199436	0.00189485	0.00179343	0.00169022	0.0015853	0.0014788	0.00137081	0.00126145	0.00115082	0.00103905	0.000926227	0.000812481	0.000697923	0.000582667	0.00046683	0.000350528	0.000233878	0.000116996	0	
0	0.000156158	0.000312152	0.000467826	0.000623021	0.000777581	0.000931349	0.00108417	0.00123589	0.00138636	0.00153543	0.00168294	0.00182875	0.00197271	0.00211467	0.0022545	0.00239205	0.00252718	0.00265977	0.00278966	0.00291675	0.00304089	0.00316196	0.00327984	0.00339442	0.00350557	0.00361319	0.00371717	0.0038174	0.00391378	0.00400622	0.00409462	0.0041789	0.00425896	0.00433474	0.00440615	0.00447312	0.00453558	0.00459347	0.00464674	0.00469533	0.00473919	0.00477827	0.00481255	0.00484197	0.00486652	0.00488617	0.0049009	0.0049107	0.00491555	0.00491545	0.0049104	0.00490041	0.00488548	0.00486563	0.00484089	0.00481127	0.00477681	0.00473754	0.0046935	0.00464473	0.00459129	0.00453323	0.00447061	0.00440348	0.00433193	0.00425601	0.00417581	0.00409141	0.00400289	0.00391035	0.00381387	0.00371356	0.00360951	0.00350182	0.00339062	0.00327601	0.00315811	0.00303703	0.00291289	0.00278583	0.00265598	0.00252345	0.00238839	0.00225093	0.00211122	0.00196938	0.00182557	0.00167993	0.0015326	0.00138374	0.0012335	0.00108202	0.000929453	0.000775963	0.000621698	0.000466813	0.000311465	0.000155809	0	
0	0.000194898	0.000389592	0.000583885	0.000777581	0.000970484	0.0011624	0.00135314	0.0015425	0.0017303	0.00191634	0.00210045	0.00228243	0.0024621	0.00263928	0.0028138	0.00298548	0.00315413	0.00331961	0.00348173	0.00364034	0.00379528	0.00394639	0.00409352	0.00423652	0.00437525	0.00450957	0.00463934	0.00476443	0.00488473	0.0050001	0.00511043	0.00521562	0.00531554	0.00541012	0.00549924	0.00558282	0.00566078	0.00573304	0.00579952	0.00586016	0.0059149	0.00596369	0.00600646	0.00604319	0.00607383	0.00609836	0.00611674	0.00612897	0.00613502	0.00613489	0.00612859	0.00611612	0.00609749	0.00607272	0.00604184	0.00600487	0.00596186	0.00591285	0.00585788	0.00579702	0.00573032	0.00565786	0.0055797	0.00549592	0.00540661	0.00531186	0.00521177	0.00510643	0.00499595	0.00488045	0.00476004	0.00463483	0.00450497	0.00437058	0.00423179	0.00408874	0.00394159	0.00379047	0.00363554	0.00347696	0.00331489	0.00314948	0.00298092	0.00280936	0.00263498	0.00245796	0.00227847	0.00209669	0.00191282	0.00172703	0.00153951	0.00135045	0.00116004	0.000968469	0.000775933	0.000582624	0.000388736	0.000194463	0	
0	0.000233439	0.000466634	0.000699349	0.000931349	0.0011624	0.00139227	0.00162072	0.00184753	0.00207247	0.00229531	0.00251582	0.00273379	0.00294899	0.00316121	0.00337024	0.00357587	0.00377788	0.00397608	0.00417026	0.00436024	0.00454581	0.00472681	0.00490303	0.00507431	0.00524047	0.00540135	0.00555679	0.00570662	0.00585071	0.00598889	0.00612105	0.00624703	0.00636672	0.00648	0.00658674	0.00668686	0.00678023	0.00686678	0.00694641	0.00701904	0.00708461	0.00714304	0.00719427	0.00723826	0.00727497	0.00730434	0.00732636	0.007341	0.00734825	0.0073481	0.00734056	0.00732562	0.0073033	0.00727364	0.00723665	0.00719237	0.00714085	0.00708215	0.00701631	0.00694341	0.00686353	0.00677673	0.00668311	0.00658277	0.0064758	0.00636232	0.00624243	0.00611626	0.00598393	0.00584559	0.00570136	0.0055514	0.00539586	0.00523489	0.00506865	0.00489732	0.00472106	0.00454006	0.00435449	0.00416455	0.00397043	0.00377232	0.00357041	0.00336493	0.00315606	0.00294403	0.00272905	0.00251133	0.00229109	0.00206856	0.00184396	0.00161751	0.00138945	0.00115999	0.00092938	0.000697843	0.000465611	0.00023292	0	
0	0.000271744	0.000543203	0.000814104	0.00108417	0.00135314	0.00162072	0.00188666	0.00215069	0.00241254	0.00267194	0.00292864	0.00318237	0.00343289	0.00367993	0.00392326	0.00416262	0.00439778	0.00462851	0.00485455	0.0050757	0.00529173	0.00550242	0.00570756	0.00590695	0.00610038	0.00628766	0.0064686	0.00664302	0.00681075	0.00697161	0.00712545	0.0072721	0.00741143	0.0075433	0.00766756	0.0077841	0.0078928	0.00799355	0.00808624	0.0081708	0.00824712	0.00831514	0.00837478	0.00842599	0.00846871	0.00850291	0.00852854	0.00854559	0.00855403	0.00855386	0.00854507	0.00852768	0.00850171	0.00846717	0.00842411	0.00837257	0.0083126	0.00824426	0.00816762	0.00808276	0.00798977	0.00788873	0.00777975	0.00766294	0.00753842	0.00740631	0.00726675	0.00711988	0.00696584	0.0068048	0.00663691	0.00646234	0.00628127	0.00609388	0.00590037	0.00570092	0.00549575	0.00528504	0.00506903	0.00484792	0.00462194	0.00439132	0.00415629	0.00391708	0.00367395	0.00342713	0.00317687	0.00292342	0.00266705	0.002408	0.00214654	0.00188293	0.00161744	0.00135034	0.00108188	0.000812354	0.000542015	0.00027114	0	
0	0.000309772	0.00061922	0.000928032	0.00123589	0.0015425	0.00184753	0.00215069	0.00245167	0.00275016	0.00304586	0.00333848	0.00362772	0.0039133	0.00419492	0.0044723	0.00474516	0.00501323	0.00527624	0.00553392	0.00578602	0.00603228	0.00627246	0.00650631	0.0067336	0.0069541	0.00716759	0.00737385	0.00757268	0.00776388	0.00794725	0.00812262	0.0082898	0.00844863	0.00859895	0.0087406	0.00887345	0.00899736	0.00911221	0.00921788	0.00931427	0.00940127	0.00947881	0.0095468	0.00960517	0.00965388	0.00969286	0.00972208	0.00974151	0.00975113	0.00975093	0.00974092	0.0097211	0.00969149	0.00965212	0.00960303	0.00954428	0.00947592	0.00939801	0.00931065	0.00921392	0.00910791	0.00899273	0.0088685	0.00873534	0.0085934	0.0084428	0.00828371	0.00811628	0.00794069	0.00775711	0.00756572	0.00736672	0.00716031	0.0069467	0.00672611	0.00649875	0.00626486	0.00602467	0.00577843	0.00552637	0.00526877	0.00500587	0.00473795	0.00446527	0.00418811	0.00390675	0.00362146	0.00333255	0.00304029	0.00274499	0.00244694	0.00214645	0.0018438	0.00153932	0.00123329	0.000926041	0.000617869	0.000309086	0	
0	0.000347487	0.00069461	0.00104102	0.00138636	0.0017303	0.00207247	0.00241254	0.00275016	0.00308499	0.00341669	0.00374494	0.0040694	0.00438975	0.00470565	0.0050168	0.00532289	0.0056236	0.00591863	0.00620768	0.00649048	0.00676672	0.00703614	0.00729846	0.00755342	0.00780077	0.00804025	0.00827162	0.00849466	0.00870914	0.00891484	0.00911156	0.0092991	0.00947726	0.00964588	0.00980478	0.00995381	0.0100928	0.0102216	0.0103402	0.0104483	0.0105459	0.0106329	0.0107091	0.0107746	0.0108293	0.010873	0.0109058	0.0109276	0.0109384	0.0109381	0.0109269	0.0109047	0.0108714	0.0108273	0.0107722	0.0107063	0.0106296	0.0105422	0.0104442	0.0103357	0.0102168	0.0100876	0.00994826	0.0097989	0.00963967	0.00947074	0.00929227	0.00910446	0.00890749	0.00870156	0.00848687	0.00826364	0.0080321	0.00779249	0.00754503	0.00729	0.00702763	0.00675819	0.00648197	0.00619923	0.00591026	0.00561536	0.00531481	0.00500894	0.00469803	0.00438241	0.00406239	0.0037383	0.00341046	0.00307921	0.00274487	0.00240779	0.00206829	0.00172673	0.00138345	0.00103879	0.000693098	0.000346718	0	
0	0.000384849	0.000769296	0.00115295	0.00153543	0.00191634	0.00229531	0.00267194	0.00304586	0.00341669	0.00378407	0.00414761	0.00450696	0.00486175	0.00521162	0.00555623	0.00589522	0.00622826	0.00655502	0.00687516	0.00718836	0.0074943	0.00779269	0.00808322	0.0083656	0.00863954	0.00890477	0.00916102	0.00940805	0.00964558	0.0098734	0.0100913	0.010299	0.0104963	0.0106831	0.010859	0.0110241	0.011178	0.0113207	0.011452	0.0115717	0.0116798	0.0117762	0.0118606	0.0119332	0.0119937	0.0120421	0.0120784	0.0121025	0.0121145	0.0121143	0.0121018	0.0120772	0.0120404	0.0119915	0.0119305	0.0118575	0.0117726	0.0116758	0.0115673	0.0114471	0.0113154	0.0111723	0.011018	0.0108525	0.0106762	0.0104891	0.0102914	0.0100834	0.00986528	0.0096372	0.00939943	0.0091522	0.00889576	0.00863038	0.00835632	0.00807386	0.00778328	0.00748488	0.00717895	0.00686581	0.00654577	0.00621916	0.0058863	0.00554753	0.00520319	0.00485363	0.00449921	0.00414027	0.00377718	0.00341031	0.00304002	0.00266669	0.00229069	0.00191241	0.00153221	0.00115049	0.000767625	0.000384	0	
0	0.000421822	0.000843203	0.00126372	0.00168294	0.00210045	0.00251582	0.00292864	0.00333848	0.00374494	0.00414761	0.00454608	0.00493995	0.00532882	0.00571231	0.00609003	0.00646159	0.00682663	0.00718478	0.00753567	0.00787896	0.0082143	0.00854136	0.0088598	0.0091693	0.00946956	0.00976028	0.0100412	0.0103119	0.0105723	0.010822	0.0110608	0.0112884	0.0115047	0.0117094	0.0119023	0.0120832	0.0122519	0.0124083	0.0125522	0.0126835	0.012802	0.0129075	0.0130001	0.0130796	0.0131459	0.013199	0.0132388	0.0132653	0.0132784	0.0132781	0.0132645	0.0132375	0.0131972	0.0131436	0.0130767	0.0129967	0.0129036	0.0127975	0.0126786	0.0125469	0.0124025	0.0122457	0.0120765	0.0118952	0.0117019	0.0114968	0.0112802	0.0110522	0.0108131	0.0105631	0.0103025	0.0100315	0.00975042	0.00945954	0.00915916	0.00884956	0.00853106	0.00820399	0.00786867	0.00752544	0.00717466	0.00681666	0.00645183	0.00608051	0.00570309	0.00531995	0.00493147	0.00453805	0.00414007	0.00373795	0.00333209	0.00292289	0.00251077	0.00209614	0.00167942	0.00126103	0.000841376	0.000420894	0	
0	0.000458368	0.000916257	0.0013732	0.00182875	0.00228243	0.00273379	0.00318237	0.00362772	0.0040694	0.00450696	0.00493995	0.00536794	0.00579051	0.00620722	0.00661767	0.00702142	0.00741809	0.00780726	0.00818856	0.00856159	0.00892599	0.00928138	0.00962741	0.00996373	0.01029	0.0106059	0.0109111	0.0112053	0.0114883	0.0117596	0.0120191	0.0122665	0.0125015	0.0127239	0.0129335	0.0131301	0.0133135	0.0134834	0.0136398	0.0137824	0.0139111	0.0140259	0.0141265	0.0142129	0.0142849	0.0143426	0.0143858	0.0144146	0.0144288	0.0144286	0.0144137	0.0143844	0.0143406	0.0142823	0.0142097	0.0141228	0.0140216	0.0139063	0.0137771	0.0136339	0.0134771	0.0133066	0.0131228	0.0129258	0.0127158	0.0124929	0.0122575	0.0120098	0.0117499	0.0114783	0.0111951	0.0109006	0.0105952	0.0102791	0.00995273	0.0096163	0.00927021	0.0089148	0.00855043	0.00817747	0.00779629	0.00740728	0.00701083	0.00660734	0.00619722	0.00578088	0.00535875	0.00493124	0.00449878	0.00406182	0.00362079	0.00317614	0.00272831	0.00227776	0.00182493	0.00137029	0.000914276	0.000457362	0	
0	0.000494451	0.000988385	0.0014813	0.00197271	0.0024621	0.00294899	0.00343289	0.0039133	0.00438975	0.00486175	0.00532882	0.00579051	0.00624634	0.00669586	0.00713861	0.00757415	0.00800204	0.00842186	0.00883317	0.00923557	0.00962865	0.010012	0.0103853	0.0107481	0.0111001	0.0114408	0.0117701	0.0120874	0.0123926	0.0126853	0.0129652	0.0132321	0.0134856	0.0137256	0.0139517	0.0141637	0.0143615	0.0145448	0.0147135	0.0148674	0.0150062	0.01513	0.0152385	0.0153317	0.0154095	0.0154717	0.0155183	0.0155493	0.0155647	0.0155644	0.0155484	0.0155168	0.0154695	0.0154067	0.0153283	0.0152345	0.0151254	0.0150011	0.0148616	0.0147072	0.014538	0.0143542	0.0141559	0.0139433	0.0137168	0.0134764	0.0132225	0.0129552	0.0126749	0.0123819	0.0120764	0.0117588	0.0114293	0.0110883	0.0107362	0.0103733	0.00999999	0.0096166	0.00922355	0.00882123	0.00841004	0.00799041	0.00756275	0.0071275	0.00668509	0.00623598	0.00578061	0.00531944	0.00485295	0.00438159	0.00390584	0.00342618	0.0029431	0.00245707	0.0019686	0.00147816	0.000986252	0.000493367	0	
0	0.000530033	0.00105951	0.0015879	0.00211467	0.00263928	0.00316121	0.00367993	0.00419492	0.00470565	0.00521162	0.00571231	0.00620722	0.00669586	0.00717773	0.00765234	0.00811923	0.00857791	0.00902794	0.00946885	0.00990021	0.0103216	0.0107325	0.0111327	0.0115216	0.0118989	0.0122642	0.0126171	0.0129573	0.0132845	0.0135982	0.0138983	0.0141844	0.0144561	0.0147133	0.0149557	0.015183	0.0153951	0.0155916	0.0157724	0.0159373	0.0160862	0.0162189	0.0163352	0.0164351	0.0165184	0.0165851	0.0166351	0.0166684	0.0166848	0.0166845	0.0166674	0.0166335	0.0165828	0.0165154	0.0164315	0.0163309	0.016214	0.0160807	0.0159312	0.0157657	0.0155843	0.0153872	0.0151746	0.0149468	0.0147039	0.0144463	0.014174	0.0138876	0.0135871	0.013273	0.0129455	0.012605	0.0122518	0.0118863	0.0115089	0.0111199	0.0107197	0.0103087	0.00988735	0.00945607	0.00901529	0.00856546	0.00810702	0.00764045	0.0071662	0.00668477	0.00619663	0.00570227	0.0052022	0.00469692	0.00418694	0.00367276	0.00315491	0.00263391	0.00211028	0.00158454	0.00105723	0.000528874	0	
0	0.00056508	0.00112957	0.0016929	0.0022545	0.0028138	0.00337024	0.00392326	0.0044723	0.0050168	0.00555623	0.00609003	0.00661767	0.00713861	0.00765234	0.00815834	0.0086561	0.00914511	0.0096249	0.010095	0.0105548	0.0110041	0.0114422	0.0118688	0.0122834	0.0126857	0.0130751	0.0134514	0.0138141	0.0141629	0.0144974	0.0148173	0.0151223	0.015412	0.0156862	0.0159447	0.016187	0.0164131	0.0166226	0.0168153	0.0169912	0.0171499	0.0172913	0.0174154	0.0175219	0.0176107	0.0176818	0.0177351	0.0177706	0.0177881	0.0177878	0.0177695	0.0177334	0.0176793	0.0176075	0.017518	0.0174108	0.0172861	0.017144	0.0169846	0.0168082	0.0166148	0.0164047	0.0161781	0.0159352	0.0156762	0.0154015	0.0151113	0.0148059	0.0144856	0.0141507	0.0138015	0.0134385	0.013062	0.0126723	0.0122699	0.0118552	0.0114285	0.0109904	0.0105412	0.0100814	0.00961144	0.00913186	0.00864311	0.00814568	0.00764008	0.00712681	0.00660639	0.00607935	0.00554621	0.00500751	0.0044638	0.00391563	0.00336353	0.00280808	0.00224982	0.00168932	0.00112714	0.000563847	0	
0	0.000599556	0.00119849	0.00179619	0.00239205	0.00298548	0.00357587	0.00416262	0.00474516	0.00532289	0.00589522	0.00646159	0.00702142	0.00757415	0.00811923	0.0086561	0.00918423	0.00970308	0.0102121	0.0107109	0.0111988	0.0116755	0.0121403	0.012593	0.0130329	0.0134597	0.0138729	0.0142721	0.0146569	0.015027	0.0153819	0.0157214	0.0160449	0.0163524	0.0166433	0.0169175	0.0171746	0.0174145	0.0176368	0.0178413	0.0180278	0.0181963	0.0183463	0.0184779	0.0185909	0.0186852	0.0187606	0.0188172	0.0188548	0.0188734	0.0188731	0.0188537	0.0188153	0.018758	0.0186818	0.0185868	0.0184731	0.0183408	0.01819	0.0180209	0.0178337	0.0176285	0.0174056	0.0171652	0.0169074	0.0166327	0.0163412	0.0160333	0.0157093	0.0153694	0.0150141	0.0146436	0.0142585	0.013859	0.0134455	0.0130186	0.0125785	0.0121258	0.0116609	0.0111843	0.0106965	0.0101979	0.00968904	0.00917047	0.00864269	0.00810624	0.00756165	0.00700948	0.00645028	0.00588461	0.00531305	0.00473616	0.00415454	0.00356876	0.00297942	0.0023871	0.0017924	0.00119592	0.000598251	0	
0	0.000633427	0.00126619	0.00189766	0.00252718	0.00315413	0.00377788	0.00439778	0.00501323	0.0056236	0.00622826	0.00682663	0.00741809	0.00800204	0.00857791	0.00914511	0.00970308	0.0102512	0.0107891	0.011316	0.0118315	0.0123351	0.0128262	0.0133044	0.0137692	0.0142201	0.0146566	0.0150784	0.015485	0.015876	0.0162509	0.0166095	0.0169514	0.0172762	0.0175836	0.0178732	0.0181449	0.0183983	0.0186331	0.0188492	0.0190463	0.0192242	0.0193828	0.0195218	0.0196412	0.0197408	0.0198205	0.0198803	0.01992	0.0199397	0.0199393	0.0199188	0.0198783	0.0198178	0.0197373	0.0196369	0.0195168	0.019377	0.0192177	0.019039	0.0188412	0.0186245	0.0183889	0.0181349	0.0178626	0.0175724	0.0172644	0.0169391	0.0165968	0.0162377	0.0158623	0.0154709	0.015064	0.014642	0.0142052	0.0137541	0.0132892	0.0128109	0.0123197	0.0118162	0.0113008	0.010774	0.0102364	0.00968857	0.00913098	0.00856422	0.00798886	0.00740549	0.0068147	0.00621707	0.00561322	0.00500374	0.00438926	0.00377039	0.00314775	0.00252196	0.00189366	0.00126348	0.000632051	0	
0	0.000666658	0.00133262	0.00199721	0.00265977	0.00331961	0.00397608	0.00462851	0.00527624	0.00591863	0.00655502	0.00718478	0.00780726	0.00842186	0.00902794	0.0096249	0.0102121	0.0107891	0.0113551	0.0119097	0.0124522	0.0129822	0.0134991	0.0140024	0.0144915	0.0149661	0.0154256	0.0158695	0.0162974	0.0167089	0.0171035	0.0174809	0.0178407	0.0181826	0.0185061	0.0188109	0.0190969	0.0193635	0.0196107	0.0198381	0.0200456	0.0202328	0.0203997	0.020546	0.0206717	0.0207765	0.0208604	0.0209233	0.0209651	0.0209858	0.0209854	0.0209639	0.0209212	0.0208575	0.0207728	0.0206671	0.0205407	0.0203936	0.0202259	0.0200379	0.0198297	0.0196016	0.0193537	0.0190864	0.0187998	0.0184943	0.0181702	0.0178278	0.0174675	0.0170896	0.0166945	0.0162826	0.0158544	0.0154102	0.0149504	0.0144757	0.0139864	0.013483	0.0129661	0.0124361	0.0118937	0.0113393	0.0107735	0.0101969	0.00961004	0.00901355	0.00840801	0.00779403	0.00717224	0.00654326	0.00590773	0.00526627	0.00461955	0.00396821	0.0033129	0.00265428	0.00199302	0.00132977	0.000665213	0	
0	0.000699217	0.0013977	0.00209475	0.00278966	0.00348173	0.00417026	0.00485455	0.00553392	0.00620768	0.00687516	0.00753567	0.00818856	0.00883317	0.00946885	0.010095	0.0107109	0.011316	0.0119097	0.0124913	0.0130604	0.0136162	0.0141584	0.0146863	0.0151993	0.015697	0.0161789	0.0166445	0.0170933	0.0175249	0.0179389	0.0183347	0.0187121	0.0190706	0.0194099	0.0197297	0.0200296	0.0203093	0.0205685	0.020807	0.0210246	0.021221	0.021396	0.0215495	0.0216813	0.0217912	0.0218792	0.0219452	0.0219891	0.0220108	0.0220104	0.0219878	0.021943	0.0218762	0.0217873	0.0216765	0.0215439	0.0213896	0.0212138	0.0210166	0.0207982	0.020559	0.020299	0.0200186	0.019718	0.0193976	0.0190577	0.0186986	0.0183206	0.0179243	0.0175099	0.0170779	0.0166287	0.0161628	0.0156806	0.0151827	0.0146695	0.0141415	0.0135994	0.0130435	0.0124746	0.0118931	0.0112997	0.0106949	0.0100794	0.00945378	0.00881867	0.00817471	0.00752255	0.00686285	0.00619627	0.00552349	0.00484518	0.00416202	0.00347471	0.00278392	0.00209036	0.00139472	0.000697703	0	
0	0.000731069	0.00146138	0.00219018	0.00291675	0.00364034	0.00436024	0.0050757	0.00578602	0.00649048	0.00718836	0.00787896	0.00856159	0.00923557	0.00990021	0.0105548	0.0111988	0.0118315	0.0124522	0.0130604	0.0136553	0.0142365	0.0148034	0.0153553	0.0158917	0.0164121	0.016916	0.0174028	0.017872	0.0183233	0.0187561	0.01917	0.0195645	0.0199394	0.0202942	0.0206285	0.020942	0.0212345	0.0215055	0.0217549	0.0219824	0.0221878	0.0223708	0.0225312	0.022669	0.022784	0.022876	0.022945	0.0229908	0.0230135	0.0230131	0.0229895	0.0229427	0.0228728	0.0227799	0.0226641	0.0225254	0.0223641	0.0221802	0.021974	0.0217457	0.0214956	0.0212237	0.0209306	0.0206163	0.0202813	0.0199259	0.0195504	0.0191553	0.0187409	0.0183076	0.0178559	0.0173863	0.0168991	0.016395	0.0158744	0.0153378	0.0147858	0.0142189	0.0136378	0.0130429	0.0124349	0.0118145	0.0111822	0.0105386	0.00988448	0.00922043	0.00854713	0.00786526	0.00717551	0.00647856	0.00577513	0.00506592	0.00435164	0.00363301	0.00291075	0.0021856	0.00145827	0.00072949	0	
0	0.000762184	0.00152357	0.0022834	0.00304089	0.00379528	0.00454581	0.00529173	0.00603228	0.00676672	0.0074943	0.0082143	0.00892599	0.00962865	0.0103216	0.0110041	0.0116755	0.0123351	0.0129822	0.0136162	0.0142365	0.0148425	0.0154335	0.0160089	0.0165681	0.0171107	0.017636	0.0181435	0.0186327	0.0191032	0.0195544	0.0199859	0.0203973	0.0207881	0.0211579	0.0215065	0.0218334	0.0221383	0.0224209	0.0226809	0.0229181	0.0231321	0.0233229	0.0234902	0.0236339	0.0237537	0.0238496	0.0239216	0.0239694	0.0239931	0.0239926	0.023968	0.0239192	0.0238463	0.0237495	0.0236287	0.0234842	0.023316	0.0231243	0.0229093	0.0226713	0.0224105	0.0221271	0.0218214	0.0214938	0.0211445	0.020774	0.0203826	0.0199706	0.0195386	0.0190869	0.0186159	0.0181263	0.0176184	0.0170928	0.0165501	0.0159906	0.0154151	0.0148242	0.0142183	0.0135981	0.0129642	0.0123174	0.0116581	0.0109872	0.0103052	0.0096129	0.00891094	0.00820005	0.00748093	0.00675432	0.00602095	0.00528155	0.00453687	0.00378765	0.00303465	0.00227863	0.00152034	0.000760541	0	
0	0.000792531	0.00158423	0.00237431	0.00316196	0.00394639	0.00472681	0.00550242	0.00627246	0.00703614	0.00779269	0.00854136	0.00928138	0.010012	0.0107325	0.0114422	0.0121403	0.0128262	0.0134991	0.0141584	0.0148034	0.0154335	0.0160479	0.0166463	0.0172278	0.0177919	0.0183382	0.0188659	0.0193746	0.0198638	0.020333	0.0207816	0.0212094	0.0216158	0.0220004	0.0223628	0.0227027	0.0230197	0.0233136	0.023584	0.0238306	0.0240532	0.0242516	0.0244255	0.0245749	0.0246995	0.0247993	0.024874	0.0249238	0.0249484	0.0249479	0.0249223	0.0248716	0.0247958	0.0246951	0.0245695	0.0244192	0.0242443	0.024045	0.0238215	0.023574	0.0233028	0.0230081	0.0226903	0.0223496	0.0219865	0.0216012	0.0211941	0.0207658	0.0203165	0.0198468	0.0193572	0.018848	0.01832	0.0177734	0.0172091	0.0166274	0.0160289	0.0154144	0.0147844	0.0141395	0.0134804	0.0128078	0.0121223	0.0114247	0.0107155	0.00999566	0.00926576	0.00852656	0.00777881	0.00702327	0.00626069	0.00549185	0.00471752	0.00393847	0.00315549	0.00236936	0.00158087	0.000790825	0	
0	0.000822077	0.0016433	0.00246283	0.00327984	0.00409352	0.00490303	0.00570756	0.00650631	0.00729846	0.00808322	0.0088598	0.00962741	0.0103853	0.0111327	0.0118688	0.012593	0.0133044	0.0140024	0.0146863	0.0153553	0.0160089	0.0166463	0.0172669	0.0178701	0.0184553	0.0190219	0.0195693	0.0200969	0.0206044	0.021091	0.0215565	0.0220001	0.0224217	0.0228206	0.0231966	0.0235491	0.023878	0.0241828	0.0244632	0.0247191	0.02495	0.0251558	0.0253362	0.0254911	0.0256204	0.0257239	0.0258014	0.025853	0.0258786	0.025878	0.0258515	0.0257989	0.0257203	0.0256158	0.0254856	0.0253297	0.0251483	0.0249415	0.0247097	0.024453	0.0241716	0.023866	0.0235363	0.0231829	0.0228062	0.0224066	0.0219843	0.02154	0.021074	0.0205868	0.0200789	0.0195508	0.019003	0.0184361	0.0178507	0.0172473	0.0166266	0.0159891	0.0153356	0.0146667	0.0139831	0.0132854	0.0125743	0.0118506	0.0111151	0.0103684	0.00961123	0.00884447	0.00806884	0.00728513	0.00649413	0.00569662	0.00489341	0.00408532	0.00327314	0.0024577	0.00163982	0.000820311	0	
0	0.000850795	0.0017007	0.00254886	0.00339442	0.00423652	0.00507431	0.00590695	0.0067336	0.00755342	0.0083656	0.0091693	0.00996373	0.0107481	0.0115216	0.0122834	0.0130329	0.0137692	0.0144915	0.0151993	0.0158917	0.0165681	0.0172278	0.0178701	0.0184944	0.0191	0.0196864	0.0202529	0.020799	0.0213242	0.0218278	0.0223095	0.0227687	0.023205	0.0236178	0.0240069	0.0243718	0.0247122	0.0250276	0.0253179	0.0255826	0.0258216	0.0260346	0.0262213	0.0263817	0.0265155	0.0266225	0.0267028	0.0267562	0.0267826	0.0267821	0.0267546	0.0267002	0.0266189	0.0265107	0.0263759	0.0262146	0.0260268	0.0258129	0.0255729	0.0253072	0.0250161	0.0246997	0.0243585	0.0239928	0.023603	0.0231893	0.0227524	0.0222925	0.0218103	0.021306	0.0207804	0.0202338	0.0196669	0.0190802	0.0184743	0.0178499	0.0172074	0.0165477	0.0158714	0.0151791	0.0144716	0.0137495	0.0130136	0.0122647	0.0115034	0.0107306	0.00994701	0.00915347	0.00835074	0.00753965	0.00672101	0.00589564	0.00506437	0.00422804	0.00338749	0.00254357	0.00169711	0.00084897	0	
0	0.000878655	0.00175639	0.00263233	0.00350557	0.00437525	0.00524047	0.00610038	0.0069541	0.00780077	0.00863954	0.00946956	0.01029	0.0111001	0.0118989	0.0126857	0.0134597	0.0142201	0.0149661	0.015697	0.0164121	0.0171107	0.0177919	0.0184553	0.0191	0.0197255	0.020331	0.0209161	0.0214801	0.0220225	0.0225426	0.0230401	0.0235143	0.0239649	0.0243913	0.0247931	0.0251699	0.0255214	0.0258472	0.026147	0.0264204	0.0266672	0.0268871	0.02708	0.0272456	0.0273838	0.0274944	0.0275773	0.0276324	0.0276597	0.0276591	0.0276308	0.0275745	0.0274906	0.0273789	0.0272397	0.027073	0.0268791	0.0266582	0.0264104	0.026136	0.0258353	0.0255086	0.0251562	0.0247785	0.0243759	0.0239488	0.0234975	0.0230226	0.0225245	0.0220038	0.0214609	0.0208964	0.020311	0.019705	0.0190793	0.0184344	0.017771	0.0170897	0.0163912	0.0156762	0.0149455	0.0141998	0.0134398	0.0126663	0.0118801	0.011082	0.0102728	0.00945323	0.00862422	0.00778657	0.00694112	0.00608872	0.00523023	0.00436651	0.00349843	0.00262687	0.00175269	0.000876774	0	
0	0.000905629	0.00181031	0.00271314	0.00361319	0.00450957	0.00540135	0.00628766	0.00716759	0.00804025	0.00890477	0.00976028	0.0106059	0.0114408	0.0122642	0.0130751	0.0138729	0.0146566	0.0154256	0.0161789	0.016916	0.017636	0.0183382	0.0190219	0.0196864	0.020331	0.0209552	0.0215583	0.0221396	0.0226986	0.0232347	0.0237474	0.0242362	0.0247006	0.0251401	0.0255542	0.0259427	0.0263049	0.0266407	0.0269497	0.0272315	0.0274859	0.0277126	0.0279114	0.0280821	0.0282245	0.0283385	0.0284239	0.0284807	0.0285089	0.0285083	0.0284791	0.0284211	0.0283346	0.0282195	0.028076	0.0279042	0.0277044	0.0274766	0.0272212	0.0269384	0.0266285	0.0262918	0.0259286	0.0255393	0.0251243	0.024684	0.0242189	0.0237294	0.023216	0.0226793	0.0221198	0.021538	0.0209345	0.02031	0.0196651	0.0190004	0.0183166	0.0176143	0.0168944	0.0161575	0.0154044	0.0146357	0.0138524	0.0130552	0.0122449	0.0114222	0.0105882	0.00974347	0.00888901	0.00802564	0.00715423	0.00627566	0.00539081	0.00450057	0.00360584	0.00270752	0.0018065	0.000903693	0	
0	0.000931691	0.00186241	0.00279122	0.00371717	0.00463934	0.00555679	0.0064686	0.00737385	0.00827162	0.00916102	0.0100412	0.0109111	0.0117701	0.0126171	0.0134514	0.0142721	0.0150784	0.0158695	0.0166445	0.0174028	0.0181435	0.0188659	0.0195693	0.0202529	0.0209161	0.0215583	0.0221787	0.0227767	0.0233518	0.0239034	0.0244308	0.0249337	0.0254114	0.0258636	0.0262897	0.0266892	0.027062	0.0274074	0.0277253	0.0280152	0.0282769	0.0285101	0.0287146	0.0288902	0.0290367	0.029154	0.0292419	0.0293004	0.0293293	0.0293288	0.0292986	0.029239	0.02915	0.0290316	0.028884	0.0287073	0.0285017	0.0282674	0.0280046	0.0277137	0.0273948	0.0270484	0.0266748	0.0262743	0.0258473	0.0253944	0.0249159	0.0244123	0.0238842	0.023332	0.0227564	0.0221578	0.021537	0.0208945	0.020231	0.0195472	0.0188437	0.0181213	0.0173806	0.0166225	0.0158477	0.015057	0.0142511	0.0134309	0.0125973	0.011751	0.0108929	0.0100239	0.00914483	0.00825662	0.00736013	0.00645627	0.00554596	0.0046301	0.00370962	0.00278544	0.00185849	0.000929702	0	
0	0.000956813	0.00191263	0.00286648	0.0038174	0.00476443	0.00570662	0.00664302	0.00757268	0.00849466	0.00940805	0.0103119	0.0112053	0.0120874	0.0129573	0.0138141	0.0146569	0.015485	0.0162974	0.0170933	0.017872	0.0186327	0.0193746	0.0200969	0.020799	0.0214801	0.0221396	0.0227767	0.0233909	0.0239815	0.0245479	0.0250896	0.025606	0.0260967	0.026561	0.0269986	0.0274089	0.0277917	0.0281465	0.0284729	0.0287706	0.0290394	0.0292789	0.0294889	0.0296693	0.0298197	0.0299402	0.0300304	0.0300905	0.0301202	0.0301196	0.0300887	0.0300275	0.029936	0.0298145	0.0296629	0.0294814	0.0292702	0.0290296	0.0287598	0.028461	0.0281336	0.0277778	0.0273941	0.0269828	0.0265444	0.0260792	0.0255878	0.0250706	0.0245283	0.0239612	0.02337	0.0227554	0.0221178	0.021458	0.0207766	0.0200743	0.0193519	0.0186099	0.0178493	0.0170708	0.0162751	0.015463	0.0146354	0.0137931	0.012937	0.0120679	0.0111866	0.0102942	0.00939144	0.00847927	0.00755861	0.00663038	0.00569552	0.00475496	0.00380966	0.00286056	0.00190861	0.000954773	0	
0	0.00098097	0.00196092	0.00293885	0.00391378	0.00488473	0.00585071	0.00681075	0.00776388	0.00870914	0.00964558	0.0105723	0.0114883	0.0123926	0.0132845	0.0141629	0.015027	0.015876	0.0167089	0.0175249	0.0183233	0.0191032	0.0198638	0.0206044	0.0213242	0.0220225	0.0226986	0.0233518	0.0239815	0.024587	0.0251677	0.0257231	0.0262526	0.0267556	0.0272316	0.0276803	0.028101	0.0284934	0.0288572	0.0291918	0.0294971	0.0297726	0.0300182	0.0302335	0.0304184	0.0305727	0.0306961	0.0307887	0.0308503	0.0308807	0.0308801	0.0308484	0.0307857	0.0306919	0.0305673	0.0304118	0.0302258	0.0300093	0.0297626	0.029486	0.0291796	0.0288439	0.0284792	0.0280858	0.0276641	0.0272146	0.0267377	0.0262339	0.0257037	0.0251476	0.0245662	0.0239601	0.0233299	0.0226763	0.0219998	0.0213012	0.0205812	0.0198405	0.0190799	0.0183	0.0175018	0.016686	0.0158534	0.015005	0.0141414	0.0132637	0.0123726	0.0114691	0.0105541	0.00962859	0.00869339	0.00774947	0.00679781	0.00583934	0.00487503	0.00390586	0.00293279	0.00195681	0.000978883	0	
0	0.00100414	0.00200723	0.00300826	0.00400622	0.0050001	0.00598889	0.00697161	0.00794725	0.00891484	0.0098734	0.010822	0.0117596	0.0126853	0.0135982	0.0144974	0.0153819	0.0162509	0.0171035	0.0179389	0.0187561	0.0195544	0.020333	0.021091	0.0218278	0.0225426	0.0232347	0.0239034	0.0245479	0.0251677	0.0257622	0.0263307	0.0268727	0.0273875	0.0278748	0.0283341	0.0287647	0.0291664	0.0295388	0.0298813	0.0301938	0.0304759	0.0307272	0.0309476	0.0311369	0.0312948	0.0314212	0.0315159	0.0315789	0.0316102	0.0316095	0.0315771	0.0315129	0.0314169	0.0312893	0.0311302	0.0309397	0.0307182	0.0304656	0.0301825	0.0298689	0.0295253	0.0291519	0.0287492	0.0283176	0.0278574	0.0273693	0.0268536	0.0263108	0.0257416	0.0251465	0.0245261	0.023881	0.0232119	0.0225195	0.0218044	0.0210674	0.0203092	0.0195305	0.0187323	0.0179152	0.0170802	0.0162279	0.0153594	0.0144754	0.013577	0.0126649	0.01174	0.0108035	0.00985603	0.00889874	0.00793253	0.00695838	0.00597727	0.00499019	0.00399812	0.00300207	0.00200303	0.00100201	0	
0	0.0010263	0.00205152	0.00307464	0.00409462	0.00511043	0.00612105	0.00712545	0.00812262	0.00911156	0.0100913	0.0110608	0.0120191	0.0129652	0.0138983	0.0148173	0.0157214	0.0166095	0.0174809	0.0183347	0.01917	0.0199859	0.0207816	0.0215565	0.0223095	0.0230401	0.0237474	0.0244308	0.0250896	0.0257231	0.0263307	0.0269117	0.0274657	0.0279919	0.02849	0.0289593	0.0293995	0.0298101	0.0301906	0.0305407	0.0308601	0.0311484	0.0314053	0.0316306	0.031824	0.0319854	0.0321146	0.0322114	0.0322758	0.0323077	0.0323071	0.0322739	0.0322083	0.0321102	0.0319798	0.0318172	0.0316225	0.031396	0.0311379	0.0308485	0.030528	0.0301768	0.0297952	0.0293836	0.0289425	0.0284722	0.0279733	0.0274462	0.0268915	0.0263097	0.0257014	0.0250674	0.024408	0.0237242	0.0230164	0.0222856	0.0215323	0.0207574	0.0199616	0.0191457	0.0183106	0.0174571	0.0165861	0.0156984	0.0147949	0.0138766	0.0129444	0.0119991	0.0110419	0.0100735	0.00909512	0.00810759	0.00711195	0.00610919	0.00510032	0.00408636	0.00306832	0.00204724	0.00102412	0	
0	0.00104742	0.00209375	0.00313793	0.0041789	0.00521562	0.00624703	0.0072721	0.0082898	0.0092991	0.010299	0.0112884	0.0122665	0.0132321	0.0141844	0.0151223	0.0160449	0.0169514	0.0178407	0.0187121	0.0195645	0.0203973	0.0212094	0.0220001	0.0227687	0.0235143	0.0242362	0.0249337	0.025606	0.0262526	0.0268727	0.0274657	0.028031	0.0285681	0.0290764	0.0295554	0.0300046	0.0304236	0.030812	0.0311694	0.0314953	0.0317895	0.0320517	0.0322816	0.0324791	0.0326438	0.0327756	0.0328744	0.0329402	0.0329727	0.0329721	0.0329382	0.0328712	0.0327711	0.032638	0.0324721	0.0322734	0.0320423	0.0317789	0.0314835	0.0311564	0.030798	0.0304085	0.0299885	0.0295382	0.0290583	0.0285491	0.0280111	0.027445	0.0268512	0.0262305	0.0255833	0.0249105	0.0242125	0.0234902	0.0227443	0.0219755	0.0211846	0.0203725	0.0195398	0.0186875	0.0178164	0.0169275	0.0160215	0.0150994	0.0141622	0.0132108	0.0122461	0.0112692	0.0102809	0.00928235	0.00827449	0.00725835	0.00623494	0.00520531	0.00417048	0.00313148	0.00208938	0.0010452	0	
0	0.00106749	0.00213386	0.00319805	0.00425896	0.00531554	0.00636672	0.00741143	0.00844863	0.00947726	0.0104963	0.0115047	0.0125015	0.0134856	0.0144561	0.015412	0.0163524	0.0172762	0.0181826	0.0190706	0.0199394	0.0207881	0.0216158	0.0224217	0.023205	0.0239649	0.0247006	0.0254114	0.0260967	0.0267556	0.0273875	0.0279919	0.0285681	0.0291155	0.0296335	0.0301217	0.0305795	0.0310066	0.0314024	0.0317666	0.0320988	0.0323986	0.0326659	0.0329002	0.0331014	0.0332693	0.0334036	0.0335043	0.0335713	0.0336045	0.0336039	0.0335694	0.0335011	0.0333991	0.0332634	0.0330943	0.0328918	0.0326562	0.0323878	0.0320868	0.0317534	0.0313881	0.0309912	0.0305631	0.0301042	0.0296151	0.0290961	0.0285478	0.0279709	0.0273658	0.0267331	0.0260736	0.0253878	0.0246765	0.0239403	0.0231801	0.0223966	0.0215906	0.0207628	0.0199142	0.0190456	0.0181578	0.0172518	0.0163285	0.0153888	0.0144336	0.013464	0.0124808	0.0114851	0.0104779	0.00946022	0.00843304	0.00739743	0.00635442	0.00530505	0.00425039	0.00319149	0.00212942	0.00106523	0	
0	0.00108648	0.00217183	0.00325495	0.00433474	0.00541012	0.00648	0.0075433	0.00859895	0.00964588	0.0106831	0.0117094	0.0127239	0.0137256	0.0147133	0.0156862	0.0166433	0.0175836	0.0185061	0.0194099	0.0202942	0.0211579	0.0220004	0.0228206	0.0236178	0.0243913	0.0251401	0.0258636	0.026561	0.0272316	0.0278748	0.02849	0.0290764	0.0296335	0.0301608	0.0306576	0.0311236	0.0315583	0.0319611	0.0323318	0.0326699	0.0329751	0.0332471	0.0334856	0.0336904	0.0338612	0.033998	0.0341005	0.0341687	0.0342024	0.0342018	0.0341667	0.0340972	0.0339933	0.0338553	0.0336831	0.0334771	0.0332373	0.0329641	0.0326577	0.0323184	0.0319466	0.0315426	0.0311069	0.0306399	0.030142	0.0296138	0.0290558	0.0284686	0.0278527	0.0272088	0.0265375	0.0258395	0.0251156	0.0243663	0.0235926	0.0227951	0.0219748	0.0211323	0.0202686	0.0193845	0.0184809	0.0175588	0.0166191	0.0156626	0.0146904	0.0137035	0.0127029	0.0116895	0.0106644	0.00962856	0.00858311	0.00752907	0.00646749	0.00539946	0.00432603	0.00324828	0.00216731	0.00108419	0	
0	0.00110438	0.00220761	0.00330857	0.00440615	0.00549924	0.00658674	0.00766756	0.0087406	0.00980478	0.010859	0.0119023	0.0129335	0.0139517	0.0149557	0.0159447	0.0169175	0.0178732	0.0188109	0.0197297	0.0206285	0.0215065	0.0223628	0.0231966	0.0240069	0.0247931	0.0255542	0.0262897	0.0269986	0.0276803	0.0283341	0.0289593	0.0295554	0.0301217	0.0306576	0.0311627	0.0316364	0.0320782	0.0324877	0.0328644	0.0332081	0.0335183	0.0337948	0.0340372	0.0342454	0.0344191	0.0345581	0.0346623	0.0347316	0.0347659	0.0347652	0.0347296	0.0346589	0.0345534	0.034413	0.0342381	0.0340286	0.0337849	0.0335072	0.0331957	0.0328509	0.0324729	0.0320623	0.0316194	0.0311447	0.0306386	0.0301017	0.0295345	0.0289376	0.0283116	0.0276571	0.0269747	0.0262652	0.0255293	0.0247678	0.0239813	0.0231707	0.0223368	0.0214804	0.0206025	0.0197039	0.0187854	0.0178481	0.0168929	0.0159207	0.0149325	0.0139293	0.0129122	0.0118821	0.0108401	0.0097872	0.00872452	0.00765312	0.00657405	0.00548842	0.0043973	0.0033018	0.00220302	0.00110205	0	
0	0.00112116	0.00224116	0.00335885	0.00447312	0.00558282	0.00668686	0.0077841	0.00887345	0.00995381	0.0110241	0.0120832	0.0131301	0.0141637	0.015183	0.016187	0.0171746	0.0181449	0.0190969	0.0200296	0.020942	0.0218334	0.0227027	0.0235491	0.0243718	0.0251699	0.0259427	0.0266892	0.0274089	0.028101	0.0287647	0.0293995	0.0300046	0.0305795	0.0311236	0.0316364	0.0321173	0.0325658	0.0329815	0.033364	0.0337129	0.0340278	0.0343085	0.0345546	0.0347659	0.0349422	0.0350834	0.0351892	0.0352595	0.0352944	0.0352937	0.0352575	0.0351857	0.0350786	0.0349361	0.0347585	0.0345459	0.0342984	0.0340165	0.0337003	0.0333502	0.0329665	0.0325497	0.0321	0.0316181	0.0311043	0.0305593	0.0299835	0.0293775	0.0287419	0.0280775	0.0273848	0.0266645	0.0259174	0.0251443	0.0243458	0.0235229	0.0226763	0.021807	0.0209157	0.0200034	0.019071	0.0181194	0.0171497	0.0161627	0.0151595	0.0141411	0.0131085	0.0120627	0.0110049	0.00993598	0.00885715	0.00776946	0.00667399	0.00557185	0.00446415	0.003352	0.00223651	0.0011188	0	
0	0.00113682	0.00227245	0.00340576	0.00453558	0.00566078	0.00678023	0.0078928	0.00899736	0.0100928	0.011178	0.0122519	0.0133135	0.0143615	0.0153951	0.0164131	0.0174145	0.0183983	0.0193635	0.0203093	0.0212345	0.0221383	0.0230197	0.023878	0.0247122	0.0255214	0.0263049	0.027062	0.0277917	0.0284934	0.0291664	0.0298101	0.0304236	0.0310066	0.0315583	0.0320782	0.0325658	0.0330206	0.0334421	0.0338299	0.0341837	0.034503	0.0347876	0.0350372	0.0352515	0.0354302	0.0355733	0.0356806	0.0357519	0.0357873	0.0357866	0.0357499	0.0356771	0.0355685	0.035424	0.0352439	0.0350283	0.0347774	0.0344916	0.034171	0.033816	0.0334269	0.0330042	0.0325483	0.0320597	0.0315387	0.0309861	0.0304022	0.0297878	0.0291433	0.0284696	0.0277672	0.0270369	0.0262794	0.0254954	0.0246858	0.0238514	0.022993	0.0221115	0.0212078	0.0202828	0.0193373	0.0183725	0.0173892	0.0163884	0.0153712	0.0143386	0.0132915	0.0122312	0.0111586	0.0100747	0.00898085	0.00787797	0.0067672	0.00564967	0.0045265	0.00339881	0.00226774	0.00113443	0	
0	0.00115133	0.00230146	0.00344923	0.00459347	0.00573304	0.00686678	0.00799355	0.00911221	0.0102216	0.0113207	0.0124083	0.0134834	0.0145448	0.0155916	0.0166226	0.0176368	0.0186331	0.0196107	0.0205685	0.0215055	0.0224209	0.0233136	0.0241828	0.0250276	0.0258472	0.0266407	0.0274074	0.0281465	0.0288572	0.0295388	0.0301906	0.030812	0.0314024	0.0319611	0.0324877	0.0329815	0.0334421	0.033869	0.0342618	0.0346201	0.0349435	0.0352317	0.0354845	0.0357015	0.0358825	0.0360274	0.0361361	0.0362083	0.0362441	0.0362434	0.0362062	0.0361326	0.0360226	0.0358763	0.0356938	0.0354755	0.0352214	0.0349319	0.0346072	0.0342477	0.0338537	0.0334256	0.0329639	0.032469	0.0319414	0.0313817	0.0307903	0.0301681	0.0295154	0.0288331	0.0281217	0.0273821	0.0266149	0.0258209	0.025001	0.0241559	0.0232866	0.0223938	0.0214786	0.0205417	0.0195842	0.018607	0.0176112	0.0165976	0.0155674	0.0145216	0.0134612	0.0123873	0.011301	0.0102034	0.00909551	0.00797855	0.0068536	0.0057218	0.00458429	0.00344221	0.0022967	0.00114891	0	
