0	0	0	0	0	0	0	0	0	0	0	0	0	0	0	0	0	0	0	0	0	0	0	0	0	0	0	0	0	0	0	0	0	0	0	0	0	0	0	0	0	0	0	0	0	0	0	0	0	0	0	0	0	0	0	0	0	0	0	0	0	0	0	0	0	0	0	0	0	0	0	0	0	0	0	0	0	0	0	0	0	0	0	0	0	0	0	0	0	0	0	0	0	0	0	0	0	0	0	0	
0	3.69732e-05	7.39077e-05	0.000110766	0.000147511	0.000184105	0.000220512	0.000256695	0.000292617	0.000328243	0.000363536	0.00039846	0.000432981	0.000467065	0.000500676	0.00053378	0.000566346	0.000598339	0.000629729	0.000660482	0.000690569	0.000719959	0.000748622	0.00077653	0.000803656	0.00082997	0.000855448	0.000880064	0.000903792	0.000926609	0.000948492	0.00096942	0.00098937	0.00100832	0.00102626	0.00104317	0.00105902	0.0010738	0.00108751	0.00110012	0.00111162	0.001122	0.00113125	0.00113936	0.00114633	0.00115214	0.00115679	0.00116027	0.00116259	0.00116373	0.00116371	0.00116251	0.00116014	0.0011566	0.0011519	0.00114604	0.00113903	0.00113087	0.00112157	0.00111114	0.00109959	0.00108694	0.00107319	0.00105836	0.00104247	0.00102553	0.00100755	0.000988565	0.000968583	0.000947625	0.000925715	0.000902873	0.000879123	0.000854489	0.000828996	0.000802669	0.000775535	0.000747622	0.000718957	0.00068957	0.000659489	0.000628747	0.000597373	0.000565399	0.000532858	0.000499782	0.000466205	0.00043216	0.000397682	0.000362806	0.000327566	0.000291999	0.000256139	0.000220024	0.000183688	0.00014717	0.000110505	7.37307e-05	3.68833e-05	0	
0	7.39077e-05	0.000147738	0.000221416	0.000294867	0.000368018	0.000440794	0.000513121	0.000584928	0.000656142	0.00072669	0.000796503	0.00086551	0.000933641	0.00100083	0.001067	0.0011321	0.00119605	0.0012588	0.00132027	0.00138042	0.00143916	0.00149646	0.00155225	0.00160647	0.00165907	0.00171	0.00175921	0.00180664	0.00185225	0.00189599	0.00193783	0.00197771	0.00201559	0.00205145	0.00208524	0.00211693	0.00214649	0.00217388	0.00219909	0.00222208	0.00224283	0.00226132	0.00227753	0.00229146	0.00230307	0.00231236	0.00231933	0.00232396	0.00232625	0.0023262	0.0023238	0.00231907	0.002312	0.0023026	0.00229089	0.00227687	0.00226055	0.00224197	0.00222112	0.00219804	0.00217274	0.00214526	0.00211562	0.00208385	0.00204999	0.00201406	0.0019761	0.00193616	0.00189426	0.00185046	0.0018048	0.00175733	0.00170809	0.00165713	0.0016045	0.00155026	0.00149446	0.00143716	0.00137842	0.00131829	0.00125684	0.00119412	0.00113021	0.00106516	0.000999044	0.000931924	0.00086387	0.00079495	0.000725234	0.000654791	0.000583693	0.000512012	0.000439818	0.000367186	0.000294187	0.000220896	0.000147385	7.37284e-05	0	
0	0.000110766	0.000221416	0.000331838	0.00044192	0.000551551	0.000660621	0.000769019	0.000876637	0.000983365	0.0010891	0.00119373	0.00129715	0.00139926	0.00149995	0.00159913	0.00169669	0.00179254	0.00188657	0.00197871	0.00206884	0.00215689	0.00224276	0.00232637	0.00240763	0.00248647	0.0025628	0.00263654	0.00270763	0.00277599	0.00284155	0.00290424	0.00296401	0.00302079	0.00307453	0.00312517	0.00317267	0.00321696	0.00325802	0.00329579	0.00333025	0.00336135	0.00338906	0.00341337	0.00343423	0.00345164	0.00346557	0.00347601	0.00348295	0.00348638	0.0034863	0.00348271	0.00347562	0.00346502	0.00345094	0.00343338	0.00341237	0.00338792	0.00336006	0.00332882	0.00329422	0.00325632	0.00321513	0.00317071	0.00312309	0.00307234	0.00301849	0.0029616	0.00290174	0.00283895	0.00277331	0.00270488	0.00263373	0.00255993	0.00248356	0.00240469	0.0023234	0.00223977	0.0021539	0.00206586	0.00197574	0.00188364	0.00178965	0.00169386	0.00159637	0.00149728	0.00139669	0.00129469	0.0011914	0.00108692	0.000981345	0.00087479	0.000767359	0.000659162	0.000550307	0.000440903	0.00033106	0.000220888	0.000110498	0	
0	0.000147511	0.000294867	0.00044192	0.00058852	0.00073452	0.000879772	0.00102413	0.00116745	0.00130958	0.00145039	0.00158973	0.00172746	0.00186344	0.00199754	0.00212962	0.00225954	0.00238719	0.00251242	0.00263512	0.00275515	0.00287241	0.00298677	0.00309812	0.00320634	0.00331132	0.00341297	0.00351118	0.00360585	0.00369688	0.00378419	0.00386769	0.00394728	0.0040229	0.00409447	0.00416191	0.00422516	0.00428415	0.00433883	0.00438913	0.00443502	0.00447644	0.00451335	0.00454571	0.0045735	0.00459668	0.00461523	0.00462913	0.00463837	0.00464294	0.00464284	0.00463806	0.00462861	0.0046145	0.00459575	0.00457237	0.00454438	0.00451182	0.00447472	0.00443311	0.00438705	0.00433656	0.00428171	0.00422255	0.00415915	0.00409155	0.00401984	0.00394408	0.00386436	0.00378075	0.00369333	0.0036022	0.00350744	0.00340916	0.00330745	0.00320242	0.00309416	0.00298279	0.00286843	0.00275118	0.00263117	0.00250852	0.00238335	0.00225578	0.00212595	0.00199399	0.00186002	0.0017242	0.00158664	0.00144749	0.0013069	0.00116499	0.00102192	0.000877833	0.000732866	0.000587168	0.000440886	0.000294166	0.000147155	0	
0	0.000184105	0.000368018	0.000551551	0.00073452	0.00091674	0.00109803	0.0012782	0.00145707	0.00163446	0.0018102	0.00198411	0.00215601	0.00232572	0.00249309	0.00265793	0.00282009	0.0029794	0.0031357	0.00328884	0.00343866	0.003585	0.00372773	0.0038667	0.00400177	0.0041328	0.00425967	0.00438224	0.0045004	0.00461402	0.00472298	0.00482719	0.00492654	0.00502092	0.00511024	0.00519441	0.00527335	0.00534697	0.00541521	0.005478	0.00553527	0.00558696	0.00563303	0.00567342	0.0057081	0.00573703	0.00576018	0.00577754	0.00578907	0.00579478	0.00579465	0.00578868	0.00577689	0.00575928	0.00573587	0.00570669	0.00567177	0.00563113	0.00558482	0.00553289	0.0054754	0.00541239	0.00534393	0.0052701	0.00519096	0.0051066	0.0050171	0.00492255	0.00482304	0.00471869	0.00460958	0.00449584	0.00437758	0.00425492	0.00412798	0.00399688	0.00386177	0.00372278	0.00358004	0.00343371	0.00328392	0.00313084	0.00297462	0.0028154	0.00265337	0.00248867	0.00232147	0.00215194	0.00198026	0.00180659	0.00163112	0.00145401	0.00127545	0.00109561	0.00091468	0.000732836	0.000550263	0.000367144	0.000183662	0	
0	0.000220512	0.000440794	0.000660621	0.000879772	0.00109803	0.00131516	0.00153096	0.00174521	0.00195768	0.00216817	0.00237647	0.00258236	0.00278564	0.0029861	0.00318354	0.00337777	0.00356859	0.0037558	0.00393922	0.00411866	0.00429395	0.0044649	0.00463135	0.00479313	0.00495008	0.00510203	0.00524885	0.00539037	0.00552645	0.00565697	0.00578179	0.00590077	0.00601382	0.0061208	0.00622162	0.00631617	0.00640436	0.00648609	0.0065613	0.00662989	0.00669181	0.00674698	0.00679536	0.0068369	0.00687155	0.00689928	0.00692007	0.00693388	0.00694072	0.00694056	0.00693342	0.00691929	0.0068982	0.00687017	0.00683522	0.00679338	0.00674471	0.00668925	0.00662705	0.00655818	0.00648271	0.00640072	0.00631228	0.0062175	0.00611645	0.00600925	0.005896	0.00577682	0.00565183	0.00552115	0.00538492	0.00524327	0.00509635	0.0049443	0.00478729	0.00462546	0.00445897	0.00428801	0.00411274	0.00393334	0.00374998	0.00356286	0.00337217	0.00317808	0.00298081	0.00278055	0.0025775	0.00237187	0.00216386	0.00195368	0.00174155	0.00152768	0.00131228	0.00109556	0.00087776	0.000659082	0.000439749	0.000219982	0	
0	0.000256695	0.000513121	0.000769019	0.00102413	0.0012782	0.00153096	0.00178217	0.00203157	0.00227891	0.00252394	0.00276642	0.00300609	0.00324273	0.00347608	0.00370592	0.00393202	0.00415414	0.00437207	0.00458559	0.00479448	0.00499853	0.00519754	0.0053913	0.00557963	0.00576232	0.00593921	0.00611012	0.00627486	0.00643328	0.00658521	0.00673051	0.00686902	0.00700061	0.00712515	0.00724251	0.00735258	0.00745524	0.00755038	0.00763793	0.00771778	0.00778985	0.00785408	0.0079104	0.00795875	0.00799909	0.00803138	0.00805557	0.00807165	0.00807961	0.00807943	0.00807111	0.00805467	0.00803012	0.00799748	0.0079568	0.0079081	0.00785144	0.00778688	0.00771447	0.00763431	0.00754645	0.00745101	0.00734806	0.00723772	0.00712009	0.0069953	0.00686347	0.00672474	0.00657923	0.00642711	0.00626853	0.00610364	0.00593261	0.00575561	0.00557283	0.00538444	0.00519065	0.00499163	0.0047876	0.00457876	0.00436532	0.00414749	0.00392551	0.00369958	0.00346994	0.00323681	0.00300045	0.00276107	0.00251893	0.00227426	0.00202732	0.00177835	0.00152761	0.00127534	0.00102179	0.000767232	0.000511908	0.000256079	0	
0	0.000292617	0.000584928	0.000876637	0.00116745	0.00145707	0.00174521	0.00203157	0.00231587	0.00259783	0.00287715	0.00315356	0.00342677	0.00369652	0.00396253	0.00422454	0.00448228	0.00473549	0.00498392	0.00522731	0.00546543	0.00569804	0.00592489	0.00614577	0.00636046	0.00656872	0.00677037	0.00696519	0.00715298	0.00733357	0.00750677	0.0076724	0.0078303	0.00798031	0.00812227	0.00825606	0.00838153	0.00849855	0.00860701	0.00870681	0.00879783	0.00887999	0.00895321	0.00901741	0.00907253	0.00911852	0.00915532	0.0091829	0.00920123	0.0092103	0.0092101	0.00920062	0.00918188	0.00915389	0.00911669	0.00907031	0.00901479	0.0089502	0.00887661	0.00879407	0.00870269	0.00860254	0.00849374	0.00837638	0.0082506	0.00811651	0.00797426	0.00782398	0.00766583	0.00749997	0.00732656	0.00714578	0.00695781	0.00676285	0.00656108	0.00635272	0.00613797	0.00591705	0.00569019	0.0054576	0.00521954	0.00497623	0.00472792	0.00447486	0.00421732	0.00395554	0.00368979	0.00342035	0.00314747	0.00287144	0.00259254	0.00231104	0.00202723	0.00174139	0.00145382	0.00116479	0.000874603	0.000583549	0.000291917	0	
0	0.000328243	0.000656142	0.000983365	0.00130958	0.00163446	0.00195768	0.00227891	0.00259783	0.00291411	0.00322744	0.0035375	0.00384398	0.00414657	0.00444497	0.00473887	0.00502799	0.00531203	0.0055907	0.00586373	0.00613084	0.00639177	0.00664625	0.00689402	0.00713484	0.00736846	0.00759466	0.0078132	0.00802386	0.00822643	0.00842071	0.00860651	0.00878363	0.00895191	0.00911116	0.00926123	0.00940198	0.00953325	0.00965492	0.00976686	0.00986897	0.00996114	0.0100433	0.0101153	0.0101771	0.0102287	0.01027	0.0103009	0.0103215	0.0103317	0.0103314	0.0103208	0.0102998	0.0102684	0.0102267	0.0101746	0.0101124	0.0100399	0.00995734	0.00986476	0.00976225	0.00964991	0.00952786	0.00939622	0.00925512	0.00910471	0.00894513	0.00877656	0.00859915	0.0084131	0.00821857	0.00801579	0.00780494	0.00758623	0.00735991	0.00712618	0.00688528	0.00663747	0.00638298	0.00612208	0.00585503	0.00558209	0.00530355	0.00501969	0.00473079	0.00443714	0.00413903	0.00383678	0.00353068	0.00322105	0.00290819	0.00259242	0.00227405	0.00195341	0.00163082	0.00130661	0.000981089	0.000654598	0.000327459	0	
0	0.000363536	0.00072669	0.0010891	0.00145039	0.0018102	0.00216817	0.00252394	0.00287715	0.00322744	0.00357446	0.00391785	0.00425729	0.00459241	0.0049229	0.0052484	0.00556861	0.00588319	0.00619183	0.00649421	0.00679005	0.00707903	0.00736087	0.00763528	0.00790199	0.00816074	0.00841125	0.00865329	0.0088866	0.00911096	0.00932613	0.0095319	0.00972807	0.00991444	0.0100908	0.010257	0.0104129	0.0105583	0.010693	0.010817	0.0109301	0.0110322	0.0111232	0.0112029	0.0112714	0.0113285	0.0113742	0.0114085	0.0114313	0.0114426	0.0114423	0.0114305	0.0114072	0.0113725	0.0113263	0.0112686	0.0111997	0.0111194	0.011028	0.0109255	0.0108119	0.0106875	0.0105523	0.0104065	0.0102503	0.0100837	0.00990695	0.00972025	0.00952377	0.00931771	0.00910227	0.00887768	0.00864415	0.00840194	0.00815127	0.00789241	0.00762562	0.00735115	0.0070693	0.00678035	0.00648458	0.0061823	0.00587382	0.00555943	0.00523946	0.00491424	0.00458408	0.00424933	0.00391032	0.00356739	0.00322089	0.00287117	0.00251857	0.00216345	0.00180618	0.0014471	0.00108658	0.000724984	0.000362669	0	
0	0.00039846	0.000796503	0.00119373	0.00158973	0.00198411	0.00237647	0.00276642	0.00315356	0.0035375	0.00391785	0.00429424	0.00466629	0.00503361	0.00539584	0.00575262	0.00610359	0.00644839	0.00678668	0.00711812	0.00744237	0.00775912	0.00806803	0.00836881	0.00866115	0.00894475	0.00921933	0.00948462	0.00974035	0.00998626	0.0102221	0.0104476	0.0106627	0.0108669	0.0110603	0.0112424	0.0114133	0.0115726	0.0117203	0.0118562	0.0119802	0.0120921	0.0121918	0.0122792	0.0123543	0.0124169	0.012467	0.0125045	0.0125295	0.0125419	0.0125416	0.0125287	0.0125032	0.0124651	0.0124144	0.0123512	0.0122756	0.0121877	0.0120875	0.0119751	0.0118506	0.0117143	0.0115661	0.0114063	0.011235	0.0110524	0.0108587	0.0106541	0.0104387	0.0102129	0.00997675	0.00973058	0.00947462	0.00920914	0.00893439	0.00865066	0.00835823	0.0080574	0.00774848	0.00743176	0.00710758	0.00677626	0.00643813	0.00609354	0.00574284	0.00538637	0.0050245	0.00465758	0.004286	0.00391013	0.00353034	0.00314701	0.00276054	0.00237131	0.00197971	0.00158613	0.00119097	0.000794636	0.000397512	0	
0	0.000432981	0.00086551	0.00129715	0.00172746	0.00215601	0.00258236	0.00300609	0.00342677	0.00384398	0.00425729	0.00466629	0.00507056	0.00546971	0.00586332	0.00625101	0.00663239	0.00700706	0.00737466	0.00773482	0.00808717	0.00843135	0.00876703	0.00909387	0.00941153	0.00971971	0.0100181	0.0103064	0.0105842	0.0108515	0.0111077	0.0113528	0.0115865	0.0118084	0.0120185	0.0122165	0.0124021	0.0125753	0.0127358	0.0128834	0.0130181	0.0131397	0.0132481	0.0133431	0.0134246	0.0134927	0.0135471	0.0135879	0.0136151	0.0136285	0.0136282	0.0136142	0.0135864	0.013545	0.01349	0.0134213	0.0133392	0.0132436	0.0131347	0.0130126	0.0128774	0.0127292	0.0125682	0.0123946	0.0122084	0.01201	0.0117995	0.0115772	0.0113432	0.0110977	0.0108411	0.0105736	0.0102955	0.010007	0.00970847	0.00940016	0.0090824	0.0087555	0.00841981	0.00807566	0.00772339	0.00736336	0.00699594	0.0066215	0.0062404	0.00585305	0.00545982	0.00506112	0.00465735	0.00424891	0.00383621	0.00341967	0.00299972	0.00257676	0.00215123	0.00172356	0.00129416	0.000863485	0.000431954	0	
0	0.000467065	0.000933641	0.00139926	0.00186344	0.00232572	0.00278564	0.00324273	0.00369652	0.00414657	0.00459241	0.00503361	0.00546971	0.00590028	0.00632488	0.00674309	0.00715448	0.00755865	0.00795519	0.00834369	0.00872378	0.00909506	0.00945717	0.00980973	0.0101524	0.0104848	0.0108067	0.0111177	0.0114174	0.0117057	0.0119821	0.0122465	0.0124985	0.012738	0.0129646	0.0131781	0.0133784	0.0135652	0.0137383	0.0138976	0.0140429	0.0141741	0.0142909	0.0143934	0.0144814	0.0145548	0.0146136	0.0146576	0.0146868	0.0147013	0.014701	0.0146859	0.014656	0.0146113	0.0145519	0.0144779	0.0143893	0.0142862	0.0141687	0.014037	0.0138911	0.0137313	0.0135576	0.0133703	0.0131695	0.0129555	0.0127284	0.0124885	0.0122361	0.0119714	0.0116946	0.011406	0.011106	0.0107948	0.0104727	0.0101402	0.00979737	0.00944475	0.00908263	0.00871138	0.00833138	0.00794302	0.00754667	0.00714275	0.00673166	0.00631381	0.00588963	0.00545954	0.00502398	0.00458339	0.00413821	0.00368888	0.00323586	0.00277961	0.00232058	0.00185924	0.00139604	0.000931462	0.000465958	0	
0	0.000500676	0.00100083	0.00149995	0.00199754	0.00249309	0.0029861	0.00347608	0.00396253	0.00444497	0.0049229	0.00539584	0.00586332	0.00632488	0.00678004	0.00722834	0.00766934	0.0081026	0.00852767	0.00894414	0.00935157	0.00974957	0.0101377	0.0105157	0.010883	0.0112394	0.0115844	0.0119177	0.0122391	0.0125481	0.0128444	0.0131278	0.013398	0.0136547	0.0138976	0.0141265	0.0143412	0.0145414	0.014727	0.0148978	0.0150535	0.0151941	0.0153194	0.0154292	0.0155236	0.0156022	0.0156652	0.0157124	0.0157438	0.0157593	0.015759	0.0157427	0.0157107	0.0156628	0.0155991	0.0155198	0.0154248	0.0153143	0.0151884	0.0150471	0.0148908	0.0147194	0.0145333	0.0143325	0.0141172	0.0138878	0.0136444	0.0133873	0.0131167	0.0128329	0.0125362	0.0122268	0.0119052	0.0115716	0.0112264	0.0108699	0.0105024	0.0101244	0.00973627	0.00933831	0.00893096	0.00851465	0.00808978	0.00765679	0.00721611	0.00676819	0.00631349	0.00585245	0.00538554	0.00491324	0.00443602	0.00395436	0.00346874	0.00297965	0.00248759	0.00199304	0.00149651	0.000998496	0.000499492	0	
0	0.00053378	0.001067	0.00159913	0.00212962	0.00265793	0.00318354	0.00370592	0.00422454	0.00473887	0.0052484	0.00575262	0.00625101	0.00674309	0.00722834	0.00770629	0.00817645	0.00863835	0.00909153	0.00953554	0.00996991	0.0103942	0.0108081	0.011211	0.0116026	0.0119825	0.0123504	0.0127058	0.0130483	0.0133778	0.0136937	0.0139959	0.0142839	0.0145575	0.0148165	0.0150606	0.0152895	0.0155029	0.0157008	0.0158828	0.0160489	0.0161988	0.0163323	0.0164495	0.01655	0.0166339	0.016701	0.0167514	0.0167848	0.0168014	0.016801	0.0167837	0.0167495	0.0166985	0.0166306	0.016546	0.0164447	0.0163269	0.0161927	0.0160421	0.0158754	0.0156927	0.0154942	0.0152802	0.0150507	0.0148061	0.0145466	0.0142725	0.013984	0.0136814	0.0133651	0.0130353	0.0126925	0.0123368	0.0119687	0.0115887	0.0111969	0.0107939	0.0103801	0.00995579	0.00952151	0.00907767	0.00862471	0.00816309	0.00769327	0.00721574	0.00673096	0.00623944	0.00574166	0.00523813	0.00472935	0.00421584	0.00369811	0.00317668	0.00265208	0.00212483	0.00159547	0.00106452	0.000532521	0	
0	0.000566346	0.0011321	0.00169669	0.00225954	0.00282009	0.00337777	0.00393202	0.00448228	0.00502799	0.00556861	0.00610359	0.00663239	0.00715448	0.00766934	0.00817645	0.0086753	0.00916538	0.00964621	0.0101173	0.0105782	0.0110284	0.0114675	0.011895	0.0123105	0.0127136	0.0131039	0.013481	0.0138444	0.014194	0.0145292	0.0148498	0.0151554	0.0154457	0.0157205	0.0159794	0.0162223	0.0164488	0.0166587	0.0168519	0.0170281	0.0171871	0.0173288	0.0174531	0.0175598	0.0176488	0.01772	0.0177734	0.0178089	0.0178264	0.017826	0.0178077	0.0177714	0.0177173	0.0176453	0.0175555	0.0174481	0.017323	0.0171806	0.0170209	0.016844	0.0166502	0.0164396	0.0162124	0.015969	0.0157095	0.0154341	0.0151433	0.0148372	0.0145162	0.0141805	0.0138307	0.0134668	0.0130895	0.012699	0.0122957	0.0118801	0.0114525	0.0110134	0.0105632	0.0101024	0.00963152	0.00915093	0.00866114	0.00816266	0.00765599	0.00714164	0.00662013	0.00609198	0.00555772	0.0050179	0.00447306	0.00392374	0.0033705	0.00281389	0.00225448	0.00169282	0.00112947	0.000565012	0	
0	0.000598339	0.00119605	0.00179254	0.00238719	0.0029794	0.00356859	0.00415414	0.00473549	0.00531203	0.00588319	0.00644839	0.00700706	0.00755865	0.0081026	0.00863835	0.00916538	0.00968315	0.0101911	0.0106889	0.0111758	0.0116514	0.0121153	0.012567	0.0130059	0.0134318	0.0138442	0.0142425	0.0146265	0.0149958	0.01535	0.0156887	0.0160115	0.0163183	0.0166086	0.0168822	0.0171387	0.017378	0.0175998	0.0178039	0.01799	0.018158	0.0183078	0.018439	0.0185518	0.0186458	0.0187211	0.0187775	0.018815	0.0188335	0.0188331	0.0188137	0.0187754	0.0187182	0.0186421	0.0185473	0.0184338	0.0183017	0.0181512	0.0179824	0.0177956	0.0175908	0.0173683	0.0171283	0.0168711	0.016597	0.0163061	0.0159988	0.0156754	0.0153362	0.0149817	0.014612	0.0142276	0.013829	0.0134164	0.0129903	0.0125512	0.0120995	0.0116356	0.01116	0.0106732	0.0101757	0.00966791	0.00915045	0.00862381	0.00808852	0.00754511	0.00699413	0.00643615	0.00587171	0.00530139	0.00472577	0.00414541	0.00356092	0.00297286	0.00238184	0.00178845	0.00119328	0.000596933	0	
0	0.000629729	0.0012588	0.00188657	0.00251242	0.0031357	0.0037558	0.00437207	0.00498392	0.0055907	0.00619183	0.00678668	0.00737466	0.00795519	0.00852767	0.00909153	0.00964621	0.0101911	0.0107258	0.0112496	0.0117621	0.0122627	0.0127509	0.0132262	0.0136883	0.0141365	0.0145704	0.0149897	0.0153939	0.0157825	0.0161553	0.0165117	0.0168515	0.0171744	0.0174799	0.0177678	0.0180379	0.0182897	0.0185232	0.0187379	0.0189338	0.0191107	0.0192682	0.0194064	0.019525	0.019624	0.0197032	0.0197626	0.019802	0.0198216	0.0198211	0.0198007	0.0197604	0.0197002	0.0196201	0.0195203	0.0194008	0.0192619	0.0191035	0.0189258	0.0187292	0.0185137	0.0182795	0.018027	0.0177563	0.0174677	0.0171616	0.0168381	0.0164978	0.0161408	0.0157677	0.0153786	0.0149741	0.0145545	0.0141203	0.0136719	0.0132097	0.0127343	0.012246	0.0117455	0.0112331	0.0107095	0.0101751	0.00963052	0.00907625	0.00851288	0.00794096	0.00736108	0.00677382	0.00617977	0.00557953	0.0049737	0.0043629	0.00374774	0.00312884	0.00250681	0.00188228	0.00125589	0.000628251	0	
0	0.000660482	0.00132027	0.00197871	0.00263512	0.00328884	0.00393922	0.00458559	0.00522731	0.00586373	0.00649421	0.00711812	0.00773482	0.00834369	0.00894414	0.00953554	0.0101173	0.0106889	0.0112496	0.011799	0.0123365	0.0128615	0.0133736	0.0138722	0.0143568	0.0148269	0.015282	0.0157218	0.0161457	0.0165533	0.0169442	0.0173181	0.0176745	0.0180131	0.0183336	0.0186356	0.0189188	0.019183	0.0194278	0.0196531	0.0198585	0.020044	0.0202093	0.0203542	0.0204786	0.0205824	0.0206655	0.0207277	0.0207691	0.0207896	0.0207892	0.0207678	0.0207255	0.0206623	0.0205783	0.0204737	0.0203484	0.0202026	0.0200365	0.0198502	0.0196439	0.0194178	0.0191723	0.0189074	0.0186235	0.0183208	0.0179997	0.0176605	0.0173035	0.0169291	0.0165377	0.0161297	0.0157054	0.0152653	0.0148099	0.0143396	0.0138549	0.0133562	0.0128441	0.0123191	0.0117818	0.0112326	0.0106721	0.0101009	0.00951954	0.00892864	0.00832879	0.00772059	0.00710465	0.00648159	0.00585203	0.00521662	0.00457599	0.00393078	0.00328165	0.00262924	0.00197422	0.00131723	0.000658936	0	
0	0.000690569	0.00138042	0.00206884	0.00275515	0.00343866	0.00411866	0.00479448	0.00546543	0.00613084	0.00679005	0.00744237	0.00808717	0.00872378	0.00935157	0.00996991	0.0105782	0.0111758	0.0117621	0.0123365	0.0128985	0.0134474	0.0139828	0.0145041	0.0150108	0.0155023	0.0159782	0.016438	0.0168812	0.0173074	0.0177161	0.018107	0.0184797	0.0188337	0.0191688	0.0194845	0.0197806	0.0200568	0.0203128	0.0205483	0.0207632	0.0209571	0.0211299	0.0212814	0.0214115	0.02152	0.0216069	0.021672	0.0217153	0.0217367	0.0217362	0.0217138	0.0216696	0.0216036	0.0215158	0.0214063	0.0212753	0.0211229	0.0209492	0.0207544	0.0205388	0.0203024	0.0200457	0.0197687	0.0194719	0.0191554	0.0188197	0.018465	0.0180918	0.0177004	0.0172911	0.0168645	0.0164209	0.0159608	0.0154846	0.0149928	0.014486	0.0139647	0.0134292	0.0128803	0.0123185	0.0117443	0.0111583	0.010561	0.00995321	0.0093354	0.00870822	0.00807231	0.00742831	0.00677686	0.00611863	0.00545427	0.00478445	0.00410986	0.00343115	0.00274902	0.00206415	0.00137724	0.000688955	0	
0	0.000719959	0.00143916	0.00215689	0.00287241	0.003585	0.00429395	0.00499853	0.00569804	0.00639177	0.00707903	0.00775912	0.00843135	0.00909506	0.00974957	0.0103942	0.0110284	0.0116514	0.0122627	0.0128615	0.0134474	0.0140198	0.0145779	0.0151214	0.0156496	0.0161621	0.0166582	0.0171376	0.0175997	0.018044	0.0184701	0.0188777	0.0192662	0.0196353	0.0199846	0.0203138	0.0206225	0.0209105	0.0211773	0.0214229	0.0216469	0.021849	0.0220292	0.0221872	0.0223228	0.022436	0.0225265	0.0225944	0.0226395	0.0226618	0.0226613	0.022638	0.0225919	0.0225231	0.0224315	0.0223174	0.0221808	0.0220219	0.0218408	0.0216378	0.0214129	0.0211665	0.0208988	0.0206101	0.0203006	0.0199707	0.0196207	0.0192509	0.0188618	0.0184537	0.0180271	0.0175823	0.0171198	0.0166401	0.0161436	0.015631	0.0151026	0.014559	0.0140008	0.0134286	0.0128428	0.0122441	0.0116332	0.0110105	0.0103768	0.00973274	0.00907887	0.00841589	0.00774448	0.00706531	0.00637906	0.00568642	0.0049881	0.00428478	0.00357719	0.00286603	0.00215201	0.00143586	0.000718279	0	
0	0.000748622	0.00149646	0.00224276	0.00298677	0.00372773	0.0044649	0.00519754	0.00592489	0.00664625	0.00736087	0.00806803	0.00876703	0.00945717	0.0101377	0.0108081	0.0114675	0.0121153	0.0127509	0.0133736	0.0139828	0.0145779	0.0151583	0.0157235	0.0162727	0.0168056	0.0173215	0.0178199	0.0183004	0.0187624	0.0192055	0.0196293	0.0200333	0.0204171	0.0207803	0.0211226	0.0214436	0.021743	0.0220205	0.0222758	0.0225087	0.0227189	0.0229063	0.0230705	0.0232116	0.0233292	0.0234234	0.023494	0.0235409	0.0235641	0.0235636	0.0235393	0.0234914	0.0234198	0.0233246	0.023206	0.023064	0.0228987	0.0227104	0.0224993	0.0222655	0.0220093	0.0217309	0.0214307	0.0211089	0.0207658	0.0204019	0.0200174	0.0196128	0.0191885	0.0187448	0.0182823	0.0178014	0.0173026	0.0167864	0.0162533	0.0157039	0.0151387	0.0145583	0.0139632	0.0133541	0.0127316	0.0120964	0.0114489	0.01079	0.0101203	0.00944035	0.00875098	0.00805284	0.00734662	0.00663305	0.00591283	0.0051867	0.00445539	0.00371962	0.00298014	0.0022377	0.00149303	0.000746879	0	
0	0.00077653	0.00155225	0.00232637	0.00309812	0.0038667	0.00463135	0.0053913	0.00614577	0.00689402	0.00763528	0.00836881	0.00909387	0.00980973	0.0105157	0.011211	0.011895	0.012567	0.0132262	0.0138722	0.0145041	0.0151214	0.0157235	0.0163096	0.0168794	0.0174321	0.0179672	0.0184842	0.0189826	0.0194619	0.0199215	0.0203611	0.0207801	0.0211782	0.021555	0.0219101	0.022243	0.0225536	0.0228415	0.0231063	0.0233479	0.0235659	0.0237603	0.0239306	0.0240769	0.024199	0.0242967	0.0243699	0.0244185	0.0244426	0.0244421	0.0244169	0.0243672	0.0242929	0.0241942	0.0240711	0.0239238	0.0237524	0.0235571	0.0233381	0.0230956	0.0228298	0.0225411	0.0222297	0.0218959	0.02154	0.0211625	0.0207637	0.020344	0.0199039	0.0194437	0.0189639	0.0184651	0.0179477	0.0174122	0.0168593	0.0162894	0.0157031	0.0151011	0.0144838	0.013852	0.0132063	0.0125473	0.0118758	0.0111923	0.0104976	0.00979232	0.00907725	0.00835307	0.00762053	0.00688035	0.00613328	0.00538008	0.0046215	0.0038583	0.00309125	0.00232113	0.00154869	0.000774725	0	
0	0.000803656	0.00160647	0.00240763	0.00320634	0.00400177	0.00479313	0.00557963	0.00636046	0.00713484	0.00790199	0.00866115	0.00941153	0.0101524	0.010883	0.0116026	0.0123105	0.0130059	0.0136883	0.0143568	0.0150108	0.0156496	0.0162727	0.0168794	0.017469	0.018041	0.0185948	0.0191299	0.0196457	0.0201417	0.0206174	0.0210723	0.021506	0.021918	0.022308	0.0226754	0.02302	0.0233415	0.0236394	0.0239135	0.0241635	0.0243892	0.0245903	0.0247666	0.024918	0.0250443	0.0251454	0.0252212	0.0252715	0.0252965	0.0252959	0.0252699	0.0252184	0.0251416	0.0250394	0.024912	0.0247596	0.0245822	0.0243801	0.0241534	0.0239024	0.0236274	0.0233285	0.0230062	0.0226608	0.0222925	0.0219018	0.0214891	0.0210547	0.0205992	0.0201229	0.0196264	0.0191101	0.0185747	0.0180205	0.0174483	0.0168584	0.0162517	0.0156286	0.0149898	0.0143359	0.0136677	0.0129857	0.0122907	0.0115833	0.0108643	0.0101344	0.00939436	0.00864488	0.00788675	0.00712071	0.00634755	0.00556803	0.00478295	0.00399309	0.00319925	0.00240222	0.0016028	0.00080179	0	
0	0.00082997	0.00165907	0.00248647	0.00331132	0.0041328	0.00495008	0.00576232	0.00656872	0.00736846	0.00816074	0.00894475	0.00971971	0.0104848	0.0112394	0.0119825	0.0127136	0.0134318	0.0141365	0.0148269	0.0155023	0.0161621	0.0168056	0.0174321	0.018041	0.0186318	0.0192037	0.0197563	0.020289	0.0208013	0.0212925	0.0217624	0.0222102	0.0226358	0.0230385	0.0234179	0.0237738	0.0241058	0.0244135	0.0246965	0.0249547	0.0251878	0.0253955	0.0255776	0.025734	0.0258644	0.0259688	0.0260471	0.0260991	0.0261248	0.0261242	0.0260974	0.0260442	0.0259649	0.0258593	0.0257278	0.0255703	0.0253872	0.0251784	0.0249443	0.0246851	0.0244011	0.0240925	0.0237596	0.0234028	0.0230225	0.022619	0.0221928	0.0217442	0.0212737	0.0207819	0.0202691	0.0197359	0.0191829	0.0186106	0.0180196	0.0174105	0.0167839	0.0161404	0.0154807	0.0148054	0.0141152	0.0134109	0.0126931	0.0119626	0.0112201	0.0104663	0.00970199	0.00892798	0.00814502	0.0073539	0.00655541	0.00575037	0.00493958	0.00412386	0.00330402	0.00248088	0.00165528	0.000828047	0	
0	0.000855448	0.00171	0.0025628	0.00341297	0.00425967	0.00510203	0.00593921	0.00677037	0.00759466	0.00841125	0.00921933	0.0100181	0.0108067	0.0115844	0.0123504	0.0131039	0.0138442	0.0145704	0.015282	0.0159782	0.0166582	0.0173215	0.0179672	0.0185948	0.0192037	0.0197933	0.0203628	0.0209119	0.0214398	0.0219462	0.0224304	0.0228921	0.0233306	0.0237457	0.0241368	0.0245037	0.0248458	0.0251629	0.0254547	0.0257208	0.025961	0.0261751	0.0263628	0.026524	0.0266584	0.026766	0.0268467	0.0269003	0.0269268	0.0269262	0.0268985	0.0268438	0.026762	0.0266532	0.0265176	0.0263553	0.0261665	0.0259514	0.0257101	0.0254429	0.0251502	0.0248321	0.024489	0.0241213	0.0237293	0.0233134	0.0228741	0.0224117	0.0219268	0.0214199	0.0208913	0.0203418	0.0197718	0.019182	0.0185728	0.017945	0.0172991	0.0166359	0.0159559	0.0152599	0.0145486	0.0138226	0.0130828	0.0123299	0.0115645	0.0107876	0.00999985	0.00920207	0.00839507	0.00757967	0.00675667	0.00592691	0.00509123	0.00425046	0.00340545	0.00255705	0.0017061	0.000853469	0	
0	0.000880064	0.00175921	0.00263654	0.00351118	0.00438224	0.00524885	0.00611012	0.00696519	0.0078132	0.00865329	0.00948462	0.0103064	0.0111177	0.0119177	0.0127058	0.013481	0.0142425	0.0149897	0.0157218	0.016438	0.0171376	0.0178199	0.0184842	0.0191299	0.0197563	0.0203628	0.0209488	0.0215136	0.0220568	0.0225777	0.0230759	0.0235508	0.024002	0.024429	0.0248314	0.0252088	0.0255608	0.025887	0.0261872	0.026461	0.0267081	0.0269283	0.0271214	0.0272872	0.0274256	0.0275363	0.0276192	0.0276744	0.0277017	0.0277011	0.0276726	0.0276162	0.0275321	0.0274202	0.0272807	0.0271138	0.0269195	0.0266982	0.0264499	0.0261751	0.0258739	0.0255467	0.0251937	0.0248154	0.0244121	0.0239843	0.0235323	0.0230567	0.0225578	0.0220363	0.0214925	0.0209272	0.0203408	0.019734	0.0191073	0.0184614	0.017797	0.0171146	0.0164151	0.0156991	0.0149673	0.0142204	0.0134593	0.0126847	0.0118973	0.011098	0.0102876	0.00946689	0.00863667	0.0077978	0.00695112	0.00609748	0.00523775	0.00437278	0.00350345	0.00263064	0.0017552	0.00087803	0	
0	0.000903792	0.00180664	0.00270763	0.00360585	0.0045004	0.00539037	0.00627486	0.00715298	0.00802386	0.0088866	0.00974035	0.0105842	0.0114174	0.0122391	0.0130483	0.0138444	0.0146265	0.0153939	0.0161457	0.0168812	0.0175997	0.0183004	0.0189826	0.0196457	0.020289	0.0209119	0.0215136	0.0220937	0.0226515	0.0231865	0.0236981	0.0241858	0.0246492	0.0250877	0.025501	0.0258885	0.02625	0.026585	0.0268933	0.0271744	0.0274282	0.0276544	0.0278527	0.028023	0.0281651	0.0282787	0.028364	0.0284206	0.0284486	0.028448	0.0284188	0.0283609	0.0282745	0.0281596	0.0280163	0.0278449	0.0276454	0.0274181	0.0271631	0.0268809	0.0265716	0.0262355	0.0258731	0.0254845	0.0250704	0.024631	0.0241669	0.0236784	0.0231661	0.0226305	0.0220721	0.0214915	0.0208893	0.0202661	0.0196225	0.0189592	0.0182769	0.0175761	0.0168577	0.0161224	0.0153708	0.0146039	0.0138222	0.0130267	0.0122181	0.0113973	0.010565	0.00972217	0.00886956	0.00800806	0.00713855	0.0062619	0.00537898	0.0044907	0.00359793	0.00270157	0.00180253	0.000901707	0	
0	0.000926609	0.00185225	0.00277599	0.00369688	0.00461402	0.00552645	0.00643328	0.00733357	0.00822643	0.00911096	0.00998626	0.0108515	0.0117057	0.0125481	0.0133778	0.014194	0.0149958	0.0157825	0.0165533	0.0173074	0.018044	0.0187624	0.0194619	0.0201417	0.0208013	0.0214398	0.0220568	0.0226515	0.0232234	0.0237719	0.0242964	0.0247965	0.0252715	0.0257211	0.0261448	0.0265421	0.0269127	0.0272562	0.0275723	0.0278605	0.0281207	0.0283526	0.028556	0.0287305	0.0288762	0.0289927	0.0290801	0.0291382	0.0291669	0.0291663	0.0291363	0.0290769	0.0289883	0.0288705	0.0287237	0.0285479	0.0283434	0.0281103	0.027849	0.0275596	0.0272425	0.0268979	0.0265263	0.026128	0.0257034	0.0252529	0.024777	0.0242762	0.023751	0.0232018	0.0226294	0.0220341	0.0214167	0.0207778	0.020118	0.0194379	0.0187383	0.0180199	0.0172834	0.0165295	0.0157589	0.0149726	0.0141712	0.0133556	0.0125266	0.0116851	0.0108318	0.00996764	0.00909351	0.00821026	0.0073188	0.00642001	0.0055148	0.00460408	0.00368877	0.00276979	0.00184804	0.000924474	0	
0	0.000948492	0.00189599	0.00284155	0.00378419	0.00472298	0.00565697	0.00658521	0.00750677	0.00842071	0.00932613	0.0102221	0.0111077	0.0119821	0.0128444	0.0136937	0.0145292	0.01535	0.0161553	0.0169442	0.0177161	0.0184701	0.0192055	0.0199215	0.0206174	0.0212925	0.0219462	0.0225777	0.0231865	0.0237719	0.0243333	0.0248702	0.0253821	0.0258684	0.0263286	0.0267623	0.027169	0.0275484	0.0279	0.0282235	0.0285185	0.0287849	0.0290223	0.0292304	0.0294091	0.0295582	0.0296775	0.0297669	0.0298263	0.0298558	0.0298551	0.0298244	0.0297637	0.029673	0.0295524	0.0294021	0.0292221	0.0290128	0.0287742	0.0285067	0.0282105	0.0278859	0.0275332	0.0271528	0.0267451	0.0263105	0.0258494	0.0253622	0.0248496	0.0243119	0.0237498	0.0231638	0.0225546	0.0219226	0.0212686	0.0205931	0.019897	0.0191809	0.0184455	0.0176916	0.0169199	0.0161312	0.0153263	0.014506	0.0136711	0.0128225	0.0119611	0.0110876	0.0102031	0.00930829	0.00840419	0.00749166	0.00657165	0.00564506	0.00471283	0.0037759	0.00283521	0.0018917	0.00094631	0	
0	0.00096942	0.00193783	0.00290424	0.00386769	0.00482719	0.00578179	0.00673051	0.0076724	0.00860651	0.0095319	0.0104476	0.0113528	0.0122465	0.0131278	0.0139959	0.0148498	0.0156887	0.0165117	0.0173181	0.018107	0.0188777	0.0196293	0.0203611	0.0210723	0.0217624	0.0224304	0.0230759	0.0236981	0.0242964	0.0248702	0.025419	0.0259421	0.0264392	0.0269095	0.0273528	0.0277685	0.0281562	0.0285156	0.0288462	0.0291478	0.02942	0.0296626	0.0298754	0.030058	0.0302104	0.0303323	0.0304237	0.0304845	0.0305146	0.0305139	0.0304825	0.0304204	0.0303277	0.0302045	0.0300509	0.029867	0.029653	0.0294092	0.0291357	0.028833	0.0285012	0.0281408	0.027752	0.0273353	0.026891	0.0264197	0.0259219	0.0253979	0.0248484	0.0242739	0.023675	0.0230522	0.0224063	0.0217379	0.0210476	0.0203361	0.0196042	0.0188525	0.018082	0.0172932	0.0164871	0.0156645	0.0148261	0.0139728	0.0131055	0.012225	0.0113323	0.0104282	0.0095137	0.00858964	0.00765698	0.00671666	0.00576963	0.00481683	0.00385922	0.00289777	0.00193344	0.000967193	0	
0	0.00098937	0.00197771	0.00296401	0.00394728	0.00492654	0.00590077	0.00686902	0.0078303	0.00878363	0.00972807	0.0106627	0.0115865	0.0124985	0.013398	0.0142839	0.0151554	0.0160115	0.0168515	0.0176745	0.0184797	0.0192662	0.0200333	0.0207801	0.021506	0.0222102	0.0228921	0.0235508	0.0241858	0.0247965	0.0253821	0.0259421	0.0264761	0.0269833	0.0274634	0.0279157	0.02834	0.0287357	0.0291025	0.0294399	0.0297477	0.0300255	0.0302731	0.0304902	0.0306766	0.0308321	0.0309566	0.0310499	0.0311119	0.0311426	0.0311419	0.0311099	0.0310465	0.0309519	0.0308262	0.0306693	0.0304817	0.0302633	0.0300145	0.0297354	0.0294264	0.0290878	0.0287199	0.0283232	0.0278979	0.0274445	0.0269635	0.0264554	0.0259207	0.0253598	0.0247735	0.0241623	0.0235267	0.0228675	0.0221853	0.0214808	0.0207546	0.0200077	0.0192406	0.0184541	0.0176492	0.0168265	0.0159869	0.0151312	0.0142604	0.0133752	0.0124766	0.0115656	0.0106429	0.00970952	0.00876644	0.00781459	0.00685491	0.00588839	0.00491598	0.00393866	0.00295742	0.00197324	0.000987101	0	
0	0.00100832	0.00201559	0.00302079	0.0040229	0.00502092	0.00601382	0.00700061	0.00798031	0.00895191	0.00991444	0.0108669	0.0118084	0.012738	0.0136547	0.0145575	0.0154457	0.0163183	0.0171744	0.0180131	0.0188337	0.0196353	0.0204171	0.0211782	0.021918	0.0226358	0.0233306	0.024002	0.0246492	0.0252715	0.0258684	0.0264392	0.0269833	0.0275003	0.0279895	0.0284506	0.0288829	0.0292862	0.02966	0.0300039	0.0303176	0.0306008	0.0308531	0.0310744	0.0312644	0.0314229	0.0315497	0.0316448	0.031708	0.0317392	0.0317386	0.0317059	0.0316414	0.0315449	0.0314168	0.0312569	0.0310657	0.0308431	0.0305895	0.0303051	0.0299902	0.0296451	0.0292702	0.0288658	0.0284324	0.0279703	0.0274801	0.0269623	0.0264173	0.0258457	0.0252482	0.0246252	0.0239775	0.0233056	0.0226103	0.0218923	0.0211523	0.020391	0.0196092	0.0188077	0.0179873	0.0171489	0.0162932	0.0154211	0.0145336	0.0136315	0.0127157	0.0117871	0.0108468	0.00989555	0.00893441	0.00796432	0.00698626	0.00600121	0.00501017	0.00401412	0.00301408	0.00201104	0.00100601	0	
0	0.00102626	0.00205145	0.00307453	0.00409447	0.00511024	0.0061208	0.00712515	0.00812227	0.00911116	0.0100908	0.0110603	0.0120185	0.0129646	0.0138976	0.0148165	0.0157205	0.0166086	0.0174799	0.0183336	0.0191688	0.0199846	0.0207803	0.021555	0.022308	0.0230385	0.0237457	0.024429	0.0250877	0.0257211	0.0263286	0.0269095	0.0274634	0.0279895	0.0284875	0.0289567	0.0293968	0.0298073	0.0301877	0.0305377	0.030857	0.0311452	0.031402	0.0316272	0.0318206	0.0319819	0.032111	0.0322078	0.0322721	0.0323039	0.0323032	0.03227	0.0322043	0.0321062	0.0319757	0.031813	0.0316184	0.0313919	0.0311337	0.0308443	0.0305238	0.0301726	0.029791	0.0293794	0.0289382	0.028468	0.027969	0.027442	0.0268873	0.0263056	0.0256974	0.0250633	0.0244041	0.0237203	0.0230126	0.0222818	0.0215286	0.0207538	0.0199581	0.0191423	0.0183074	0.017454	0.0165831	0.0156955	0.0147922	0.013874	0.0129419	0.0119969	0.0110398	0.0100716	0.00909337	0.00810602	0.00711056	0.00610799	0.00509931	0.00408555	0.00306771	0.00204683	0.00102391	0	
0	0.00104317	0.00208524	0.00312517	0.00416191	0.00519441	0.00622162	0.00724251	0.00825606	0.00926123	0.010257	0.0112424	0.0122165	0.0131781	0.0141265	0.0150606	0.0159794	0.0168822	0.0177678	0.0186356	0.0194845	0.0203138	0.0211226	0.0219101	0.0226754	0.0234179	0.0241368	0.0248314	0.025501	0.0261448	0.0267623	0.0273528	0.0279157	0.0284506	0.0289567	0.0294337	0.029881	0.0302983	0.030685	0.0310408	0.0313653	0.0316583	0.0319193	0.0321482	0.0323448	0.0325087	0.0326399	0.0327383	0.0328037	0.0328361	0.0328353	0.0328016	0.0327348	0.032635	0.0325024	0.0323371	0.0321392	0.031909	0.0316466	0.0313524	0.0310266	0.0306696	0.0302817	0.0298633	0.0294149	0.0289369	0.0284298	0.027894	0.0273302	0.0267389	0.0261207	0.0254762	0.0248061	0.024111	0.0233917	0.0226489	0.0218833	0.0210957	0.0202869	0.0194577	0.0186089	0.0177415	0.0168562	0.0159541	0.0150359	0.0141026	0.0131551	0.0121945	0.0112216	0.0102375	0.00924318	0.00823956	0.0072277	0.00620861	0.00518332	0.00415285	0.00311825	0.00208055	0.00104078	0	
0	0.00105902	0.00211693	0.00317267	0.00422516	0.00527335	0.00631617	0.00735258	0.00838153	0.00940198	0.0104129	0.0114133	0.0124021	0.0133784	0.0143412	0.0152895	0.0162223	0.0171387	0.0180379	0.0189188	0.0197806	0.0206225	0.0214436	0.022243	0.02302	0.0237738	0.0245037	0.0252088	0.0258885	0.0265421	0.027169	0.0277685	0.02834	0.0288829	0.0293968	0.029881	0.0303352	0.0307587	0.0311513	0.0315125	0.031842	0.0321394	0.0324044	0.0326368	0.0328363	0.0330028	0.033136	0.0332359	0.0333023	0.0333351	0.0333344	0.0333001	0.0332323	0.033131	0.0329964	0.0328286	0.0326277	0.0323939	0.0321276	0.0318289	0.0314982	0.0311357	0.0307419	0.0303172	0.029862	0.0293767	0.0288619	0.028318	0.0277456	0.0271453	0.0265177	0.0258634	0.0251831	0.0244775	0.0237473	0.0229931	0.0222159	0.0214163	0.0205952	0.0197534	0.0188918	0.0180112	0.0171125	0.0161966	0.0152644	0.0143169	0.0133551	0.0123799	0.0113922	0.0103931	0.00938367	0.0083648	0.00733756	0.00630298	0.0052621	0.00421598	0.00316565	0.00211217	0.0010566	0	
0	0.0010738	0.00214649	0.00321696	0.00428415	0.00534697	0.00640436	0.00745524	0.00849855	0.00953325	0.0105583	0.0115726	0.0125753	0.0135652	0.0145414	0.0155029	0.0164488	0.017378	0.0182897	0.019183	0.0200568	0.0209105	0.021743	0.0225536	0.0233415	0.0241058	0.0248458	0.0255608	0.02625	0.0269127	0.0275484	0.0281562	0.0287357	0.0292862	0.0298073	0.0302983	0.0307587	0.0311882	0.0315863	0.0319525	0.0322866	0.0325882	0.0328569	0.0330925	0.0332948	0.0334636	0.0335987	0.0337	0.0337673	0.0338006	0.0337999	0.0337651	0.0336963	0.0335937	0.0334572	0.033287	0.0330833	0.0328463	0.0325762	0.0322733	0.031938	0.0315705	0.0311712	0.0307406	0.030279	0.0297869	0.0292649	0.0287134	0.028133	0.0275244	0.026888	0.0262246	0.0255348	0.0248193	0.0240789	0.0233142	0.0225261	0.0217154	0.0208828	0.0200293	0.0191556	0.0182627	0.0173514	0.0164227	0.0154776	0.0145169	0.0135416	0.0125527	0.0115513	0.0105383	0.00951471	0.00848161	0.00744002	0.006391	0.00533559	0.00427485	0.00320985	0.00214167	0.00107136	0	
0	0.00108751	0.00217388	0.00325802	0.00433883	0.00541521	0.00648609	0.00755038	0.00860701	0.00965492	0.010693	0.0117203	0.0127358	0.0137383	0.014727	0.0157008	0.0166587	0.0175998	0.0185232	0.0194278	0.0203128	0.0211773	0.0220205	0.0228415	0.0236394	0.0244135	0.0251629	0.025887	0.026585	0.0272562	0.0279	0.0285156	0.0291025	0.02966	0.0301877	0.030685	0.0311513	0.0315863	0.0319894	0.0323604	0.0326987	0.0330041	0.0332763	0.0335149	0.0337198	0.0338907	0.0340276	0.0341301	0.0341983	0.034232	0.0342313	0.0341961	0.0341264	0.0340225	0.0338842	0.0337118	0.0335056	0.0332655	0.032992	0.0326853	0.0323457	0.0319735	0.0315691	0.031133	0.0306655	0.0301671	0.0296384	0.0290799	0.0284921	0.0278757	0.0272312	0.0265593	0.0258607	0.0251361	0.0243862	0.0236118	0.0228137	0.0219926	0.0211494	0.0202849	0.0194001	0.0184958	0.0175729	0.0166324	0.0156751	0.0147022	0.0137144	0.012713	0.0116987	0.0106728	0.00963616	0.00858988	0.007535	0.00647258	0.0054037	0.00432942	0.00325083	0.002169	0.00108503	0	
