0	0	0	0	0	0	0	0	0	0	0	0	0	0	0	0	0	0	0	0	0	0	0	0	0	0	0	0	0	0	0	0	0	0	0	0	0	0	0	0	0	0	0	0	0	0	0	0	0	0	0	0	0	0	0	0	0	0	0	0	0	0	0	0	0	0	0	0	0	0	0	0	0	0	0	0	0	0	0	0	0	0	0	0	0	0	0	0	0	0	0	0	0	0	0	0	0	0	0	0	
0	3.3003e-05	6.59712e-05	9.88712e-05	0.00013167	0.000164334	0.00019683	0.000229127	0.00026119	0.000292988	0.000324489	0.000355661	0.000386473	0.000416894	0.000446892	0.000476439	0.000505504	0.000534059	0.000562073	0.00058952	0.000616372	0.000642602	0.000668183	0.000693089	0.000717297	0.000740781	0.000763518	0.000785484	0.000806659	0.000827021	0.000846549	0.000865223	0.000883026	0.000899938	0.000915944	0.000931027	0.000945172	0.000958364	0.000970591	0.00098184	0.0009921	0.00100136	0.00100961	0.00101685	0.00102306	0.00102824	0.00103239	0.00103549	0.00103755	0.00103857	0.00103854	0.00103747	0.00103535	0.00103219	0.00102799	0.00102276	0.00101649	0.00100921	0.0010009	0.000991594	0.000981285	0.000969988	0.000957716	0.000944479	0.000930293	0.00091517	0.000899126	0.000882178	0.000864342	0.000845637	0.000826081	0.000805694	0.000784497	0.000762512	0.000739759	0.000716263	0.000692048	0.000667136	0.000641555	0.000615329	0.000588485	0.00056105	0.000533052	0.000504519	0.00047548	0.000445964	0.000416	0.00038562	0.000354854	0.000323733	0.000292287	0.000260549	0.000228551	0.000196325	0.000163903	0.000131318	9.8602e-05	6.57886e-05	3.29102e-05	0	
0	6.59712e-05	0.000131873	0.000197638	0.000263201	0.000328495	0.000393454	0.000458012	0.000522105	0.000585668	0.000648637	0.000710948	0.00077254	0.000833349	0.000893315	0.000952377	0.00101048	0.00106756	0.00112356	0.00117842	0.0012321	0.00128453	0.00133566	0.00138545	0.00143384	0.00148078	0.00152623	0.00157014	0.00161247	0.00165317	0.00169221	0.00172954	0.00176513	0.00179893	0.00183093	0.00186108	0.00188935	0.00191572	0.00194016	0.00196265	0.00198316	0.00200167	0.00201817	0.00203263	0.00204505	0.0020554	0.00206369	0.0020699	0.00207402	0.00207606	0.002076	0.00207385	0.00206962	0.0020633	0.00205491	0.00204445	0.00203192	0.00201736	0.00200076	0.00198215	0.00196154	0.00193896	0.00191443	0.00188797	0.00185961	0.00182938	0.00179731	0.00176343	0.00172778	0.00169039	0.0016513	0.00161054	0.00156817	0.00152422	0.00147874	0.00143178	0.00138337	0.00133357	0.00128244	0.00123001	0.00117635	0.00112151	0.00106555	0.00100851	0.000950462	0.000891461	0.000831566	0.000770838	0.000709337	0.000647127	0.000584269	0.000520827	0.000456864	0.000392445	0.000327635	0.000262499	0.000197101	0.000131508	6.57862e-05	0	
0	9.88712e-05	0.000197638	0.000296201	0.00039446	0.000492316	0.000589671	0.000686425	0.000782481	0.000877743	0.000972115	0.0010655	0.00115781	0.00124894	0.00133882	0.00142733	0.00151441	0.00159995	0.00168388	0.00176611	0.00184655	0.00192513	0.00200177	0.00207638	0.00214891	0.00221926	0.00228738	0.00235319	0.00241662	0.00247762	0.00253612	0.00259207	0.0026454	0.00269607	0.00274402	0.00278921	0.00283158	0.00287111	0.00290774	0.00294144	0.00297218	0.00299992	0.00302464	0.00304632	0.00306493	0.00308045	0.00309287	0.00310217	0.00310835	0.0031114	0.00311132	0.0031081	0.00310176	0.00309229	0.00307971	0.00306403	0.00304526	0.00302343	0.00299855	0.00297066	0.00293978	0.00290594	0.00286917	0.00282951	0.00278701	0.00274171	0.00269364	0.00264287	0.00258944	0.0025334	0.00247481	0.00241374	0.00235023	0.00228437	0.00221621	0.00214582	0.00207327	0.00199864	0.001922	0.00184343	0.00176301	0.00168082	0.00159694	0.00151146	0.00142447	0.00133604	0.00124628	0.00115526	0.00106309	0.000969856	0.00087565	0.000780568	0.000684707	0.000588162	0.00049103	0.00039341	0.000295398	0.000197093	9.85945e-05	0	
0	0.00013167	0.000263201	0.00039446	0.000525315	0.000655633	0.000785283	0.000914133	0.00104205	0.00116892	0.0012946	0.00141896	0.00154189	0.00166326	0.00178294	0.00190083	0.00201679	0.00213071	0.00224248	0.00235198	0.00245911	0.00256376	0.00266582	0.00276519	0.00286177	0.00295546	0.00304618	0.00313382	0.0032183	0.00329953	0.00337744	0.00345195	0.00352298	0.00359045	0.00365431	0.00371448	0.00377092	0.00382355	0.00387233	0.00391721	0.00395815	0.0039951	0.00402802	0.00405689	0.00408167	0.00410234	0.00411888	0.00413127	0.0041395	0.00414356	0.00414345	0.00413917	0.00413072	0.00411811	0.00410135	0.00408047	0.00405548	0.00402641	0.00399328	0.00395613	0.003915	0.00386994	0.00382097	0.00376816	0.00371156	0.00365123	0.00358722	0.0035196	0.00344844	0.00337382	0.00329579	0.00321446	0.00312989	0.00304217	0.0029514	0.00285766	0.00276105	0.00266166	0.0025596	0.00245497	0.00234787	0.00223841	0.00212671	0.00201287	0.00189701	0.00177925	0.00165971	0.00153851	0.00141576	0.00129159	0.00116614	0.00103951	0.00091185	0.000783277	0.000653923	0.000523918	0.000393392	0.000262477	0.000131302	0	
0	0.000164334	0.000328495	0.000492316	0.000655633	0.00081828	0.000980093	0.00114091	0.00130056	0.0014589	0.00161576	0.00177097	0.0019244	0.00207588	0.00222525	0.00237238	0.00251711	0.00265929	0.00279879	0.00293546	0.00306916	0.00319977	0.00332715	0.00345117	0.00357171	0.00368865	0.00380186	0.00391125	0.00401669	0.00411808	0.00421531	0.0043083	0.00439695	0.00448116	0.00456086	0.00463597	0.0047064	0.00477209	0.00483298	0.00488899	0.00494008	0.00498619	0.00502729	0.00506331	0.00509424	0.00512004	0.00514068	0.00515615	0.00516642	0.00517149	0.00517135	0.00516601	0.00515546	0.00513973	0.00511881	0.00509275	0.00506156	0.00502527	0.00498393	0.00493757	0.00488624	0.00482999	0.00476888	0.00470297	0.00463233	0.00455702	0.00447714	0.00439274	0.00430393	0.00421079	0.00411341	0.0040119	0.00390635	0.00379688	0.00368358	0.00356659	0.00344601	0.00332197	0.00319458	0.00306399	0.00293033	0.00279372	0.0026543	0.00251222	0.00236763	0.00222065	0.00207145	0.00192018	0.00176698	0.00161201	0.00145543	0.0012974	0.00113806	0.000977594	0.00081615	0.000653893	0.000490986	0.000327593	0.000163876	0	
0	0.00019683	0.000393454	0.000589671	0.000785283	0.000980093	0.0011739	0.00136652	0.00155775	0.00174739	0.00193527	0.00212118	0.00230495	0.00248638	0.00266529	0.00284151	0.00301486	0.00318516	0.00335224	0.00351594	0.00367609	0.00383252	0.00398509	0.00413364	0.00427801	0.00441808	0.00455368	0.00468469	0.00481098	0.00493242	0.00504889	0.00516027	0.00526644	0.00536731	0.00546277	0.00555273	0.00563709	0.00571577	0.0057887	0.00585579	0.00591698	0.00597222	0.00602143	0.00606459	0.00610163	0.00613253	0.00615725	0.00617578	0.00618808	0.00619415	0.00619399	0.00618759	0.00617496	0.00615611	0.00613106	0.00609985	0.00606249	0.00601902	0.0059695	0.00591398	0.00585249	0.00578512	0.00571193	0.00563298	0.00554837	0.00545818	0.00536249	0.00526141	0.00515504	0.00504348	0.00492685	0.00480526	0.00467884	0.00454772	0.00441202	0.00427189	0.00412746	0.00397889	0.00382632	0.0036699	0.0035098	0.00334618	0.0031792	0.00300902	0.00283583	0.00265979	0.00248109	0.0022999	0.00211641	0.00193079	0.00174325	0.00155396	0.00136312	0.00117092	0.000977546	0.000783203	0.000588081	0.000392375	0.000196283	0	
0	0.000229127	0.000458012	0.000686425	0.000914133	0.00114091	0.00136652	0.00159074	0.00181335	0.00203411	0.00225281	0.00246923	0.00268315	0.00289435	0.00310262	0.00330776	0.00350955	0.00370779	0.00390229	0.00409285	0.00427927	0.00446138	0.00463898	0.0048119	0.00497997	0.00514301	0.00530087	0.00545338	0.00560039	0.00574175	0.00587733	0.00600699	0.00613058	0.00624801	0.00635913	0.00646385	0.00656205	0.00665364	0.00673853	0.00681663	0.00688787	0.00695216	0.00700946	0.00705969	0.00710281	0.00713878	0.00716756	0.00718913	0.00720345	0.00721052	0.00721033	0.00720288	0.00718817	0.00716623	0.00713708	0.00710074	0.00705725	0.00700666	0.00694901	0.00688437	0.0068128	0.00673437	0.00664917	0.00655727	0.00645878	0.00635379	0.0062424	0.00612473	0.00600091	0.00587104	0.00573527	0.00559373	0.00544657	0.00529393	0.00513597	0.00497284	0.00480472	0.00463177	0.00445416	0.00427209	0.00408572	0.00389524	0.00370086	0.00350276	0.00330115	0.00309623	0.0028882	0.00267728	0.00246368	0.00224761	0.00202929	0.00180894	0.00158679	0.00136305	0.00113795	0.000911717	0.000684577	0.000456759	0.000228491	0	
0	0.00026119	0.000522105	0.000782481	0.00104205	0.00130056	0.00155775	0.00181335	0.0020671	0.00231876	0.00256807	0.00281477	0.00305862	0.00329938	0.0035368	0.00377064	0.00400067	0.00422666	0.00444837	0.0046656	0.00487811	0.0050857	0.00528815	0.00548527	0.00567686	0.00586272	0.00604267	0.00621652	0.00638411	0.00654525	0.0066998	0.0068476	0.0069885	0.00712235	0.00724903	0.0073684	0.00748034	0.00758475	0.00768152	0.00777055	0.00785176	0.00792505	0.00799036	0.00804763	0.00809678	0.00813779	0.0081706	0.00819518	0.0082115	0.00821956	0.00821935	0.00821085	0.00819409	0.00816908	0.00813585	0.00809442	0.00804485	0.00798717	0.00792146	0.00784778	0.00776619	0.00767679	0.00757966	0.00747491	0.00736263	0.00724294	0.00711597	0.00698184	0.00684068	0.00669264	0.00653787	0.00637653	0.00620877	0.00603477	0.0058547	0.00566875	0.0054771	0.00527995	0.00507749	0.00486993	0.00465748	0.00444035	0.00421877	0.00399295	0.00376312	0.00352952	0.00329239	0.00305195	0.00280845	0.00256215	0.00231328	0.00206209	0.00180885	0.0015538	0.0012972	0.00103931	0.00078038	0.00052068	0.000260466	0	
0	0.000292988	0.000585668	0.000877743	0.00116892	0.0014589	0.00174739	0.00203411	0.00231876	0.00260106	0.00288071	0.00315745	0.00343099	0.00370106	0.00396739	0.0042297	0.00448773	0.00474123	0.00498994	0.00523361	0.005472	0.00570486	0.00593196	0.00615308	0.00636799	0.00657648	0.00677834	0.00697336	0.00716134	0.00734211	0.00751548	0.00768127	0.00783932	0.00798947	0.00813157	0.00826547	0.00839105	0.00850817	0.00861672	0.00871659	0.00880768	0.0088899	0.00896316	0.00902739	0.00908254	0.00912853	0.00916534	0.00919291	0.00921123	0.00922027	0.00922002	0.0092105	0.0091917	0.00916364	0.00912636	0.00907989	0.00902428	0.00895959	0.00888588	0.00880322	0.0087117	0.00861142	0.00850246	0.00838496	0.00825901	0.00812475	0.00798232	0.00783186	0.00767352	0.00750746	0.00733384	0.00715286	0.00696468	0.00676949	0.0065675	0.00635891	0.00614393	0.00592277	0.00569566	0.00546283	0.00522452	0.00498096	0.00473239	0.00447908	0.00422128	0.00395924	0.00369323	0.00342352	0.00315038	0.00287409	0.00259492	0.00231315	0.00202908	0.00174297	0.00145513	0.00116584	0.000875391	0.000584072	0.000292178	0	
0	0.000324489	0.000648637	0.000972115	0.0012946	0.00161576	0.00193527	0.00225281	0.00256807	0.00288071	0.00319044	0.00349693	0.00379989	0.00409899	0.00439395	0.00468446	0.00497024	0.005251	0.00552645	0.00579632	0.00606034	0.00631824	0.00656976	0.00681465	0.00705267	0.00728357	0.00750713	0.00772312	0.00793132	0.00813153	0.00832353	0.00850715	0.00868219	0.00884849	0.00900586	0.00915416	0.00929324	0.00942296	0.00954318	0.00965379	0.00975467	0.00984573	0.00992687	0.00999801	0.0100591	0.01011	0.0101508	0.0101813	0.0102016	0.0102116	0.0102114	0.0102008	0.01018	0.0101489	0.0101076	0.0100562	0.00999457	0.00992292	0.00984128	0.00974974	0.00964838	0.00953731	0.00941665	0.0092865	0.00914702	0.00899833	0.00884058	0.00867394	0.00849857	0.00831466	0.00812238	0.00792193	0.00771352	0.00749735	0.00727364	0.00704262	0.00680453	0.00655959	0.00630806	0.0060502	0.00578626	0.00551651	0.00524123	0.00496068	0.00467515	0.00438494	0.00409033	0.00379162	0.00348911	0.00318311	0.00287393	0.00256187	0.00224725	0.00193038	0.00161159	0.00129119	0.000969515	0.000646873	0.000323594	0	
0	0.000355661	0.000710948	0.0010655	0.00141896	0.00177097	0.00212118	0.00246923	0.00281477	0.00315745	0.00349693	0.00383287	0.00416493	0.00449277	0.00481606	0.00513448	0.00544772	0.00575544	0.00605736	0.00635315	0.00664253	0.00692521	0.00720089	0.00746931	0.0077302	0.00798329	0.00822832	0.00846506	0.00869326	0.0089127	0.00912315	0.00932441	0.00951627	0.00969854	0.00987103	0.0100336	0.010186	0.0103282	0.01046	0.0105812	0.0106918	0.0107916	0.0108805	0.0109585	0.0110254	0.0110813	0.011126	0.0111594	0.0111817	0.0111926	0.0111923	0.0111808	0.011158	0.0111239	0.0110786	0.0110222	0.0109547	0.0108762	0.0107867	0.0106864	0.0105753	0.0104536	0.0103213	0.0101786	0.0100258	0.00986278	0.00968988	0.00950724	0.00931502	0.00911344	0.00890269	0.00868299	0.00845455	0.00821761	0.00797242	0.0077192	0.00745823	0.00718977	0.00691408	0.00663144	0.00634215	0.00604648	0.00574475	0.00543725	0.0051243	0.0048062	0.00448329	0.00415588	0.00382431	0.00348892	0.00315003	0.00280799	0.00246314	0.00211583	0.00176642	0.00141524	0.00106266	0.000709019	0.000354682	0	
0	0.000386473	0.00077254	0.00115781	0.00154189	0.0019244	0.00230495	0.00268315	0.00305862	0.00343099	0.00379989	0.00416493	0.00452575	0.00488199	0.00523329	0.0055793	0.00591967	0.00625406	0.00658213	0.00690355	0.007218	0.00752517	0.00782474	0.00811641	0.0083999	0.00867491	0.00894118	0.00919843	0.0094464	0.00968485	0.00991354	0.0101322	0.0103407	0.0105388	0.0107262	0.0109028	0.0110685	0.011223	0.0113662	0.0114979	0.0116181	0.0117265	0.0118232	0.0119079	0.0119806	0.0120413	0.0120899	0.0121262	0.0121504	0.0121623	0.012162	0.0121494	0.0121246	0.0120876	0.0120385	0.0119772	0.0119038	0.0118185	0.0117212	0.0116122	0.0114915	0.0113592	0.0112155	0.0110605	0.0108944	0.0107173	0.0105294	0.0103309	0.010122	0.00990299	0.00967399	0.00943525	0.00918702	0.00892956	0.00866312	0.00838797	0.00810439	0.00781266	0.00751309	0.00720597	0.00689161	0.00657033	0.00624246	0.00590832	0.00556825	0.0052226	0.00487171	0.00451594	0.00415564	0.00379119	0.00342294	0.00305126	0.00267654	0.00229915	0.00191946	0.00153785	0.00115472	0.000770447	0.000385411	0	
0	0.000416894	0.000833349	0.00124894	0.00166326	0.00207588	0.00248638	0.00289435	0.00329938	0.00370106	0.00409899	0.00449277	0.00488199	0.00526627	0.00564523	0.00601848	0.00638564	0.00674635	0.00710024	0.00744697	0.00778617	0.00811751	0.00844066	0.0087553	0.0090611	0.00935776	0.00964499	0.00992248	0.01019	0.0104472	0.0106939	0.0109298	0.0111547	0.0113683	0.0115705	0.0117611	0.0119398	0.0121064	0.0122609	0.012403	0.0125326	0.0126496	0.0127538	0.0128452	0.0129237	0.0129892	0.0130415	0.0130808	0.0131068	0.0131197	0.0131193	0.0131058	0.013079	0.0130391	0.0129861	0.01292	0.0128408	0.0127488	0.0126439	0.0125263	0.0123961	0.0122534	0.0120983	0.0119311	0.0117519	0.0115609	0.0113582	0.0111441	0.0109188	0.0106825	0.0104355	0.010178	0.0099102	0.00963247	0.00934506	0.00904825	0.00874235	0.00842766	0.0081045	0.00777321	0.0074341	0.00708753	0.00673385	0.00637341	0.00600657	0.00563371	0.0052552	0.00487143	0.00448277	0.00408962	0.00369239	0.00329146	0.00288723	0.00248013	0.00207055	0.00165891	0.00124562	0.000831096	0.00041575	0	
0	0.000446892	0.000893315	0.00133882	0.00178294	0.00222525	0.00266529	0.00310262	0.0035368	0.00396739	0.00439395	0.00481606	0.00523329	0.00564523	0.00605145	0.00645156	0.00684514	0.00723181	0.00761117	0.00798284	0.00834646	0.00870165	0.00904805	0.00938533	0.00971313	0.0100311	0.010339	0.0106365	0.0109232	0.011199	0.0114634	0.0117163	0.0119574	0.0121864	0.0124031	0.0126074	0.0127989	0.0129776	0.0131432	0.0132955	0.0134344	0.0135599	0.0136716	0.0137696	0.0138537	0.0139239	0.01398	0.0140221	0.01405	0.0140638	0.0140634	0.0140489	0.0140202	0.0139774	0.0139206	0.0138497	0.0137649	0.0136662	0.0135538	0.0134277	0.0132881	0.0131351	0.0129689	0.0127897	0.0125976	0.0123928	0.0121756	0.0119461	0.0117046	0.0114513	0.0111864	0.0109104	0.0106234	0.0103256	0.0100175	0.00969938	0.00937146	0.00903413	0.00868772	0.00833258	0.00796907	0.00759757	0.00721843	0.00683205	0.00643882	0.00603913	0.00563338	0.00522199	0.00480536	0.00438392	0.0039581	0.00352832	0.00309501	0.00265861	0.00221956	0.00177829	0.00133526	0.000890905	0.000445669	0	
0	0.000476439	0.000952377	0.00142733	0.00190083	0.00237238	0.00284151	0.00330776	0.00377064	0.0042297	0.00468446	0.00513448	0.0055793	0.00601848	0.00645156	0.00687812	0.00729773	0.00770996	0.0081144	0.00851065	0.00889831	0.00927698	0.00964629	0.0100059	0.0103553	0.0106944	0.0110226	0.0113398	0.0116455	0.0119394	0.0122214	0.012491	0.012748	0.0129921	0.0132232	0.013441	0.0136452	0.0138357	0.0140122	0.0141746	0.0143227	0.0144564	0.0145756	0.01468	0.0147697	0.0148445	0.0149043	0.0149492	0.014979	0.0149937	0.0149933	0.0149778	0.0149472	0.0149016	0.014841	0.0147654	0.014675	0.0145698	0.0144499	0.0143155	0.0141667	0.0140036	0.0138264	0.0136354	0.0134306	0.0132122	0.0129806	0.0127359	0.0124785	0.0122084	0.0119261	0.0116318	0.0113258	0.0110084	0.0106799	0.0103407	0.0099911	0.00963146	0.00926215	0.00888353	0.00849599	0.00809992	0.00769572	0.00728379	0.00686456	0.00643844	0.00600586	0.00556727	0.00512309	0.00467379	0.00421981	0.00376161	0.00329965	0.0028344	0.00236632	0.00189588	0.00142355	0.000949813	0.000475137	0	
0	0.000505504	0.00101048	0.00151441	0.00201679	0.00251711	0.00301486	0.00350955	0.00400067	0.00448773	0.00497024	0.00544772	0.00591967	0.00638564	0.00684514	0.00729773	0.00774293	0.00818031	0.00860943	0.00902985	0.00944116	0.00984293	0.0102348	0.0106163	0.0109871	0.0113468	0.0116951	0.0120316	0.0123559	0.0126678	0.0129669	0.013253	0.0135257	0.0137848	0.0140299	0.014261	0.0144776	0.0146797	0.014867	0.0150393	0.0151965	0.0153384	0.0154648	0.0155756	0.0156707	0.0157501	0.0158136	0.0158612	0.0158928	0.0159084	0.015908	0.0158915	0.0158591	0.0158107	0.0157464	0.0156662	0.0155703	0.0154587	0.0153315	0.0151889	0.015031	0.0148579	0.01467	0.0144672	0.0142499	0.0140183	0.0137725	0.0135129	0.0132397	0.0129532	0.0126537	0.0123414	0.0120167	0.01168	0.0113315	0.0109716	0.0106006	0.0102191	0.00982722	0.00942551	0.00901432	0.00859409	0.00816522	0.00772817	0.00728336	0.00683124	0.00637227	0.00590692	0.00543565	0.00495894	0.00447726	0.00399111	0.00350097	0.00300733	0.00251069	0.00201154	0.0015104	0.00100776	0.000504126	0	
0	0.000534059	0.00106756	0.00159995	0.00213071	0.00265929	0.00318516	0.00370779	0.00422666	0.00474123	0.005251	0.00575544	0.00625406	0.00674635	0.00723181	0.00770996	0.00818031	0.0086424	0.00909576	0.00953993	0.00997447	0.0103989	0.0108129	0.011216	0.0116077	0.0119878	0.0123557	0.0127112	0.0130539	0.0133834	0.0136994	0.0140016	0.0142897	0.0145634	0.0148225	0.0150666	0.0152955	0.015509	0.0157068	0.0158889	0.0160549	0.0162048	0.0163384	0.0164555	0.016556	0.0166398	0.0167069	0.0167572	0.0167906	0.0168071	0.0168066	0.0167893	0.016755	0.0167038	0.0166359	0.0165512	0.0164498	0.0163319	0.0161976	0.0160469	0.0158801	0.0156973	0.0154987	0.0152845	0.0150549	0.0148102	0.0145505	0.0142763	0.0139877	0.013685	0.0133685	0.0130386	0.0126956	0.0123398	0.0119716	0.0115914	0.0111995	0.0107963	0.0103824	0.00995796	0.00952355	0.00907957	0.00862648	0.00816474	0.0076948	0.00721714	0.00673225	0.00624061	0.00574272	0.00523908	0.00473019	0.00421657	0.00369874	0.00317721	0.00265252	0.00212518	0.00159573	0.00106469	0.000532605	0	
0	0.000562073	0.00112356	0.00168388	0.00224248	0.00279879	0.00335224	0.00390229	0.00444837	0.00498994	0.00552645	0.00605736	0.00658213	0.00710024	0.00761117	0.0081144	0.00860943	0.00909576	0.0095729	0.0100404	0.0104977	0.0109444	0.0113801	0.0118043	0.0122166	0.0126166	0.0130039	0.013378	0.0137387	0.0140855	0.0144181	0.0147361	0.0150394	0.0153274	0.0156	0.0158569	0.0160978	0.0163225	0.0165308	0.0167224	0.0168972	0.0170549	0.0171954	0.0173187	0.0174245	0.0175127	0.0175833	0.0176362	0.0176714	0.0176887	0.0176883	0.01767	0.0176339	0.0175801	0.0175086	0.0174195	0.0173128	0.0171887	0.0170473	0.0168887	0.0167131	0.0165207	0.0163117	0.0160863	0.0158447	0.0155871	0.0153139	0.0150252	0.0147214	0.0144029	0.0140698	0.0137226	0.0133616	0.0129871	0.0125996	0.0121994	0.011787	0.0113627	0.010927	0.0104804	0.0100232	0.00955589	0.00907903	0.00859306	0.00809847	0.00759576	0.00708543	0.006568	0.00604398	0.00551392	0.00497834	0.00443778	0.00389278	0.00334389	0.00279167	0.00223667	0.00167944	0.00112055	0.000560546	0	
0	0.00058952	0.00117842	0.00176611	0.00235198	0.00293546	0.00351594	0.00409285	0.0046656	0.00523361	0.00579632	0.00635315	0.00690355	0.00744697	0.00798284	0.00851065	0.00902985	0.00953993	0.0100404	0.0105307	0.0110103	0.0114789	0.0119359	0.0123808	0.0128132	0.0132327	0.0136389	0.0140313	0.0144096	0.0147733	0.0151222	0.0154558	0.0157738	0.0160759	0.0163618	0.0166313	0.016884	0.0171196	0.0173381	0.017539	0.0177223	0.0178877	0.0180352	0.0181644	0.0182754	0.0183679	0.018442	0.0184975	0.0185343	0.0185525	0.0185521	0.0185329	0.0184951	0.0184386	0.0183636	0.0182701	0.0181582	0.0180281	0.0178798	0.0177134	0.0175293	0.0173275	0.0171083	0.0168719	0.0166184	0.0163483	0.0160617	0.015759	0.0154404	0.0151062	0.0147569	0.0143927	0.0140141	0.0136213	0.0132149	0.0127952	0.0123626	0.0119176	0.0114607	0.0109922	0.0105126	0.0100226	0.00952241	0.00901271	0.00849396	0.0079667	0.00743145	0.00688875	0.00633915	0.0057832	0.00522146	0.0046545	0.00408289	0.0035072	0.00292801	0.0023459	0.00176146	0.00117527	0.000587921	0	
0	0.000616372	0.0012321	0.00184655	0.00245911	0.00306916	0.00367609	0.00427927	0.00487811	0.005472	0.00606034	0.00664253	0.007218	0.00778617	0.00834646	0.00889831	0.00944116	0.00997447	0.0104977	0.0110103	0.0115119	0.0120018	0.0124795	0.0129447	0.0133969	0.0138355	0.0142602	0.0146704	0.0150659	0.0154462	0.015811	0.0161598	0.0164923	0.0168082	0.0171071	0.0173888	0.017653	0.0178994	0.0181278	0.0183379	0.0185296	0.0187025	0.0188567	0.0189918	0.0191078	0.0192046	0.019282	0.0193401	0.0193786	0.0193976	0.0193971	0.0193771	0.0193375	0.0192785	0.0192001	0.0191023	0.0189854	0.0188493	0.0186942	0.0185203	0.0183278	0.0181168	0.0178876	0.0176404	0.0173754	0.017093	0.0167933	0.0164768	0.0161437	0.0157943	0.0154291	0.0150483	0.0146524	0.0142418	0.0138169	0.013378	0.0129258	0.0124605	0.0119827	0.0114929	0.0109915	0.0104791	0.00995618	0.00942326	0.00888088	0.0083296	0.00776997	0.00720255	0.00662791	0.00604664	0.00545931	0.00486653	0.00426887	0.00366696	0.00306139	0.00245276	0.0018417	0.00122881	0.000614703	0	
0	0.000642602	0.00128453	0.00192513	0.00256376	0.00319977	0.00383252	0.00446138	0.0050857	0.00570486	0.00631824	0.00692521	0.00752517	0.00811751	0.00870165	0.00927698	0.00984293	0.0103989	0.0109444	0.0114789	0.0120018	0.0125125	0.0130106	0.0134956	0.013967	0.0144243	0.014867	0.0152948	0.0157071	0.0161036	0.0164838	0.0168475	0.0171941	0.0175235	0.0178351	0.0181288	0.0184043	0.0186612	0.0188993	0.0191183	0.0193181	0.0194985	0.0196592	0.0198001	0.019921	0.0200219	0.0201026	0.0201631	0.0202033	0.0202231	0.0202226	0.0202017	0.0201605	0.020099	0.0200172	0.0199153	0.0197933	0.0196514	0.0194898	0.0193085	0.0191078	0.0188878	0.0186488	0.0183911	0.0181149	0.0178204	0.017508	0.017178	0.0168307	0.0164665	0.0160857	0.0156888	0.015276	0.0148479	0.0144049	0.0139474	0.0134759	0.0129908	0.0124927	0.011982	0.0114593	0.0109251	0.0103799	0.0098243	0.00925884	0.0086841	0.00810065	0.00750908	0.00690999	0.00630398	0.00569165	0.00507364	0.00445055	0.00382302	0.00319168	0.00255715	0.00192008	0.0012811	0.000640864	0	
0	0.000668183	0.00133566	0.00200177	0.00266582	0.00332715	0.00398509	0.00463898	0.00528815	0.00593196	0.00656976	0.00720089	0.00782474	0.00844066	0.00904805	0.00964629	0.0102348	0.0108129	0.0113801	0.0119359	0.0124795	0.0130106	0.0135286	0.0140329	0.014523	0.0149985	0.0154589	0.0159036	0.0163324	0.0167447	0.01714	0.0175182	0.0178786	0.0182211	0.0185452	0.0188506	0.019137	0.0194041	0.0196517	0.0198794	0.0200872	0.0202747	0.0204418	0.0205883	0.0207141	0.020819	0.0209029	0.0209658	0.0210076	0.0210282	0.0210277	0.021006	0.0209631	0.0208991	0.0208141	0.0207081	0.0205813	0.0204338	0.0202657	0.0200772	0.0198685	0.0196398	0.0193913	0.0191233	0.0188361	0.0185299	0.018205	0.0178619	0.0175008	0.0171221	0.0167261	0.0163134	0.0158842	0.015439	0.0149784	0.0145027	0.0140124	0.013508	0.01299	0.012459	0.0119155	0.01136	0.0107931	0.0102154	0.00962745	0.00902983	0.00842315	0.00780803	0.00718509	0.00655495	0.00591825	0.00527563	0.00462774	0.00397523	0.00331874	0.00265896	0.00199652	0.00133211	0.000666378	0	
0	0.000693089	0.00138545	0.00207638	0.00276519	0.00345117	0.00413364	0.0048119	0.00548527	0.00615308	0.00681465	0.00746931	0.00811641	0.0087553	0.00938533	0.0100059	0.0106163	0.011216	0.0118043	0.0123808	0.0129447	0.0134956	0.0140329	0.014556	0.0150644	0.0155576	0.0160351	0.0164965	0.0169412	0.0173688	0.017779	0.0181712	0.0185451	0.0189003	0.0192365	0.0195532	0.0198503	0.0201274	0.0203842	0.0206205	0.020836	0.0210305	0.0212038	0.0213558	0.0214862	0.0215951	0.0216821	0.0217474	0.0217907	0.0218121	0.0218115	0.021789	0.0217445	0.0216782	0.02159	0.0214801	0.0213485	0.0211955	0.0210211	0.0208256	0.0206091	0.0203719	0.0201141	0.0198362	0.0195382	0.0192206	0.0188837	0.0185278	0.0181532	0.0177603	0.0173496	0.0169215	0.0164763	0.0160146	0.0155367	0.0150433	0.0145347	0.0140115	0.0134743	0.0129235	0.0123597	0.0117835	0.0111955	0.0105962	0.00998636	0.00936645	0.00873716	0.00809911	0.00745294	0.00679931	0.00613888	0.0054723	0.00480026	0.00412342	0.00344247	0.00275808	0.00207095	0.00138177	0.000691221	0	
0	0.000717297	0.00143384	0.00214891	0.00286177	0.00357171	0.00427801	0.00497997	0.00567686	0.00636799	0.00705267	0.0077302	0.0083999	0.0090611	0.00971313	0.0103553	0.0109871	0.0116077	0.0122166	0.0128132	0.0133969	0.013967	0.014523	0.0150644	0.0155905	0.016101	0.0165952	0.0170727	0.0175329	0.0179755	0.0184	0.0188059	0.0191928	0.0195605	0.0199084	0.0202362	0.0205437	0.0208304	0.0210962	0.0213407	0.0215638	0.0217651	0.0219444	0.0221017	0.0222367	0.0223494	0.0224395	0.022507	0.0225518	0.022574	0.0225734	0.0225501	0.0225041	0.0224354	0.0223441	0.0222304	0.0220942	0.0219358	0.0217554	0.021553	0.021329	0.0210835	0.0208167	0.020529	0.0202207	0.019892	0.0195433	0.0191749	0.0187873	0.0183807	0.0179557	0.0175125	0.0170518	0.016574	0.0160794	0.0155687	0.0150424	0.014501	0.0139449	0.0133749	0.0127914	0.0121951	0.0115866	0.0109664	0.0103352	0.00969363	0.00904235	0.00838201	0.00771328	0.00703682	0.00635332	0.00566346	0.00496794	0.00426745	0.00356271	0.00285442	0.00214329	0.00143004	0.000715366	0	
0	0.000740781	0.00148078	0.00221926	0.00295546	0.00368865	0.00441808	0.00514301	0.00586272	0.00657648	0.00728357	0.00798329	0.00867491	0.00935776	0.0100311	0.0106944	0.0113468	0.0119878	0.0126166	0.0132327	0.0138355	0.0144243	0.0149985	0.0155576	0.016101	0.0166281	0.0171385	0.0176316	0.018107	0.018564	0.0190024	0.0194216	0.0198212	0.0202009	0.0205602	0.0208988	0.0212163	0.0215124	0.0217869	0.0220394	0.0222698	0.0224777	0.0226629	0.0228254	0.0229648	0.0230811	0.0231742	0.0232439	0.0232902	0.0233131	0.0233125	0.0232884	0.0232409	0.02317	0.0230757	0.0229582	0.0228176	0.0226541	0.0224677	0.0222587	0.0220273	0.0217738	0.0214983	0.0212012	0.0208828	0.0205433	0.0201832	0.0198027	0.0194024	0.0189825	0.0185436	0.0180859	0.0176101	0.0171166	0.0166059	0.0160785	0.0155349	0.0149758	0.0144015	0.0138128	0.0132102	0.0125944	0.0119659	0.0113254	0.0106736	0.010011	0.00933843	0.00865647	0.00796584	0.00726723	0.00656134	0.0058489	0.0051306	0.00440719	0.00367937	0.00294789	0.00221347	0.00147686	0.00073879	0	
0	0.000763518	0.00152623	0.00228738	0.00304618	0.00380186	0.00455368	0.00530087	0.00604267	0.00677834	0.00750713	0.00822832	0.00894118	0.00964499	0.010339	0.0110226	0.0116951	0.0123557	0.0130039	0.0136389	0.0142602	0.014867	0.0154589	0.0160351	0.0165952	0.0171385	0.0176646	0.0181728	0.0186627	0.0191339	0.0195857	0.0200177	0.0204296	0.0208209	0.0211913	0.0215402	0.0218675	0.0221728	0.0224557	0.0227159	0.0229533	0.0231676	0.0233586	0.023526	0.0236697	0.0237896	0.0238855	0.0239574	0.0240051	0.0240287	0.0240281	0.0240032	0.0239543	0.0238812	0.023784	0.0236629	0.023518	0.0233494	0.0231574	0.022942	0.0227035	0.0224421	0.0221582	0.021852	0.0215238	0.0211739	0.0208027	0.0204106	0.019998	0.0195652	0.0191128	0.0186411	0.0181507	0.017642	0.0171157	0.0165721	0.0160118	0.0154354	0.0148436	0.0142368	0.0136158	0.012981	0.0123332	0.0116731	0.0110012	0.0103183	0.00962508	0.00892219	0.00821036	0.0074903	0.00676275	0.00602844	0.0052881	0.00454247	0.00379231	0.00303838	0.00228142	0.00152219	0.000761468	0	
0	0.000785484	0.00157014	0.00235319	0.00313382	0.00391125	0.00468469	0.00545338	0.00621652	0.00697336	0.00772312	0.00846506	0.00919843	0.00992248	0.0106365	0.0113398	0.0120316	0.0127112	0.013378	0.0140313	0.0146704	0.0152948	0.0159036	0.0164965	0.0170727	0.0176316	0.0181728	0.0186957	0.0191997	0.0196844	0.0201492	0.0205937	0.0210174	0.02142	0.021801	0.02216	0.0224967	0.0228107	0.0231018	0.0233695	0.0236138	0.0238342	0.0240306	0.0242029	0.0243507	0.0244741	0.0245727	0.0246467	0.0246958	0.0247201	0.0247194	0.0246939	0.0246435	0.0245683	0.0244684	0.0243438	0.0241947	0.0240213	0.0238237	0.0236021	0.0233567	0.0230878	0.0227958	0.0224807	0.0221431	0.0217831	0.0214013	0.0209979	0.0205734	0.0201282	0.0196627	0.0191775	0.018673	0.0181497	0.0176081	0.0170489	0.0164725	0.0158796	0.0152707	0.0146465	0.0140075	0.0133545	0.0126881	0.012009	0.0113178	0.0106152	0.00990203	0.00917892	0.0084466	0.00770583	0.00695735	0.0062019	0.00544026	0.00467318	0.00390144	0.0031258	0.00234706	0.00156599	0.000783379	0	
0	0.000806659	0.00161247	0.00241662	0.0032183	0.00401669	0.00481098	0.00560039	0.00638411	0.00716134	0.00793132	0.00869326	0.0094464	0.01019	0.0109232	0.0116455	0.0123559	0.0130539	0.0137387	0.0144096	0.0150659	0.0157071	0.0163324	0.0169412	0.0175329	0.018107	0.0186627	0.0191997	0.0197173	0.020215	0.0206924	0.0211489	0.021584	0.0219975	0.0223887	0.0227574	0.0231032	0.0234257	0.0237246	0.0239996	0.0242504	0.0244768	0.0246785	0.0248554	0.0250072	0.0251339	0.0252352	0.0253111	0.0253616	0.0253865	0.0253858	0.0253596	0.0253079	0.0252306	0.025128	0.0250001	0.024847	0.0246689	0.0244659	0.0242384	0.0239864	0.0237103	0.0234103	0.0230868	0.02274	0.0223704	0.0219782	0.021564	0.021128	0.0206708	0.0201928	0.0196945	0.0191764	0.018639	0.0180828	0.0175085	0.0169166	0.0163077	0.0156824	0.0150413	0.0143852	0.0137146	0.0130302	0.0123327	0.0116229	0.0109014	0.010169	0.00942639	0.00867433	0.00791359	0.00714492	0.00636911	0.00558693	0.00479917	0.00400662	0.00321008	0.00241034	0.00160822	0.0008045	0	
0	0.000827021	0.00165317	0.00247762	0.00329953	0.00411808	0.00493242	0.00574175	0.00654525	0.00734211	0.00813153	0.0089127	0.00968485	0.0104472	0.011199	0.0119394	0.0126678	0.0133834	0.0140855	0.0147733	0.0154462	0.0161036	0.0167447	0.0173688	0.0179755	0.018564	0.0191339	0.0196844	0.020215	0.0207253	0.0212147	0.0216827	0.0221289	0.0225528	0.0229539	0.0233319	0.0236864	0.024017	0.0243235	0.0246054	0.0248625	0.0250946	0.0253015	0.0254828	0.0256385	0.0257683	0.0258722	0.0259501	0.0260018	0.0260273	0.0260267	0.0259998	0.0259467	0.0258676	0.0257623	0.0256312	0.0254742	0.0252916	0.0250836	0.0248502	0.0245919	0.0243088	0.0240013	0.0236696	0.0233141	0.0229351	0.0225331	0.0221083	0.0216614	0.0211926	0.0207026	0.0201917	0.0196605	0.0191095	0.0185393	0.0179505	0.0173437	0.0167194	0.0160783	0.0154211	0.0147483	0.0140608	0.0133591	0.0126441	0.0119163	0.0111766	0.0104257	0.00966436	0.00889332	0.00811337	0.0073253	0.0065299	0.00572798	0.00492033	0.00410777	0.00329112	0.00247119	0.00164882	0.00082481	0	
0	0.000846549	0.00169221	0.00253612	0.00337744	0.00421531	0.00504889	0.00587733	0.0066998	0.00751548	0.00832353	0.00912315	0.00991354	0.0106939	0.0114634	0.0122214	0.0129669	0.0136994	0.0144181	0.0151222	0.015811	0.0164838	0.01714	0.017779	0.0184	0.0190024	0.0195857	0.0201492	0.0206924	0.0212147	0.0217157	0.0221947	0.0226514	0.0230853	0.0234959	0.0238828	0.0242457	0.0245841	0.0248978	0.0251864	0.0254496	0.0256872	0.0258989	0.0260845	0.0262439	0.0263768	0.0264832	0.0265629	0.0266158	0.026642	0.0266413	0.0266138	0.0265594	0.0264784	0.0263707	0.0262364	0.0260758	0.0258889	0.0256759	0.0254371	0.0251726	0.0248829	0.0245681	0.0242286	0.0238646	0.0234767	0.0230652	0.0226304	0.0221729	0.0216931	0.0211915	0.0206685	0.0201248	0.0195608	0.0189771	0.0183744	0.0177532	0.0171142	0.016458	0.0157852	0.0150966	0.0143928	0.0136746	0.0129427	0.0121977	0.0114406	0.0106719	0.00989259	0.00910334	0.00830497	0.00749829	0.00668411	0.00586325	0.00503653	0.00420478	0.00336884	0.00252955	0.00168775	0.000844289	0	
0	0.000865223	0.00172954	0.00259207	0.00345195	0.0043083	0.00516027	0.00600699	0.0068476	0.00768127	0.00850715	0.00932441	0.0101322	0.0109298	0.0117163	0.012491	0.013253	0.0140016	0.0147361	0.0154558	0.0161598	0.0168475	0.0175182	0.0181712	0.0188059	0.0194216	0.0200177	0.0205937	0.0211489	0.0216827	0.0221947	0.0226844	0.0231511	0.0235946	0.0240143	0.0244097	0.0247806	0.0251265	0.0254471	0.025742	0.0260111	0.0262539	0.0264703	0.02666	0.0268229	0.0269587	0.0270674	0.0271489	0.027203	0.0272297	0.027229	0.0272009	0.0271454	0.0270626	0.0269525	0.0268153	0.026651	0.02646	0.0262423	0.0259982	0.025728	0.0254318	0.0251101	0.0247631	0.0243911	0.0239947	0.023574	0.0231297	0.0226621	0.0221717	0.021659	0.0211245	0.0205688	0.0199923	0.0193958	0.0187798	0.0181449	0.0174918	0.0168211	0.0161335	0.0154297	0.0147104	0.0139763	0.0132282	0.0124668	0.011693	0.0109074	0.0101108	0.00930418	0.0084882	0.00766372	0.00683158	0.00599261	0.00514765	0.00429755	0.00344317	0.00258536	0.00172499	0.000862916	0	
0	0.000883026	0.00176513	0.0026454	0.00352298	0.00439695	0.00526644	0.00613058	0.0069885	0.00783932	0.00868219	0.00951627	0.0103407	0.0111547	0.0119574	0.012748	0.0135257	0.0142897	0.0150394	0.0157738	0.0164923	0.0171941	0.0178786	0.0185451	0.0191928	0.0198212	0.0204296	0.0210174	0.021584	0.0221289	0.0226514	0.0231511	0.0236275	0.0240801	0.0245084	0.024912	0.0252905	0.0256435	0.0259707	0.0262717	0.0265463	0.0267941	0.027015	0.0272086	0.0273748	0.0275135	0.0276244	0.0277075	0.0277628	0.02779	0.0277893	0.0277606	0.027704	0.0276194	0.0275071	0.027367	0.0271995	0.0270045	0.0267823	0.0265332	0.0262574	0.0259552	0.0256268	0.0252726	0.0248931	0.0244884	0.0240591	0.0236057	0.0231284	0.0226279	0.0221047	0.0215592	0.020992	0.0204037	0.019795	0.0191663	0.0185183	0.0178517	0.0171672	0.0164655	0.0157472	0.0150131	0.0142639	0.0135004	0.0127234	0.0119336	0.0111318	0.0103189	0.00949565	0.00866288	0.00782143	0.00697217	0.00611593	0.00525358	0.00438599	0.00351403	0.00263857	0.00176049	0.000880674	0	
0	0.000899938	0.00179893	0.00269607	0.00359045	0.00448116	0.00536731	0.00624801	0.00712235	0.00798947	0.00884849	0.00969854	0.0105388	0.0113683	0.0121864	0.0129921	0.0137848	0.0145634	0.0153274	0.0160759	0.0168082	0.0175235	0.0182211	0.0189003	0.0195605	0.0202009	0.0208209	0.02142	0.0219975	0.0225528	0.0230853	0.0235946	0.0240801	0.0245413	0.0249778	0.0253892	0.0257749	0.0261347	0.0264682	0.026775	0.0270548	0.0273074	0.0275324	0.0277298	0.0278992	0.0280405	0.0281535	0.0282383	0.0282945	0.0283223	0.0283216	0.0282924	0.0282346	0.0281485	0.028034	0.0278913	0.0277205	0.0275218	0.0272954	0.0270415	0.0267604	0.0264523	0.0261177	0.0257567	0.0253699	0.0249575	0.02452	0.0240578	0.0235715	0.0230614	0.0225281	0.0219722	0.0213941	0.0207946	0.0201741	0.0195334	0.018873	0.0181937	0.0174961	0.0167809	0.0160488	0.0153007	0.0145372	0.013759	0.0129671	0.0121622	0.0113451	0.0105166	0.00967755	0.00882882	0.00797126	0.00710572	0.00623308	0.00535422	0.00447001	0.00358134	0.00268911	0.00179422	0.000897545	0	
0	0.000915944	0.00183093	0.00274402	0.00365431	0.00456086	0.00546277	0.00635913	0.00724903	0.00813157	0.00900586	0.00987103	0.0107262	0.0115705	0.0124031	0.0132232	0.0140299	0.0148225	0.0156	0.0163618	0.0171071	0.0178351	0.0185452	0.0192365	0.0199084	0.0205602	0.0211913	0.021801	0.0223887	0.0229539	0.0234959	0.0240143	0.0245084	0.0249778	0.0254221	0.0258408	0.0262334	0.0265996	0.026939	0.0272512	0.027536	0.0277931	0.0280221	0.028223	0.0283954	0.0285392	0.0286543	0.0287405	0.0287978	0.0288261	0.0288254	0.0287956	0.0287368	0.0286492	0.0285326	0.0283874	0.0282135	0.0280113	0.0277809	0.0275225	0.0272364	0.0269229	0.0265822	0.0262149	0.0258212	0.0254014	0.0249562	0.0244858	0.0239907	0.0234716	0.0229288	0.022363	0.0217747	0.0211645	0.020533	0.0198809	0.0192087	0.0185173	0.0178073	0.0170794	0.0163343	0.0155729	0.0147957	0.0140038	0.0131978	0.0123785	0.0115469	0.0107037	0.00984969	0.00898587	0.00811306	0.00723212	0.00634396	0.00544946	0.00454952	0.00364505	0.00273695	0.00182613	0.000913511	0	
0	0.000931027	0.00186108	0.00278921	0.00371448	0.00463597	0.00555273	0.00646385	0.0073684	0.00826547	0.00915416	0.0100336	0.0109028	0.0117611	0.0126074	0.013441	0.014261	0.0150666	0.0158569	0.0166313	0.0173888	0.0181288	0.0188506	0.0195532	0.0202362	0.0208988	0.0215402	0.02216	0.0227574	0.0233319	0.0238828	0.0244097	0.024912	0.0253892	0.0258408	0.0262663	0.0266654	0.0270376	0.0273826	0.0277	0.0279895	0.0282508	0.0284836	0.0286878	0.028863	0.0290092	0.0291262	0.0292138	0.0292721	0.0293008	0.0293001	0.0292698	0.0292101	0.029121	0.0290025	0.0288549	0.0286782	0.0284726	0.0282384	0.0279757	0.0276849	0.0273662	0.02702	0.0266466	0.0262464	0.0258198	0.0253672	0.024889	0.0243858	0.0238581	0.0233064	0.0227313	0.0221333	0.021513	0.0208711	0.0202083	0.0195251	0.0188223	0.0181006	0.0173607	0.0166033	0.0158293	0.0150394	0.0142344	0.0134151	0.0125824	0.0117371	0.0108799	0.0100119	0.00913387	0.00824668	0.00735124	0.00644845	0.00553921	0.00462445	0.00370508	0.00278203	0.00185621	0.000928557	0	
0	0.000945172	0.00188935	0.00283158	0.00377092	0.0047064	0.00563709	0.00656205	0.00748034	0.00839105	0.00929324	0.010186	0.0110685	0.0119398	0.0127989	0.0136452	0.0144776	0.0152955	0.0160978	0.016884	0.017653	0.0184043	0.019137	0.0198503	0.0205437	0.0212163	0.0218675	0.0224967	0.0231032	0.0236864	0.0242457	0.0247806	0.0252905	0.0257749	0.0262334	0.0266654	0.0270705	0.0274484	0.0277986	0.0281209	0.0284147	0.02868	0.0289164	0.0291237	0.0293016	0.02945	0.0295687	0.0296577	0.0297168	0.029746	0.0297453	0.0297146	0.0296539	0.0295634	0.0294432	0.0292933	0.0291139	0.0289052	0.0286674	0.0284008	0.0281056	0.0277821	0.0274306	0.0270515	0.0266452	0.0262121	0.0257526	0.0252672	0.0247564	0.0242207	0.0236606	0.0230767	0.0224696	0.0218399	0.0211883	0.0205153	0.0198218	0.0191083	0.0183756	0.0176245	0.0168556	0.0160699	0.015268	0.0144507	0.013619	0.0127736	0.0119154	0.0110453	0.0101641	0.00927266	0.00837199	0.00746294	0.00654643	0.00562339	0.00469472	0.00376138	0.0028243	0.00188441	0.000942667	0	
0	0.000958364	0.00191572	0.00287111	0.00382355	0.00477209	0.00571577	0.00665364	0.00758475	0.00850817	0.00942296	0.0103282	0.011223	0.0121064	0.0129776	0.0138357	0.0146797	0.015509	0.0163225	0.0171196	0.0178994	0.0186612	0.0194041	0.0201274	0.0208304	0.0215124	0.0221728	0.0228107	0.0234257	0.024017	0.0245841	0.0251265	0.0256435	0.0261347	0.0265996	0.0270376	0.0274484	0.0278316	0.0281867	0.0285134	0.0288114	0.0290804	0.02932	0.0295302	0.0297106	0.0298611	0.0299815	0.0300717	0.0301317	0.0301613	0.0301605	0.0301294	0.0300679	0.0299761	0.0298542	0.0297022	0.0295203	0.0293087	0.0290676	0.0287973	0.0284979	0.0281699	0.0278135	0.0274291	0.0270172	0.026578	0.0261121	0.0256199	0.025102	0.0245588	0.0239909	0.0233988	0.0227833	0.0221448	0.0214841	0.0208017	0.0200985	0.0193751	0.0186321	0.0178705	0.0170909	0.0162942	0.0154811	0.0146525	0.0138091	0.0129519	0.0120817	0.0111995	0.0103059	0.00940211	0.00848887	0.00756713	0.00663783	0.00570189	0.00476027	0.0038139	0.00286373	0.00191072	0.000955827	0	
0	0.000970591	0.00194016	0.00290774	0.00387233	0.00483298	0.0057887	0.00673853	0.00768152	0.00861672	0.00954318	0.01046	0.0113662	0.0122609	0.0131432	0.0140122	0.014867	0.0157068	0.0165308	0.0173381	0.0181278	0.0188993	0.0196517	0.0203842	0.0210962	0.0217869	0.0224557	0.0231018	0.0237246	0.0243235	0.0248978	0.0254471	0.0259707	0.0264682	0.026939	0.0273826	0.0277986	0.0281867	0.0285463	0.0288772	0.029179	0.0294514	0.0296941	0.029907	0.0300897	0.0302421	0.0303641	0.0304554	0.0305161	0.0305461	0.0305453	0.0305138	0.0304515	0.0303586	0.0302351	0.0300812	0.029897	0.0296827	0.0294385	0.0291647	0.0288615	0.0285293	0.0281684	0.0277791	0.0273619	0.0269171	0.0264453	0.0259468	0.0254223	0.0248722	0.024297	0.0236974	0.023074	0.0224274	0.0217582	0.0210672	0.020355	0.0196223	0.0188699	0.0180986	0.017309	0.0165021	0.0156786	0.0148394	0.0139853	0.0131172	0.0122359	0.0113424	0.0104375	0.00952209	0.00859719	0.00766369	0.00672253	0.00577465	0.00482101	0.00386257	0.00290028	0.00193511	0.000968025	0	
