0	0	0	0	0	0	0	0	0	0	0	0	0	0	0	0	0	0	0	0	0	0	0	0	0	0	0	0	0	0	0	0	0	0	0	0	0	0	0	0	0	0	0	0	0	0	0	0	0	0	0	0	0	0	0	0	0	0	0	0	0	0	0	0	0	0	0	0	0	0	0	0	0	0	0	0	0	0	0	0	0	0	0	0	0	0	0	0	0	0	0	0	0	0	0	0	0	0	0	0	
0	0.00069903	0.00139737	0.00209433	0.00278922	0.00348135	0.00417004	0.00485462	0.0055344	0.00620872	0.00687691	0.00753831	0.00819227	0.00883814	0.00947528	0.0101031	0.0107209	0.0113281	0.0119242	0.0125084	0.0130804	0.0136394	0.0141849	0.0147165	0.0152335	0.0157355	0.016222	0.0166924	0.0171463	0.0175834	0.018003	0.0184049	0.0187886	0.0191538	0.0195	0.019827	0.0201344	0.020422	0.0206893	0.0209362	0.0211624	0.0213677	0.0215519	0.0217147	0.0218561	0.0219759	0.0220739	0.0221501	0.0222044	0.0222366	0.0222469	0.022235	0.0222011	0.0221452	0.0220673	0.0219674	0.0218457	0.0217022	0.0215371	0.0213505	0.0211425	0.0209134	0.0206633	0.0203924	0.020101	0.0197893	0.0194576	0.0191061	0.0187352	0.0183452	0.0179363	0.017509	0.0170636	0.0166005	0.01612	0.0156227	0.0151088	0.0145789	0.0140333	0.0134727	0.0128974	0.012308	0.0117049	0.0110889	0.0104603	0.00981992	0.00916823	0.00850593	0.00783367	0.00715216	0.00646212	0.00576429	0.00505946	0.00434842	0.00363202	0.0029111	0.00218653	0.00145922	0.000730073	0	
0	0.00139737	0.00279336	0.00418658	0.00557567	0.00695925	0.00833596	0.00970444	0.0110633	0.0124113	0.013747	0.0150692	0.0163764	0.0176675	0.0189412	0.0201961	0.0214312	0.022645	0.0238365	0.0250045	0.0261478	0.0272653	0.0283559	0.0294184	0.030452	0.0314554	0.0324279	0.0333683	0.0342757	0.0351493	0.0359883	0.0367916	0.0375587	0.0382886	0.0389808	0.0396345	0.040249	0.0408237	0.0413581	0.0418517	0.0423039	0.0427143	0.0430824	0.043408	0.0436907	0.0439301	0.0441261	0.0442783	0.0443868	0.0444513	0.0444717	0.0444481	0.0443803	0.0442685	0.0441127	0.0439131	0.0436698	0.043383	0.0430529	0.0426798	0.0422641	0.041806	0.0413061	0.0407646	0.0401821	0.039559	0.0388959	0.0381933	0.0374519	0.0366722	0.0358549	0.0350007	0.0341104	0.0331846	0.0322241	0.0312299	0.0302027	0.0291433	0.0280528	0.0269321	0.025782	0.0246038	0.0233983	0.0221668	0.0209103	0.0196301	0.0183274	0.0170034	0.0156596	0.0142973	0.0129178	0.0115229	0.0101139	0.00869255	0.00726045	0.00581932	0.00437091	0.002917	0.00145942	0	
0	0.00209433	0.00418658	0.0062747	0.00835662	0.0104303	0.0124936	0.0145447	0.0165813	0.0186016	0.0206035	0.0225851	0.0245444	0.0264795	0.0283884	0.0302693	0.0321203	0.0339396	0.0357254	0.0374759	0.0391894	0.0408643	0.0424988	0.0440913	0.0456403	0.0471443	0.0486017	0.0500112	0.0513712	0.0526806	0.0539379	0.055142	0.0562916	0.0573857	0.058423	0.0594027	0.0603237	0.0611851	0.0619861	0.0627258	0.0634036	0.0640186	0.0645704	0.0650584	0.065482	0.0658409	0.0661346	0.0663628	0.0665254	0.066622	0.0666526	0.0666172	0.0665156	0.0663481	0.0661146	0.0658154	0.0654507	0.0650208	0.0645261	0.063967	0.0633439	0.0626574	0.0619081	0.0610965	0.0602234	0.0592896	0.0582958	0.0572428	0.0561315	0.0549629	0.053738	0.0524578	0.0511234	0.0497359	0.0482964	0.0468063	0.0452667	0.043679	0.0420446	0.0403648	0.0386412	0.0368753	0.0350686	0.0332228	0.0313397	0.0294209	0.0274685	0.0254842	0.0234701	0.0214282	0.0193608	0.0172701	0.0151584	0.0130281	0.0108817	0.00872179	0.00655096	0.0043719	0.00218733	0	
0	0.00278922	0.00557567	0.00835662	0.0111293	0.013891	0.016639	0.0193705	0.0220829	0.0247736	0.0274397	0.0300788	0.0326881	0.0352652	0.0378075	0.0403125	0.0427776	0.0452006	0.0475789	0.0499102	0.0521923	0.0544228	0.0565997	0.0587206	0.0607836	0.0627866	0.0647276	0.0666047	0.068416	0.0701598	0.0718343	0.0734379	0.074969	0.076426	0.0778076	0.0791123	0.0803389	0.0814861	0.0825528	0.083538	0.0844406	0.0852598	0.0859946	0.0866445	0.0872087	0.0876866	0.0880777	0.0883817	0.0885982	0.0887269	0.0887677	0.0887205	0.0885853	0.0883621	0.0880512	0.0876527	0.087167	0.0865945	0.0859356	0.085191	0.0843612	0.0834469	0.0824489	0.0813681	0.0802054	0.0789617	0.0776381	0.0762357	0.0747557	0.0731994	0.0715681	0.0698631	0.0680859	0.066238	0.064321	0.0623364	0.060286	0.0581715	0.0559948	0.0537577	0.0514622	0.0491103	0.0467042	0.044246	0.0417381	0.0391827	0.0365824	0.0339397	0.0312573	0.028538	0.0257847	0.0230002	0.0201879	0.0173508	0.0144922	0.0116156	0.00872455	0.00582249	0.00291308	0	
0	0.00348135	0.00695925	0.0104303	0.013891	0.017338	0.0207679	0.0241773	0.0275627	0.030921	0.0342488	0.0375427	0.0407996	0.0440162	0.0471893	0.0503159	0.0533928	0.0564169	0.0593854	0.0622953	0.0651436	0.0679277	0.0706447	0.0732919	0.0758668	0.0783669	0.0807895	0.0831324	0.0853932	0.0875697	0.0896597	0.0916612	0.0935722	0.0953908	0.0971152	0.0987437	0.100275	0.101707	0.103038	0.104268	0.105394	0.106417	0.107334	0.108145	0.108849	0.109446	0.109934	0.110313	0.110584	0.110744	0.110795	0.110736	0.110567	0.110289	0.109901	0.109403	0.108797	0.108083	0.10726	0.106331	0.105295	0.104154	0.102908	0.101559	0.100108	0.0985557	0.0969037	0.0951533	0.0933061	0.0913636	0.0893275	0.0871994	0.0849812	0.0826748	0.080282	0.077805	0.0752458	0.0726066	0.0698897	0.0670975	0.0642324	0.0612969	0.0582937	0.0552255	0.0520952	0.0489058	0.0456602	0.0423617	0.0390137	0.0356196	0.032183	0.0287077	0.0251974	0.0216563	0.0180884	0.014498	0.0108895	0.00726732	0.00363595	0	
0	0.00417004	0.00833596	0.0124936	0.016639	0.0207679	0.0248763	0.0289601	0.0330153	0.037038	0.041024	0.0449696	0.0488707	0.0527237	0.0565245	0.0602696	0.0639552	0.0675776	0.0711333	0.0746188	0.0780306	0.0813654	0.0846199	0.0877909	0.0908752	0.0938697	0.0967716	0.099578	0.102286	0.104893	0.107397	0.109794	0.112083	0.114261	0.116327	0.118278	0.120111	0.121827	0.123421	0.124894	0.126244	0.127469	0.128567	0.129539	0.130382	0.131097	0.131682	0.132136	0.13246	0.132652	0.132713	0.132643	0.13244	0.132107	0.131642	0.131046	0.13032	0.129464	0.128479	0.127366	0.126125	0.124758	0.123266	0.12165	0.119912	0.118052	0.116074	0.113977	0.111764	0.109438	0.106999	0.10445	0.101793	0.0990299	0.0961638	0.0931967	0.0901313	0.08697	0.0837156	0.080371	0.0769391	0.0734229	0.0698256	0.0661505	0.062401	0.0585805	0.0546929	0.050742	0.0467316	0.0426661	0.0385496	0.0343868	0.0301821	0.0259404	0.0216667	0.0173661	0.0130437	0.00870497	0.00435524	0	
0	0.00485462	0.00970444	0.0145447	0.0193705	0.0241773	0.0289601	0.0337144	0.0384353	0.0431183	0.0477588	0.052352	0.0568936	0.0613791	0.0658039	0.0701638	0.0744544	0.0786715	0.0828109	0.0868686	0.0908406	0.0947229	0.0985116	0.102203	0.105794	0.10928	0.112658	0.115925	0.119078	0.122113	0.125027	0.127819	0.130483	0.133019	0.135424	0.137695	0.13983	0.141826	0.143683	0.145398	0.146969	0.148394	0.149674	0.150805	0.151787	0.152618	0.153299	0.153828	0.154205	0.154429	0.1545	0.154418	0.154183	0.153794	0.153253	0.152559	0.151714	0.150718	0.149571	0.148275	0.146831	0.145239	0.143502	0.141621	0.139597	0.137433	0.135129	0.132688	0.130112	0.127404	0.124564	0.121597	0.118503	0.115287	0.111951	0.108496	0.104928	0.101247	0.0974589	0.0935652	0.0895699	0.0854765	0.0812886	0.0770102	0.0726451	0.0681975	0.0636716	0.0590721	0.0544034	0.0496704	0.0448782	0.0400319	0.035137	0.030199	0.0252237	0.020217	0.0151851	0.010134	0.00507022	0	
0	0.0055344	0.0110633	0.0165813	0.0220829	0.0275627	0.0330153	0.0384353	0.0438173	0.0491561	0.0544463	0.0596828	0.0648604	0.0699739	0.0750183	0.0799887	0.0848801	0.0896877	0.0944068	0.0990327	0.103561	0.107987	0.112306	0.116514	0.120608	0.124582	0.128434	0.132158	0.135752	0.139212	0.142535	0.145717	0.148755	0.151646	0.154387	0.156976	0.15941	0.161686	0.163803	0.165758	0.167549	0.169174	0.170632	0.171922	0.173041	0.173989	0.174765	0.175369	0.175798	0.176054	0.176134	0.176041	0.175772	0.17533	0.174713	0.173922	0.172958	0.171822	0.170515	0.169038	0.167391	0.165577	0.163597	0.161452	0.159145	0.156677	0.154051	0.151268	0.148332	0.145244	0.142007	0.138624	0.135097	0.131431	0.127627	0.123689	0.119621	0.115425	0.111106	0.106667	0.102112	0.0974456	0.0926714	0.0877938	0.0828175	0.0777471	0.0725875	0.0673438	0.0620214	0.0566257	0.0511624	0.0456375	0.0400572	0.0344277	0.0287557	0.023048	0.0173114	0.0115531	0.00578019	0	
0	0.00620872	0.0124113	0.0186016	0.0247736	0.030921	0.037038	0.0431183	0.0491561	0.0551453	0.0610801	0.0669546	0.072763	0.0784996	0.0841587	0.0897346	0.095222	0.100615	0.105909	0.111099	0.116179	0.121144	0.12599	0.130711	0.135303	0.139761	0.144082	0.14826	0.152292	0.156174	0.159902	0.163471	0.166879	0.170123	0.173198	0.176102	0.178833	0.181386	0.183761	0.185954	0.187963	0.189786	0.191422	0.192869	0.194125	0.195188	0.196059	0.196736	0.197218	0.197504	0.197595	0.19749	0.197189	0.196692	0.196	0.195113	0.194032	0.192757	0.191291	0.189633	0.187786	0.185751	0.18353	0.181124	0.178535	0.175767	0.172821	0.169699	0.166405	0.16294	0.159309	0.155514	0.151558	0.147444	0.143177	0.13876	0.134195	0.129489	0.124643	0.119664	0.114554	0.109319	0.103963	0.0984907	0.0929081	0.0872199	0.0814317	0.0755491	0.0695782	0.0635251	0.0573961	0.0511981	0.0449378	0.0386224	0.0322594	0.0258562	0.0194207	0.0129607	0.00648446	0	
0	0.00687691	0.013747	0.0206035	0.0274397	0.0342488	0.041024	0.0477588	0.0544463	0.0610801	0.0676537	0.0741604	0.0805939	0.0869478	0.0932159	0.099392	0.10547	0.111444	0.117308	0.123056	0.128682	0.134182	0.139549	0.144778	0.149864	0.154803	0.159588	0.164216	0.168682	0.172982	0.17711	0.181064	0.184839	0.188431	0.191838	0.195054	0.198079	0.200907	0.203537	0.205966	0.208192	0.210211	0.212023	0.213625	0.215017	0.216195	0.217159	0.217909	0.218442	0.21876	0.21886	0.218744	0.218411	0.21786	0.217094	0.216111	0.214914	0.213502	0.211878	0.210042	0.207996	0.205742	0.203281	0.200616	0.19775	0.194683	0.19142	0.187962	0.184313	0.180476	0.176454	0.17225	0.167869	0.163313	0.158586	0.153693	0.148638	0.143424	0.138058	0.132542	0.126882	0.121084	0.115151	0.10909	0.102907	0.0966066	0.0901955	0.0836798	0.0770663	0.0703617	0.0635732	0.0567081	0.0497741	0.042779	0.0357312	0.0286389	0.0215108	0.0143556	0.00718233	0	
0	0.00753831	0.0150692	0.0225851	0.0300788	0.0375427	0.0449696	0.052352	0.0596828	0.0669546	0.0741604	0.0812929	0.0883451	0.0953102	0.102181	0.108951	0.115614	0.122162	0.12859	0.134891	0.141058	0.147087	0.15297	0.158702	0.164278	0.169691	0.174937	0.18001	0.184906	0.189619	0.194144	0.198478	0.202616	0.206554	0.210288	0.213814	0.217129	0.22023	0.223113	0.225775	0.228215	0.230429	0.232415	0.234171	0.235696	0.236988	0.238045	0.238867	0.239452	0.239799	0.23991	0.239782	0.239417	0.238814	0.237973	0.236896	0.235584	0.234036	0.232256	0.230243	0.228	0.225529	0.222832	0.219911	0.216769	0.213407	0.20983	0.20604	0.20204	0.197834	0.193425	0.188817	0.184014	0.17902	0.173838	0.168475	0.162933	0.157218	0.151336	0.145289	0.139085	0.132729	0.126226	0.119582	0.112804	0.105898	0.0988702	0.0917279	0.0844783	0.0771289	0.0696875	0.0621621	0.0545612	0.0468934	0.0391677	0.0313933	0.0235796	0.0157363	0.00787311	0	
0	0.00819227	0.0163764	0.0245444	0.0326881	0.0407996	0.0488707	0.0568936	0.0648604	0.072763	0.0805939	0.0883451	0.0960092	0.103578	0.111045	0.118403	0.125643	0.13276	0.139745	0.146593	0.153295	0.159847	0.16624	0.17247	0.178529	0.184412	0.190113	0.195626	0.200946	0.206068	0.210986	0.215696	0.220193	0.224473	0.228531	0.232363	0.235966	0.239335	0.242468	0.245362	0.248013	0.250419	0.252577	0.254486	0.256143	0.257547	0.258696	0.259589	0.260224	0.260602	0.260722	0.260584	0.260186	0.259531	0.258618	0.257447	0.256021	0.254339	0.252404	0.250217	0.24778	0.245094	0.242163	0.238989	0.235574	0.231921	0.228033	0.223914	0.219567	0.214996	0.210205	0.205197	0.199977	0.19455	0.188919	0.18309	0.177068	0.170857	0.164464	0.157893	0.151151	0.144244	0.137176	0.129956	0.12259	0.115085	0.107447	0.0996855	0.0918069	0.08382	0.075733	0.0675548	0.0592945	0.0509615	0.0425656	0.0341167	0.0256252	0.0171014	0.00855611	0	
0	0.00883814	0.0176675	0.0264795	0.0352652	0.0440162	0.0527237	0.0613791	0.0699739	0.0784996	0.0869478	0.0953102	0.103578	0.111744	0.1198	0.127738	0.135549	0.143226	0.150763	0.15815	0.165381	0.172449	0.179347	0.186067	0.192604	0.198951	0.205101	0.211049	0.216789	0.222314	0.22762	0.232702	0.237553	0.24217	0.246548	0.250682	0.254569	0.258204	0.261584	0.264706	0.267566	0.270162	0.27249	0.274549	0.276337	0.277852	0.279091	0.280054	0.28074	0.281148	0.281277	0.281128	0.280699	0.279992	0.279007	0.277744	0.276205	0.274391	0.272303	0.269944	0.267315	0.264417	0.261255	0.25783	0.254146	0.250205	0.246011	0.241567	0.236878	0.231946	0.226777	0.221375	0.215743	0.209888	0.203813	0.197525	0.191028	0.184328	0.17743	0.170342	0.163068	0.155616	0.147991	0.140202	0.132255	0.124158	0.115918	0.107545	0.0990449	0.0904283	0.0817037	0.0728807	0.0639692	0.0549793	0.0459214	0.0368064	0.0276454	0.0184497	0.00923067	0	
0	0.00947528	0.0189412	0.0283884	0.0378075	0.0471893	0.0565245	0.0658039	0.0750183	0.0841587	0.0932159	0.102181	0.111045	0.1198	0.128437	0.136946	0.145321	0.153552	0.161631	0.169551	0.177303	0.184881	0.192276	0.199481	0.206489	0.213293	0.219887	0.226264	0.232417	0.238341	0.24403	0.249477	0.254679	0.259628	0.264322	0.268754	0.272921	0.276818	0.280442	0.283789	0.286855	0.289638	0.292134	0.294342	0.296258	0.297882	0.299211	0.300244	0.300979	0.301416	0.301555	0.301394	0.300935	0.300177	0.299121	0.297767	0.296117	0.294172	0.291934	0.289404	0.286585	0.283479	0.280089	0.276418	0.272468	0.268243	0.263746	0.258982	0.253954	0.248668	0.243126	0.237334	0.231296	0.225019	0.218506	0.211765	0.204799	0.197616	0.190221	0.182622	0.174824	0.166834	0.15866	0.150309	0.14179	0.133109	0.124275	0.115298	0.106185	0.0969473	0.0875938	0.0781348	0.0685808	0.0589427	0.0492319	0.0394598	0.0296384	0.0197797	0.00989612	0	
0	0.0101031	0.0201961	0.0302693	0.0403125	0.0503159	0.0602696	0.0701638	0.0799887	0.0897346	0.099392	0.108951	0.118403	0.127738	0.136946	0.14602	0.154949	0.163725	0.17234	0.180785	0.189051	0.19713	0.205015	0.212698	0.22017	0.227425	0.234456	0.241255	0.247816	0.254133	0.260198	0.266007	0.271552	0.27683	0.281834	0.28656	0.291003	0.295159	0.299023	0.302591	0.305861	0.308828	0.31149	0.313844	0.315887	0.317618	0.319035	0.320136	0.32092	0.321387	0.321534	0.321363	0.320874	0.320065	0.318939	0.317496	0.315737	0.313663	0.311276	0.308579	0.305573	0.302262	0.298647	0.294732	0.29052	0.286015	0.281221	0.276141	0.27078	0.265143	0.259234	0.253058	0.246621	0.239928	0.232984	0.225795	0.218368	0.210709	0.202825	0.194721	0.186407	0.177888	0.169172	0.160268	0.151184	0.141928	0.132509	0.122937	0.113221	0.103371	0.0933974	0.0833117	0.0731247	0.0628481	0.0524938	0.0420743	0.0316021	0.0210903	0.0105518	0	
0	0.0107209	0.0214312	0.0321203	0.0427776	0.0533928	0.0639552	0.0744544	0.0848801	0.095222	0.10547	0.115614	0.125643	0.135549	0.145321	0.154949	0.164424	0.173737	0.182879	0.19184	0.200611	0.209185	0.217552	0.225704	0.233634	0.241333	0.248793	0.256008	0.262971	0.269673	0.27611	0.282273	0.288158	0.293759	0.299069	0.304084	0.308799	0.313208	0.317309	0.321095	0.324565	0.327713	0.330538	0.333036	0.335204	0.337041	0.338545	0.339713	0.340545	0.34104	0.341197	0.341015	0.340496	0.339638	0.338443	0.336911	0.335044	0.332844	0.330311	0.327449	0.32426	0.320745	0.316909	0.312755	0.308286	0.303505	0.298418	0.293028	0.287339	0.281357	0.275087	0.268533	0.261702	0.2546	0.247231	0.239603	0.231722	0.223594	0.215228	0.206629	0.197806	0.188766	0.179517	0.170069	0.160429	0.150607	0.140612	0.130454	0.120144	0.109692	0.0991088	0.0884063	0.0775964	0.0666913	0.0557039	0.0446472	0.0335347	0.02238	0.0111971	0	
0	0.0113281	0.022645	0.0339396	0.0452006	0.0564169	0.0675776	0.0786715	0.0896877	0.100615	0.111444	0.122162	0.13276	0.143226	0.153552	0.163725	0.173737	0.183578	0.193237	0.202706	0.211974	0.221033	0.229874	0.238488	0.246867	0.255002	0.262885	0.270509	0.277865	0.284948	0.291748	0.298261	0.30448	0.310397	0.316008	0.321307	0.326289	0.330949	0.335281	0.339282	0.342948	0.346275	0.34926	0.351899	0.35419	0.356131	0.35772	0.358955	0.359834	0.360357	0.360522	0.360331	0.359781	0.358875	0.357612	0.355994	0.354021	0.351696	0.34902	0.345996	0.342626	0.338913	0.334859	0.33047	0.325747	0.320696	0.31532	0.309625	0.303614	0.297293	0.290668	0.283743	0.276525	0.26902	0.261234	0.253174	0.244847	0.236259	0.227418	0.218333	0.20901	0.199458	0.189685	0.179702	0.169516	0.159137	0.148577	0.137843	0.126949	0.115905	0.104722	0.0934137	0.0819915	0.0704688	0.058859	0.0471761	0.0354341	0.0236476	0.0118313	0	
0	0.0119242	0.0238365	0.0357254	0.0475789	0.0593854	0.0711333	0.0828109	0.0944068	0.105909	0.117308	0.12859	0.139745	0.150763	0.161631	0.17234	0.182879	0.193237	0.203405	0.213371	0.223128	0.232663	0.24197	0.251037	0.259856	0.268419	0.276717	0.284742	0.292486	0.299941	0.307099	0.313955	0.3205	0.326729	0.332636	0.338214	0.343458	0.348362	0.352922	0.357134	0.360993	0.364495	0.367637	0.370415	0.372827	0.37487	0.376542	0.377842	0.378767	0.379318	0.379492	0.37929	0.378712	0.377758	0.376429	0.374725	0.372649	0.370201	0.367385	0.364201	0.360654	0.356745	0.352479	0.347858	0.342887	0.33757	0.331912	0.325916	0.319589	0.312936	0.305962	0.298673	0.291075	0.283175	0.27498	0.266496	0.25773	0.24869	0.239384	0.229821	0.220007	0.209953	0.199666	0.189157	0.178435	0.167511	0.156394	0.145096	0.133629	0.122004	0.110233	0.0983289	0.0863056	0.0741766	0.061956	0.0496583	0.0372985	0.0248919	0.0124538	0	
0	0.0125084	0.0250045	0.0374759	0.0499102	0.0622953	0.0746188	0.0868686	0.0990327	0.111099	0.123056	0.134891	0.146593	0.15815	0.169551	0.180785	0.19184	0.202706	0.213371	0.223827	0.234061	0.244064	0.253826	0.263338	0.272589	0.281572	0.290276	0.298694	0.306817	0.314638	0.322147	0.329339	0.336205	0.342739	0.348935	0.354786	0.360287	0.365432	0.370216	0.374634	0.378681	0.382355	0.385651	0.388565	0.391095	0.393239	0.394993	0.396356	0.397327	0.397904	0.398087	0.397875	0.397269	0.396268	0.394874	0.393087	0.390909	0.388341	0.385386	0.382047	0.378326	0.374226	0.36975	0.364903	0.359689	0.354111	0.348175	0.341886	0.335249	0.32827	0.320954	0.313308	0.305338	0.297051	0.288454	0.279554	0.270359	0.260876	0.251114	0.241082	0.230787	0.22024	0.20945	0.198426	0.187179	0.175719	0.164057	0.152206	0.140177	0.127982	0.115634	0.103147	0.0905346	0.0778113	0.0649918	0.0520916	0.0391262	0.0261116	0.013064	0	
0	0.0130804	0.0261478	0.0391894	0.0521923	0.0651436	0.0780306	0.0908406	0.103561	0.116179	0.128682	0.141058	0.153295	0.165381	0.177303	0.189051	0.200611	0.211974	0.223128	0.234061	0.244763	0.255223	0.265432	0.275378	0.285053	0.294446	0.303549	0.312352	0.320846	0.329024	0.336877	0.344397	0.351577	0.35841	0.36489	0.371008	0.37676	0.382141	0.387143	0.391763	0.395996	0.399838	0.403284	0.406332	0.408978	0.411219	0.413053	0.414479	0.415494	0.416098	0.416289	0.416068	0.415433	0.414387	0.412929	0.41106	0.408782	0.406098	0.403008	0.399516	0.395624	0.391337	0.386656	0.381588	0.376135	0.370302	0.364095	0.357519	0.350578	0.34328	0.335629	0.327634	0.319299	0.310633	0.301643	0.292336	0.28272	0.272804	0.262596	0.252105	0.24134	0.23031	0.219027	0.207499	0.195737	0.183753	0.171559	0.159166	0.146586	0.133834	0.120921	0.107863	0.0946742	0.0813691	0.0679635	0.0544734	0.0409152	0.0273055	0.0136614	0	
0	0.0136394	0.0272653	0.0408643	0.0544228	0.0679277	0.0813654	0.0947229	0.107987	0.121144	0.134182	0.147087	0.159847	0.172449	0.184881	0.19713	0.209185	0.221033	0.232663	0.244064	0.255223	0.266131	0.276776	0.287147	0.297235	0.30703	0.316522	0.325701	0.334558	0.343086	0.351274	0.359116	0.366603	0.373728	0.380484	0.386864	0.392862	0.398472	0.403689	0.408506	0.41292	0.416926	0.420519	0.423697	0.426456	0.428793	0.430706	0.432193	0.433251	0.433881	0.43408	0.433849	0.433188	0.432097	0.430576	0.428628	0.426253	0.423453	0.420231	0.41659	0.412532	0.408061	0.403181	0.397896	0.39221	0.386128	0.379656	0.372798	0.365561	0.357951	0.349973	0.341636	0.332945	0.323909	0.314534	0.30483	0.294803	0.284463	0.273819	0.262879	0.251654	0.240153	0.228387	0.216367	0.204102	0.191607	0.178891	0.165968	0.152851	0.139553	0.126089	0.112473	0.0987203	0.0848466	0.0708681	0.0568015	0.0426638	0.0284725	0.0142452	0	
0	0.0141849	0.0283559	0.0424988	0.0565997	0.0706447	0.0846199	0.0985116	0.112306	0.12599	0.139549	0.15297	0.16624	0.179347	0.192276	0.205015	0.217552	0.229874	0.24197	0.253826	0.265432	0.276776	0.287846	0.298633	0.309124	0.319311	0.329182	0.338728	0.34794	0.356809	0.365325	0.37348	0.381266	0.388676	0.395703	0.402338	0.408576	0.414411	0.419836	0.424846	0.429436	0.433602	0.43734	0.440645	0.443514	0.445944	0.447934	0.44948	0.450581	0.451235	0.451443	0.451203	0.450515	0.44938	0.447799	0.445772	0.443302	0.440391	0.43704	0.433253	0.429033	0.424383	0.419308	0.413811	0.407898	0.401573	0.394841	0.387709	0.380183	0.372268	0.363972	0.355301	0.346263	0.336865	0.327115	0.317023	0.306595	0.295841	0.284771	0.273394	0.26172	0.249759	0.237522	0.225021	0.212266	0.199271	0.186046	0.172606	0.158965	0.145135	0.131132	0.116972	0.102669	0.0882404	0.0737028	0.0590735	0.0443703	0.0296113	0.014815	0	
0	0.0147165	0.0294184	0.0440913	0.0587206	0.0732919	0.0877909	0.102203	0.116514	0.130711	0.144778	0.158702	0.17247	0.186067	0.199481	0.212698	0.225704	0.238488	0.251037	0.263338	0.275378	0.287147	0.298633	0.309823	0.320708	0.331276	0.341518	0.351422	0.360979	0.370179	0.379014	0.387475	0.395554	0.403241	0.410531	0.417415	0.423887	0.42994	0.435568	0.440766	0.445528	0.449851	0.453728	0.457157	0.460134	0.462655	0.464719	0.466323	0.467465	0.468144	0.46836	0.468111	0.467397	0.46622	0.464579	0.462477	0.459914	0.456893	0.453417	0.449488	0.44511	0.440286	0.435021	0.429318	0.423183	0.416621	0.409637	0.402238	0.39443	0.386218	0.377611	0.368615	0.359238	0.349488	0.339373	0.328902	0.318084	0.306927	0.295443	0.283639	0.271527	0.259118	0.246423	0.233453	0.220221	0.206738	0.193018	0.179075	0.164922	0.150574	0.136046	0.121355	0.106516	0.091547	0.0764646	0.0612871	0.046033	0.0307209	0.0153702	0	
0	0.0152335	0.030452	0.0456403	0.0607836	0.0758668	0.0908752	0.105794	0.120608	0.135303	0.149864	0.164278	0.178529	0.192604	0.206489	0.22017	0.233634	0.246867	0.259856	0.272589	0.285053	0.297235	0.309124	0.320708	0.331975	0.342915	0.353516	0.363768	0.373661	0.383184	0.39233	0.401088	0.40945	0.417408	0.424954	0.43208	0.438779	0.445045	0.450871	0.456251	0.461181	0.465655	0.469669	0.473218	0.476299	0.478909	0.481046	0.482706	0.483888	0.484591	0.484814	0.484556	0.483818	0.482599	0.480901	0.478725	0.476072	0.472945	0.469347	0.46528	0.460748	0.455754	0.450304	0.444401	0.43805	0.431258	0.424029	0.41637	0.408287	0.399787	0.390877	0.381565	0.371859	0.361767	0.351296	0.340457	0.329259	0.317711	0.305822	0.293604	0.281067	0.268222	0.255081	0.241655	0.227957	0.214001	0.199799	0.185366	0.170716	0.155864	0.140826	0.125619	0.110259	0.0947633	0.079151	0.0634403	0.0476502	0.0318003	0.0159102	0	
0	0.0157355	0.0314554	0.0471443	0.0627866	0.0783669	0.0938697	0.10928	0.124582	0.139761	0.154803	0.169691	0.184412	0.198951	0.213293	0.227425	0.241333	0.255002	0.268419	0.281572	0.294446	0.30703	0.319311	0.331276	0.342915	0.354215	0.365165	0.375755	0.385974	0.395811	0.405258	0.414305	0.422943	0.431163	0.438957	0.446318	0.453238	0.45971	0.465728	0.471286	0.476378	0.480999	0.485145	0.488812	0.491995	0.494691	0.496898	0.498613	0.499834	0.50056	0.50079	0.500524	0.499761	0.498502	0.496748	0.4945	0.49176	0.48853	0.484813	0.480612	0.475931	0.470773	0.465143	0.459045	0.452485	0.445469	0.438002	0.43009	0.421741	0.412961	0.403758	0.394139	0.384113	0.373688	0.362873	0.351677	0.340109	0.32818	0.3159	0.303279	0.290329	0.277061	0.263486	0.249618	0.235469	0.221053	0.206383	0.191474	0.176341	0.161	0.145467	0.129758	0.113892	0.0978861	0.0817593	0.0655309	0.0492204	0.0328482	0.0164345	0	
0	0.016222	0.0324279	0.0486017	0.0647276	0.0807895	0.0967716	0.112658	0.128434	0.144082	0.159588	0.174937	0.190113	0.205101	0.219887	0.234456	0.248793	0.262885	0.276717	0.290276	0.303549	0.316522	0.329182	0.341518	0.353516	0.365165	0.376454	0.387371	0.397906	0.408048	0.417787	0.427113	0.436018	0.444492	0.452527	0.460115	0.467249	0.473922	0.480126	0.485855	0.491105	0.495869	0.500143	0.503923	0.507204	0.509984	0.512259	0.514027	0.515286	0.516034	0.516272	0.515997	0.515211	0.513913	0.512104	0.509787	0.506962	0.503633	0.499801	0.49547	0.490644	0.485326	0.479522	0.473236	0.466474	0.45924	0.451542	0.443386	0.434779	0.425727	0.41624	0.406324	0.395987	0.38524	0.374091	0.362548	0.350623	0.338326	0.325666	0.312655	0.299304	0.285626	0.271632	0.257335	0.242749	0.227887	0.212763	0.197394	0.181793	0.165977	0.149964	0.13377	0.117413	0.100912	0.0842869	0.0675567	0.0507421	0.0338637	0.0169425	0	
0	0.0166924	0.0333683	0.0500112	0.0666047	0.0831324	0.099578	0.115925	0.132158	0.14826	0.164216	0.18001	0.195626	0.211049	0.226264	0.241255	0.256008	0.270509	0.284742	0.298694	0.312352	0.325701	0.338728	0.351422	0.363768	0.375755	0.387371	0.398605	0.409445	0.419881	0.429902	0.439499	0.448662	0.457382	0.46565	0.473459	0.4808	0.487665	0.494049	0.499945	0.505347	0.510249	0.514648	0.518537	0.521913	0.524773	0.527114	0.528934	0.530229	0.530999	0.531244	0.530961	0.530152	0.528816	0.526956	0.524571	0.521664	0.518238	0.514295	0.509839	0.504873	0.499401	0.493428	0.48696	0.480001	0.472558	0.464637	0.456244	0.447387	0.438074	0.428311	0.418107	0.407471	0.396412	0.384939	0.373062	0.360791	0.348137	0.33511	0.321722	0.307984	0.293909	0.279509	0.264798	0.249788	0.234496	0.218934	0.203118	0.187065	0.170791	0.154313	0.137649	0.120818	0.103839	0.0867312	0.0695159	0.0522136	0.0348457	0.0174339	0	
0	0.0171463	0.0342757	0.0513712	0.068416	0.0853932	0.102286	0.119078	0.135752	0.152292	0.168682	0.184906	0.200946	0.216789	0.232417	0.247816	0.262971	0.277865	0.292486	0.306817	0.320846	0.334558	0.34794	0.360979	0.373661	0.385974	0.397906	0.409445	0.42058	0.4313	0.441594	0.451452	0.460864	0.469821	0.478314	0.486335	0.493875	0.500928	0.507485	0.513541	0.51909	0.524126	0.528644	0.532639	0.536107	0.539045	0.541449	0.543318	0.544649	0.54544	0.545691	0.545401	0.54457	0.543198	0.541286	0.538837	0.535851	0.532332	0.528282	0.523704	0.518603	0.512982	0.506847	0.500203	0.493055	0.48541	0.477273	0.468652	0.459554	0.449987	0.439959	0.429478	0.418553	0.407193	0.395408	0.383208	0.370603	0.357605	0.344224	0.330471	0.31636	0.301902	0.287111	0.271999	0.256582	0.240873	0.224888	0.208642	0.192152	0.175435	0.158509	0.141392	0.124104	0.106663	0.0890899	0.0714064	0.0536336	0.0357934	0.017908	0	
0	0.0175834	0.0351493	0.0526806	0.0701598	0.0875697	0.104893	0.122113	0.139212	0.156174	0.172982	0.189619	0.206068	0.222314	0.238341	0.254133	0.269673	0.284948	0.299941	0.314638	0.329024	0.343086	0.356809	0.370179	0.383184	0.395811	0.408048	0.419881	0.4313	0.442293	0.452849	0.462958	0.47261	0.481796	0.490505	0.49873	0.506463	0.513695	0.52042	0.526631	0.532321	0.537485	0.542118	0.546215	0.549771	0.552784	0.55525	0.557166	0.558531	0.559343	0.5596	0.559302	0.55845	0.557043	0.555083	0.552571	0.549509	0.5459	0.541747	0.537052	0.531821	0.526057	0.519766	0.512953	0.505622	0.497782	0.489438	0.480597	0.471268	0.461457	0.451173	0.440424	0.429221	0.417571	0.405486	0.392975	0.380049	0.36672	0.352997	0.338894	0.324423	0.309597	0.294429	0.278932	0.263121	0.247012	0.23062	0.21396	0.19705	0.179907	0.16255	0.144996	0.127267	0.109381	0.0913607	0.0732264	0.0550006	0.0367057	0.0183644	0	
0	0.018003	0.0359883	0.0539379	0.0718343	0.0896597	0.107397	0.125027	0.142535	0.159902	0.17711	0.194144	0.210986	0.22762	0.24403	0.260198	0.27611	0.291748	0.307099	0.322147	0.336877	0.351274	0.365325	0.379014	0.39233	0.405258	0.417787	0.429902	0.441594	0.452849	0.463657	0.474008	0.48389	0.493295	0.502212	0.510634	0.518551	0.525956	0.532841	0.5392	0.545026	0.550313	0.555057	0.559251	0.562893	0.565978	0.568502	0.570464	0.571862	0.572693	0.572956	0.572651	0.571778	0.570338	0.568331	0.565759	0.562624	0.558929	0.554677	0.54987	0.544514	0.538613	0.532172	0.525195	0.51769	0.509663	0.50112	0.492068	0.482516	0.47247	0.461941	0.450936	0.439465	0.427538	0.415164	0.402355	0.38912	0.375472	0.361422	0.346983	0.332166	0.316986	0.301456	0.285589	0.269402	0.252908	0.236124	0.219067	0.201753	0.184201	0.166429	0.148457	0.130304	0.111992	0.0935412	0.0749742	0.0563134	0.0375817	0.0188027	0	
0	0.0184049	0.0367916	0.055142	0.0734379	0.0916612	0.109794	0.127819	0.145717	0.163471	0.181064	0.198478	0.215696	0.232702	0.249477	0.266007	0.282273	0.298261	0.313955	0.329339	0.344397	0.359116	0.37348	0.387475	0.401088	0.414305	0.427113	0.439499	0.451452	0.462958	0.474008	0.484589	0.494692	0.504307	0.513424	0.522033	0.530127	0.537697	0.544736	0.551237	0.557193	0.562598	0.567447	0.571736	0.575459	0.578612	0.581193	0.583199	0.584628	0.585477	0.585746	0.585435	0.584543	0.58307	0.581018	0.578389	0.575184	0.571406	0.567059	0.562145	0.55667	0.550637	0.544052	0.53692	0.529247	0.52104	0.512306	0.503053	0.493287	0.483018	0.472253	0.461003	0.449276	0.437082	0.424432	0.411337	0.397807	0.383854	0.369491	0.354729	0.339582	0.324063	0.308185	0.291965	0.275416	0.258554	0.241395	0.223957	0.206257	0.188313	0.170144	0.151771	0.133213	0.114492	0.0956294	0.0766479	0.0575705	0.0384207	0.0192225	0	
0	0.0187886	0.0375587	0.0562916	0.074969	0.0935722	0.112083	0.130483	0.148755	0.166879	0.184839	0.202616	0.220193	0.237553	0.254679	0.271552	0.288158	0.30448	0.3205	0.336205	0.351577	0.366603	0.381266	0.395554	0.40945	0.422943	0.436018	0.448662	0.460864	0.47261	0.48389	0.494692	0.505006	0.514821	0.524128	0.532917	0.541179	0.548907	0.556093	0.562729	0.56881	0.574328	0.579278	0.583656	0.587456	0.590675	0.59331	0.595358	0.596816	0.597684	0.597958	0.59764	0.59673	0.595226	0.593132	0.590448	0.587176	0.58332	0.578881	0.573865	0.568276	0.562117	0.555394	0.548114	0.540281	0.531903	0.522987	0.513541	0.503572	0.493088	0.482099	0.470614	0.458642	0.446195	0.433281	0.419913	0.406101	0.391857	0.377194	0.362125	0.346662	0.330819	0.314611	0.298052	0.281158	0.263944	0.246428	0.228626	0.210557	0.192239	0.173692	0.154935	0.135991	0.116879	0.0976232	0.0782459	0.0587708	0.0392217	0.0196233	0	
0	0.0191538	0.0382886	0.0573857	0.076426	0.0953908	0.114261	0.133019	0.151646	0.170123	0.188431	0.206554	0.224473	0.24217	0.259628	0.27683	0.293759	0.310397	0.326729	0.342739	0.35841	0.373728	0.388676	0.403241	0.417408	0.431163	0.444492	0.457382	0.469821	0.481796	0.493295	0.504307	0.514821	0.524827	0.534314	0.543274	0.551697	0.559575	0.566901	0.573666	0.579865	0.58549	0.590536	0.594999	0.598874	0.602156	0.604842	0.606929	0.608416	0.6093	0.60958	0.609256	0.608327	0.606795	0.60466	0.601923	0.598588	0.594657	0.590132	0.585019	0.57932	0.573042	0.566189	0.558767	0.550782	0.542241	0.533152	0.523522	0.513359	0.502671	0.491469	0.479761	0.467556	0.454867	0.441702	0.428074	0.413993	0.399473	0.384525	0.369163	0.353399	0.337249	0.320725	0.303845	0.286622	0.269074	0.251217	0.23307	0.214649	0.195975	0.177068	0.157947	0.138634	0.119151	0.0995205	0.0797667	0.059913	0.039984	0.0200047	0	
0	0.0195	0.0389808	0.058423	0.0778076	0.0971152	0.116327	0.135424	0.154387	0.173198	0.191838	0.210288	0.228531	0.246548	0.264322	0.281834	0.299069	0.316008	0.332636	0.348935	0.36489	0.380484	0.395703	0.410531	0.424954	0.438957	0.452527	0.46565	0.478314	0.490505	0.502212	0.513424	0.524128	0.534314	0.543973	0.553095	0.56167	0.569691	0.577149	0.584037	0.590347	0.596074	0.601212	0.605755	0.6097	0.613041	0.615776	0.617901	0.619414	0.620314	0.6206	0.62027	0.619324	0.617764	0.61559	0.612804	0.609409	0.605406	0.6008	0.595594	0.589793	0.583401	0.576424	0.568868	0.560739	0.552044	0.54279	0.532986	0.522639	0.511758	0.500353	0.488433	0.476009	0.463089	0.449687	0.435812	0.421477	0.406694	0.391476	0.375836	0.359788	0.343345	0.326523	0.309337	0.291804	0.273938	0.255759	0.237283	0.21853	0.199518	0.180269	0.160802	0.14114	0.121305	0.10132	0.0812087	0.0609961	0.0407069	0.0203663	0	
0	0.019827	0.0396345	0.0594027	0.0791123	0.0987437	0.118278	0.137695	0.156976	0.176102	0.195054	0.213814	0.232363	0.250682	0.268754	0.28656	0.304084	0.321307	0.338214	0.354786	0.371008	0.386864	0.402338	0.417415	0.43208	0.446318	0.460115	0.473459	0.486335	0.49873	0.510634	0.522033	0.532917	0.543274	0.553095	0.56237	0.571089	0.579244	0.586827	0.59383	0.600246	0.606069	0.611293	0.615913	0.619923	0.623321	0.626101	0.628262	0.629801	0.630716	0.631006	0.630671	0.629709	0.628123	0.625913	0.62308	0.619628	0.615558	0.610875	0.605582	0.599683	0.593184	0.58609	0.578407	0.570141	0.561301	0.551892	0.541923	0.531403	0.52034	0.508744	0.496624	0.483991	0.470855	0.457228	0.44312	0.428545	0.413514	0.398041	0.382139	0.365821	0.349103	0.331999	0.314525	0.296697	0.278532	0.260048	0.241262	0.222194	0.202864	0.183291	0.163498	0.143506	0.123339	0.103019	0.0825704	0.0620189	0.0413895	0.0207078	0	
0	0.0201344	0.040249	0.0603237	0.0803389	0.100275	0.120111	0.13983	0.15941	0.178833	0.198079	0.217129	0.235966	0.254569	0.272921	0.291003	0.308799	0.326289	0.343458	0.360287	0.37676	0.392862	0.408576	0.423887	0.438779	0.453238	0.467249	0.4808	0.493875	0.506463	0.518551	0.530127	0.541179	0.551697	0.56167	0.571089	0.579943	0.588225	0.595925	0.603037	0.609553	0.615466	0.620771	0.625462	0.629535	0.632985	0.635809	0.638003	0.639566	0.640495	0.64079	0.640449	0.639473	0.637862	0.635617	0.632741	0.629235	0.625102	0.620346	0.614971	0.608981	0.602381	0.595177	0.587375	0.578981	0.570003	0.560449	0.550325	0.539642	0.528408	0.516632	0.504324	0.491495	0.478155	0.464317	0.449991	0.435189	0.419926	0.404212	0.388063	0.371493	0.354515	0.337146	0.319401	0.301297	0.28285	0.26408	0.245003	0.225639	0.206009	0.186133	0.166033	0.145732	0.125251	0.104616	0.0838507	0.0629805	0.0420312	0.0210289	0	
0	0.020422	0.0408237	0.0611851	0.0814861	0.101707	0.121827	0.141826	0.161686	0.181386	0.200907	0.22023	0.239335	0.258204	0.276818	0.295159	0.313208	0.330949	0.348362	0.365432	0.382141	0.398472	0.414411	0.42994	0.445045	0.45971	0.473922	0.487665	0.500928	0.513695	0.525956	0.537697	0.548907	0.559575	0.569691	0.579244	0.588225	0.596625	0.604435	0.611648	0.618257	0.624255	0.629636	0.634394	0.638525	0.642024	0.644888	0.647114	0.648699	0.649641	0.64994	0.649595	0.648604	0.646971	0.644694	0.641777	0.638221	0.634029	0.629205	0.623753	0.617677	0.610983	0.603676	0.595763	0.587249	0.578143	0.568452	0.558184	0.547348	0.535953	0.524009	0.511526	0.498513	0.484983	0.470947	0.456417	0.441404	0.425922	0.409985	0.393605	0.376798	0.359578	0.341961	0.323962	0.3056	0.28689	0.267851	0.248501	0.228861	0.208951	0.188791	0.168404	0.147813	0.12704	0.10611	0.0850481	0.0638799	0.0426314	0.0213292	0	
0	0.0206893	0.0413581	0.0619861	0.0825528	0.103038	0.123421	0.143683	0.163803	0.183761	0.203537	0.223113	0.242468	0.261584	0.280442	0.299023	0.317309	0.335281	0.352922	0.370216	0.387143	0.403689	0.419836	0.435568	0.450871	0.465728	0.480126	0.494049	0.507485	0.52042	0.532841	0.544736	0.556093	0.566901	0.577149	0.586827	0.595925	0.604435	0.612348	0.619656	0.626351	0.632427	0.637878	0.642699	0.646884	0.650429	0.65333	0.655585	0.657191	0.658146	0.658449	0.658098	0.657095	0.65544	0.653134	0.650178	0.646576	0.642329	0.637442	0.631918	0.625763	0.618981	0.611579	0.603562	0.594937	0.585712	0.575894	0.565491	0.554514	0.54297	0.530869	0.518222	0.505039	0.491332	0.477112	0.462392	0.447182	0.431498	0.415352	0.398758	0.381731	0.364285	0.346437	0.328203	0.3096	0.290645	0.271357	0.251755	0.231858	0.211686	0.191263	0.170609	0.149748	0.128703	0.107499	0.0861615	0.0647162	0.0431895	0.0216084	0	
0	0.0209362	0.0418517	0.0627258	0.083538	0.104268	0.124894	0.145398	0.165758	0.185954	0.205966	0.225775	0.245362	0.264706	0.283789	0.302591	0.321095	0.339282	0.357134	0.374634	0.391763	0.408506	0.424846	0.440766	0.456251	0.471286	0.485855	0.499945	0.513541	0.526631	0.5392	0.551237	0.562729	0.573666	0.584037	0.59383	0.603037	0.611648	0.619656	0.62705	0.633826	0.639974	0.645491	0.650369	0.654604	0.658191	0.661127	0.663409	0.665034	0.666	0.666306	0.665952	0.664937	0.663262	0.660928	0.657937	0.654292	0.649994	0.645049	0.63946	0.633231	0.626368	0.618877	0.610765	0.602037	0.592701	0.582766	0.57224	0.561131	0.549449	0.537204	0.524406	0.511067	0.497196	0.482806	0.46791	0.452519	0.436648	0.420309	0.403517	0.386286	0.368633	0.350572	0.33212	0.313295	0.294114	0.274596	0.254759	0.234625	0.214213	0.193545	0.172645	0.151535	0.130239	0.108782	0.0871897	0.0654885	0.0437049	0.0218663	0	
0	0.0211624	0.0423039	0.0634036	0.0844406	0.105394	0.126244	0.146969	0.167549	0.187963	0.208192	0.228215	0.248013	0.267566	0.286855	0.305861	0.324565	0.342948	0.360993	0.378681	0.395996	0.41292	0.429436	0.445528	0.461181	0.476378	0.491105	0.505347	0.51909	0.532321	0.545026	0.557193	0.56881	0.579865	0.590347	0.600246	0.609553	0.618257	0.626351	0.633826	0.640674	0.646889	0.652465	0.657396	0.661677	0.665303	0.668271	0.670577	0.67222	0.673196	0.673506	0.673148	0.672122	0.670429	0.668069	0.665046	0.661361	0.657018	0.652019	0.646369	0.640073	0.633136	0.625564	0.617364	0.608542	0.599106	0.589063	0.578423	0.567194	0.555386	0.543009	0.530073	0.516589	0.502568	0.488023	0.472966	0.457409	0.441366	0.42485	0.407877	0.39046	0.372616	0.35436	0.335709	0.31668	0.297292	0.277563	0.257512	0.23716	0.216527	0.195637	0.17451	0.153172	0.131646	0.109957	0.0881318	0.0661961	0.0441772	0.0221026	0	
0	0.0213677	0.0427143	0.0640186	0.0852598	0.106417	0.127469	0.148394	0.169174	0.189786	0.210211	0.230429	0.250419	0.270162	0.289638	0.308828	0.327713	0.346275	0.364495	0.382355	0.399838	0.416926	0.433602	0.449851	0.465655	0.480999	0.495869	0.510249	0.524126	0.537485	0.550313	0.562598	0.574328	0.58549	0.596074	0.606069	0.615466	0.624255	0.632427	0.639974	0.646889	0.653165	0.658795	0.663773	0.668096	0.671757	0.674754	0.677082	0.678741	0.679727	0.68004	0.679678	0.678642	0.676933	0.674551	0.671498	0.667777	0.663391	0.658344	0.65264	0.646282	0.639278	0.631633	0.623353	0.614445	0.604918	0.594778	0.584034	0.572697	0.560774	0.548277	0.535215	0.5216	0.507444	0.492757	0.477554	0.461846	0.445647	0.428972	0.411834	0.394248	0.376231	0.357797	0.338966	0.319752	0.300176	0.280255	0.26001	0.23946	0.218628	0.197535	0.176203	0.154658	0.132923	0.111024	0.0889868	0.0668383	0.0446058	0.022317	0	
0	0.0215519	0.0430824	0.0645704	0.0859946	0.107334	0.128567	0.149674	0.170632	0.191422	0.212023	0.232415	0.252577	0.27249	0.292134	0.31149	0.330538	0.34926	0.367637	0.385651	0.403284	0.420519	0.43734	0.453728	0.469669	0.485145	0.500143	0.514648	0.528644	0.542118	0.555057	0.567447	0.579278	0.590536	0.601212	0.611293	0.620771	0.629636	0.637878	0.645491	0.652465	0.658795	0.664473	0.669495	0.673854	0.677547	0.68057	0.682918	0.684591	0.685586	0.685901	0.685536	0.684492	0.682767	0.680365	0.677286	0.673533	0.66911	0.664019	0.658265	0.651853	0.644789	0.637077	0.628726	0.619742	0.610132	0.599904	0.589068	0.577633	0.565608	0.553003	0.539828	0.526096	0.511818	0.497005	0.48167	0.465827	0.449489	0.432669	0.415383	0.397646	0.379474	0.360882	0.341887	0.322509	0.302763	0.282671	0.262251	0.241525	0.220513	0.199237	0.177722	0.155991	0.134069	0.111981	0.0897539	0.0674144	0.0449903	0.0225093	0	
0	0.0217147	0.043408	0.0650584	0.0866445	0.108145	0.129539	0.150805	0.171922	0.192869	0.213625	0.234171	0.254486	0.274549	0.294342	0.313844	0.333036	0.351899	0.370415	0.388565	0.406332	0.423697	0.440645	0.457157	0.473218	0.488812	0.503923	0.518537	0.532639	0.546215	0.559251	0.571736	0.583656	0.594999	0.605755	0.615913	0.625462	0.634394	0.642699	0.650369	0.657396	0.663773	0.669495	0.674554	0.678947	0.682667	0.685713	0.688079	0.689765	0.690767	0.691085	0.690717	0.689664	0.687927	0.685506	0.682404	0.678623	0.674166	0.669037	0.66324	0.656779	0.649661	0.641892	0.633477	0.624425	0.614743	0.604438	0.59352	0.581998	0.569882	0.557182	0.543908	0.530072	0.515686	0.500761	0.48531	0.469347	0.452886	0.435939	0.418523	0.400651	0.382341	0.363609	0.344471	0.324946	0.305051	0.284807	0.264233	0.24335	0.222179	0.200743	0.179065	0.15717	0.135082	0.112827	0.0904322	0.0679239	0.0453303	0.0226795	0	
0	0.0218561	0.0436907	0.065482	0.0872087	0.108849	0.130382	0.151787	0.173041	0.194125	0.215017	0.235696	0.256143	0.276337	0.296258	0.315887	0.335204	0.35419	0.372827	0.391095	0.408978	0.426456	0.443514	0.460134	0.476299	0.491995	0.507204	0.521913	0.536107	0.549771	0.562893	0.575459	0.587456	0.598874	0.6097	0.619923	0.629535	0.638525	0.646884	0.654604	0.661677	0.668096	0.673854	0.678947	0.683368	0.687113	0.690178	0.69256	0.694256	0.695265	0.695585	0.695215	0.694155	0.692407	0.68997	0.686848	0.683042	0.678556	0.673393	0.667558	0.661056	0.653892	0.646072	0.637602	0.628491	0.618746	0.608374	0.597385	0.585788	0.573593	0.56081	0.54745	0.533524	0.519044	0.504022	0.488471	0.472404	0.455835	0.438778	0.421248	0.40326	0.384831	0.365977	0.346714	0.327062	0.307038	0.286662	0.265954	0.244934	0.223626	0.20205	0.180231	0.158194	0.135962	0.113562	0.0910211	0.0683662	0.0456255	0.0228271	0	
