0	0	0	0	0	0	0	0	0	0	0	0	0	0	0	0	0	0	0	0	0	0	0	0	0	0	0	0	0	0	0	0	0	0	0	0	0	0	0	0	0	0	0	0	0	0	0	0	0	0	0	0	0	0	0	0	0	0	0	0	0	0	0	0	0	0	0	0	0	0	0	0	0	0	0	0	0	0	0	0	0	0	0	0	0	0	0	0	0	0	0	0	0	0	0	0	0	0	0	0	
0	2.94701e-05	5.89089e-05	8.82867e-05	0.000117574	0.00014674	0.000175757	0.000204595	0.000233225	0.000261617	0.000289744	0.000317578	0.000345089	0.00037225	0.000399035	0.000425416	0.000451367	0.000476861	0.000501873	0.000526379	0.000550352	0.00057377	0.000596608	0.000618845	0.000640456	0.000661422	0.00068172	0.000701331	0.000720234	0.000738411	0.000755843	0.000772514	0.000788405	0.000803502	0.000817789	0.000831252	0.000843878	0.000855653	0.000866566	0.000876605	0.000885762	0.000894027	0.00090139	0.000907846	0.000913388	0.000918009	0.000921706	0.000924475	0.000926313	0.000927218	0.000927189	0.000926227	0.000924332	0.000921507	0.000917754	0.000913077	0.000907481	0.000900971	0.000893555	0.000885239	0.000876032	0.000865944	0.000854984	0.000843164	0.000830495	0.000816991	0.000802665	0.000787532	0.000771607	0.000754905	0.000737444	0.000719242	0.000700317	0.000680687	0.000660374	0.000639397	0.000617777	0.000595537	0.000572698	0.000549285	0.00052532	0.000500828	0.000475833	0.000450361	0.000424437	0.000398088	0.00037134	0.00034422	0.000316756	0.000288975	0.000260905	0.000232574	0.000204011	0.000175244	0.000146303	0.000117217	8.80136e-05	5.87237e-05	2.9376e-05	0	
0	5.89089e-05	0.000117755	0.00017648	0.000235023	0.000293326	0.000351329	0.000408974	0.000466203	0.000522958	0.000579183	0.00063482	0.000689813	0.000744108	0.000797649	0.000850383	0.000902257	0.000953219	0.00100322	0.0010522	0.00110012	0.00114693	0.00119259	0.00123704	0.00128024	0.00132215	0.00136272	0.00140192	0.00143971	0.00147604	0.00151089	0.00154421	0.00157598	0.00160616	0.00163472	0.00166163	0.00168687	0.0017104	0.00173222	0.00175229	0.00177059	0.00178711	0.00180183	0.00181474	0.00182581	0.00183505	0.00184244	0.00184798	0.00185165	0.00185346	0.0018534	0.00185148	0.00184769	0.00184204	0.00183454	0.00182519	0.00181401	0.00180099	0.00178617	0.00176955	0.00175114	0.00173098	0.00170907	0.00168544	0.00166012	0.00163312	0.00160449	0.00157424	0.0015424	0.00150902	0.00147411	0.00143773	0.0013999	0.00136066	0.00132005	0.00127812	0.0012349	0.00119045	0.00114479	0.00109799	0.00105009	0.00100113	0.000951166	0.000900249	0.000848429	0.000795758	0.000742291	0.00068808	0.00063318	0.000577646	0.000521535	0.000464903	0.000407807	0.000350304	0.000292453	0.00023431	0.000175935	0.000117386	5.87213e-05	0	
0	8.82867e-05	0.00017648	0.00026449	0.000352229	0.000439607	0.000526536	0.000612929	0.000698699	0.000783758	0.000868022	0.000951405	0.00103382	0.0011152	0.00119544	0.00127447	0.00135221	0.00142859	0.00150352	0.00157694	0.00164876	0.00171891	0.00178733	0.00185395	0.00191869	0.0019815	0.00204231	0.00210106	0.00215769	0.00221215	0.00226437	0.00231432	0.00236193	0.00240715	0.00244996	0.00249029	0.00252811	0.00256339	0.00259608	0.00262616	0.00265359	0.00267835	0.00270041	0.00271975	0.00273635	0.0027502	0.00276127	0.00276957	0.00277507	0.00277779	0.0027777	0.00277482	0.00276914	0.00276068	0.00274943	0.00273542	0.00271866	0.00269916	0.00267694	0.00265203	0.00262444	0.00259422	0.00256139	0.00252598	0.00248802	0.00244757	0.00240465	0.00235931	0.0023116	0.00226157	0.00220926	0.00215473	0.00209803	0.00203923	0.00197837	0.00191553	0.00185076	0.00178413	0.00171571	0.00164557	0.00157377	0.0015004	0.00142552	0.00134921	0.00127155	0.00119261	0.00111248	0.00103123	0.00094895	0.000865722	0.000781629	0.000696754	0.000611184	0.000525004	0.000438301	0.000351162	0.000263675	0.000175927	8.80061e-05	0	
0	0.000117574	0.000235023	0.000352229	0.000469073	0.000585437	0.000701203	0.000816255	0.000930476	0.00104375	0.00115597	0.00126701	0.00137677	0.00148514	0.001592	0.00169725	0.00180078	0.0019025	0.00200229	0.00210005	0.0021957	0.00228913	0.00238024	0.00246896	0.00255518	0.00263883	0.00271981	0.00279805	0.00287347	0.00294599	0.00301554	0.00308204	0.00314545	0.00320568	0.00326268	0.00331639	0.00336676	0.00341374	0.00345728	0.00349734	0.00353387	0.00356684	0.00359622	0.00362198	0.00364408	0.00366252	0.00367727	0.00368832	0.00369565	0.00369926	0.00369915	0.00369531	0.00368775	0.00367648	0.00366151	0.00364285	0.00362052	0.00359455	0.00356496	0.00353179	0.00349505	0.00345481	0.00341108	0.00336392	0.00331338	0.0032595	0.00320235	0.00314197	0.00307844	0.0030118	0.00294214	0.00286952	0.00279402	0.0027157	0.00263466	0.00255097	0.00246471	0.00237598	0.00228487	0.00219146	0.00209584	0.00199813	0.00189841	0.00179678	0.00169336	0.00158824	0.00148152	0.00137332	0.00126375	0.00115291	0.00104092	0.000927891	0.000813934	0.000699166	0.000583701	0.000467655	0.000351145	0.000234288	0.000117201	0	
0	0.00014674	0.000293326	0.000439607	0.000585437	0.000730667	0.000875152	0.00101875	0.0011613	0.00130268	0.00144273	0.00158132	0.00171831	0.00185356	0.00198693	0.00211829	0.00224751	0.00237446	0.002499	0.00262102	0.00274039	0.002857	0.00297072	0.00308144	0.00318906	0.00329345	0.00339453	0.00349217	0.0035863	0.00367681	0.00376361	0.00384662	0.00392575	0.00400093	0.00407207	0.00413911	0.00420197	0.00426061	0.00431495	0.00436494	0.00441053	0.00445168	0.00448835	0.0045205	0.00454809	0.00457111	0.00458951	0.0046033	0.00461245	0.00461696	0.00461682	0.00461203	0.00460259	0.00458853	0.00456984	0.00454655	0.00451869	0.00448627	0.00444934	0.00440794	0.00436209	0.00431186	0.00425729	0.00419843	0.00413535	0.00406811	0.00399678	0.00392142	0.00384212	0.00375896	0.00367202	0.00358138	0.00348715	0.00338941	0.00328826	0.0031838	0.00307615	0.00296541	0.00285169	0.00273511	0.00261577	0.00249382	0.00236936	0.00224253	0.00211344	0.00198224	0.00184905	0.00171401	0.00157726	0.00143892	0.00129915	0.00115808	0.00101585	0.000872614	0.000728504	0.000583671	0.000438257	0.00029241	0.000146276	0	
0	0.000175757	0.000351329	0.000526536	0.000701203	0.000875152	0.00104821	0.0012202	0.00139094	0.00156028	0.00172803	0.00189402	0.0020581	0.00222009	0.00237984	0.00253717	0.00269194	0.00284399	0.00299317	0.00313932	0.0032823	0.00342196	0.00355817	0.00369079	0.00381968	0.00394472	0.00406578	0.00418274	0.00429548	0.00440388	0.00450785	0.00460728	0.00470206	0.00479209	0.0048773	0.0049576	0.0050329	0.00510312	0.00516821	0.00522809	0.0052827	0.00533199	0.00537591	0.00541441	0.00544746	0.00547503	0.00549708	0.00551359	0.00552455	0.00552995	0.00552978	0.00552404	0.00551274	0.00549589	0.00547351	0.00544562	0.00541224	0.00537342	0.00532919	0.00527959	0.00522468	0.00516452	0.00509915	0.00502866	0.00495311	0.00487257	0.00478713	0.00469687	0.00460189	0.00450229	0.00439815	0.00428959	0.00417672	0.00405965	0.0039385	0.00381339	0.00368446	0.00355181	0.00341561	0.00327597	0.00313304	0.00298697	0.0028379	0.00268598	0.00253137	0.00237423	0.0022147	0.00205296	0.00188916	0.00172347	0.00155606	0.00138709	0.00121674	0.00104517	0.000872566	0.000699091	0.000524923	0.000350235	0.000175202	0	
0	0.000204595	0.000408974	0.000612929	0.000816255	0.00101875	0.0012202	0.0014204	0.00161917	0.00181628	0.00201156	0.00220479	0.00239579	0.00258436	0.00277032	0.00295347	0.00313364	0.00331063	0.00348428	0.00365441	0.00382085	0.00398343	0.00414199	0.00429637	0.00444641	0.00459197	0.00473289	0.00486904	0.00500028	0.00512648	0.0052475	0.00536324	0.00547357	0.00557838	0.00567757	0.00577104	0.0058587	0.00594045	0.00601621	0.00608592	0.00614949	0.00620687	0.00625799	0.00630281	0.00634129	0.00637337	0.00639904	0.00641826	0.00643102	0.00643731	0.00643711	0.00643043	0.00641728	0.00639767	0.00637161	0.00633914	0.00630029	0.0062551	0.00620361	0.00614588	0.00608196	0.00601192	0.00593583	0.00585377	0.00576582	0.00567207	0.00557261	0.00546754	0.00535698	0.00524103	0.00511981	0.00499344	0.00486205	0.00472577	0.00458474	0.00443911	0.00428901	0.0041346	0.00397605	0.0038135	0.00364712	0.00347708	0.00330355	0.00312671	0.00294673	0.0027638	0.0025781	0.00238981	0.00219914	0.00200626	0.00181138	0.00161469	0.00141639	0.00121667	0.00101574	0.000813801	0.000611054	0.000407703	0.00020395	0	
0	0.000233225	0.000466203	0.000698699	0.000930476	0.0011613	0.00139094	0.00161917	0.00184574	0.00207044	0.00229304	0.00251332	0.00273104	0.002946	0.00315798	0.00336676	0.00357214	0.00377391	0.00397186	0.0041658	0.00435553	0.00454086	0.0047216	0.00489758	0.00506862	0.00523455	0.00539519	0.00555039	0.0057	0.00584385	0.00598182	0.00611375	0.00623952	0.006359	0.00647207	0.00657862	0.00667854	0.00677173	0.0068581	0.00693756	0.00701003	0.00707543	0.00713371	0.00718481	0.00722866	0.00726524	0.0072945	0.00731641	0.00733096	0.00733813	0.0073379	0.00733029	0.00731529	0.00729293	0.00726323	0.00722622	0.00718193	0.00713042	0.00707172	0.00700591	0.00693305	0.00685321	0.00676648	0.00667293	0.00657267	0.0064658	0.00635243	0.00623266	0.00610662	0.00597445	0.00583626	0.00569221	0.00554243	0.00538708	0.00522632	0.0050603	0.0048892	0.00471319	0.00453245	0.00434715	0.00415749	0.00396365	0.00376584	0.00356425	0.00335909	0.00315056	0.00293887	0.00272424	0.00250688	0.00228702	0.00206486	0.00184065	0.00161459	0.00138693	0.00115788	0.000927685	0.000696565	0.000464757	0.000232491	0	
0	0.000261617	0.000522958	0.000783758	0.00104375	0.00130268	0.00156028	0.00181628	0.00207044	0.0023225	0.0025722	0.00281929	0.00306352	0.00330465	0.00354244	0.00377664	0.00400702	0.00423335	0.0044554	0.00467294	0.00488577	0.00509367	0.00529642	0.00549382	0.00568569	0.00587181	0.00605201	0.00622611	0.00639393	0.0065553	0.00671006	0.00685805	0.00699913	0.00713316	0.00726	0.00737952	0.0074916	0.00759614	0.00769302	0.00778215	0.00786344	0.00793681	0.00800219	0.0080595	0.0081087	0.00814973	0.00818255	0.00820714	0.00822345	0.00823149	0.00823124	0.0082227	0.00820588	0.0081808	0.00814748	0.00810596	0.00805628	0.0079985	0.00793266	0.00785884	0.0077771	0.00768754	0.00759025	0.00748532	0.00737285	0.00725297	0.00712579	0.00699145	0.00685007	0.0067018	0.00654679	0.0063852	0.00621719	0.00604293	0.00586259	0.00567637	0.00548444	0.005287	0.00508425	0.00487639	0.00466364	0.00444621	0.00422431	0.00399818	0.00376804	0.00353412	0.00329667	0.0030559	0.00281208	0.00256545	0.00231625	0.00206474	0.00181116	0.00155578	0.00129885	0.00104063	0.000781369	0.000521339	0.000260796	0	
0	0.000289744	0.000579183	0.000868022	0.00115597	0.00144273	0.00172803	0.00201156	0.00229304	0.0025722	0.00284875	0.0031224	0.00339289	0.00365995	0.0039233	0.00418268	0.00443783	0.00468849	0.00493441	0.00517535	0.00541106	0.00564131	0.00586586	0.00608449	0.00629698	0.00650312	0.00670269	0.00689551	0.00708137	0.00726009	0.00743148	0.00759539	0.00775164	0.00790008	0.00804055	0.00817293	0.00829706	0.00841284	0.00852014	0.00861885	0.00870888	0.00879014	0.00886255	0.00892602	0.00898051	0.00902595	0.0090623	0.00908953	0.0091076	0.0091165	0.00911622	0.00910677	0.00908814	0.00906036	0.00902346	0.00897748	0.00892246	0.00885846	0.00878554	0.00870379	0.00861327	0.00851408	0.00840632	0.00829011	0.00816555	0.00803278	0.00789193	0.00774314	0.00758656	0.00742235	0.00725068	0.00707171	0.00688564	0.00669264	0.00649292	0.00628667	0.00607411	0.00585544	0.00563089	0.00540069	0.00516506	0.00492425	0.0046785	0.00442806	0.00417317	0.0039141	0.00365111	0.00338447	0.00311443	0.00284128	0.00256529	0.00228674	0.0020059	0.00172306	0.0014385	0.00115251	0.000865381	0.000577393	0.000288836	0	
0	0.000317578	0.00063482	0.000951405	0.00126701	0.00158132	0.00189402	0.00220479	0.00251332	0.00281929	0.0031224	0.00342235	0.00371882	0.00401153	0.00430018	0.00458448	0.00486414	0.00513888	0.00540843	0.00567251	0.00593086	0.00618323	0.00642935	0.00666898	0.00690189	0.00712783	0.00734657	0.00755791	0.00776163	0.00795751	0.00814538	0.00832503	0.00849629	0.00865899	0.00881296	0.00895805	0.00909411	0.00922101	0.00933861	0.00944681	0.00954549	0.00963456	0.00971392	0.00978349	0.00984321	0.00989302	0.00993287	0.00996271	0.00998252	0.00999227	0.00999197	0.0099816	0.00996118	0.00993074	0.0098903	0.0098399	0.00977959	0.00970945	0.00962952	0.00953991	0.0094407	0.00933198	0.00921387	0.0090865	0.00894998	0.00880445	0.00865007	0.00848698	0.00831536	0.00813538	0.00794721	0.00775106	0.00754711	0.00733557	0.00711666	0.0068906	0.00665762	0.00641794	0.00617182	0.00591951	0.00566125	0.0053973	0.00512794	0.00485344	0.00457407	0.00429012	0.00400186	0.0037096	0.00341363	0.00311423	0.00281173	0.00250641	0.0021986	0.00188859	0.00157669	0.00126323	0.000948516	0.000632861	0.000316584	0	
0	0.000345089	0.000689813	0.00103382	0.00137677	0.00171831	0.0020581	0.00239579	0.00273104	0.00306352	0.00339289	0.00371882	0.00404098	0.00435905	0.0046727	0.00498163	0.00528552	0.00558406	0.00587696	0.00616392	0.00644466	0.00671888	0.00698633	0.00724672	0.0074998	0.00774531	0.00798301	0.00821266	0.00843402	0.00864688	0.00885102	0.00904624	0.00923233	0.00940913	0.00957643	0.00973409	0.00988194	0.0100198	0.0101476	0.0102652	0.0103724	0.0104692	0.0105554	0.010631	0.0106959	0.0107501	0.0107934	0.0108258	0.0108473	0.0108579	0.0108576	0.0108463	0.0108241	0.0107911	0.0107471	0.0106923	0.0106268	0.0105506	0.0104637	0.0103664	0.0102586	0.0101404	0.0100121	0.00987368	0.00972533	0.0095672	0.00939944	0.00922223	0.00903574	0.00884017	0.0086357	0.00842255	0.00820093	0.00797107	0.0077332	0.00748755	0.00723438	0.00697395	0.00670651	0.00643233	0.0061517	0.00586489	0.00557219	0.00527391	0.00497034	0.00466178	0.00434856	0.00403098	0.00370936	0.00338403	0.00305532	0.00272355	0.00238907	0.0020522	0.00171329	0.00137267	0.00103069	0.000687689	0.000344011	0	
0	0.00037225	0.000744108	0.0011152	0.00148514	0.00185356	0.00222009	0.00258436	0.002946	0.00330465	0.00365995	0.00401153	0.00435905	0.00470215	0.00504049	0.00537374	0.00570154	0.00602358	0.00633954	0.00664909	0.00695192	0.00724773	0.00753623	0.00781712	0.00809012	0.00835496	0.00861136	0.00885909	0.00909787	0.00932749	0.0095477	0.00975828	0.00995903	0.0101497	0.0103302	0.0105003	0.0106598	0.0108085	0.0109464	0.0110732	0.0111889	0.0112933	0.0113863	0.0114678	0.0115378	0.0115962	0.0116429	0.0116779	0.0117011	0.0117126	0.0117122	0.0117001	0.0116761	0.0116404	0.011593	0.011534	0.0114633	0.0113811	0.0112874	0.0111823	0.011066	0.0109386	0.0108002	0.0106509	0.0104908	0.0103203	0.0101393	0.00994814	0.00974697	0.009536	0.00931544	0.00908552	0.00884646	0.0085985	0.0083419	0.00807692	0.00780383	0.00752289	0.0072344	0.00693864	0.00663592	0.00632654	0.0060108	0.00568904	0.00536157	0.00502873	0.00469085	0.00434827	0.00400134	0.00365041	0.00329582	0.00293794	0.00257712	0.00221374	0.00184815	0.00148072	0.00111182	0.000741821	0.00037109	0	
0	0.000399035	0.000797649	0.00119544	0.001592	0.00198693	0.00237984	0.00277032	0.00315798	0.00354244	0.0039233	0.00430018	0.0046727	0.00504049	0.00540318	0.0057604	0.0061118	0.00645701	0.0067957	0.00712752	0.00745215	0.00776925	0.0080785	0.0083796	0.00867225	0.00895614	0.009231	0.00949655	0.00975252	0.00999865	0.0102347	0.0104604	0.0106756	0.0108801	0.0110735	0.0112558	0.0114268	0.0115863	0.011734	0.01187	0.011994	0.0121059	0.0122056	0.012293	0.0123681	0.0124307	0.0124807	0.0125182	0.0125431	0.0125554	0.012555	0.012542	0.0125163	0.0124781	0.0124272	0.0123639	0.0122881	0.0122	0.0120996	0.011987	0.0118623	0.0117257	0.0115773	0.0114173	0.0112457	0.0110629	0.0108689	0.010664	0.0104483	0.0102222	0.00998576	0.00973929	0.00948302	0.00921723	0.00894217	0.00865812	0.00836537	0.00806422	0.00775497	0.00743793	0.00711343	0.00678178	0.00644333	0.00609842	0.00574738	0.00539059	0.0050284	0.00466117	0.00428927	0.00391308	0.00353298	0.00314935	0.00276257	0.00237304	0.00198114	0.00158727	0.00119183	0.000795202	0.000397794	0	
0	0.000425416	0.000850383	0.00127447	0.00169725	0.00211829	0.00253717	0.00295347	0.00336676	0.00377664	0.00418268	0.00458448	0.00498163	0.00537374	0.0057604	0.00614124	0.00651587	0.00688391	0.00724499	0.00759875	0.00794484	0.0082829	0.0086126	0.00893361	0.0092456	0.00954827	0.0098413	0.0101244	0.0103973	0.0106597	0.0109114	0.011152	0.0113814	0.0115994	0.0118057	0.012	0.0121823	0.0123523	0.0125098	0.0126548	0.0127869	0.0129063	0.0130126	0.0131058	0.0131858	0.0132525	0.0133059	0.0133459	0.0133724	0.0133855	0.0133851	0.0133712	0.0133438	0.013303	0.0132489	0.0131814	0.0131006	0.0130066	0.0128995	0.0127795	0.0126466	0.012501	0.0123428	0.0121721	0.0119892	0.0117943	0.0115875	0.011369	0.0111391	0.010898	0.010646	0.0103832	0.01011	0.00982663	0.00953339	0.00923056	0.00891846	0.0085974	0.0082677	0.0079297	0.00758374	0.00723017	0.00686934	0.00650162	0.00612738	0.005747	0.00536086	0.00496935	0.00457287	0.0041718	0.00376657	0.00335758	0.00294523	0.00252994	0.00211213	0.00169222	0.00127063	0.000847779	0.000424095	0	
0	0.000451367	0.000902257	0.00135221	0.00180078	0.00224751	0.00269194	0.00313364	0.00357214	0.00400702	0.00443783	0.00486414	0.00528552	0.00570154	0.0061118	0.00651587	0.00691335	0.00730384	0.00768695	0.00806229	0.00842949	0.00878818	0.00913799	0.00947858	0.00980961	0.0101307	0.0104416	0.010742	0.0110316	0.01131	0.011577	0.0118323	0.0120757	0.012307	0.0125258	0.012732	0.0129254	0.0131058	0.0132729	0.0134267	0.013567	0.0136936	0.0138064	0.0139053	0.0139902	0.0140609	0.0141176	0.01416	0.0141882	0.014202	0.0142016	0.0141869	0.0141578	0.0141146	0.0140571	0.0139855	0.0138998	0.0138001	0.0136865	0.0135591	0.0134181	0.0132636	0.0130957	0.0129147	0.0127206	0.0125138	0.0122944	0.0120626	0.0118187	0.0115629	0.0112954	0.0110166	0.0107268	0.0104261	0.010115	0.00979367	0.00946253	0.00912188	0.00877207	0.00841345	0.00804639	0.00767124	0.0072884	0.00689825	0.00650118	0.0060976	0.0056879	0.00527251	0.00485184	0.00442631	0.00399635	0.00356241	0.0031249	0.00268428	0.00224098	0.00179545	0.00134814	0.000899498	0.000449967	0	
0	0.000476861	0.000953219	0.00142859	0.0019025	0.00237446	0.00284399	0.00331063	0.00377391	0.00423335	0.00468849	0.00513888	0.00558406	0.00602358	0.00645701	0.00688391	0.00730384	0.00771639	0.00812113	0.00851768	0.00890562	0.00928457	0.00965414	0.010014	0.0103637	0.010703	0.0110314	0.0113488	0.0116547	0.0119488	0.0122309	0.0125007	0.0127578	0.0130021	0.0132333	0.0134512	0.0136555	0.0138461	0.0140227	0.0141851	0.0143333	0.0144671	0.0145862	0.0146907	0.0147804	0.0148552	0.014915	0.0149598	0.0149896	0.0150042	0.0150038	0.0149882	0.0149576	0.0149118	0.0148511	0.0147754	0.0146849	0.0145796	0.0144596	0.014325	0.014176	0.0140128	0.0138354	0.0136442	0.0134392	0.0132207	0.0129888	0.012744	0.0124863	0.012216	0.0119335	0.0116389	0.0113327	0.011015	0.0106863	0.0103469	0.00999703	0.00963714	0.00926757	0.0088887	0.0085009	0.00810457	0.0077001	0.00728791	0.00686841	0.00644203	0.00600919	0.00557034	0.0051259	0.00467634	0.0042221	0.00376364	0.00330142	0.00283591	0.00236757	0.00189688	0.0014243	0.000950309	0.000475385	0	
0	0.000501873	0.00100322	0.00150352	0.00200229	0.002499	0.00299317	0.00348428	0.00397186	0.0044554	0.00493441	0.00540843	0.00587696	0.00633954	0.0067957	0.00724499	0.00768695	0.00812113	0.00854711	0.00896446	0.00937275	0.00977157	0.0101605	0.0105392	0.0109073	0.0112644	0.0116101	0.0119441	0.012266	0.0125756	0.0128725	0.0131564	0.013427	0.0136842	0.0139275	0.0141568	0.0143718	0.0145724	0.0147582	0.0149292	0.0150852	0.0152259	0.0153513	0.0154613	0.0155557	0.0156344	0.0156974	0.0157445	0.0157758	0.0157913	0.0157908	0.0157744	0.0157421	0.015694	0.0156301	0.0155505	0.0154552	0.0153443	0.015218	0.0150764	0.0149196	0.0147478	0.0145612	0.0143599	0.0141441	0.0139141	0.0136702	0.0134124	0.0131412	0.0128568	0.0125594	0.0122494	0.0119271	0.0115928	0.0112469	0.0108896	0.0105214	0.0101427	0.00975371	0.00935496	0.00894682	0.0085297	0.00810402	0.00767021	0.00722871	0.00677996	0.00632441	0.00586254	0.00539479	0.00492164	0.00444357	0.00396107	0.0034746	0.00298467	0.00249176	0.00199638	0.00149901	0.00100016	0.000500322	0	
0	0.000526379	0.0010522	0.00157694	0.00210005	0.00262102	0.00313932	0.00365441	0.0041658	0.00467294	0.00517535	0.00567251	0.00616392	0.00664909	0.00712752	0.00759875	0.00806229	0.00851768	0.00896446	0.00940218	0.00983041	0.0102487	0.0106567	0.0110539	0.0114399	0.0118144	0.012177	0.0125273	0.0128649	0.0131896	0.013501	0.0137988	0.0140827	0.0143523	0.0146076	0.014848	0.0150736	0.0152839	0.0154789	0.0156582	0.0158218	0.0159694	0.0161009	0.0162163	0.0163153	0.0163978	0.0164639	0.0165133	0.0165462	0.0165624	0.0165618	0.0165447	0.0165108	0.0164604	0.0163933	0.0163098	0.0162099	0.0160936	0.0159611	0.0158126	0.0156482	0.015468	0.0152722	0.0150611	0.0148348	0.0145936	0.0143377	0.0140674	0.0137829	0.0134846	0.0131727	0.0128476	0.0125095	0.0121589	0.0117961	0.0114214	0.0110352	0.0106379	0.01023	0.00981178	0.00938371	0.00894622	0.00849975	0.00804476	0.00758169	0.00711103	0.00663325	0.00614881	0.00565823	0.00516198	0.00466056	0.00415449	0.00364427	0.00313042	0.00261344	0.00209387	0.00157221	0.001049	0.000524754	0	
0	0.000550352	0.00110012	0.00164876	0.0021957	0.00274039	0.0032823	0.00382085	0.00435553	0.00488577	0.00541106	0.00593086	0.00644466	0.00695192	0.00745215	0.00794484	0.00842949	0.00890562	0.00937275	0.00983041	0.0102781	0.0107155	0.011142	0.0115573	0.0119609	0.0123525	0.0127316	0.0130978	0.0134509	0.0137904	0.0141159	0.0144273	0.0147241	0.015006	0.0152729	0.0155243	0.0157601	0.01598	0.0161839	0.0163714	0.0165424	0.0166967	0.0168343	0.0169549	0.0170584	0.0171447	0.0172137	0.0172655	0.0172998	0.0173167	0.0173162	0.0172982	0.0172629	0.0172101	0.01714	0.0170527	0.0169482	0.0168266	0.0166881	0.0165328	0.0163609	0.0161725	0.0159678	0.0157471	0.0155105	0.0152583	0.0149907	0.0147081	0.0144107	0.0140988	0.0137727	0.0134328	0.0130793	0.0127127	0.0123334	0.0119416	0.0115378	0.0111225	0.0106959	0.0102587	0.00981111	0.0093537	0.0088869	0.00841118	0.00792703	0.00743493	0.00693538	0.00642888	0.00591595	0.0053971	0.00487284	0.00434372	0.00381027	0.00327301	0.00273248	0.00218924	0.00164382	0.00109678	0.000548656	0	
0	0.00057377	0.00114693	0.00171891	0.00228913	0.002857	0.00342196	0.00398343	0.00454086	0.00509367	0.00564131	0.00618323	0.00671888	0.00724773	0.00776925	0.0082829	0.00878818	0.00928457	0.00977157	0.0102487	0.0107155	0.0111715	0.0116161	0.0120491	0.0124699	0.0128781	0.0132733	0.0136552	0.0140232	0.0143772	0.0147166	0.0150412	0.0153506	0.0156446	0.0159228	0.0161849	0.0164308	0.01666	0.0168725	0.017068	0.0172463	0.0174072	0.0175506	0.0176763	0.0177842	0.0178742	0.0179462	0.0180002	0.018036	0.0180536	0.018053	0.0180343	0.0179974	0.0179424	0.0178694	0.0177783	0.0176694	0.0175426	0.0173982	0.0172363	0.0170571	0.0168607	0.0166473	0.0164172	0.0161705	0.0159076	0.0156286	0.015334	0.0150239	0.0146987	0.0143588	0.0140044	0.0136359	0.0132537	0.0128582	0.0124498	0.0120288	0.0115958	0.0111511	0.0106952	0.0102286	0.00975174	0.00926507	0.00876911	0.00826436	0.00775132	0.00723051	0.00670246	0.0061677	0.00562677	0.00508021	0.00452857	0.00397241	0.00341229	0.00284876	0.0022824	0.00171378	0.00114345	0.000572005	0	
0	0.000596608	0.00119259	0.00178733	0.00238024	0.00297072	0.00355817	0.00414199	0.0047216	0.00529642	0.00586586	0.00642935	0.00698633	0.00753623	0.0080785	0.0086126	0.00913799	0.00965414	0.0101605	0.0106567	0.011142	0.0116161	0.0120785	0.0125287	0.0129663	0.0133907	0.0138017	0.0141987	0.0145814	0.0149495	0.0153024	0.0156399	0.0159617	0.0162673	0.0165566	0.0168292	0.0170848	0.0173232	0.0175441	0.0177474	0.0179328	0.0181002	0.0182493	0.01838	0.0184922	0.0185857	0.0186606	0.0187167	0.0187539	0.0187722	0.0187717	0.0187522	0.0187139	0.0186567	0.0185807	0.018486	0.0183727	0.018241	0.0180908	0.0179225	0.0177361	0.0175318	0.01731	0.0170707	0.0168142	0.0165408	0.0162508	0.0159444	0.015622	0.0152839	0.0149304	0.0145619	0.0141787	0.0137813	0.01337	0.0129453	0.0125076	0.0120574	0.011595	0.011121	0.0106358	0.0101399	0.00963389	0.00911819	0.00859334	0.00805988	0.00751834	0.00696927	0.00641322	0.00585076	0.00528244	0.00470885	0.00413055	0.00354813	0.00296217	0.00237326	0.001782	0.00118897	0.000594775	0	
0	0.000618845	0.00123704	0.00185395	0.00246896	0.00308144	0.00369079	0.00429637	0.00489758	0.00549382	0.00608449	0.00666898	0.00724672	0.00781712	0.0083796	0.00893361	0.00947858	0.010014	0.0105392	0.0110539	0.0115573	0.0120491	0.0125287	0.0129957	0.0134495	0.0138898	0.0143161	0.014728	0.0151249	0.0155067	0.0158728	0.0162229	0.0165566	0.0168737	0.0171737	0.0174564	0.0177216	0.0179689	0.0181981	0.0184089	0.0186012	0.0187748	0.0189295	0.019065	0.0191814	0.0192785	0.0193562	0.0194143	0.0194529	0.0194719	0.0194714	0.0194512	0.0194114	0.0193521	0.0192733	0.0191751	0.0190575	0.0189209	0.0187651	0.0185905	0.0183972	0.0181853	0.0179552	0.017707	0.0174409	0.0171573	0.0168565	0.0165387	0.0162043	0.0158536	0.0154869	0.0151046	0.0147072	0.014295	0.0138684	0.0134279	0.0129739	0.0125068	0.0120272	0.0115355	0.0110322	0.0105179	0.00999299	0.00945807	0.00891366	0.00836031	0.00779859	0.00722905	0.00665228	0.00606885	0.00547935	0.00488437	0.00428451	0.00368038	0.00307258	0.00246173	0.00184843	0.00123329	0.000616946	0	
0	0.000640456	0.00128024	0.00191869	0.00255518	0.00318906	0.00381968	0.00444641	0.00506862	0.00568569	0.00629698	0.00690189	0.0074998	0.00809012	0.00867225	0.0092456	0.00980961	0.0103637	0.0109073	0.0114399	0.0119609	0.0124699	0.0129663	0.0134495	0.0139193	0.0143749	0.0148161	0.0152423	0.0156532	0.0160482	0.0164271	0.0167894	0.0171348	0.017463	0.0177735	0.0180661	0.0183405	0.0185964	0.0188336	0.0190518	0.0192509	0.0194305	0.0195906	0.0197309	0.0198513	0.0199518	0.0200322	0.0200924	0.0201323	0.020152	0.0201514	0.0201305	0.0200893	0.0200279	0.0199464	0.0198447	0.0197231	0.0195817	0.0194205	0.0192398	0.0190397	0.0188204	0.0185823	0.0183254	0.0180501	0.0177566	0.0174452	0.0171163	0.0167702	0.0164072	0.0160278	0.0156322	0.0152209	0.0147942	0.0143528	0.0138969	0.013427	0.0129436	0.0124473	0.0119384	0.0114176	0.0108852	0.010342	0.0097884	0.00922498	0.00865231	0.00807096	0.00748154	0.00688462	0.00628081	0.00567072	0.00505496	0.00443416	0.00380893	0.0031799	0.00254771	0.00191299	0.00127637	0.000638494	0	
0	0.000661422	0.00132215	0.0019815	0.00263883	0.00329345	0.00394472	0.00459197	0.00523455	0.00587181	0.00650312	0.00712783	0.00774531	0.00835496	0.00895614	0.00954827	0.0101307	0.010703	0.0112644	0.0118144	0.0123525	0.0128781	0.0133907	0.0138898	0.0143749	0.0148455	0.0153011	0.0157413	0.0161656	0.0165736	0.0169649	0.0173391	0.0176958	0.0180346	0.0183553	0.0186575	0.0189409	0.0192052	0.0194502	0.0196755	0.0198811	0.0200666	0.0202319	0.0203768	0.0205012	0.020605	0.020688	0.0207501	0.0207914	0.0208117	0.0208111	0.0207895	0.020747	0.0206836	0.0205994	0.0204944	0.0203688	0.0202227	0.0200563	0.0198696	0.019663	0.0194366	0.0191906	0.0189253	0.018641	0.0183379	0.0180163	0.0176767	0.0173192	0.0169444	0.0165525	0.0161439	0.0157192	0.0152786	0.0148226	0.0143518	0.0138666	0.0133674	0.0128548	0.0123292	0.0117913	0.0112416	0.0106806	0.0101089	0.00952699	0.00893557	0.0083352	0.00772647	0.00711001	0.00648644	0.00585637	0.00522046	0.00457933	0.00393363	0.00328401	0.00263112	0.00197562	0.00131816	0.000659398	0	
0	0.00068172	0.00136272	0.00204231	0.00271981	0.00339453	0.00406578	0.00473289	0.00539519	0.00605201	0.00670269	0.00734657	0.00798301	0.00861136	0.009231	0.0098413	0.0104416	0.0110314	0.0116101	0.012177	0.0127316	0.0132733	0.0138017	0.0143161	0.0148161	0.0153011	0.0157707	0.0162244	0.0166617	0.0170822	0.0174855	0.0178712	0.0182389	0.0185881	0.0189187	0.0192301	0.0195222	0.0197946	0.0200471	0.0202794	0.0204912	0.0206825	0.0208528	0.0210022	0.0211304	0.0212373	0.0213229	0.021387	0.0214295	0.0214504	0.0214498	0.0214276	0.0213837	0.0213184	0.0212316	0.0211234	0.020994	0.0208434	0.0206718	0.0204795	0.0202665	0.0200331	0.0197796	0.0195062	0.0192131	0.0189007	0.0185693	0.0182192	0.0178508	0.0174644	0.0170605	0.0166394	0.0162016	0.0157475	0.0152776	0.0147923	0.0142922	0.0137776	0.0132493	0.0127077	0.0121532	0.0115866	0.0110084	0.0104191	0.0098194	0.00920983	0.00859102	0.00796362	0.00732824	0.00668552	0.00603612	0.00538069	0.00471988	0.00405436	0.0033848	0.00271188	0.00203625	0.00135861	0.000679637	0	
0	0.000701331	0.00140192	0.00210106	0.00279805	0.00349217	0.00418274	0.00486904	0.00555039	0.00622611	0.00689551	0.00755791	0.00821266	0.00885909	0.00949655	0.0101244	0.010742	0.0113488	0.0119441	0.0125273	0.0130978	0.0136552	0.0141987	0.014728	0.0152423	0.0157413	0.0162244	0.0166911	0.017141	0.0175737	0.0179886	0.0183853	0.0187635	0.0191229	0.0194629	0.0197833	0.0200838	0.0203641	0.0206238	0.0208628	0.0210807	0.0212774	0.0214527	0.0216064	0.0217383	0.0218483	0.0219363	0.0220022	0.022046	0.0220675	0.0220669	0.022044	0.0219989	0.0219317	0.0218424	0.0217311	0.0215979	0.021443	0.0212665	0.0210686	0.0208495	0.0206094	0.0203486	0.0200673	0.0197658	0.0194445	0.0191035	0.0187434	0.0183643	0.0179669	0.0175513	0.0171181	0.0166677	0.0162006	0.0157171	0.0152179	0.0147033	0.014174	0.0136305	0.0130732	0.0125029	0.01192	0.0113251	0.0107189	0.0101019	0.00947479	0.00883819	0.00819273	0.00753907	0.00687786	0.00620978	0.00553549	0.00485567	0.00417101	0.00348218	0.0027899	0.00209484	0.0013977	0.00069919	0	
0	0.000720234	0.00143971	0.00215769	0.00287347	0.0035863	0.00429548	0.00500028	0.0057	0.00639393	0.00708137	0.00776163	0.00843402	0.00909787	0.00975252	0.0103973	0.0110316	0.0116547	0.012266	0.0128649	0.0134509	0.0140232	0.0145814	0.0151249	0.0156532	0.0161656	0.0166617	0.017141	0.0176031	0.0180473	0.0184734	0.0188809	0.0192693	0.0196383	0.0199875	0.0203166	0.0206252	0.020913	0.0211797	0.0214252	0.021649	0.021851	0.022031	0.0221888	0.0223243	0.0224372	0.0225276	0.0225953	0.0226402	0.0226624	0.0226617	0.0226382	0.0225919	0.0225229	0.0224312	0.0223169	0.0221801	0.022021	0.0218398	0.0216365	0.0214115	0.021165	0.0208971	0.0206082	0.0202986	0.0199686	0.0196185	0.0192486	0.0188594	0.0184512	0.0180244	0.0175796	0.017117	0.0166373	0.0161408	0.0156281	0.0150997	0.0145561	0.0139979	0.0134257	0.0128399	0.0122413	0.0116304	0.0110078	0.0103742	0.0097302	0.00907643	0.00841358	0.0077423	0.00706327	0.00637718	0.00568471	0.00498657	0.00428344	0.00357605	0.0028651	0.00215131	0.00143538	0.000718038	0	
0	0.000738411	0.00147604	0.00221215	0.00294599	0.00367681	0.00440388	0.00512648	0.00584385	0.0065553	0.00726009	0.00795751	0.00864688	0.00932749	0.00999865	0.0106597	0.01131	0.0119488	0.0125756	0.0131896	0.0137904	0.0143772	0.0149495	0.0155067	0.0160482	0.0165736	0.0170822	0.0175737	0.0180473	0.0185028	0.0189397	0.0193574	0.0197557	0.020134	0.020492	0.0208294	0.0211458	0.0214408	0.0217143	0.0219659	0.0221954	0.0224025	0.022587	0.0227488	0.0228877	0.0230035	0.0230962	0.0231656	0.0232117	0.0232344	0.0232337	0.0232096	0.0231621	0.0230913	0.0229973	0.0228801	0.0227399	0.0225768	0.022391	0.0221826	0.021952	0.0216992	0.0214246	0.0211284	0.020811	0.0204726	0.0201136	0.0197344	0.0193354	0.0189169	0.0184794	0.0180233	0.017549	0.0170572	0.0165482	0.0160225	0.0154808	0.0149235	0.0143512	0.0137645	0.013164	0.0125503	0.011924	0.0112857	0.0106361	0.0099758	0.00930553	0.00862594	0.00793772	0.00724155	0.00653814	0.0058282	0.00511243	0.00439156	0.00366632	0.00293742	0.00220561	0.00147161	0.000736163	0	
0	0.000755843	0.00151089	0.00226437	0.00301554	0.00376361	0.00450785	0.0052475	0.00598182	0.00671006	0.00743148	0.00814538	0.00885102	0.0095477	0.0102347	0.0109114	0.011577	0.0122309	0.0128725	0.013501	0.0141159	0.0147166	0.0153024	0.0158728	0.0164271	0.0169649	0.0174855	0.0179886	0.0184734	0.0189397	0.0193868	0.0198144	0.0202221	0.0206093	0.0209758	0.0213211	0.021645	0.021947	0.022227	0.0224845	0.0227194	0.0229314	0.0231203	0.0232859	0.0234281	0.0235466	0.0236415	0.0237125	0.0237597	0.0237829	0.0237822	0.0237576	0.023709	0.0236365	0.0235403	0.0234203	0.0232768	0.0231099	0.0229197	0.0227064	0.0224703	0.0222115	0.0219304	0.0216272	0.0213023	0.020956	0.0205885	0.0202004	0.0197919	0.0193635	0.0189157	0.0184488	0.0179634	0.0174599	0.0169389	0.0164008	0.0158463	0.0152759	0.0146901	0.0140895	0.0134748	0.0128466	0.0122055	0.0115521	0.0108872	0.0102113	0.00952525	0.00882961	0.00812514	0.00741254	0.00669252	0.00596581	0.00523314	0.00449526	0.00375289	0.00300678	0.00225769	0.00150636	0.000753545	0	
0	0.000772514	0.00154421	0.00231432	0.00308204	0.00384662	0.00460728	0.00536324	0.00611375	0.00685805	0.00759539	0.00832503	0.00904624	0.00975828	0.0104604	0.011152	0.0118323	0.0125007	0.0131564	0.0137988	0.0144273	0.0150412	0.0156399	0.0162229	0.0167894	0.0173391	0.0178712	0.0183853	0.0188809	0.0193574	0.0198144	0.0202515	0.0206681	0.0210639	0.0214385	0.0217914	0.0221224	0.0224311	0.0227172	0.0229805	0.0232205	0.0234372	0.0236303	0.0237995	0.0239448	0.024066	0.0241629	0.0242356	0.0242838	0.0243075	0.0243068	0.0242816	0.0242319	0.0241579	0.0240595	0.0239369	0.0237902	0.0236196	0.0234252	0.0232072	0.0229659	0.0227014	0.0224141	0.0221043	0.0217722	0.0214182	0.0210427	0.020646	0.0202285	0.0197906	0.0193329	0.0188558	0.0183596	0.017845	0.0173125	0.0167626	0.0161958	0.0156128	0.0150141	0.0144003	0.0137721	0.01313	0.0124747	0.011807	0.0111273	0.0104366	0.00973536	0.00902438	0.00830437	0.00757605	0.00684015	0.00609741	0.00534858	0.00459442	0.00383567	0.00307311	0.00230749	0.00153959	0.000770167	0	
0	0.000788405	0.00157598	0.00236193	0.00314545	0.00392575	0.00470206	0.00547357	0.00623952	0.00699913	0.00775164	0.00849629	0.00923233	0.00995903	0.0106756	0.0113814	0.0120757	0.0127578	0.013427	0.0140827	0.0147241	0.0153506	0.0159617	0.0165566	0.0171348	0.0176958	0.0182389	0.0187635	0.0192693	0.0197557	0.0202221	0.0206681	0.0210933	0.0214972	0.0218795	0.0222397	0.0225775	0.0228926	0.0231846	0.0234532	0.0236982	0.0239194	0.0241164	0.0242892	0.0244374	0.0245611	0.0246601	0.0247342	0.0247833	0.0248076	0.0248068	0.0247811	0.0247305	0.0246549	0.0245545	0.0244294	0.0242797	0.0241056	0.0239071	0.0236847	0.0234384	0.0231685	0.0228753	0.0225591	0.0222201	0.0218589	0.0214756	0.0210707	0.0206446	0.0201978	0.0197307	0.0192437	0.0187374	0.0182122	0.0176687	0.0171075	0.0165291	0.015934	0.015323	0.0146966	0.0140554	0.0134001	0.0127314	0.0120499	0.0113563	0.0106513	0.00993566	0.00921006	0.00847523	0.00773192	0.00698088	0.00622286	0.00545863	0.00468894	0.00391459	0.00313634	0.00235497	0.00157126	0.000786014	0	
0	0.000803502	0.00160616	0.00240715	0.00320568	0.00400093	0.00479209	0.00557838	0.006359	0.00713316	0.00790008	0.00865899	0.00940913	0.0101497	0.0108801	0.0115994	0.012307	0.0130021	0.0136842	0.0143523	0.015006	0.0156446	0.0162673	0.0168737	0.017463	0.0180346	0.0185881	0.0191229	0.0196383	0.020134	0.0206093	0.0210639	0.0214972	0.0219089	0.0222985	0.0226656	0.0230099	0.023331	0.0236286	0.0239024	0.0241521	0.0243774	0.0245782	0.0247543	0.0249054	0.0250315	0.0251323	0.0252078	0.025258	0.0252827	0.0252819	0.0252557	0.0252041	0.025127	0.0250247	0.0248972	0.0247447	0.0245672	0.024365	0.0241383	0.0238872	0.0236122	0.0233134	0.0229911	0.0226457	0.0222775	0.0218869	0.0214742	0.02104	0.0205846	0.0201085	0.0196122	0.0190962	0.018561	0.0180071	0.0174351	0.0168456	0.0162392	0.0156165	0.014978	0.0143246	0.0136567	0.0129752	0.0122807	0.0115738	0.0108553	0.0101259	0.00938645	0.00863755	0.00788	0.00711458	0.00634204	0.00556317	0.00477875	0.00398956	0.0031964	0.00240007	0.00160136	0.000801067	0	
0	0.000817789	0.00163472	0.00244996	0.00326268	0.00407207	0.0048773	0.00567757	0.00647207	0.00726	0.00804055	0.00881296	0.00957643	0.0103302	0.0110735	0.0118057	0.0125258	0.0132333	0.0139275	0.0146076	0.0152729	0.0159228	0.0165566	0.0171737	0.0177735	0.0183553	0.0189187	0.0194629	0.0199875	0.020492	0.0209758	0.0214385	0.0218795	0.0222985	0.022695	0.0230687	0.0234191	0.0237459	0.0240488	0.0243274	0.0245815	0.0248109	0.0250153	0.0251945	0.0253483	0.0254766	0.0255792	0.0256561	0.0257071	0.0257323	0.0257315	0.0257048	0.0256523	0.0255739	0.0254697	0.02534	0.0251847	0.0250041	0.0247983	0.0245675	0.024312	0.0240321	0.023728	0.0233999	0.0230484	0.0226736	0.0222761	0.0218561	0.0214142	0.0209507	0.0204661	0.019961	0.0194358	0.0188911	0.0183273	0.0177452	0.0171452	0.016528	0.0158942	0.0152444	0.0145793	0.0138996	0.013206	0.0124991	0.0117796	0.0110484	0.010306	0.00955337	0.00879116	0.00802014	0.00724111	0.00645483	0.00566211	0.00486373	0.00406051	0.00325325	0.00244275	0.00162984	0.000815314	0	
0	0.000831252	0.00166163	0.00249029	0.00331639	0.00413911	0.0049576	0.00577104	0.00657862	0.00737952	0.00817293	0.00895805	0.00973409	0.0105003	0.0112558	0.012	0.012732	0.0134512	0.0141568	0.014848	0.0155243	0.0161849	0.0168292	0.0174564	0.0180661	0.0186575	0.0192301	0.0197833	0.0203166	0.0208294	0.0213211	0.0217914	0.0222397	0.0226656	0.0230687	0.0234485	0.0238046	0.0241368	0.0244447	0.0247279	0.0249863	0.0252194	0.0254272	0.0256093	0.0257657	0.025896	0.0260004	0.0260785	0.0261304	0.0261559	0.0261551	0.026128	0.0260746	0.0259949	0.0258891	0.0257572	0.0255994	0.0254158	0.0252066	0.024972	0.0247123	0.0244278	0.0241186	0.0237852	0.0234279	0.023047	0.0226429	0.022216	0.0217668	0.0212956	0.0208031	0.0202897	0.0197558	0.0192021	0.0186291	0.0180374	0.0174275	0.0168001	0.0161559	0.0154954	0.0148194	0.0141285	0.0134234	0.0127049	0.0119736	0.0112303	0.0104757	0.00971068	0.00893591	0.0081522	0.00736034	0.00656111	0.00575534	0.00494382	0.00412737	0.00330682	0.00248298	0.00165667	0.000828739	0	
0	0.000843878	0.00168687	0.00252811	0.00336676	0.00420197	0.0050329	0.0058587	0.00667854	0.0074916	0.00829706	0.00909411	0.00988194	0.0106598	0.0114268	0.0121823	0.0129254	0.0136555	0.0143718	0.0150736	0.0157601	0.0164308	0.0170848	0.0177216	0.0183405	0.0189409	0.0195222	0.0200838	0.0206252	0.0211458	0.021645	0.0221224	0.0225775	0.0230099	0.0234191	0.0238046	0.0241662	0.0245035	0.024816	0.0251035	0.0253658	0.0256025	0.0258134	0.0259983	0.026157	0.0262894	0.0263953	0.0264746	0.0265273	0.0265532	0.0265524	0.0265249	0.0264707	0.0263898	0.0262824	0.0261484	0.0259882	0.0258018	0.0255895	0.0253513	0.0250877	0.0247988	0.024485	0.0241465	0.0237838	0.0233971	0.0229868	0.0225535	0.0220974	0.0216191	0.0211191	0.0205979	0.0200559	0.0194938	0.0189121	0.0183114	0.0176922	0.0170553	0.0164013	0.0157308	0.0150445	0.0143431	0.0136273	0.0128979	0.0121555	0.0114009	0.0106349	0.00985819	0.00907166	0.00827604	0.00747215	0.00666079	0.00584277	0.00501892	0.00419007	0.00335705	0.0025207	0.00168184	0.000841329	0	
0	0.000855653	0.0017104	0.00256339	0.00341374	0.00426061	0.00510312	0.00594045	0.00677173	0.00759614	0.00841284	0.00922101	0.0100198	0.0108085	0.0115863	0.0123523	0.0131058	0.0138461	0.0145724	0.0152839	0.01598	0.01666	0.0173232	0.0179689	0.0185964	0.0192052	0.0197946	0.0203641	0.020913	0.0214408	0.021947	0.0224311	0.0228926	0.023331	0.0237459	0.0241368	0.0245035	0.0248454	0.0251623	0.0254539	0.0257198	0.0259598	0.0261736	0.0263611	0.026522	0.0266563	0.0267637	0.0268441	0.0268975	0.0269238	0.026923	0.0268951	0.0268401	0.0267581	0.0266491	0.0265134	0.0263509	0.0261619	0.0259466	0.0257051	0.0254378	0.0251449	0.0248267	0.0244835	0.0241157	0.0237236	0.0233076	0.0228682	0.0224058	0.0219208	0.0214139	0.0208853	0.0203358	0.0197658	0.019176	0.0185669	0.0179391	0.0172934	0.0166302	0.0159503	0.0152545	0.0145433	0.0138175	0.0130779	0.0123251	0.01156	0.0107833	0.00999578	0.00919827	0.00839155	0.00757643	0.00675375	0.00592432	0.00508897	0.00424855	0.00340391	0.00255588	0.00170531	0.000853071	0	
0	0.000866566	0.00173222	0.00259608	0.00345728	0.00431495	0.00516821	0.00601621	0.0068581	0.00769302	0.00852014	0.00933861	0.0101476	0.0109464	0.011734	0.0125098	0.0132729	0.0140227	0.0147582	0.0154789	0.0161839	0.0168725	0.0175441	0.0181981	0.0188336	0.0194502	0.0200471	0.0206238	0.0211797	0.0217143	0.022227	0.0227172	0.0231846	0.0236286	0.0240488	0.0244447	0.024816	0.0251623	0.0254832	0.0257785	0.0260478	0.0262909	0.0265075	0.0266974	0.0268603	0.0269963	0.027105	0.0271865	0.0272406	0.0272672	0.0272664	0.0272381	0.0271824	0.0270994	0.0269891	0.0268515	0.026687	0.0264956	0.0262775	0.026033	0.0257623	0.0254657	0.0251434	0.0247958	0.0244233	0.0240262	0.0236049	0.0231599	0.0226916	0.0222005	0.021687	0.0211517	0.0205952	0.020018	0.0194206	0.0188037	0.018168	0.017514	0.0168423	0.0161538	0.0154491	0.0147288	0.0139938	0.0132447	0.0124823	0.0117074	0.0109208	0.0101233	0.0093156	0.0084986	0.00767308	0.0068399	0.00599989	0.00515389	0.00430275	0.00344733	0.00258848	0.00172707	0.000863954	0	
