0	0	0	0	0	0	0	0	0	0	0	0	0	0	0	0	0	0	0	0	0	0	0	0	0	0	0	0	0	0	0	0	0	0	0	0	0	0	0	0	0	0	0	0	0	0	0	0	0	0	0	0	0	0	0	0	0	0	0	0	0	0	0	0	0	0	0	0	0	0	0	0	0	0	0	0	0	0	0	0	0	0	0	0	0	0	0	0	0	0	0	0	0	0	0	0	0	0	0	0	
0	2.63289e-05	5.26297e-05	7.88758e-05	0.000105041	0.000131098	0.000157021	0.000182784	0.00020836	0.000233725	0.000258852	0.000283716	0.000308293	0.000332557	0.000356484	0.00038005	0.000403232	0.000426005	0.000448348	0.000470238	0.000491652	0.00051257	0.00053297	0.000552832	0.000572136	0.000590862	0.000608992	0.000626508	0.000643392	0.000659626	0.000675196	0.000690085	0.000704277	0.00071776	0.00073052	0.000742543	0.000753817	0.000764332	0.000774077	0.000783042	0.000791218	0.000798597	0.000805171	0.000810934	0.000815881	0.000820005	0.000823304	0.000825774	0.000827412	0.000828217	0.000828187	0.000827324	0.000825628	0.000823101	0.000819745	0.000815564	0.000810562	0.000804744	0.000798117	0.000790685	0.000782459	0.000773445	0.000763652	0.000753091	0.000741773	0.000729708	0.00071691	0.00070339	0.000689163	0.000674243	0.000658645	0.000642385	0.000625479	0.000607945	0.0005898	0.000571062	0.00055175	0.000531885	0.000511485	0.000490572	0.000469167	0.00044729	0.000424966	0.000402215	0.000379061	0.000355527	0.000331638	0.000307416	0.000282887	0.000258075	0.000233005	0.000207703	0.000182194	0.000156503	0.000130657	0.00010468	7.86005e-05	5.2443e-05	2.62341e-05	0	
0	5.26297e-05	0.000105203	0.000157668	0.000209969	0.000262056	0.000313874	0.000365373	0.000416499	0.000467201	0.000517429	0.000567131	0.000616258	0.000664761	0.000712589	0.000759697	0.000806035	0.000851558	0.00089622	0.000939976	0.000982783	0.0010246	0.00106537	0.00110508	0.00114366	0.0011811	0.00121734	0.00125235	0.0012861	0.00131855	0.00134968	0.00137944	0.00140781	0.00143476	0.00146027	0.0014843	0.00150684	0.00152786	0.00154733	0.00156525	0.0015816	0.00159635	0.00160949	0.00162101	0.0016309	0.00163914	0.00164574	0.00165067	0.00165395	0.00165556	0.0016555	0.00165377	0.00165038	0.00164533	0.00163862	0.00163027	0.00162027	0.00160864	0.00159539	0.00158053	0.00156409	0.00154607	0.0015265	0.00150539	0.00148276	0.00145864	0.00143306	0.00140604	0.0013776	0.00134777	0.00131659	0.00128409	0.0012503	0.00121525	0.00117898	0.00114152	0.00110292	0.00106321	0.00102243	0.000980626	0.000937838	0.000894108	0.000849483	0.000804005	0.000757722	0.000710679	0.000662925	0.000614508	0.000565476	0.000515878	0.000465765	0.000415188	0.000364196	0.000312841	0.000261176	0.000209251	0.000157118	0.000104831	5.24406e-05	0	
0	7.88758e-05	0.000157668	0.000236295	0.00031468	0.000392742	0.000470402	0.000547582	0.000624205	0.000700192	0.000775468	0.000849957	0.000923584	0.000996274	0.00106796	0.00113856	0.001208	0.00127623	0.00134316	0.00140874	0.00147289	0.00153556	0.00159667	0.00165618	0.00171401	0.00177011	0.00182442	0.0018769	0.00192748	0.00197611	0.00202276	0.00206736	0.00210988	0.00215027	0.0021885	0.00222452	0.00225829	0.00228979	0.00231899	0.00234585	0.00237034	0.00239244	0.00241214	0.00242941	0.00244422	0.00245658	0.00246646	0.00247386	0.00247877	0.00248118	0.00248109	0.00247851	0.00247343	0.00246586	0.0024558	0.00244328	0.00242829	0.00241086	0.00239101	0.00236875	0.0023441	0.0023171	0.00228776	0.00225612	0.00222221	0.00218607	0.00214773	0.00210723	0.00206461	0.00201991	0.00197318	0.00192447	0.00187382	0.00182129	0.00176693	0.0017108	0.00165294	0.00159343	0.00153232	0.00146966	0.00140554	0.00134	0.00127312	0.00120496	0.0011356	0.0010651	0.000993527	0.000920964	0.000847479	0.000773148	0.000698044	0.000622243	0.000545821	0.000468856	0.000391425	0.000313604	0.000235474	0.00015711	7.85929e-05	0	
0	0.000105041	0.000209969	0.00031468	0.000419066	0.000523023	0.000626445	0.000729228	0.000831268	0.000932463	0.00103271	0.00113191	0.00122996	0.00132676	0.00142222	0.00151624	0.00160873	0.00169958	0.00178872	0.00187605	0.00196149	0.00204494	0.00212633	0.00220557	0.00228259	0.0023573	0.00242963	0.00249951	0.00256687	0.00263164	0.00269376	0.00275316	0.00280978	0.00286357	0.00291448	0.00296245	0.00300743	0.00304938	0.00308826	0.00312402	0.00315664	0.00318608	0.00321231	0.0032353	0.00325504	0.00327149	0.00328465	0.00329451	0.00330104	0.00330425	0.00330414	0.00330069	0.00329393	0.00328385	0.00327046	0.00325378	0.00323382	0.00321061	0.00318417	0.00315452	0.0031217	0.00308574	0.00304667	0.00300454	0.00295938	0.00291125	0.00286019	0.00280625	0.00274949	0.00268997	0.00262774	0.00256287	0.00249542	0.00242546	0.00235307	0.00227832	0.00220127	0.00212201	0.00204063	0.00195719	0.00187179	0.00178452	0.00169545	0.00160468	0.00151231	0.00141842	0.00132311	0.00122647	0.00112861	0.00102962	0.000929605	0.000828659	0.000726887	0.00062439	0.000521272	0.000417637	0.000313587	0.000209229	0.000104665	0	
0	0.000131098	0.000262056	0.000392742	0.000523023	0.000652768	0.000781846	0.000910126	0.00103748	0.00116378	0.00128889	0.0014127	0.00153507	0.00165589	0.00177503	0.00189237	0.0020078	0.0021212	0.00223245	0.00234145	0.00244807	0.00255223	0.00265381	0.00275271	0.00284883	0.00294207	0.00303235	0.00311956	0.00320363	0.00328447	0.003362	0.00343613	0.00350681	0.00357394	0.00363747	0.00369734	0.00375348	0.00380584	0.00385436	0.003899	0.00393971	0.00397645	0.00400919	0.00403789	0.00406252	0.00408306	0.00409948	0.00411178	0.00411994	0.00412394	0.0041238	0.0041195	0.00411106	0.00409847	0.00408177	0.00406095	0.00403604	0.00400707	0.00397407	0.00393707	0.00389611	0.00385122	0.00380246	0.00374988	0.00369352	0.00363345	0.00356972	0.0035024	0.00343156	0.00335727	0.00327961	0.00319864	0.00311446	0.00302716	0.0029368	0.0028435	0.00274735	0.00264843	0.00254685	0.00244272	0.00233614	0.00222721	0.00211605	0.00200276	0.00188747	0.00177029	0.00165134	0.00153073	0.00140859	0.00128505	0.00116022	0.00103423	0.000907208	0.000779285	0.000650586	0.000521242	0.000391381	0.000261133	0.000130629	0	
0	0.000157021	0.000313874	0.000470402	0.000626445	0.000781846	0.000936447	0.00109009	0.00124263	0.0013939	0.00154376	0.00169205	0.00183862	0.00198333	0.00212603	0.00226657	0.00240483	0.00254065	0.0026739	0.00280445	0.00293216	0.00305691	0.00317858	0.00329703	0.00341216	0.00352384	0.00363197	0.00373643	0.00383713	0.00393395	0.0040268	0.0041156	0.00420025	0.00428066	0.00435675	0.00442846	0.0044957	0.00455841	0.00461653	0.00467	0.00471876	0.00476277	0.00480198	0.00483635	0.00486585	0.00489045	0.00491012	0.00492485	0.00493462	0.00493942	0.00493925	0.0049341	0.00492399	0.00490892	0.0048889	0.00486397	0.00483414	0.00479944	0.00475991	0.0047156	0.00466653	0.00461277	0.00455437	0.00449139	0.00442389	0.00435194	0.00427561	0.00419498	0.00411013	0.00402115	0.00392813	0.00383115	0.00373033	0.00362576	0.00351754	0.00340579	0.00329062	0.00317214	0.00305048	0.00292575	0.00279809	0.00266763	0.00253448	0.0023988	0.00226071	0.00212036	0.00197788	0.00183342	0.00168713	0.00153916	0.00138964	0.00123874	0.0010866	0.000933385	0.000779237	0.000624315	0.000468775	0.000312771	0.000156461	0	
0	0.000182784	0.000365373	0.000547582	0.000729228	0.000910126	0.00109009	0.00126895	0.00144651	0.0016226	0.00179705	0.00196967	0.00214029	0.00230874	0.00247485	0.00263846	0.0027994	0.0029575	0.00311262	0.00326458	0.00341325	0.00355848	0.0037001	0.00383799	0.00397201	0.00410202	0.00422789	0.00434949	0.0044667	0.00457941	0.00468751	0.00479087	0.00488941	0.00498301	0.00507159	0.00515506	0.00523334	0.00530634	0.005374	0.00543623	0.005493	0.00554422	0.00558987	0.00562988	0.00566422	0.00569286	0.00571576	0.00573291	0.00574428	0.00574987	0.00574967	0.00574367	0.0057319	0.00571436	0.00569106	0.00566203	0.00562731	0.00558692	0.00554091	0.00548932	0.00543221	0.00536963	0.00530164	0.00522833	0.00514975	0.00506599	0.00497714	0.00488328	0.00478451	0.00468093	0.00457264	0.00445976	0.00434239	0.00422066	0.00409469	0.0039646	0.00383053	0.00369262	0.00355099	0.00340581	0.0032572	0.00310533	0.00295034	0.00279239	0.00263165	0.00246826	0.00230241	0.00213425	0.00196396	0.0017917	0.00161766	0.00144199	0.00126489	0.00108654	0.000907095	0.000726753	0.000545691	0.000364091	0.000182133	0	
0	0.00020836	0.000416499	0.000624205	0.000831268	0.00103748	0.00124263	0.00144651	0.00164892	0.00184966	0.00204851	0.00224528	0.00243978	0.0026318	0.00282116	0.00300766	0.00319112	0.00337135	0.00354817	0.0037214	0.00389087	0.00405642	0.00421786	0.00437505	0.00452782	0.00467602	0.0048195	0.00495812	0.00509174	0.00522022	0.00534344	0.00546127	0.00557359	0.00568029	0.00578127	0.00587642	0.00596565	0.00604887	0.00612599	0.00619694	0.00626164	0.00632004	0.00637207	0.00641768	0.00645683	0.00648947	0.00651558	0.00653512	0.00654809	0.00655446	0.00655423	0.0065474	0.00653398	0.00651398	0.00648743	0.00645434	0.00641475	0.00636871	0.00631626	0.00625745	0.00619235	0.00612101	0.00604352	0.00595994	0.00587037	0.00577489	0.00567361	0.00556662	0.00545402	0.00533595	0.00521251	0.00508383	0.00495004	0.00481127	0.00466767	0.00451938	0.00436655	0.00420934	0.0040479	0.00388239	0.00371299	0.00353987	0.00336319	0.00318314	0.0029999	0.00281366	0.0026246	0.00243291	0.00223878	0.00204242	0.00184402	0.00164378	0.0014419	0.00123858	0.00103403	0.000828452	0.000622053	0.00041504	0.00020762	0	
0	0.000233725	0.000467201	0.000700192	0.000932463	0.00116378	0.0013939	0.0016226	0.00184966	0.00207482	0.00229789	0.00251861	0.00273679	0.00295219	0.0031646	0.0033738	0.00357959	0.00378176	0.00398011	0.00417443	0.00436454	0.00455023	0.00473133	0.00490765	0.00507902	0.00524526	0.00540621	0.00556171	0.00571159	0.00585572	0.00599393	0.00612611	0.0062521	0.0063718	0.00648507	0.00659181	0.0066919	0.00678524	0.00687175	0.00695134	0.00702392	0.00708943	0.00714779	0.00719896	0.00724287	0.00727949	0.00730877	0.0073307	0.00734524	0.00735239	0.00735213	0.00734447	0.00732942	0.00730698	0.0072772	0.00724008	0.00719568	0.00714403	0.0070852	0.00701923	0.0069462	0.00686618	0.00677925	0.0066855	0.00658502	0.00647792	0.00636431	0.00624429	0.00611799	0.00598554	0.00584708	0.00570273	0.00555265	0.005397	0.00523591	0.00506957	0.00489814	0.00472178	0.00454069	0.00435504	0.00416501	0.00397081	0.00377263	0.00357066	0.00336511	0.00315619	0.00294412	0.00272909	0.00251134	0.00229107	0.00206852	0.0018439	0.00161744	0.00138937	0.00115991	0.000929309	0.000697783	0.000465568	0.000232896	0	
0	0.000258852	0.000517429	0.000775468	0.00103271	0.00128889	0.00154376	0.00179705	0.00204851	0.00229789	0.00254493	0.00278939	0.00303102	0.00326958	0.00350482	0.00373652	0.00396443	0.00418834	0.00440801	0.00462322	0.00483377	0.00503943	0.00524	0.00543528	0.00562507	0.00580918	0.00598744	0.00615965	0.00632565	0.00648526	0.00663834	0.00678473	0.00692427	0.00705683	0.00718228	0.00730049	0.00741135	0.00751473	0.00761054	0.00769868	0.00777907	0.00785162	0.00791626	0.00797292	0.00802156	0.00806211	0.00809455	0.00811883	0.00813494	0.00814285	0.00814257	0.00813408	0.00811741	0.00809257	0.00805958	0.00801847	0.00796929	0.0079121	0.00784694	0.00777388	0.007693	0.00760437	0.0075081	0.00740427	0.00729299	0.00717438	0.00704855	0.00691563	0.00677575	0.00662906	0.00647571	0.00631584	0.00614963	0.00597724	0.00579884	0.00561461	0.00542475	0.00522943	0.00502887	0.00482326	0.0046128	0.00439772	0.00417823	0.00395455	0.00372691	0.00349553	0.00326065	0.0030225	0.00278134	0.00253739	0.00229091	0.00204214	0.00179133	0.00153874	0.00128462	0.00102922	0.000772805	0.000515623	0.000257936	0	
0	0.000283716	0.000567131	0.000849957	0.00113191	0.0014127	0.00169205	0.00196967	0.00224528	0.00251861	0.00278939	0.00305733	0.00332217	0.00358364	0.00384149	0.00409544	0.00434525	0.00459066	0.00483143	0.00506732	0.00529809	0.00552351	0.00574334	0.00595738	0.0061654	0.0063672	0.00656258	0.00675134	0.00693328	0.00710823	0.00727601	0.00743646	0.00758941	0.00773471	0.00787221	0.00800177	0.00812327	0.00823659	0.0083416	0.00843821	0.00852632	0.00860584	0.00867669	0.0087388	0.0087921	0.00883656	0.00887211	0.00889872	0.00891638	0.00892505	0.00892474	0.00891544	0.00889717	0.00886994	0.00883378	0.00878873	0.00873483	0.00867213	0.00860071	0.00852064	0.00843199	0.00833485	0.00822933	0.00811553	0.00799356	0.00786355	0.00772563	0.00757994	0.00742663	0.00726585	0.00709777	0.00692255	0.00674037	0.00655142	0.00635588	0.00615396	0.00594586	0.00573178	0.00551195	0.00528659	0.00505592	0.00482018	0.0045796	0.00433443	0.00408492	0.00383131	0.00357387	0.00331285	0.00304852	0.00278114	0.00251098	0.00223831	0.00196341	0.00168656	0.00140803	0.00112809	0.000847043	0.000565156	0.000282714	0	
0	0.000308293	0.000616258	0.000923584	0.00122996	0.00153507	0.00183862	0.00214029	0.00243978	0.00273679	0.00303102	0.00332217	0.00360995	0.00389408	0.00417426	0.00445021	0.00472166	0.00498833	0.00524996	0.00550628	0.00575704	0.00600198	0.00624086	0.00647344	0.00669949	0.00691877	0.00713107	0.00733618	0.00753388	0.00772399	0.00790631	0.00808065	0.00824685	0.00840474	0.00855415	0.00869494	0.00882697	0.0089501	0.00906421	0.00916919	0.00926493	0.00935134	0.00942832	0.00949581	0.00955374	0.00960204	0.00964067	0.00966959	0.00968878	0.0096982	0.00969787	0.00968776	0.00966791	0.00963832	0.00959902	0.00955007	0.0094915	0.00942338	0.00934577	0.00925876	0.00916243	0.00905688	0.00894221	0.00881855	0.00868602	0.00854475	0.00839489	0.00823658	0.00806999	0.00789528	0.00771263	0.00752224	0.00732428	0.00711895	0.00690648	0.00668707	0.00646093	0.00622832	0.00598944	0.00574456	0.0054939	0.00523774	0.00497632	0.00470992	0.00443879	0.00416322	0.00388347	0.00359984	0.00331261	0.00302207	0.0027285	0.00243222	0.0021335	0.00183267	0.00153	0.00122582	0.000920422	0.000614115	0.000307206	0	
0	0.000332557	0.000664761	0.000996274	0.00132676	0.00165589	0.00198333	0.00230874	0.0026318	0.00295219	0.00326958	0.00358364	0.00389408	0.00420056	0.00450279	0.00480047	0.00509328	0.00538094	0.00566316	0.00593966	0.00621016	0.00647438	0.00673206	0.00698294	0.00722678	0.00746332	0.00769233	0.00791358	0.00812685	0.00833192	0.00852859	0.00871666	0.00889594	0.00906625	0.00922742	0.00937929	0.00952171	0.00965453	0.00977763	0.00989087	0.00999415	0.0100874	0.0101704	0.0102432	0.0103057	0.0103578	0.0103995	0.0104307	0.0104514	0.0104615	0.0104612	0.0104503	0.0104288	0.0103969	0.0103545	0.0103017	0.0102386	0.0101651	0.0100814	0.0099875	0.00988359	0.00976973	0.00964604	0.00951265	0.00936968	0.0092173	0.00905564	0.00888487	0.00870516	0.00851671	0.00831969	0.0081143	0.00790076	0.00767928	0.00745008	0.0072134	0.00696947	0.00671854	0.00646087	0.0061967	0.00592633	0.00565	0.00536801	0.00508063	0.00478817	0.0044909	0.00418914	0.00388319	0.00357335	0.00325993	0.00294327	0.00262366	0.00230143	0.00197692	0.00165043	0.0013223	0.000992869	0.000662453	0.000331386	0	
0	0.000356484	0.000712589	0.00106796	0.00142222	0.00177503	0.00212603	0.00247485	0.00282116	0.0031646	0.00350482	0.00384149	0.00417426	0.00450279	0.00482677	0.00514586	0.00545974	0.0057681	0.00607063	0.00636702	0.00665698	0.00694021	0.00721644	0.00748537	0.00774675	0.00800032	0.00824581	0.00848298	0.00871159	0.00893141	0.00914223	0.00934383	0.00953601	0.00971858	0.00989135	0.0100541	0.0102068	0.0103492	0.0104811	0.0106025	0.0107132	0.0108132	0.0109022	0.0109802	0.0110472	0.0111031	0.0111477	0.0111812	0.0112034	0.0112143	0.0112139	0.0112022	0.0111792	0.011145	0.0110996	0.011043	0.0109752	0.0108965	0.0108067	0.0107061	0.0105947	0.0104727	0.0103401	0.0101971	0.0100439	0.00988051	0.00970721	0.00952416	0.00933153	0.00912951	0.00891831	0.00869815	0.00846924	0.00823183	0.00798614	0.00773243	0.00747095	0.00720196	0.00692575	0.00664258	0.00635275	0.00605654	0.00575426	0.0054462	0.00513269	0.00481404	0.00449057	0.0041626	0.00383046	0.0034945	0.00315505	0.00281244	0.00246703	0.00211916	0.00176919	0.00141745	0.00106431	0.00071012	0.000355231	0	
0	0.00038005	0.000759697	0.00113856	0.00151624	0.00189237	0.00226657	0.00263846	0.00300766	0.0033738	0.00373652	0.00409544	0.00445021	0.00480047	0.00514586	0.00548605	0.00582068	0.00614943	0.00647195	0.00678794	0.00709707	0.00739902	0.00769351	0.00798023	0.00825889	0.00852921	0.00879093	0.00904378	0.00928751	0.00952187	0.00974662	0.00996155	0.0101664	0.0103611	0.0105453	0.0107188	0.0108816	0.0110334	0.0111741	0.0113035	0.0114215	0.011528	0.0116229	0.0117061	0.0117775	0.0118371	0.0118847	0.0119204	0.011944	0.0119556	0.0119552	0.0119428	0.0119183	0.0118818	0.0118334	0.011773	0.0117008	0.0116168	0.0115212	0.0114139	0.0112952	0.011165	0.0110237	0.0108712	0.0107079	0.0105337	0.010349	0.0101538	0.00994844	0.00973307	0.00950791	0.0092732	0.00902916	0.00877604	0.00851411	0.00824363	0.00796486	0.00767809	0.00738362	0.00708173	0.00677274	0.00645695	0.00613468	0.00580626	0.00547203	0.00513231	0.00478745	0.0044378	0.00408371	0.00372553	0.00336363	0.00299838	0.00263013	0.00225927	0.00188615	0.00151116	0.00113468	0.000757068	0.000378717	0	
0	0.000403232	0.000806035	0.001208	0.00160873	0.0020078	0.00240483	0.0027994	0.00319112	0.00357959	0.00396443	0.00434525	0.00472166	0.00509328	0.00545974	0.00582068	0.00617573	0.00652452	0.00686673	0.00720199	0.00752997	0.00785035	0.0081628	0.008467	0.00876266	0.00904948	0.00932716	0.00959543	0.00985403	0.0101027	0.0103411	0.0105692	0.0107866	0.0109931	0.0111885	0.0113727	0.0115453	0.0117064	0.0118557	0.011993	0.0121182	0.0122312	0.0123319	0.0124202	0.0124959	0.0125591	0.0126097	0.0126475	0.0126726	0.0126849	0.0126845	0.0126713	0.0126453	0.0126066	0.0125552	0.0124912	0.0124146	0.0123255	0.012224	0.0121102	0.0119842	0.0118461	0.0116961	0.0115344	0.011361	0.0111763	0.0109802	0.0107732	0.0105553	0.0103268	0.0100879	0.00983886	0.00957994	0.00931138	0.00903347	0.00874649	0.00845072	0.00814646	0.00783402	0.00751372	0.00718588	0.00685082	0.0065089	0.00616045	0.00580582	0.00544538	0.00507949	0.00470851	0.00433282	0.00395279	0.00356882	0.00318129	0.00279058	0.00239709	0.00200121	0.00160335	0.00120389	0.000803251	0.000401819	0	
0	0.000426005	0.000851558	0.00127623	0.00169958	0.0021212	0.00254065	0.0029575	0.00337135	0.00378176	0.00418834	0.00459066	0.00498833	0.00538094	0.0057681	0.00614943	0.00652452	0.00689302	0.00725455	0.00760875	0.00795526	0.00829373	0.00862382	0.00894521	0.00925757	0.00956059	0.00985395	0.0101374	0.0104106	0.0106733	0.0109252	0.0111661	0.0113958	0.011614	0.0118204	0.012015	0.0121974	0.0123676	0.0125253	0.0126703	0.0128026	0.012922	0.0130284	0.0131217	0.0132017	0.0132685	0.0133219	0.0133618	0.0133883	0.0134014	0.0134009	0.0133869	0.0133595	0.0133186	0.0132643	0.0131967	0.0131158	0.0130216	0.0129144	0.0127941	0.012661	0.0125152	0.0123567	0.0121859	0.0120027	0.0118075	0.0116004	0.0113817	0.0111515	0.0109101	0.0106577	0.0103946	0.010121	0.00983731	0.0095437	0.00924051	0.00892803	0.00860659	0.0082765	0.00793811	0.00759175	0.00723777	0.00687654	0.00650841	0.00613375	0.00575295	0.00536639	0.00497446	0.00457754	0.00417606	0.0037704	0.00336097	0.0029482	0.00253248	0.00211425	0.00169391	0.00127189	0.000848621	0.000424515	0	
0	0.000448348	0.00089622	0.00134316	0.00178872	0.00223245	0.0026739	0.00311262	0.00354817	0.00398011	0.00440801	0.00483143	0.00524996	0.00566316	0.00607063	0.00647195	0.00686673	0.00725455	0.00763504	0.00800782	0.0083725	0.00872873	0.00907613	0.00941438	0.00974312	0.010062	0.0103708	0.0106691	0.0109566	0.0112331	0.0114982	0.0117518	0.0119935	0.0122231	0.0124404	0.0126452	0.0128372	0.0130162	0.0131822	0.0133349	0.0134741	0.0135998	0.0137118	0.0138099	0.0138942	0.0139644	0.0140206	0.0140627	0.0140906	0.0141043	0.0141038	0.0140891	0.0140602	0.0140172	0.01396	0.0138889	0.0138037	0.0137046	0.0135917	0.0134652	0.0133251	0.0131716	0.0130049	0.012825	0.0126323	0.0124268	0.0122089	0.0119787	0.0117364	0.0114823	0.0112167	0.0109398	0.0106519	0.0103533	0.0100443	0.00972518	0.00939632	0.00905801	0.00871062	0.00835448	0.00798995	0.00761741	0.00723722	0.00684978	0.00645548	0.0060547	0.00564787	0.00523538	0.00481765	0.0043951	0.00396816	0.00353726	0.00310284	0.00266532	0.00222514	0.00178276	0.00133861	0.000893133	0.000446782	0	
0	0.000470238	0.000939976	0.00140874	0.00187605	0.00234145	0.00280445	0.00326458	0.0037214	0.00417443	0.00462322	0.00506732	0.00550628	0.00593966	0.00636702	0.00678794	0.00720199	0.00760875	0.00800782	0.00839879	0.00878128	0.0091549	0.00951927	0.00987403	0.0102188	0.0105533	0.0108771	0.01119	0.0114916	0.0117815	0.0120596	0.0123256	0.0125791	0.0128199	0.0130478	0.0132626	0.0134639	0.0136518	0.0138258	0.013986	0.014132	0.0142638	0.0143812	0.0144842	0.0145725	0.0146462	0.0147051	0.0147493	0.0147785	0.0147929	0.0147924	0.014777	0.0147467	0.0147016	0.0146417	0.014567	0.0144777	0.0143737	0.0142554	0.0141227	0.0139757	0.0138147	0.0136398	0.0134512	0.0132491	0.0130336	0.012805	0.0125635	0.0123094	0.0120429	0.0117643	0.0114739	0.011172	0.0108588	0.0105347	0.0102	0.00985511	0.00950029	0.00913593	0.0087624	0.00838007	0.00798934	0.00759059	0.00718424	0.00677068	0.00635034	0.00592364	0.005491	0.00505288	0.0046097	0.00416192	0.00370998	0.00325434	0.00279546	0.00233379	0.00186981	0.00140397	0.000936743	0.000468598	0	
0	0.000491652	0.000982783	0.00147289	0.00196149	0.00244807	0.00293216	0.00341325	0.00389087	0.00436454	0.00483377	0.00529809	0.00575704	0.00621016	0.00665698	0.00709707	0.00752997	0.00795526	0.0083725	0.00878128	0.00918119	0.00957182	0.00995279	0.0103237	0.0106842	0.0110339	0.0113725	0.0116996	0.0120149	0.0123181	0.0126088	0.0128869	0.0131519	0.0134037	0.013642	0.0138666	0.0140771	0.0142735	0.0144555	0.0146229	0.0147756	0.0149134	0.0150362	0.0151438	0.0152362	0.0153132	0.0153749	0.015421	0.0154516	0.0154666	0.0154661	0.01545	0.0154183	0.0153711	0.0153085	0.0152304	0.015137	0.0150284	0.0149046	0.0147658	0.0146122	0.0144439	0.014261	0.0140638	0.0138525	0.0136272	0.0133882	0.0131357	0.01287	0.0125914	0.0123001	0.0119965	0.0116808	0.0113533	0.0110145	0.0106646	0.0103039	0.00993296	0.00955201	0.00916147	0.00876173	0.0083532	0.0079363	0.00751143	0.00707904	0.00663956	0.00619342	0.00574109	0.00528301	0.00481965	0.00435147	0.00387895	0.00340256	0.00292278	0.00244008	0.00195497	0.00146791	0.000979407	0.00048994	0	
0	0.00051257	0.0010246	0.00153556	0.00204494	0.00255223	0.00305691	0.00355848	0.00405642	0.00455023	0.00503943	0.00552351	0.00600198	0.00647438	0.00694021	0.00739902	0.00785035	0.00829373	0.00872873	0.0091549	0.00957182	0.00997908	0.0103763	0.010763	0.0111388	0.0115034	0.0118564	0.0121974	0.0125261	0.0128422	0.0131453	0.0134352	0.0137115	0.013974	0.0142225	0.0144566	0.0146761	0.0148808	0.0150705	0.0152451	0.0154043	0.0155479	0.0156759	0.0157882	0.0158845	0.0159648	0.016029	0.0160771	0.016109	0.0161247	0.0161241	0.0161073	0.0160743	0.0160251	0.0159598	0.0158784	0.0157811	0.0156678	0.0155388	0.0153941	0.0152339	0.0150585	0.0148678	0.0146622	0.0144419	0.014207	0.0139578	0.0136946	0.0134176	0.0131272	0.0128235	0.0125069	0.0121778	0.0118364	0.0114831	0.0111183	0.0107424	0.0103556	0.00995844	0.00955128	0.00913454	0.00870863	0.00827399	0.00783104	0.00738025	0.00692207	0.00645695	0.00598537	0.0055078	0.00502472	0.00453663	0.004044	0.00354734	0.00304714	0.00254391	0.00203815	0.00153037	0.00102108	0.000510787	0	
0	0.00053297	0.00106537	0.00159667	0.00212633	0.00265381	0.00317858	0.0037001	0.00421786	0.00473133	0.00524	0.00574334	0.00624086	0.00673206	0.00721644	0.00769351	0.0081628	0.00862382	0.00907613	0.00951927	0.00995279	0.0103763	0.0107892	0.0111913	0.0115821	0.0119612	0.0123283	0.0126829	0.0130247	0.0133533	0.0136685	0.0139699	0.0142573	0.0145302	0.0147885	0.0150319	0.0152602	0.0154731	0.0156704	0.0158519	0.0160174	0.0161668	0.0162999	0.0164166	0.0165167	0.0166002	0.016667	0.016717	0.0167502	0.0167665	0.0167659	0.0167485	0.0167141	0.016663	0.0165951	0.0165104	0.0164092	0.0162914	0.0161572	0.0160068	0.0158403	0.0156578	0.0154596	0.0152458	0.0150167	0.0147725	0.0145134	0.0142397	0.0139517	0.0136497	0.0133339	0.0130047	0.0126625	0.0123075	0.0119402	0.0115609	0.0111699	0.0107678	0.0103548	0.00993146	0.00949812	0.00905526	0.00860332	0.00814275	0.00767401	0.00719759	0.00671396	0.00622361	0.00572703	0.00522473	0.0047172	0.00420497	0.00368854	0.00316843	0.00264517	0.00211928	0.00159129	0.00106173	0.000531119	0	
0	0.000552832	0.00110508	0.00165618	0.00220557	0.00275271	0.00329703	0.00383799	0.00437505	0.00490765	0.00543528	0.00595738	0.00647344	0.00698294	0.00748537	0.00798023	0.008467	0.00894521	0.00941438	0.00987403	0.0103237	0.010763	0.0111913	0.0116084	0.0120138	0.012407	0.0127877	0.0131555	0.0135101	0.013851	0.0141779	0.0144906	0.0147886	0.0150717	0.0153397	0.0155922	0.0158289	0.0160497	0.0162544	0.0164426	0.0166143	0.0167693	0.0169073	0.0170284	0.0171323	0.0172189	0.0172882	0.01734	0.0173744	0.0173914	0.0173908	0.0173727	0.017337	0.017284	0.0172135	0.0171258	0.0170207	0.0168986	0.0167594	0.0166034	0.0164306	0.0162414	0.0160358	0.015814	0.0155764	0.015323	0.0150543	0.0147704	0.0144717	0.0141584	0.0138308	0.0134894	0.0131344	0.0127662	0.0123852	0.0119918	0.0115862	0.0111691	0.0107407	0.0103016	0.00985212	0.00939275	0.00892397	0.00844623	0.00796003	0.00746585	0.00696419	0.00645557	0.00594048	0.00541946	0.00489302	0.00436169	0.00382601	0.00328652	0.00274376	0.00219827	0.0016506	0.0011013	0.000550914	0	
0	0.000572136	0.00114366	0.00171401	0.00228259	0.00284883	0.00341216	0.00397201	0.00452782	0.00507902	0.00562507	0.0061654	0.00669949	0.00722678	0.00774675	0.00825889	0.00876266	0.00925757	0.00974312	0.0102188	0.0106842	0.0111388	0.0115821	0.0120138	0.0124333	0.0128402	0.0132342	0.0136149	0.0139818	0.0143346	0.014673	0.0149966	0.015305	0.015598	0.0158753	0.0161366	0.0163817	0.0166102	0.016822	0.0170168	0.0171945	0.0173549	0.0174978	0.017623	0.0177305	0.0178202	0.0178919	0.0179456	0.0179812	0.0179987	0.0179981	0.0179793	0.0179425	0.0178876	0.0178146	0.0177238	0.0176151	0.0174887	0.0173447	0.0171832	0.0170044	0.0168085	0.0165957	0.0163663	0.0161203	0.0158581	0.01558	0.0152862	0.014977	0.0146528	0.0143138	0.0139605	0.0135931	0.0132121	0.0128177	0.0124105	0.0119909	0.0115591	0.0111158	0.0106613	0.0101962	0.00972076	0.00923561	0.00874119	0.00823801	0.00772657	0.0072074	0.00668101	0.00614794	0.00560872	0.00506389	0.00451401	0.00395962	0.00340129	0.00283958	0.00227504	0.00170824	0.00113976	0.000570154	0	
0	0.000590862	0.0011811	0.00177011	0.0023573	0.00294207	0.00352384	0.00410202	0.00467602	0.00524526	0.00580918	0.0063672	0.00691877	0.00746332	0.00800032	0.00852921	0.00904948	0.00956059	0.010062	0.0105533	0.0110339	0.0115034	0.0119612	0.012407	0.0128402	0.0132605	0.0136674	0.0140605	0.0144395	0.0148038	0.0151533	0.0154874	0.015806	0.0161086	0.016395	0.0166648	0.0169179	0.0171539	0.0173726	0.0175738	0.0177573	0.0179229	0.0180705	0.0181999	0.0183109	0.0184035	0.0184775	0.018533	0.0185697	0.0185878	0.0185872	0.0185678	0.0185298	0.0184731	0.0183978	0.018304	0.0181917	0.0180611	0.0179124	0.0177456	0.017561	0.0173587	0.017139	0.016902	0.016648	0.0163772	0.01609	0.0157866	0.0154673	0.0151324	0.0147824	0.0144175	0.0140381	0.0136445	0.0132373	0.0128168	0.0123834	0.0119375	0.0114797	0.0110103	0.0105299	0.010039	0.00953793	0.00902732	0.00850767	0.0079795	0.00744333	0.00689971	0.00634919	0.00579232	0.00522966	0.00466177	0.00408924	0.00351263	0.00293253	0.00234951	0.00176416	0.00117707	0.000588818	0	
0	0.000608992	0.00121734	0.00182442	0.00242963	0.00303235	0.00363197	0.00422789	0.0048195	0.00540621	0.00598744	0.00656258	0.00713107	0.00769233	0.00824581	0.00879093	0.00932716	0.00985395	0.0103708	0.0108771	0.0113725	0.0118564	0.0123283	0.0127877	0.0132342	0.0136674	0.0140868	0.014492	0.0148826	0.0152581	0.0156183	0.0159627	0.016291	0.0166029	0.0168981	0.0171762	0.017437	0.0176803	0.0179057	0.0181131	0.0183022	0.0184729	0.018625	0.0187583	0.0188728	0.0189682	0.0190445	0.0191017	0.0191396	0.0191582	0.0191576	0.0191376	0.0190984	0.0190399	0.0189623	0.0188656	0.0187499	0.0186154	0.0184621	0.0182902	0.0180999	0.0178914	0.0176649	0.0174206	0.0171588	0.0168798	0.0165837	0.016271	0.0159419	0.0155968	0.015236	0.0148599	0.0144688	0.0140632	0.0136435	0.0132101	0.0127634	0.0123039	0.011832	0.0113482	0.0108531	0.010347	0.00983062	0.00930435	0.00876875	0.00822437	0.00767175	0.00711145	0.00654403	0.00597007	0.00539014	0.00480484	0.00421473	0.00362043	0.00302252	0.00242161	0.0018183	0.00121319	0.000606888	0	
0	0.000626508	0.00125235	0.0018769	0.00249951	0.00311956	0.00373643	0.00434949	0.00495812	0.00556171	0.00615965	0.00675134	0.00733618	0.00791358	0.00848298	0.00904378	0.00959543	0.0101374	0.0106691	0.01119	0.0116996	0.0121974	0.0126829	0.0131555	0.0136149	0.0140605	0.014492	0.0149088	0.0153106	0.015697	0.0160675	0.0164218	0.0167596	0.0170805	0.0173841	0.0176702	0.0179386	0.0181888	0.0184207	0.0186341	0.0188287	0.0190043	0.0191607	0.0192979	0.0194156	0.0195138	0.0195923	0.0196511	0.0196901	0.0197093	0.0197086	0.0196881	0.0196477	0.0195876	0.0195078	0.0194083	0.0192893	0.0191508	0.0189931	0.0188163	0.0186205	0.0184061	0.018173	0.0179217	0.0176524	0.0173653	0.0170608	0.016739	0.0164005	0.0160454	0.0156743	0.0152873	0.014885	0.0144678	0.014036	0.0135901	0.0131305	0.0126578	0.0121723	0.0116747	0.0111653	0.0106447	0.0101134	0.00957199	0.00902099	0.00846095	0.00789243	0.00731601	0.00673227	0.0061418	0.0055452	0.00494305	0.00433597	0.00372458	0.00310947	0.00249127	0.0018706	0.00124809	0.000624345	0	
0	0.000643392	0.0012861	0.00192748	0.00256687	0.00320363	0.00383713	0.0044667	0.00509174	0.00571159	0.00632565	0.00693328	0.00753388	0.00812685	0.00871159	0.00928751	0.00985403	0.0104106	0.0109566	0.0114916	0.0120149	0.0125261	0.0130247	0.0135101	0.0139818	0.0144395	0.0148826	0.0153106	0.0157233	0.01612	0.0165005	0.0168644	0.0172113	0.0175408	0.0178526	0.0181465	0.018422	0.018679	0.0189172	0.0191363	0.0193361	0.0195165	0.0196771	0.019818	0.0199389	0.0200397	0.0201204	0.0201807	0.0202208	0.0202405	0.0202398	0.0202187	0.0201773	0.0201155	0.0200335	0.0199314	0.0198091	0.019667	0.019505	0.0193234	0.0191224	0.0189021	0.0186628	0.0184047	0.0181282	0.0178333	0.0175206	0.0171902	0.0168425	0.0164779	0.0160967	0.0156994	0.0152862	0.0148577	0.0144143	0.0139563	0.0134844	0.0129989	0.0125004	0.0119893	0.0114662	0.0109316	0.010386	0.00982998	0.00926413	0.00868899	0.00810515	0.0075132	0.00691372	0.00630734	0.00569465	0.00507628	0.00445284	0.00382496	0.00319328	0.00255842	0.00192102	0.00128173	0.000641173	0	
0	0.000659626	0.00131855	0.00197611	0.00263164	0.00328447	0.00393395	0.00457941	0.00522022	0.00585572	0.00648526	0.00710823	0.00772399	0.00833192	0.00893141	0.00952187	0.0101027	0.0106733	0.0112331	0.0117815	0.0123181	0.0128422	0.0133533	0.013851	0.0143346	0.0148038	0.0152581	0.015697	0.01612	0.0165268	0.0169169	0.01729	0.0176456	0.0179834	0.0183031	0.0186044	0.0188869	0.0191504	0.0193945	0.0196192	0.019824	0.0200089	0.0201737	0.0203181	0.0204421	0.0205454	0.0206281	0.02069	0.020731	0.0207512	0.0207505	0.0207289	0.0206864	0.0206231	0.0205391	0.0204343	0.020309	0.0201633	0.0199972	0.0198111	0.019605	0.0193791	0.0191338	0.0188692	0.0185856	0.0182834	0.0179627	0.017624	0.0172675	0.0168937	0.0165029	0.0160955	0.015672	0.0152327	0.014778	0.0143085	0.0138247	0.013327	0.0128159	0.0122919	0.0117556	0.0112074	0.0106481	0.0100781	0.00949792	0.00890827	0.00830969	0.0077028	0.0070882	0.00646652	0.00583837	0.00520439	0.00456522	0.00392149	0.00327387	0.00262299	0.0019695	0.00131407	0.000657355	0	
0	0.000675196	0.00134968	0.00202276	0.00269376	0.003362	0.0040268	0.00468751	0.00534344	0.00599393	0.00663834	0.00727601	0.00790631	0.00852859	0.00914223	0.00974662	0.0103411	0.0109252	0.0114982	0.0120596	0.0126088	0.0131453	0.0136685	0.0141779	0.014673	0.0151533	0.0156183	0.0160675	0.0165005	0.0169169	0.0173162	0.0176981	0.0180621	0.0184079	0.0187352	0.0190435	0.0193327	0.0196024	0.0198524	0.0200823	0.020292	0.0204813	0.0206499	0.0207977	0.0209246	0.0210304	0.021115	0.0211784	0.0212204	0.0212411	0.0212403	0.0212182	0.0211748	0.02111	0.0210239	0.0209167	0.0207884	0.0206392	0.0204693	0.0202787	0.0200677	0.0198366	0.0195855	0.0193146	0.0190244	0.018715	0.0183867	0.01804	0.0176752	0.0172925	0.0168925	0.0164755	0.0160419	0.0155922	0.0151269	0.0146463	0.0141511	0.0136416	0.0131184	0.012582	0.0120331	0.011472	0.0108995	0.010316	0.00972213	0.00911856	0.00850586	0.00788464	0.00725553	0.00661917	0.00597619	0.00532725	0.00467299	0.00401407	0.00335115	0.00268491	0.002016	0.0013451	0.000672873	0	
0	0.000690085	0.00137944	0.00206736	0.00275316	0.00343613	0.0041156	0.00479087	0.00546127	0.00612611	0.00678473	0.00743646	0.00808065	0.00871666	0.00934383	0.00996155	0.0105692	0.0111661	0.0117518	0.0123256	0.0128869	0.0134352	0.0139699	0.0144906	0.0149966	0.0154874	0.0159627	0.0164218	0.0168644	0.01729	0.0176981	0.0180884	0.0184604	0.0188139	0.0191483	0.0194635	0.0197591	0.0200347	0.0202902	0.0205252	0.0207395	0.0209329	0.0211053	0.0212564	0.021386	0.0214942	0.0215807	0.0216454	0.0216884	0.0217095	0.0217088	0.0216862	0.0216417	0.0215755	0.0214876	0.021378	0.0212469	0.0210944	0.0209207	0.0207259	0.0205103	0.020274	0.0200174	0.0197406	0.0194439	0.0191277	0.0187922	0.0184379	0.018065	0.0176739	0.017265	0.0168388	0.0163957	0.0159361	0.0154605	0.0149693	0.0144631	0.0139424	0.0134077	0.0128595	0.0122984	0.011725	0.0111398	0.0105435	0.00993655	0.00931967	0.00869345	0.00805853	0.00741555	0.00676515	0.006108	0.00544474	0.00477605	0.0041026	0.00342506	0.00274412	0.00206046	0.00137476	0.000687713	0	
0	0.000704277	0.00140781	0.00210988	0.00280978	0.00350681	0.00420025	0.00488941	0.00557359	0.0062521	0.00692427	0.00758941	0.00824685	0.00889594	0.00953601	0.0101664	0.0107866	0.0113958	0.0119935	0.0125791	0.0131519	0.0137115	0.0142573	0.0147886	0.015305	0.015806	0.016291	0.0167596	0.0172113	0.0176456	0.0180621	0.0184604	0.0188401	0.0192008	0.0195422	0.0198638	0.0201655	0.0204468	0.0207075	0.0209473	0.0211661	0.0213635	0.0215394	0.0216936	0.0218259	0.0219363	0.0220246	0.0220906	0.0221345	0.022156	0.0221553	0.0221322	0.0220869	0.0220193	0.0219295	0.0218177	0.0216839	0.0215283	0.021351	0.0211522	0.0209322	0.0206911	0.0204291	0.0201466	0.0198439	0.0195211	0.0191788	0.0188171	0.0184365	0.0180374	0.0176202	0.0171852	0.016733	0.0162639	0.0157785	0.0152772	0.0147606	0.0142292	0.0136835	0.013124	0.0125514	0.0119662	0.011369	0.0107604	0.0101409	0.00951137	0.00887228	0.0082243	0.00756809	0.00690431	0.00623364	0.00555674	0.00487429	0.00418699	0.00349552	0.00280057	0.00210285	0.00140304	0.00070186	0	
0	0.00071776	0.00143476	0.00215027	0.00286357	0.00357394	0.00428066	0.00498301	0.00568029	0.0063718	0.00705683	0.00773471	0.00840474	0.00906625	0.00971858	0.0103611	0.0109931	0.011614	0.0122231	0.0128199	0.0134037	0.013974	0.0145302	0.0150717	0.015598	0.0161086	0.0166029	0.0170805	0.0175408	0.0179834	0.0184079	0.0188139	0.0192008	0.0195684	0.0199163	0.0202441	0.0205515	0.0208382	0.0211039	0.0213484	0.0215713	0.0217725	0.0219518	0.0221089	0.0222438	0.0223563	0.0224462	0.0225136	0.0225583	0.0225802	0.0225795	0.022556	0.0225097	0.0224409	0.0223494	0.0222354	0.0220991	0.0219405	0.0217598	0.0215572	0.021333	0.0210872	0.0208203	0.0205324	0.0202238	0.0198949	0.019546	0.0191774	0.0187895	0.0183828	0.0179575	0.0175142	0.0170533	0.0165753	0.0160806	0.0155698	0.0150433	0.0145017	0.0139455	0.0133753	0.0127917	0.0121953	0.0115867	0.0109664	0.0103351	0.00969349	0.00904216	0.00838177	0.007713	0.00703652	0.006353	0.00566314	0.00496762	0.00426716	0.00356245	0.0028542	0.00214311	0.00142991	0.000715299	0	
0	0.00073052	0.00146027	0.0021885	0.00291448	0.00363747	0.00435675	0.00507159	0.00578127	0.00648507	0.00718228	0.00787221	0.00855415	0.00922742	0.00989135	0.0105453	0.0111885	0.0118204	0.0124404	0.0130478	0.013642	0.0142225	0.0147885	0.0153397	0.0158753	0.016395	0.0168981	0.0173841	0.0178526	0.0183031	0.0187352	0.0191483	0.0195422	0.0199163	0.0202704	0.020604	0.0209169	0.0212087	0.0214791	0.0217279	0.0219548	0.0221596	0.022342	0.022502	0.0226393	0.0227537	0.0228453	0.0229138	0.0229593	0.0229817	0.0229809	0.022957	0.0229099	0.0228398	0.0227467	0.0226307	0.022492	0.0223306	0.0221467	0.0219405	0.0217122	0.0214621	0.0211904	0.0208974	0.0205834	0.0202486	0.0198935	0.0195184	0.0191236	0.0187096	0.0182768	0.0178256	0.0173565	0.01687	0.0163665	0.0158466	0.0153107	0.0147595	0.0141934	0.0136131	0.0130192	0.0124121	0.0117927	0.0111614	0.0105189	0.00986584	0.00920292	0.0085308	0.00785014	0.00716162	0.00646595	0.00576383	0.00505595	0.00434303	0.00362579	0.00290494	0.00218122	0.00145533	0.000728017	0	
0	0.000742543	0.0014843	0.00222452	0.00296245	0.00369734	0.00442846	0.00515506	0.00587642	0.00659181	0.00730049	0.00800177	0.00869494	0.00937929	0.0100541	0.0107188	0.0113727	0.012015	0.0126452	0.0132626	0.0138666	0.0144566	0.0150319	0.0155922	0.0161366	0.0166648	0.0171762	0.0176702	0.0181465	0.0186044	0.0190435	0.0194635	0.0198638	0.0202441	0.020604	0.0209432	0.0212612	0.0215578	0.0218327	0.0220856	0.0223162	0.0225243	0.0227098	0.0228724	0.0230119	0.0231283	0.0232213	0.023291	0.0233372	0.02336	0.0233592	0.0233348	0.023287	0.0232158	0.0231212	0.0230032	0.0228622	0.0226981	0.0225112	0.0223016	0.0220696	0.0218154	0.0215392	0.0212414	0.0209222	0.0205819	0.0202209	0.0198396	0.0194384	0.0190176	0.0185777	0.0181191	0.0176422	0.0171477	0.0166359	0.0161074	0.0155627	0.0150024	0.0144271	0.0138372	0.0132335	0.0126165	0.0119868	0.0113451	0.010692	0.0100282	0.00935442	0.00867123	0.00797936	0.00727951	0.00657239	0.00585871	0.00513918	0.00441452	0.00368548	0.00295276	0.00221712	0.00147929	0.000740002	0	
0	0.000753817	0.00150684	0.00225829	0.00300743	0.00375348	0.0044957	0.00523334	0.00596565	0.0066919	0.00741135	0.00812327	0.00882697	0.00952171	0.0102068	0.0108816	0.0115453	0.0121974	0.0128372	0.0134639	0.0140771	0.0146761	0.0152602	0.0158289	0.0163817	0.0169179	0.017437	0.0179386	0.018422	0.0188869	0.0193327	0.0197591	0.0201655	0.0205515	0.0209169	0.0212612	0.0215841	0.0218852	0.0221642	0.0224209	0.0226551	0.0228664	0.0230546	0.0232197	0.0233613	0.0234795	0.0235739	0.0236447	0.0236916	0.0237147	0.0237139	0.0236892	0.0236407	0.0235683	0.0234723	0.0233526	0.0232094	0.0230428	0.0228531	0.0226403	0.0224048	0.0221467	0.0218663	0.021564	0.0212399	0.0208945	0.020528	0.0201409	0.0197336	0.0193064	0.0188598	0.0183942	0.0179102	0.0174081	0.0168886	0.016352	0.0157991	0.0152303	0.0146462	0.0140474	0.0134344	0.0128081	0.0121688	0.0115174	0.0108544	0.0101805	0.00949648	0.00880292	0.00810054	0.00739007	0.00667221	0.00594769	0.00521723	0.00448157	0.00374145	0.00299761	0.00225079	0.00150176	0.000751241	0	
0	0.000764332	0.00152786	0.00228979	0.00304938	0.00380584	0.00455841	0.00530634	0.00604887	0.00678524	0.00751473	0.00823659	0.0089501	0.00965453	0.0103492	0.0110334	0.0117064	0.0123676	0.0130162	0.0136518	0.0142735	0.0148808	0.0154731	0.0160497	0.0166102	0.0171539	0.0176803	0.0181888	0.018679	0.0191504	0.0196024	0.0200347	0.0204468	0.0208382	0.0212087	0.0215578	0.0218852	0.0221905	0.0224734	0.0227337	0.0229711	0.0231854	0.0233763	0.0235436	0.0236872	0.023807	0.0239028	0.0239745	0.0240221	0.0240455	0.0240447	0.0240197	0.0239705	0.0238971	0.0237997	0.0236784	0.0235332	0.0233643	0.0231719	0.0229562	0.0227173	0.0224557	0.0221714	0.0218648	0.0215362	0.021186	0.0208144	0.0204219	0.0200089	0.0195757	0.0191229	0.0186508	0.01816	0.017651	0.0171242	0.0165802	0.0160195	0.0154428	0.0148505	0.0142433	0.0136219	0.0129868	0.0123386	0.0116781	0.0110058	0.0103226	0.00962898	0.00892573	0.00821356	0.00749318	0.0067653	0.00603067	0.00529002	0.0045441	0.00379365	0.00303943	0.0022822	0.00152271	0.000761722	0	
0	0.000774077	0.00154733	0.00231899	0.00308826	0.00385436	0.00461653	0.005374	0.00612599	0.00687175	0.00761054	0.0083416	0.00906421	0.00977763	0.0104811	0.0111741	0.0118557	0.0125253	0.0131822	0.0138258	0.0144555	0.0150705	0.0156704	0.0162544	0.016822	0.0173726	0.0179057	0.0184207	0.0189172	0.0193945	0.0198524	0.0202902	0.0207075	0.0211039	0.0214791	0.0218327	0.0221642	0.0224734	0.02276	0.0230236	0.023264	0.023481	0.0236743	0.0238438	0.0239893	0.0241106	0.0242076	0.0242802	0.0243284	0.0243521	0.0243513	0.024326	0.0242761	0.0242018	0.0241032	0.0239803	0.0238332	0.0236622	0.0234674	0.0232489	0.023007	0.022742	0.0224541	0.0221436	0.0218108	0.0214561	0.0210798	0.0206823	0.020264	0.0198254	0.0193668	0.0188887	0.0183916	0.0178761	0.0173425	0.0167916	0.0162238	0.0156397	0.0150399	0.014425	0.0137956	0.0131524	0.0124959	0.011827	0.0111462	0.0104542	0.00975177	0.00903956	0.0083183	0.00758873	0.00685157	0.00610757	0.00535748	0.00460205	0.00384203	0.00307819	0.0023113	0.00154213	0.000771436	0	
