0	0	0	0	0	0	0	0	0	0	0	0	0	0	0	0	0	0	0	0	0	0	0	0	0	0	0	0	0	0	0	0	0	0	0	0	0	0	0	0	0	0	0	0	0	0	0	0	0	0	0	0	0	0	0	0	0	0	0	0	0	0	0	0	0	0	0	0	0	0	0	0	0	0	0	0	0	0	0	0	0	0	0	0	0	0	0	0	0	0	0	0	0	0	0	0	0	0	0	0	
0	1.99099e-05	3.97982e-05	5.96448e-05	7.94294e-05	9.91322e-05	0.000118733	0.000138213	0.000157551	0.000176728	0.000195725	0.000214524	0.000233104	0.000251447	0.000269535	0.00028735	0.000304873	0.000322088	0.000338977	0.000355522	0.000371708	0.000387518	0.000402936	0.000417947	0.000432536	0.000446688	0.000460389	0.000473625	0.000486383	0.00049865	0.000510414	0.000521663	0.000532386	0.000542572	0.000552211	0.000561293	0.000569809	0.00057775	0.00058511	0.000591879	0.000598052	0.000603623	0.000608585	0.000612934	0.000616666	0.000619776	0.000622262	0.000624122	0.000625353	0.000625954	0.000625925	0.000625265	0.000623977	0.000622059	0.000619516	0.000616349	0.000612562	0.000608159	0.000603143	0.00059752	0.000591297	0.000584478	0.000577072	0.000569085	0.000560525	0.000551402	0.000541725	0.000531503	0.000520746	0.000509466	0.000497675	0.000485383	0.000472603	0.000459349	0.000445634	0.000431471	0.000416875	0.000401861	0.000386443	0.000370638	0.000354462	0.00033793	0.00032106	0.000303868	0.000286372	0.00026859	0.000250539	0.000232238	0.000213705	0.000194959	0.000176018	0.000156903	0.000137631	0.000118223	9.86972e-05	7.90742e-05	5.93733e-05	3.96141e-05	1.98164e-05	0	
0	3.97982e-05	7.95533e-05	0.000119225	0.000158773	0.000198157	0.000237338	0.000276276	0.000314931	0.000353265	0.000391239	0.000428816	0.000465956	0.000502623	0.000538779	0.00057439	0.000609418	0.000643829	0.000677588	0.000710661	0.000743016	0.000774619	0.000805439	0.000835445	0.000864607	0.000892895	0.000920282	0.00094674	0.000972242	0.000996764	0.00102028	0.00104276	0.0010642	0.00108456	0.00110383	0.00112198	0.001139	0.00115488	0.00116959	0.00118312	0.00119546	0.0012066	0.00121652	0.00122521	0.00123267	0.00123889	0.00124386	0.00124757	0.00125003	0.00125124	0.00125118	0.00124986	0.00124728	0.00124345	0.00123837	0.00123204	0.00122447	0.00121566	0.00120564	0.0011944	0.00118196	0.00116833	0.00115352	0.00113756	0.00112045	0.00110221	0.00108287	0.00106243	0.00104093	0.00101839	0.000994815	0.000970245	0.0009447	0.000918206	0.000890789	0.000862479	0.000833303	0.000803291	0.000772472	0.000740879	0.000708544	0.000675498	0.000641776	0.000607411	0.000572438	0.000536892	0.00050081	0.000464227	0.000427181	0.000389709	0.000351848	0.000313637	0.000275115	0.000236319	0.000197289	0.000158064	0.000118683	7.91859e-05	3.96117e-05	0	
0	5.96448e-05	0.000119225	0.00017868	0.00023795	0.000296975	0.000355694	0.00041405	0.000471982	0.000529432	0.000586344	0.000642658	0.00069832	0.000753272	0.00080746	0.000860828	0.000913325	0.000964896	0.00101549	0.00106506	0.00111355	0.00116091	0.0012071	0.00125207	0.00129577	0.00133817	0.00137921	0.00141887	0.00145709	0.00149383	0.00152908	0.00156278	0.0015949	0.00162541	0.00165429	0.0016815	0.00170701	0.0017308	0.00175285	0.00177313	0.00179162	0.00180831	0.00182317	0.0018362	0.00184738	0.0018567	0.00186415	0.00186972	0.00187341	0.00187521	0.00187512	0.00187315	0.00186929	0.00186354	0.00185592	0.00184644	0.00183509	0.0018219	0.00180687	0.00179003	0.00177139	0.00175096	0.00172877	0.00170484	0.0016792	0.00165187	0.00162288	0.00159226	0.00156003	0.00152624	0.00149092	0.00145409	0.00141581	0.0013761	0.00133502	0.00129259	0.00124886	0.00120388	0.0011577	0.00111035	0.00106189	0.00101236	0.000961822	0.000910319	0.000857906	0.000804634	0.000750558	0.000695732	0.000640212	0.000584053	0.000527312	0.000470045	0.000412312	0.000354169	0.000295675	0.000236889	0.000177869	0.000118675	5.93657e-05	0	
0	7.94294e-05	0.000158773	0.00023795	0.00031688	0.000395484	0.000473682	0.000551394	0.000628543	0.000705051	0.00078084	0.000855835	0.00092996	0.00100314	0.0010753	0.00114638	0.00121629	0.00128496	0.00135234	0.00141835	0.00148292	0.001546	0.00160751	0.00166739	0.0017256	0.00178206	0.00183672	0.00188952	0.00194042	0.00198936	0.00203629	0.00208117	0.00212395	0.00216459	0.00220304	0.00223927	0.00227325	0.00230493	0.00233429	0.0023613	0.00238593	0.00240815	0.00242795	0.0024453	0.00246019	0.0024726	0.00248251	0.00248993	0.00249484	0.00249724	0.00249713	0.0024945	0.00248935	0.00248171	0.00247156	0.00245893	0.00244382	0.00242625	0.00240624	0.00238381	0.00235898	0.00233178	0.00230223	0.00227037	0.00223622	0.00219982	0.00216121	0.00212043	0.00207752	0.00203252	0.00198548	0.00193644	0.00188546	0.00183258	0.00177786	0.00172136	0.00166313	0.00160323	0.00154172	0.00147867	0.00141413	0.00134818	0.00128087	0.00121229	0.00114249	0.00107155	0.000999531	0.000926519	0.000852581	0.000777793	0.00070223	0.000625968	0.000549083	0.000471654	0.000393756	0.00031547	0.000236872	0.000158042	7.90585e-05	0	
0	9.91322e-05	0.000198157	0.000296975	0.000395484	0.000493586	0.000591181	0.00068817	0.000784457	0.000879943	0.000974533	0.00106813	0.00116064	0.00125198	0.00134204	0.00143074	0.00151799	0.00160371	0.0016878	0.00177018	0.00185077	0.00192949	0.00200626	0.002081	0.00215364	0.00222411	0.00229233	0.00235823	0.00242176	0.00248284	0.00254141	0.00259742	0.00265081	0.00270153	0.00274952	0.00279474	0.00283715	0.00287669	0.00291333	0.00294704	0.00297778	0.00300551	0.00303022	0.00305188	0.00307046	0.00308594	0.00309832	0.00310758	0.00311371	0.00311671	0.00311656	0.00311328	0.00310686	0.00309732	0.00308465	0.00306889	0.00305003	0.0030281	0.00300313	0.00297514	0.00294415	0.0029102	0.00287332	0.00283355	0.00279093	0.00274551	0.00269732	0.00264643	0.00259287	0.00253671	0.002478	0.00241679	0.00235316	0.00228717	0.00221888	0.00214836	0.00207568	0.00200093	0.00192416	0.00184547	0.00176492	0.00168261	0.00159861	0.00151301	0.0014259	0.00133735	0.00124748	0.00115635	0.00106407	0.000970735	0.000876427	0.000781247	0.000685291	0.000588654	0.000491433	0.000393726	0.000295632	0.000197247	9.86701e-05	0	
0	0.000118733	0.000237338	0.000355694	0.000473682	0.000591181	0.000708073	0.00082424	0.000939565	0.00105393	0.00116722	0.00127933	0.00139013	0.00149953	0.0016074	0.00171364	0.00181814	0.00192081	0.00202152	0.0021202	0.00221672	0.00231101	0.00240296	0.00249248	0.00257948	0.00266388	0.00274559	0.00282452	0.00290061	0.00297377	0.00304392	0.00311101	0.00317496	0.0032357	0.00329318	0.00334735	0.00339813	0.0034455	0.00348939	0.00352976	0.00356657	0.00359979	0.00362939	0.00365532	0.00367758	0.00369613	0.00371096	0.00372205	0.00372939	0.00373297	0.0037328	0.00372887	0.00372118	0.00370975	0.00369459	0.0036757	0.00365312	0.00362685	0.00359694	0.00356341	0.0035263	0.00348563	0.00344146	0.00339383	0.00334279	0.00328838	0.00323067	0.00316971	0.00310556	0.00303829	0.00296797	0.00289467	0.00281846	0.00273941	0.00265762	0.00257316	0.00248611	0.00239657	0.00230463	0.00221038	0.0021139	0.00201532	0.00191471	0.00181218	0.00170784	0.00160179	0.00149414	0.001385	0.00127448	0.00116268	0.00104973	0.000935727	0.000820796	0.000705051	0.000588606	0.00047158	0.000354088	0.000236249	0.000118181	0	
0	0.000138213	0.000276276	0.00041405	0.000551394	0.00068817	0.00082424	0.000959466	0.00109371	0.00122684	0.00135872	0.00148922	0.0016182	0.00174554	0.00187111	0.00199478	0.00211643	0.00223594	0.00235318	0.00246804	0.00258041	0.00269016	0.0027972	0.0029014	0.00300268	0.00310093	0.00319604	0.00328793	0.00337649	0.00346165	0.00354332	0.00362141	0.00369585	0.00376656	0.00383348	0.00389653	0.00395565	0.00401078	0.00406187	0.00410886	0.00415172	0.00419039	0.00422484	0.00425503	0.00428094	0.00430253	0.00431979	0.0043327	0.00434125	0.00434542	0.00434522	0.00434065	0.0043317	0.00431839	0.00430074	0.00427875	0.00425246	0.00422189	0.00418708	0.00414804	0.00410484	0.00405751	0.00400609	0.00395064	0.00389123	0.00382789	0.00376071	0.00368975	0.00361508	0.00353677	0.00345492	0.00336959	0.00328087	0.00318886	0.00309365	0.00299533	0.002894	0.00278977	0.00268274	0.00257302	0.00246073	0.00234596	0.00222885	0.0021095	0.00198804	0.0018646	0.00173928	0.00161224	0.00148358	0.00135344	0.00122195	0.00108925	0.000955463	0.000820727	0.000685178	0.000548951	0.000412183	0.000275011	0.000137571	0	
0	0.000157551	0.000314931	0.000471982	0.000628543	0.000784457	0.000939565	0.00109371	0.00124674	0.0013985	0.00154883	0.00169759	0.00184462	0.00198978	0.00213291	0.00227389	0.00241256	0.00254879	0.00268243	0.00281337	0.00294145	0.00306656	0.00318858	0.00330737	0.00342281	0.0035348	0.00364323	0.00374797	0.00384893	0.003946	0.0040391	0.00412812	0.00421297	0.00429358	0.00436986	0.00444173	0.00450912	0.00457197	0.0046302	0.00468378	0.00473263	0.00477671	0.00481598	0.0048504	0.00487993	0.00490454	0.00492422	0.00493894	0.00494868	0.00495344	0.00495321	0.00494799	0.00493779	0.00492262	0.0049025	0.00487744	0.00484747	0.00481262	0.00477293	0.00472844	0.00467919	0.00462524	0.00456663	0.00450342	0.00443569	0.0043635	0.00428692	0.00420602	0.00412091	0.00403164	0.00393833	0.00384106	0.00373993	0.00363505	0.00352651	0.00341444	0.00329894	0.00318012	0.00305812	0.00293305	0.00280504	0.00267421	0.00254071	0.00240467	0.00226621	0.00212549	0.00198265	0.00183783	0.00169117	0.00154282	0.00139293	0.00124166	0.00108915	0.000935567	0.000781051	0.000625763	0.000469858	0.000313491	0.00015682	0	
0	0.000176728	0.000353265	0.000529432	0.000705051	0.000879943	0.00105393	0.00122684	0.0013985	0.00156873	0.00173736	0.00190422	0.00206915	0.00223198	0.00239254	0.00255068	0.00270623	0.00285904	0.00300895	0.00315582	0.0032995	0.00343984	0.0035767	0.00370995	0.00383946	0.00396508	0.0040867	0.00420419	0.00431744	0.00442633	0.00453076	0.00463062	0.0047258	0.00481622	0.00490178	0.0049824	0.00505799	0.00512849	0.00519382	0.00525391	0.00530871	0.00535816	0.00540221	0.00544082	0.00547394	0.00550156	0.00552363	0.00554013	0.00555106	0.0055564	0.00555614	0.00555029	0.00553885	0.00552184	0.00549926	0.00547115	0.00543754	0.00539845	0.00535393	0.00530402	0.00524878	0.00518825	0.00512251	0.00505161	0.00497563	0.00489465	0.00480875	0.00471801	0.00462253	0.00452241	0.00441774	0.00430863	0.00419519	0.00407754	0.00395579	0.00383007	0.00370051	0.00356723	0.00343038	0.00329008	0.00314649	0.00299974	0.00284999	0.00269738	0.00254208	0.00238423	0.002224	0.00206154	0.00189703	0.00173062	0.00156249	0.00139281	0.00122174	0.00104945	0.000876128	0.000701937	0.000527054	0.000351653	0.00017591	0	
0	0.000195725	0.000391239	0.000586344	0.00078084	0.000974533	0.00116722	0.00135872	0.00154883	0.00173736	0.00192412	0.00210892	0.00229158	0.00247191	0.00264973	0.00282487	0.00299714	0.00316637	0.00333241	0.00349506	0.00365419	0.00380961	0.00396119	0.00410876	0.00425219	0.00439131	0.00452601	0.00465613	0.00478156	0.00490215	0.00501781	0.0051284	0.00523381	0.00533395	0.00542871	0.005518	0.00560172	0.0056798	0.00575215	0.0058187	0.00587939	0.00593415	0.00598294	0.0060257	0.00606238	0.00609297	0.00611741	0.00613569	0.00614779	0.00615371	0.00615342	0.00614694	0.00613427	0.00611543	0.00609043	0.0060593	0.00602207	0.00597878	0.00592947	0.0058742	0.00581302	0.00574598	0.00567317	0.00559466	0.00551051	0.00542082	0.00532569	0.0052252	0.00511945	0.00500856	0.00489264	0.0047718	0.00464617	0.00451587	0.00438104	0.0042418	0.00409831	0.00395071	0.00379914	0.00364377	0.00348474	0.00332222	0.00315637	0.00298735	0.00281535	0.00264054	0.00246308	0.00228316	0.00210096	0.00191667	0.00173046	0.00154254	0.00135308	0.00116227	0.000970314	0.000777397	0.000583713	0.000389456	0.000194821	0	
0	0.000214524	0.000428816	0.000642658	0.000855835	0.00106813	0.00127933	0.00148922	0.00169759	0.00190422	0.00210892	0.00231147	0.00251167	0.00270932	0.00290422	0.00309618	0.003285	0.00347049	0.00365247	0.00383075	0.00400516	0.00417551	0.00434165	0.0045034	0.00466059	0.00481308	0.00496071	0.00510334	0.00524081	0.00537299	0.00549975	0.00562096	0.00573651	0.00584626	0.00595012	0.00604798	0.00613975	0.00622532	0.00630462	0.00637757	0.00644409	0.00650411	0.00655758	0.00660445	0.00664466	0.00667818	0.00670497	0.00672501	0.00673827	0.00674475	0.00674444	0.00673734	0.00672346	0.0067028	0.0066754	0.00664128	0.00660047	0.00655303	0.00649899	0.0064384	0.00637134	0.00629788	0.00621807	0.00613201	0.00603979	0.00594149	0.00583721	0.00572707	0.00561117	0.00548963	0.00536257	0.00523013	0.00509243	0.00494961	0.00480183	0.00464922	0.00449195	0.00433017	0.00416405	0.00399375	0.00381944	0.00364131	0.00345953	0.00327429	0.00308577	0.00289416	0.00269966	0.00250246	0.00230276	0.00210077	0.00189668	0.0016907	0.00148304	0.00127391	0.00106351	0.000852067	0.00063978	0.000426864	0.000213534	0	
0	0.000233104	0.000465956	0.00069832	0.00092996	0.00116064	0.00139013	0.0016182	0.00184462	0.00206915	0.00229158	0.00251167	0.00272921	0.00294398	0.00315577	0.00336435	0.00356952	0.00377108	0.00396882	0.00416254	0.00435206	0.00453717	0.00471769	0.00489345	0.00506426	0.00522996	0.00539038	0.00554536	0.00569473	0.00583837	0.00597611	0.00610782	0.00623337	0.00635263	0.00646549	0.00657183	0.00667154	0.00676453	0.00685069	0.00692996	0.00700224	0.00706746	0.00712557	0.00717649	0.00722019	0.00725661	0.00728572	0.00730749	0.00732191	0.00732895	0.00732861	0.00732089	0.00730581	0.00728336	0.00725359	0.00721651	0.00717218	0.00712062	0.0070619	0.00699607	0.0069232	0.00684337	0.00675665	0.00666314	0.00656292	0.00645611	0.0063428	0.00622312	0.00609718	0.00596512	0.00582706	0.00568314	0.00553351	0.00537833	0.00521775	0.00505192	0.00488103	0.00470524	0.00452472	0.00433967	0.00415027	0.00395671	0.00375919	0.0035579	0.00335305	0.00314484	0.00293349	0.00271921	0.00250222	0.00228273	0.00206096	0.00183714	0.0016115	0.00138425	0.00115563	0.000925872	0.000695196	0.000463839	0.00023203	0	
0	0.000251447	0.000502623	0.000753272	0.00100314	0.00125198	0.00149953	0.00174554	0.00198978	0.00223198	0.00247191	0.00270932	0.00294398	0.00317566	0.00340411	0.0036291	0.00385042	0.00406784	0.00428114	0.00449011	0.00469454	0.00489422	0.00508895	0.00527854	0.00546279	0.00564153	0.00581457	0.00598174	0.00614288	0.00629781	0.00644639	0.00658847	0.0067239	0.00685255	0.00697429	0.00708899	0.00719655	0.00729686	0.00738981	0.00747531	0.00755328	0.00762364	0.00768631	0.00774125	0.00778838	0.00782767	0.00785907	0.00788256	0.00789811	0.0079057	0.00790534	0.00789702	0.00788074	0.00785653	0.00782442	0.00778442	0.0077366	0.00768098	0.00761764	0.00754663	0.00746803	0.00738191	0.00728837	0.0071875	0.0070794	0.00696418	0.00684196	0.00671286	0.00657701	0.00643455	0.00628562	0.00613038	0.00596898	0.00580159	0.00562836	0.00544949	0.00526515	0.00507552	0.00488081	0.00468119	0.00447689	0.00426809	0.00405502	0.00383789	0.00361692	0.00339233	0.00316435	0.00293321	0.00269914	0.00246238	0.00222316	0.00198172	0.00173832	0.00149319	0.00124658	0.000998737	0.000749908	0.000500342	0.00025029	0	
0	0.000269535	0.000538779	0.00080746	0.0010753	0.00134204	0.0016074	0.00187111	0.00213291	0.00239254	0.00264973	0.00290422	0.00315577	0.00340411	0.00364899	0.00389017	0.00412741	0.00436047	0.00458912	0.00481312	0.00503225	0.0052463	0.00545504	0.00565827	0.00585578	0.00604737	0.00623287	0.00641206	0.00658479	0.00675087	0.00691014	0.00706244	0.00720761	0.00734551	0.00747601	0.00759897	0.00771427	0.00782179	0.00792143	0.00801308	0.00809666	0.00817208	0.00823926	0.00829815	0.00834867	0.00839079	0.00842445	0.00844963	0.0084663	0.00847444	0.00847405	0.00846513	0.00844768	0.00842173	0.0083873	0.00834443	0.00829317	0.00823355	0.00816565	0.00808954	0.00800528	0.00791297	0.0078127	0.00770457	0.0075887	0.00746519	0.00733417	0.00719579	0.00705016	0.00689746	0.00673782	0.00657141	0.0063984	0.00621896	0.00603328	0.00584153	0.00564393	0.00544066	0.00523194	0.00501796	0.00479896	0.00457515	0.00434675	0.004114	0.00387713	0.00363639	0.003392	0.00314423	0.00289332	0.00263952	0.0023831	0.00212429	0.00186338	0.00160062	0.00133626	0.00107059	0.000803858	0.000536339	0.000268297	0	
0	0.00028735	0.00057439	0.000860828	0.00114638	0.00143074	0.00171364	0.00199478	0.00227389	0.00255068	0.00282487	0.00309618	0.00336435	0.0036291	0.00389017	0.0041473	0.00440022	0.00464868	0.00489244	0.00513125	0.00536487	0.00559306	0.0058156	0.00603226	0.00624283	0.00644709	0.00664484	0.00683588	0.00702002	0.00719708	0.00736688	0.00752924	0.00768401	0.00783103	0.00797016	0.00810124	0.00822416	0.00833879	0.00844501	0.00854273	0.00863183	0.00871223	0.00878386	0.00884664	0.0089005	0.0089454	0.00898129	0.00900813	0.0090259	0.00903458	0.00903417	0.00902466	0.00900606	0.00897839	0.00894169	0.00889599	0.00884133	0.00877778	0.00870539	0.00862424	0.00853442	0.00843601	0.00832911	0.00821383	0.0080903	0.00795863	0.00781895	0.00767142	0.00751617	0.00735337	0.00718318	0.00700577	0.00682132	0.00663003	0.00643207	0.00622766	0.00601699	0.00580029	0.00557777	0.00534965	0.00511617	0.00487756	0.00463407	0.00438593	0.00413341	0.00387675	0.00361622	0.00335207	0.00308457	0.002814	0.00254062	0.00226471	0.00198655	0.00170642	0.00142459	0.00114136	0.000856995	0.000571791	0.000286032	0	
0	0.000304873	0.000609418	0.000913325	0.00121629	0.00151799	0.00181814	0.00211643	0.00241256	0.00270623	0.00299714	0.003285	0.00356952	0.00385042	0.00412741	0.00440022	0.00466857	0.00493218	0.00519081	0.00544418	0.00569204	0.00593415	0.00617026	0.00640014	0.00662355	0.00684027	0.00705008	0.00725277	0.00744814	0.007636	0.00781615	0.00798842	0.00815263	0.00830862	0.00845622	0.00859531	0.00872572	0.00884734	0.00896004	0.00906371	0.00915825	0.00924356	0.00931955	0.00938616	0.00944331	0.00949095	0.00952903	0.00955751	0.00957636	0.00958557	0.00958513	0.00957504	0.00955531	0.00952596	0.00948702	0.00943853	0.00938054	0.00931311	0.0092363	0.00915021	0.00905491	0.00895049	0.00883708	0.00871477	0.0085837	0.008444	0.00829581	0.00813928	0.00797456	0.00780183	0.00762126	0.00743304	0.00723734	0.00703438	0.00682435	0.00660747	0.00638395	0.00615404	0.00591794	0.00567591	0.0054282	0.00517504	0.00491669	0.00465343	0.0043855	0.00411319	0.00383676	0.00355651	0.0032727	0.00298562	0.00269557	0.00240284	0.00210771	0.00181049	0.00151148	0.00121097	0.000909263	0.000606665	0.000303477	0	
0	0.000322088	0.000643829	0.000964896	0.00128496	0.00160371	0.00192081	0.00223594	0.00254879	0.00285904	0.00316637	0.00347049	0.00377108	0.00406784	0.00436047	0.00464868	0.00493218	0.00521069	0.00548392	0.0057516	0.00601346	0.00626924	0.00651868	0.00676154	0.00699756	0.00722652	0.00744818	0.00766232	0.00786872	0.00806719	0.00825751	0.00843951	0.00861299	0.00877778	0.00893373	0.00908066	0.00921844	0.00934693	0.009466	0.00957552	0.0096754	0.00976553	0.00984581	0.00991618	0.00997656	0.0100269	0.0100671	0.0100972	0.0101171	0.0101269	0.0101264	0.0101157	0.0100949	0.0100639	0.0100227	0.00997151	0.00991024	0.009839	0.00975787	0.00966691	0.00956623	0.00945592	0.0093361	0.00920689	0.00906842	0.00892083	0.00876427	0.0085989	0.00842488	0.0082424	0.00805163	0.00785278	0.00764603	0.0074316	0.00720972	0.00698059	0.00674445	0.00650155	0.00625213	0.00599643	0.00573473	0.00546727	0.00519434	0.00491621	0.00463315	0.00434546	0.00405343	0.00375734	0.00345751	0.00315422	0.00284779	0.00253853	0.00222673	0.00191273	0.00159683	0.00127935	0.00096061	0.000640924	0.000320615	0	
0	0.000338977	0.000677588	0.00101549	0.00135234	0.0016878	0.00202152	0.00235318	0.00268243	0.00300895	0.00333241	0.00365247	0.00396882	0.00428114	0.00458912	0.00489244	0.00519081	0.00548392	0.00577147	0.00605319	0.00632878	0.00659797	0.0068605	0.00711609	0.00736449	0.00760545	0.00783873	0.0080641	0.00828133	0.00849021	0.00869051	0.00888205	0.00906463	0.00923807	0.00940219	0.00955683	0.00970183	0.00983706	0.00996237	0.0100776	0.0101828	0.0102776	0.0103621	0.0104362	0.0104997	0.0105527	0.010595	0.0106267	0.0106476	0.0106579	0.0106574	0.0106462	0.0106242	0.0105916	0.0105483	0.0104944	0.0104299	0.0103549	0.0102696	0.0101738	0.0100679	0.00995177	0.00982567	0.00968968	0.00954395	0.00938862	0.00922385	0.00904981	0.00886667	0.00867462	0.00847385	0.00826457	0.00804698	0.00782131	0.00758779	0.00734664	0.00709813	0.00684249	0.00657998	0.00631088	0.00603545	0.00575397	0.00546673	0.00517401	0.00487611	0.00457334	0.00426599	0.00395438	0.00363882	0.00331963	0.00299713	0.00267165	0.00234351	0.00201304	0.00168057	0.00134644	0.00101099	0.000674535	0.000337428	0	
0	0.000355522	0.000710661	0.00106506	0.00141835	0.00177018	0.0021202	0.00246804	0.00281337	0.00315582	0.00349506	0.00383075	0.00416254	0.00449011	0.00481312	0.00513125	0.00544418	0.0057516	0.00605319	0.00634865	0.0066377	0.00692003	0.00719537	0.00746344	0.00772397	0.00797669	0.00822136	0.00845773	0.00868557	0.00890463	0.00911472	0.00931561	0.0095071	0.009689	0.00986113	0.0100233	0.0101754	0.0103172	0.0104487	0.0105696	0.0106798	0.0107793	0.0108679	0.0109456	0.0110122	0.0110678	0.0111122	0.0111454	0.0111674	0.0111781	0.0111776	0.0111659	0.0111428	0.0111086	0.0110632	0.0110067	0.010939	0.0108604	0.0107708	0.0106704	0.0105593	0.0104376	0.0103053	0.0101627	0.0100098	0.00984692	0.00967411	0.00949157	0.00929949	0.00909806	0.00888749	0.00866799	0.00843979	0.0082031	0.00795818	0.00770527	0.00744462	0.0071765	0.00690118	0.00661895	0.00633007	0.00603485	0.00573359	0.00542658	0.00511414	0.00479659	0.00447423	0.00414741	0.00381645	0.00348168	0.00314344	0.00280207	0.00245791	0.0021113	0.00176261	0.00141217	0.00106034	0.000707463	0.0003539	0	
0	0.000371708	0.000743016	0.00111355	0.00148292	0.00185077	0.00221672	0.00258041	0.00294145	0.0032995	0.00365419	0.00400516	0.00435206	0.00469454	0.00503225	0.00536487	0.00569204	0.00601346	0.00632878	0.0066377	0.00693991	0.00723509	0.00752297	0.00780324	0.00807563	0.00833986	0.00859567	0.0088428	0.00908101	0.00931005	0.0095297	0.00973974	0.00993995	0.0101301	0.0103101	0.0104797	0.0106387	0.010787	0.0109244	0.0110508	0.011166	0.0112701	0.0113627	0.0114439	0.0115136	0.0115717	0.0116181	0.0116528	0.0116758	0.0116871	0.0116865	0.0116742	0.0116502	0.0116144	0.0115669	0.0115078	0.0114371	0.0113549	0.0112612	0.0111563	0.0110401	0.0109128	0.0107745	0.0106254	0.0104656	0.0102953	0.0101146	0.00992373	0.0097229	0.00951231	0.00929215	0.00906266	0.00882406	0.0085766	0.00832052	0.0080561	0.00778358	0.00750326	0.0072154	0.00692032	0.00661829	0.00630963	0.00599465	0.00567366	0.005347	0.00501498	0.00467796	0.00433625	0.00399022	0.00364021	0.00328657	0.00292965	0.00256982	0.00220744	0.00184287	0.00147647	0.00110862	0.000739676	0.000370014	0	
0	0.000387518	0.000774619	0.00116091	0.001546	0.00192949	0.00231101	0.00269016	0.00306656	0.00343984	0.00380961	0.00417551	0.00453717	0.00489422	0.0052463	0.00559306	0.00593415	0.00626924	0.00659797	0.00692003	0.00723509	0.00754284	0.00784296	0.00813515	0.00841913	0.0086946	0.00896129	0.00921894	0.00946727	0.00970606	0.00993505	0.010154	0.0103627	0.010561	0.0107487	0.0109254	0.0110912	0.0112458	0.0113891	0.0115208	0.011641	0.0117494	0.011846	0.0119307	0.0120034	0.0120639	0.0121123	0.0121485	0.0121725	0.0121842	0.0121836	0.0121708	0.0121457	0.0121084	0.0120589	0.0119973	0.0119236	0.0118379	0.0117403	0.0116308	0.0115097	0.011377	0.0112328	0.0110774	0.0109108	0.0107332	0.0105448	0.0103459	0.0101365	0.00991693	0.00968741	0.00944816	0.00919941	0.00894142	0.00867446	0.00839878	0.00811468	0.00782243	0.00752233	0.00721469	0.00689981	0.00657802	0.00624964	0.00591501	0.00557445	0.00522831	0.00487695	0.00452071	0.00415996	0.00379506	0.00342637	0.00305427	0.00267914	0.00230134	0.00192126	0.00153928	0.00115578	0.000771141	0.000385754	0	
0	0.000402936	0.000805439	0.0012071	0.00160751	0.00200626	0.00240296	0.0027972	0.00318858	0.0035767	0.00396119	0.00434165	0.00471769	0.00508895	0.00545504	0.0058156	0.00617026	0.00651868	0.0068605	0.00719537	0.00752297	0.00784296	0.00815502	0.00845884	0.00875411	0.00904055	0.00931785	0.00958575	0.00984397	0.0100923	0.0103304	0.010558	0.0107751	0.0109812	0.0111763	0.0113602	0.0115325	0.0116933	0.0118422	0.0119792	0.0121042	0.012217	0.0123174	0.0124054	0.012481	0.0125439	0.0125943	0.0126319	0.0126568	0.012669	0.0126684	0.0126551	0.012629	0.0125902	0.0125388	0.0124747	0.012398	0.0123089	0.0122074	0.0120936	0.0119677	0.0118297	0.0116798	0.0115181	0.0113449	0.0111603	0.0109644	0.0107575	0.0105398	0.0103115	0.0100729	0.00982411	0.00956546	0.00929721	0.00901962	0.00873298	0.00843757	0.00813369	0.00782165	0.00750177	0.00717437	0.00683977	0.00649833	0.00615037	0.00579626	0.00543635	0.00507101	0.0047006	0.00432549	0.00394607	0.00356271	0.00317581	0.00278575	0.00239291	0.00199771	0.00160053	0.00120177	0.000801827	0.000401104	0	
0	0.000417947	0.000835445	0.00125207	0.00166739	0.002081	0.00249248	0.0029014	0.00330737	0.00370995	0.00410876	0.0045034	0.00489345	0.00527854	0.00565827	0.00603226	0.00640014	0.00676154	0.00711609	0.00746344	0.00780324	0.00813515	0.00845884	0.00877398	0.00908025	0.00937736	0.00966499	0.00994287	0.0102107	0.0104683	0.0107152	0.0109514	0.0111765	0.0113904	0.0115927	0.0117834	0.0119622	0.0121289	0.0122834	0.0124256	0.0125552	0.0126721	0.0127763	0.0128676	0.012946	0.0130113	0.0130635	0.0131025	0.0131284	0.013141	0.0131404	0.0131266	0.0130995	0.0130593	0.0130059	0.0129394	0.0128599	0.0127675	0.0126622	0.0125442	0.0124135	0.0122704	0.0121149	0.0119473	0.0117676	0.0115761	0.0113729	0.0111583	0.0109325	0.0106957	0.0104482	0.0101901	0.00992185	0.0096436	0.00935567	0.00905835	0.00875193	0.00843674	0.00811307	0.00778127	0.00744167	0.00709461	0.00674044	0.00637953	0.00601222	0.0056389	0.00525995	0.00487574	0.00448665	0.0040931	0.00369546	0.00329414	0.00288954	0.00248207	0.00207214	0.00166016	0.00124655	0.000831703	0.000416049	0	
0	0.000432536	0.000864607	0.00129577	0.0017256	0.00215364	0.00257948	0.00300268	0.00342281	0.00383946	0.00425219	0.00466059	0.00506426	0.00546279	0.00585578	0.00624283	0.00662355	0.00699756	0.00736449	0.00772397	0.00807563	0.00841913	0.00875411	0.00908025	0.00939722	0.0097047	0.0100024	0.01029	0.0105671	0.0108337	0.0110893	0.0113337	0.0115667	0.011788	0.0119974	0.0121947	0.0123798	0.0125523	0.0127122	0.0128593	0.0129934	0.0131145	0.0132223	0.0133168	0.0133979	0.0134655	0.0135195	0.0135599	0.0135867	0.0135997	0.0135991	0.0135848	0.0135568	0.0135152	0.0134599	0.0133911	0.0133089	0.0132132	0.0131042	0.0129821	0.0128469	0.0126988	0.0125378	0.0123643	0.0121784	0.0119802	0.0117699	0.0115478	0.0113142	0.0110691	0.0108129	0.0105459	0.0102682	0.00998026	0.00968227	0.00937457	0.00905746	0.00873126	0.0083963	0.00805291	0.00770146	0.00734228	0.00697575	0.00660224	0.00622211	0.00583576	0.00544357	0.00504595	0.00464328	0.00423599	0.00382447	0.00340914	0.00299042	0.00256872	0.00214448	0.00171812	0.00129006	0.000860738	0.000430574	0	
0	0.000446688	0.000892895	0.00133817	0.00178206	0.00222411	0.00266388	0.00310093	0.0035348	0.00396508	0.00439131	0.00481308	0.00522996	0.00564153	0.00604737	0.00644709	0.00684027	0.00722652	0.00760545	0.00797669	0.00833986	0.0086946	0.00904055	0.00937736	0.0097047	0.0100222	0.0103297	0.0106266	0.0109129	0.0111882	0.0114521	0.0117045	0.0119451	0.0121737	0.01239	0.0125937	0.0127848	0.012963	0.0131282	0.0132801	0.0134186	0.0135436	0.0136549	0.0137525	0.0138363	0.0139061	0.0139619	0.0140036	0.0140312	0.0140447	0.0140441	0.0140293	0.0140004	0.0139574	0.0139004	0.0138293	0.0137443	0.0136456	0.013533	0.0134069	0.0132673	0.0131143	0.0129481	0.0127689	0.0125769	0.0123722	0.0121551	0.0119257	0.0116844	0.0114313	0.0111667	0.0108909	0.0106042	0.0103068	0.0099991	0.00968133	0.00935384	0.00901696	0.00867104	0.00831642	0.00795347	0.00758254	0.00720402	0.00681828	0.00642571	0.00602672	0.0056217	0.00521107	0.00479523	0.0043746	0.00394961	0.00352069	0.00308827	0.00265278	0.00221466	0.00177434	0.00133228	0.000888904	0.000444664	0	
0	0.000460389	0.000920282	0.00137921	0.00183672	0.00229233	0.00274559	0.00319604	0.00364323	0.0040867	0.00452601	0.00496071	0.00539038	0.00581457	0.00623287	0.00664484	0.00705008	0.00744818	0.00783873	0.00822136	0.00859567	0.00896129	0.00931785	0.00966499	0.0100024	0.0103297	0.0106465	0.0109526	0.0112476	0.0115313	0.0118034	0.0120635	0.0123115	0.0125471	0.01277	0.01298	0.013177	0.0133607	0.0135309	0.0136874	0.0138302	0.013959	0.0140738	0.0141744	0.0142607	0.0143326	0.0143901	0.0144332	0.0144616	0.0144756	0.0144749	0.0144597	0.0144299	0.0143855	0.0143267	0.0142535	0.014166	0.0140641	0.0139482	0.0138181	0.0136742	0.0135166	0.0133453	0.0131606	0.0129627	0.0127517	0.0125279	0.0122915	0.0120428	0.011782	0.0115093	0.011225	0.0109295	0.010623	0.0103058	0.00997831	0.00964077	0.00929356	0.00893703	0.00857154	0.00819745	0.00781514	0.007425	0.00702743	0.00662283	0.0062116	0.00579415	0.00537092	0.00494232	0.0045088	0.00407077	0.0036287	0.00318301	0.00273416	0.0022826	0.00182878	0.00137315	0.000916173	0.000458305	0	
0	0.000473625	0.00094674	0.00141887	0.00188952	0.00235823	0.00282452	0.00328793	0.00374797	0.00420419	0.00465613	0.00510334	0.00554536	0.00598174	0.00641206	0.00683588	0.00725277	0.00766232	0.0080641	0.00845773	0.0088428	0.00921894	0.00958575	0.00994287	0.01029	0.0106266	0.0109526	0.0112675	0.011571	0.0118629	0.0121428	0.0124104	0.0126655	0.0129078	0.0131372	0.0133532	0.0135558	0.0137448	0.0139199	0.014081	0.0142278	0.0143604	0.0144784	0.0145819	0.0146707	0.0147447	0.0148039	0.0148481	0.0148774	0.0148918	0.0148911	0.0148754	0.0148448	0.0147992	0.0147387	0.0146633	0.0145733	0.0144685	0.0143492	0.0142154	0.0140674	0.0139052	0.013729	0.013539	0.0133354	0.0131183	0.0128881	0.0126449	0.0123891	0.0121207	0.0118402	0.0115478	0.0112438	0.0109284	0.0106021	0.0102652	0.00991797	0.00956078	0.009194	0.008818	0.00843315	0.00803985	0.0076385	0.0072295	0.00681326	0.0063902	0.00596076	0.00552535	0.00508444	0.00463844	0.00418782	0.00373304	0.00327453	0.00281278	0.00234823	0.00188136	0.00141263	0.000942517	0.000471483	0	
0	0.000486383	0.000972242	0.00145709	0.00194042	0.00242176	0.00290061	0.00337649	0.00384893	0.00431744	0.00478156	0.00524081	0.00569473	0.00614288	0.00658479	0.00702002	0.00744814	0.00786872	0.00828133	0.00868557	0.00908101	0.00946727	0.00984397	0.0102107	0.0105671	0.0109129	0.0112476	0.011571	0.0118827	0.0121824	0.0124699	0.0127447	0.0130067	0.0132556	0.0134911	0.013713	0.013921	0.0141151	0.0142949	0.0144603	0.0146111	0.0147472	0.0148685	0.0149747	0.0150659	0.0151419	0.0152027	0.0152481	0.0152782	0.0152929	0.0152922	0.0152761	0.0152447	0.0151978	0.0151357	0.0150584	0.0149659	0.0148583	0.0147358	0.0145984	0.0144464	0.0142798	0.0140988	0.0139037	0.0136946	0.0134717	0.0132353	0.0129856	0.0127228	0.0124472	0.0121592	0.0118589	0.0115467	0.0112228	0.0108878	0.0105418	0.0101852	0.00981835	0.00944169	0.00905555	0.00866034	0.00825645	0.00784428	0.00742426	0.00699681	0.00656236	0.00612134	0.00567421	0.00522141	0.00476341	0.00430065	0.00383361	0.00336275	0.00288856	0.00241149	0.00193205	0.00145069	0.00096791	0.000484185	0	
0	0.00049865	0.000996764	0.00149383	0.00198936	0.00248284	0.00297377	0.00346165	0.003946	0.00442633	0.00490215	0.00537299	0.00583837	0.00629781	0.00675087	0.00719708	0.007636	0.00806719	0.00849021	0.00890463	0.00931005	0.00970606	0.0100923	0.0104683	0.0108337	0.0111882	0.0115313	0.0118629	0.0121824	0.0124897	0.0127844	0.0130662	0.0133348	0.0135899	0.0138313	0.0140588	0.0142722	0.0144711	0.0146554	0.014825	0.0149796	0.0151192	0.0152435	0.0153524	0.0154459	0.0155239	0.0155861	0.0156327	0.0156636	0.0156787	0.0156779	0.0156614	0.0156292	0.0155812	0.0155175	0.0154382	0.0153433	0.0152331	0.0151074	0.0149666	0.0148108	0.01464	0.0144545	0.0142544	0.0140401	0.0138116	0.0135692	0.0133131	0.0130437	0.0127612	0.0124659	0.012158	0.0118379	0.0115059	0.0111624	0.0108077	0.0104421	0.010066	0.00967985	0.00928398	0.00887879	0.00846471	0.00804215	0.00761154	0.0071733	0.00672789	0.00627575	0.00581734	0.00535312	0.00488356	0.00440913	0.00393031	0.00344758	0.00296142	0.00247233	0.00198078	0.00148729	0.000992326	0.000496399	0	
0	0.000510414	0.00102028	0.00152908	0.00203629	0.00254141	0.00304392	0.00354332	0.0040391	0.00453076	0.00501781	0.00549975	0.00597611	0.00644639	0.00691014	0.00736688	0.00781615	0.00825751	0.00869051	0.00911472	0.0095297	0.00993505	0.0103304	0.0107152	0.0110893	0.0114521	0.0118034	0.0121428	0.0124699	0.0127844	0.013086	0.0133744	0.0136494	0.0139105	0.0141577	0.0143905	0.0146089	0.0148125	0.0150012	0.0151748	0.0153331	0.0154759	0.0156031	0.0157147	0.0158104	0.0158901	0.0159539	0.0160016	0.0160331	0.0160486	0.0160478	0.016031	0.0159979	0.0159488	0.0158836	0.0158024	0.0157054	0.0155925	0.0154639	0.0153198	0.0151602	0.0149854	0.0147955	0.0145908	0.0143713	0.0141374	0.0138893	0.0136273	0.0133515	0.0130623	0.01276	0.0124449	0.0121172	0.0117774	0.0114258	0.0110627	0.0106885	0.0103035	0.00990824	0.00950303	0.00908829	0.00866444	0.00823191	0.00779113	0.00734256	0.00688664	0.00642383	0.00595461	0.00547943	0.00499879	0.00451317	0.00402305	0.00352893	0.0030313	0.00253066	0.00202752	0.00152238	0.00101574	0.000508112	0	
0	0.000521663	0.00104276	0.00156278	0.00208117	0.00259742	0.00311101	0.00362141	0.00412812	0.00463062	0.0051284	0.00562096	0.00610782	0.00658847	0.00706244	0.00752924	0.00798842	0.00843951	0.00888205	0.00931561	0.00973974	0.010154	0.010558	0.0109514	0.0113337	0.0117045	0.0120635	0.0124104	0.0127447	0.0130662	0.0133744	0.0136692	0.0139502	0.0142171	0.0144697	0.0147077	0.0149309	0.015139	0.0153318	0.0155092	0.015671	0.015817	0.0159471	0.016061	0.0161588	0.0162404	0.0163055	0.0163543	0.0163865	0.0164023	0.0164016	0.0163843	0.0163505	0.0163003	0.0162337	0.0161507	0.0160515	0.0159361	0.0158047	0.0156574	0.0154944	0.0153157	0.0151216	0.0149124	0.0146881	0.014449	0.0141955	0.0139276	0.0136458	0.0133502	0.0130413	0.0127192	0.0123843	0.012037	0.0116776	0.0113065	0.0109241	0.0105306	0.0101266	0.0097125	0.00928862	0.00885542	0.00841336	0.00796287	0.00750441	0.00703844	0.00656543	0.00608586	0.00560022	0.00510898	0.00461265	0.00411173	0.00360671	0.00309812	0.00258645	0.00207221	0.00155594	0.00103813	0.000519313	0	
0	0.000532386	0.0010642	0.0015949	0.00212395	0.00265081	0.00317496	0.00369585	0.00421297	0.0047258	0.00523381	0.00573651	0.00623337	0.0067239	0.00720761	0.00768401	0.00815263	0.00861299	0.00906463	0.0095071	0.00993995	0.0103627	0.0107751	0.0111765	0.0115667	0.0119451	0.0123115	0.0126655	0.0130067	0.0133348	0.0136494	0.0139502	0.014237	0.0145094	0.0147672	0.01501	0.0152378	0.0154502	0.015647	0.0158281	0.0159932	0.0161422	0.0162749	0.0163912	0.016491	0.0165742	0.0166407	0.0166905	0.0167234	0.0167395	0.0167387	0.0167211	0.0166867	0.0166354	0.0165674	0.0164828	0.0163815	0.0162638	0.0161296	0.0159793	0.0158129	0.0156305	0.0154325	0.0152189	0.01499	0.0147461	0.0144873	0.014214	0.0139263	0.0136247	0.0133094	0.0129806	0.0126389	0.0122845	0.0119177	0.011539	0.0111486	0.0107471	0.0103348	0.00991217	0.00947958	0.00903748	0.00858632	0.00812657	0.00765869	0.00718314	0.00670041	0.00621098	0.00571535	0.00521401	0.00470748	0.00419626	0.00368086	0.00316181	0.00263962	0.00211482	0.00158793	0.00105947	0.000529989	0	
0	0.000542572	0.00108456	0.00162541	0.00216459	0.00270153	0.0032357	0.00376656	0.00429358	0.00481622	0.00533395	0.00584626	0.00635263	0.00685255	0.00734551	0.00783103	0.00830862	0.00877778	0.00923807	0.009689	0.0101301	0.010561	0.0109812	0.0113904	0.011788	0.0121737	0.0125471	0.0129078	0.0132556	0.0135899	0.0139105	0.0142171	0.0145094	0.014787	0.0150497	0.0152972	0.0155294	0.0157458	0.0159464	0.0161309	0.0162992	0.016451	0.0165863	0.0167048	0.0168066	0.0168913	0.0169591	0.0170098	0.0170434	0.0170598	0.017059	0.0170411	0.017006	0.0169537	0.0168844	0.0167982	0.016695	0.016575	0.0164383	0.0162851	0.0161155	0.0159296	0.0157278	0.0155101	0.0152769	0.0150283	0.0147645	0.0144859	0.0141928	0.0138854	0.013564	0.013229	0.0128808	0.0125195	0.0121457	0.0117598	0.011362	0.0109528	0.0105326	0.0101018	0.00966097	0.00921042	0.00875063	0.00828208	0.00780524	0.00732059	0.00682863	0.00632983	0.00582472	0.00531379	0.00479757	0.00427656	0.0037513	0.00322232	0.00269013	0.00215529	0.00161831	0.00107975	0.000540131	0	
0	0.000552211	0.00110383	0.00165429	0.00220304	0.00274952	0.00329318	0.00383348	0.00436986	0.00490178	0.00542871	0.00595012	0.00646549	0.00697429	0.00747601	0.00797016	0.00845622	0.00893373	0.00940219	0.00986113	0.0103101	0.0107487	0.0111763	0.0115927	0.0119974	0.01239	0.01277	0.0131372	0.0134911	0.0138313	0.0141577	0.0144697	0.0147672	0.0150497	0.0153171	0.015569	0.0158053	0.0160256	0.0162297	0.0164175	0.0165888	0.0167433	0.016881	0.0170016	0.0171052	0.0171915	0.0172604	0.017312	0.0173462	0.0173629	0.0173621	0.0173438	0.0173081	0.017255	0.0171844	0.0170966	0.0169916	0.0168694	0.0167303	0.0165744	0.0164018	0.0162127	0.0160072	0.0157857	0.0155483	0.0152953	0.0150268	0.0147433	0.014445	0.0141321	0.013805	0.0134641	0.0131096	0.012742	0.0123615	0.0119687	0.0115638	0.0111474	0.0107197	0.0102813	0.00983263	0.00937407	0.00890611	0.00842924	0.00794393	0.00745067	0.00694996	0.0064423	0.00592821	0.00540821	0.00488281	0.00435255	0.00381796	0.00327957	0.00273793	0.00219358	0.00164707	0.00109893	0.000549729	0	
0	0.000561293	0.00112198	0.0016815	0.00223927	0.00279474	0.00334735	0.00389653	0.00444173	0.0049824	0.005518	0.00604798	0.00657183	0.00708899	0.00759897	0.00810124	0.00859531	0.00908066	0.00955683	0.0100233	0.0104797	0.0109254	0.0113602	0.0117834	0.0121947	0.0125937	0.01298	0.0133532	0.013713	0.0140588	0.0143905	0.0147077	0.01501	0.0152972	0.015569	0.0158251	0.0160652	0.0162892	0.0164967	0.0166876	0.0168616	0.0170187	0.0171586	0.0172813	0.0173865	0.0174742	0.0175443	0.0175968	0.0176315	0.0176485	0.0176477	0.0176291	0.0175928	0.0175388	0.0174671	0.0173778	0.0172711	0.0171469	0.0170055	0.016847	0.0166716	0.0164793	0.0162705	0.0160454	0.0158041	0.0155469	0.015274	0.0149858	0.0146826	0.0143646	0.0140321	0.0136856	0.0133253	0.0129516	0.0125649	0.0121656	0.0117541	0.0113308	0.0108961	0.0104505	0.00999437	0.00952827	0.00905262	0.0085679	0.0080746	0.00757323	0.00706428	0.00654828	0.00602573	0.00549717	0.00496313	0.00442415	0.00388076	0.00333352	0.00278297	0.00222967	0.00167416	0.00111701	0.000558772	0	
0	0.000569809	0.001139	0.00170701	0.00227325	0.00283715	0.00339813	0.00395565	0.00450912	0.00505799	0.00560172	0.00613975	0.00667154	0.00719655	0.00771427	0.00822416	0.00872572	0.00921844	0.00970183	0.0101754	0.0106387	0.0110912	0.0115325	0.0119622	0.0123798	0.0127848	0.013177	0.0135558	0.013921	0.0142722	0.0146089	0.0149309	0.0152378	0.0155294	0.0158053	0.0160652	0.016309	0.0165363	0.016747	0.0169408	0.0171175	0.0172769	0.017419	0.0175435	0.0176503	0.0177394	0.0178106	0.0178638	0.0178991	0.0179163	0.0179155	0.0178966	0.0178598	0.0178049	0.0177321	0.0176415	0.0175331	0.0174071	0.0172636	0.0171027	0.0169246	0.0167294	0.0165174	0.0162888	0.0160439	0.0157828	0.0155058	0.0152132	0.0149054	0.0145825	0.014245	0.0138932	0.0135275	0.0131481	0.0127556	0.0123502	0.0119324	0.0115027	0.0110614	0.010609	0.010146	0.00967286	0.00918999	0.00869792	0.00819714	0.00768816	0.00717149	0.00664765	0.00611718	0.0055806	0.00503845	0.00449129	0.00393966	0.00338411	0.00282521	0.00226351	0.00169957	0.00113396	0.000567252	0	
0	0.00057775	0.00115488	0.0017308	0.00230493	0.00287669	0.0034455	0.00401078	0.00457197	0.00512849	0.0056798	0.00622532	0.00676453	0.00729686	0.00782179	0.00833879	0.00884734	0.00934693	0.00983706	0.0103172	0.010787	0.0112458	0.0116933	0.0121289	0.0125523	0.012963	0.0133607	0.0137448	0.0141151	0.0144711	0.0148125	0.015139	0.0154502	0.0157458	0.0160256	0.0162892	0.0165363	0.0167668	0.0169804	0.0171769	0.0173561	0.0175178	0.0176618	0.017788	0.0178964	0.0179866	0.0180588	0.0181128	0.0181486	0.018166	0.0181652	0.0181461	0.0181087	0.0180531	0.0179793	0.0178874	0.0177775	0.0176498	0.0175042	0.0173411	0.0171605	0.0169626	0.0167477	0.0165159	0.0162675	0.0160028	0.0157219	0.0154253	0.0151132	0.0147858	0.0144436	0.0140869	0.013716	0.0133314	0.0129334	0.0125224	0.0120988	0.011663	0.0112156	0.0107569	0.0102875	0.0098077	0.0093181	0.00881917	0.00831141	0.00779533	0.00727146	0.00674032	0.00620245	0.00565839	0.00510869	0.0045539	0.00399458	0.00343129	0.00286459	0.00229506	0.00172326	0.00114977	0.00057516	0	
