0	0	0	0	0	0	0	0	0	0	0	0	0	0	0	0	0	0	0	0	0	0	0	0	0	0	0	0	0	0	0	0	0	0	0	0	0	0	0	0	0	0	0	0	0	0	0	0	0	0	0	0	0	0	0	0	0	0	0	0	0	0	0	0	0	0	0	0	0	0	0	0	0	0	0	0	0	0	0	0	0	0	0	0	0	0	0	0	0	0	0	0	0	0	0	0	0	0	0	0	
0	1.78241e-05	3.56288e-05	5.33959e-05	7.11075e-05	8.87456e-05	0.000106292	0.00012373	0.000141041	0.000158208	0.000175214	0.000192041	0.000208673	0.000225092	0.000241283	0.00025723	0.000272915	0.000288323	0.00030344	0.000318249	0.000332737	0.000346887	0.000360687	0.000374122	0.000387179	0.000399845	0.000412107	0.000423953	0.000435371	0.000446349	0.000456877	0.000466943	0.000476539	0.000485654	0.000494279	0.000502406	0.000510026	0.000517132	0.000523717	0.000529773	0.000535296	0.000540279	0.000544718	0.000548608	0.000551945	0.000554727	0.000556949	0.000558611	0.00055971	0.000560245	0.000560216	0.000559624	0.000558467	0.000556749	0.00055447	0.000551633	0.000548241	0.000544297	0.000539805	0.000534771	0.000529198	0.000523093	0.000516462	0.000509311	0.000501648	0.000493481	0.000484818	0.000475667	0.000466038	0.000455941	0.000445386	0.000434383	0.000422944	0.000411081	0.000398805	0.000386128	0.000373064	0.000359626	0.000345827	0.000331681	0.000317204	0.000302408	0.000287309	0.000271923	0.000256265	0.000240351	0.000224197	0.000207819	0.000191234	0.000174458	0.000157508	0.000140402	0.000123157	0.000105789	8.83167e-05	7.07572e-05	5.31282e-05	3.54472e-05	1.77319e-05	0	
0	3.56288e-05	7.12188e-05	0.000106734	0.000142138	0.000177395	0.000212469	0.000247326	0.000281929	0.000316244	0.000350237	0.000383873	0.000417119	0.00044994	0.000482305	0.00051418	0.000545533	0.000576334	0.000606551	0.000636153	0.000665112	0.000693398	0.000720983	0.000747839	0.000773939	0.000799257	0.000823767	0.000847446	0.000870269	0.000892214	0.000913258	0.000933381	0.000952562	0.000970782	0.000988023	0.00100427	0.0010195	0.0010337	0.00104687	0.00105897	0.00107001	0.00107997	0.00108885	0.00109662	0.00110329	0.00110885	0.0011133	0.00111662	0.00111881	0.00111988	0.00111983	0.00111864	0.00111633	0.0011129	0.00110834	0.00110267	0.00109589	0.00108801	0.00107903	0.00106896	0.00105782	0.00104562	0.00103236	0.00101807	0.00100275	0.000986428	0.000969111	0.00095082	0.000931573	0.00091139	0.000890291	0.000868297	0.000845432	0.000821718	0.000797179	0.000771839	0.000745725	0.000718864	0.000691281	0.000663005	0.000634065	0.00060449	0.000574309	0.000543554	0.000512255	0.000480444	0.000448153	0.000415414	0.000382262	0.000348728	0.000314847	0.000280653	0.000246181	0.000211464	0.000176538	0.000141438	0.000106199	7.08564e-05	3.54448e-05	0	
0	5.33959e-05	0.000106734	0.000159959	0.000213018	0.000265857	0.000318422	0.000370661	0.00042252	0.000473948	0.000524892	0.000575302	0.000625126	0.000674315	0.000722819	0.00077059	0.000817579	0.000863739	0.000909024	0.000953389	0.000996789	0.00103918	0.00108052	0.00112077	0.00115989	0.00119783	0.00123456	0.00127005	0.00130425	0.00133714	0.00136868	0.00139884	0.00142759	0.00145489	0.00148073	0.00150508	0.0015279	0.00154919	0.00156892	0.00158706	0.00160361	0.00161853	0.00163183	0.00164349	0.00165348	0.00166182	0.00166847	0.00167345	0.00167674	0.00167835	0.00167826	0.00167649	0.00167302	0.00166787	0.00166105	0.00165255	0.00164239	0.00163057	0.00161712	0.00160203	0.00158534	0.00156705	0.00154719	0.00152576	0.00150281	0.00147834	0.00145239	0.00142498	0.00139613	0.00136588	0.00133426	0.0013013	0.00126703	0.00123149	0.00119472	0.00115674	0.00111761	0.00107735	0.00103601	0.000993634	0.000950262	0.000905938	0.000860707	0.000814615	0.000767708	0.000720033	0.000671639	0.000622575	0.000572889	0.000522633	0.000471857	0.000420611	0.000368947	0.000316918	0.000264576	0.000211972	0.000159159	0.000106192	5.31207e-05	0	
0	7.11075e-05	0.000142138	0.000213018	0.000283677	0.000354043	0.000424044	0.000493611	0.000562672	0.000631159	0.000699002	0.000766133	0.000832484	0.00089799	0.000962583	0.0010262	0.00108877	0.00115025	0.00121055	0.00126963	0.00132743	0.00138388	0.00143894	0.00149254	0.00154463	0.00159516	0.00164408	0.00169133	0.00173689	0.00178068	0.00182268	0.00186284	0.00190113	0.00193749	0.0019719	0.00200432	0.00203472	0.00206307	0.00208934	0.0021135	0.00213554	0.00215542	0.00217313	0.00218864	0.00220196	0.00221306	0.00222192	0.00222855	0.00223294	0.00223507	0.00223496	0.00223259	0.00222798	0.00222112	0.00221203	0.00220071	0.00218718	0.00217145	0.00215353	0.00213344	0.00211121	0.00208686	0.0020604	0.00203187	0.0020013	0.00196872	0.00193416	0.00189765	0.00185924	0.00181896	0.00177685	0.00173296	0.00168732	0.00163999	0.00159102	0.00154044	0.00148833	0.00143472	0.00137967	0.00132323	0.00126547	0.00120645	0.00114621	0.00108483	0.00102237	0.000958876	0.00089443	0.00082909	0.000762924	0.000695997	0.000628377	0.000560133	0.000491332	0.000422044	0.000352339	0.000282286	0.000211955	0.000141417	7.07417e-05	0	
0	8.87456e-05	0.000177395	0.000265857	0.000354043	0.000441863	0.000529228	0.000616051	0.000702243	0.000787718	0.00087239	0.000956173	0.00103898	0.00112074	0.00120135	0.00128075	0.00135885	0.00143557	0.00151083	0.00158457	0.0016567	0.00172716	0.00179587	0.00186276	0.00192778	0.00199084	0.00205189	0.00211087	0.00216772	0.00222239	0.00227481	0.00232493	0.00237271	0.00241809	0.00246104	0.0025015	0.00253944	0.00257482	0.00260761	0.00263776	0.00266526	0.00269007	0.00271218	0.00273155	0.00274816	0.00276201	0.00277308	0.00278135	0.00278682	0.00278949	0.00278935	0.0027864	0.00278064	0.00277208	0.00276074	0.00274661	0.00272972	0.00271008	0.00268772	0.00266265	0.00263491	0.00260451	0.00257149	0.00253589	0.00249774	0.00245707	0.00241394	0.00236838	0.00232043	0.00227016	0.00221761	0.00216282	0.00210587	0.0020468	0.00198568	0.00192256	0.00185751	0.00179061	0.0017219	0.00165147	0.00157938	0.00150571	0.00143054	0.00135393	0.00127597	0.00119673	0.0011163	0.00103475	0.000952173	0.000868644	0.000784251	0.000699078	0.000613211	0.000526736	0.00043974	0.000352309	0.000264532	0.000176496	8.82898e-05	0	
0	0.000106292	0.000212469	0.000318422	0.000424044	0.000529228	0.000633868	0.000737857	0.000841092	0.000943467	0.00104488	0.00114523	0.00124441	0.00134233	0.00143889	0.00153398	0.00162752	0.00171941	0.00180956	0.00189788	0.00198427	0.00206866	0.00215096	0.00223108	0.00230894	0.00238448	0.0024576	0.00252825	0.00259634	0.00266181	0.00272459	0.00278462	0.00284185	0.00289621	0.00294764	0.00299611	0.00304155	0.00308393	0.0031232	0.00315932	0.00319225	0.00322197	0.00324844	0.00327164	0.00329154	0.00330813	0.00332138	0.00333129	0.00333785	0.00334104	0.00334087	0.00333734	0.00333044	0.00332019	0.0033066	0.00328969	0.00326946	0.00324594	0.00321915	0.00318913	0.0031559	0.00311949	0.00307994	0.0030373	0.0029916	0.0029429	0.00289124	0.00283667	0.00277925	0.00271903	0.00265609	0.00259047	0.00252226	0.00245151	0.0023783	0.0023027	0.00222479	0.00214466	0.00206237	0.00197801	0.00189167	0.00180344	0.0017134	0.00162164	0.00152826	0.00143336	0.00133702	0.00123935	0.00114044	0.0010404	0.00093932	0.000837306	0.000734461	0.000630887	0.000526689	0.000421971	0.000316838	0.000211395	0.000105747	0	
0	0.00012373	0.000247326	0.000370661	0.000493611	0.000616051	0.000737857	0.000858907	0.000979078	0.00109825	0.0012163	0.00133311	0.00144857	0.00156255	0.00167495	0.00178564	0.00189453	0.00200149	0.00210643	0.00220924	0.00230981	0.00240804	0.00250384	0.0025971	0.00268774	0.00277567	0.00286079	0.00294302	0.00302229	0.0030985	0.00317158	0.00324146	0.00330808	0.00337135	0.00343123	0.00348764	0.00354054	0.00358987	0.00363558	0.00367763	0.00371597	0.00375056	0.00378138	0.00380838	0.00383155	0.00385086	0.00386629	0.00387782	0.00388545	0.00388917	0.00388897	0.00388486	0.00387683	0.0038649	0.00384908	0.00382939	0.00380584	0.00377847	0.00374729	0.00371234	0.00367365	0.00363127	0.00358524	0.0035356	0.00348241	0.00342571	0.00336557	0.00330205	0.00323521	0.00316512	0.00309184	0.00301547	0.00293606	0.0028537	0.00276848	0.00268049	0.0025898	0.00249651	0.00240072	0.00230252	0.00220202	0.00209931	0.0019945	0.00188769	0.00177899	0.00166852	0.00155638	0.00144268	0.00132755	0.00121109	0.00109343	0.000974677	0.000854959	0.000734392	0.000613099	0.000491201	0.00036882	0.000246077	0.000123097	0	
0	0.000141041	0.000281929	0.00042252	0.000562672	0.000702243	0.000841092	0.000979078	0.00111606	0.00125191	0.00138647	0.00151963	0.00165124	0.00178117	0.00190929	0.00203548	0.0021596	0.00228153	0.00240115	0.00251834	0.00263298	0.00274496	0.00285416	0.00296047	0.0030638	0.00316402	0.00326106	0.00335479	0.00344515	0.00353202	0.00361533	0.00369499	0.00377092	0.00384305	0.00391131	0.00397562	0.00403592	0.00409215	0.00414425	0.00419218	0.00423589	0.00427532	0.00431045	0.00434123	0.00436764	0.00438965	0.00440724	0.00442039	0.00442909	0.00443332	0.0044331	0.00442841	0.00441926	0.00440566	0.00438763	0.00436518	0.00433834	0.00430713	0.00427159	0.00423175	0.00418765	0.00413934	0.00408687	0.00403029	0.00396965	0.00390502	0.00383647	0.00376406	0.00368787	0.00360797	0.00352444	0.00343738	0.00334686	0.00325298	0.00315584	0.00305553	0.00295215	0.00284581	0.00273662	0.00262468	0.00251012	0.00239304	0.00227356	0.00215181	0.00202791	0.00190197	0.00177414	0.00164454	0.0015133	0.00138054	0.00124642	0.00111105	0.000974583	0.000837148	0.000698884	0.00055993	0.000420425	0.000280509	0.00014032	0	
0	0.000158208	0.000316244	0.000473948	0.000631159	0.000787718	0.000943467	0.00109825	0.00125191	0.00140429	0.00155523	0.0017046	0.00185222	0.00199797	0.00214169	0.00228323	0.00242246	0.00255923	0.00269341	0.00282487	0.00295346	0.00307907	0.00320156	0.00332082	0.00343672	0.00354915	0.00365799	0.00376314	0.00386449	0.00396194	0.00405539	0.00414474	0.00422992	0.00431083	0.00438739	0.00445953	0.00452717	0.00459024	0.00464869	0.00470246	0.00475148	0.00479571	0.00483512	0.00486965	0.00489927	0.00492396	0.00494369	0.00495844	0.0049682	0.00497295	0.0049727	0.00496744	0.00495717	0.00494192	0.0049217	0.00489651	0.00486641	0.0048314	0.00479153	0.00474684	0.00469738	0.00464319	0.00458433	0.00452086	0.00445284	0.00438035	0.00430345	0.00422223	0.00413676	0.00404714	0.00395345	0.00385578	0.00375425	0.00364894	0.00353998	0.00342745	0.00331149	0.00319221	0.00306973	0.00294417	0.00281566	0.00268433	0.00255031	0.00241373	0.00227475	0.00213349	0.0019901	0.00184472	0.0016975	0.00154859	0.00139814	0.00124629	0.00109321	0.000939049	0.000783955	0.000628087	0.000471601	0.000314654	0.000157401	0	
0	0.000175214	0.000350237	0.000524892	0.000699002	0.00087239	0.00104488	0.0012163	0.00138647	0.00155523	0.00172241	0.00188782	0.00205132	0.00221273	0.0023719	0.00252866	0.00268285	0.00283433	0.00298293	0.00312852	0.00327094	0.00341004	0.0035457	0.00367778	0.00380614	0.00393065	0.00405119	0.00416765	0.00427989	0.00438781	0.00449131	0.00459027	0.00468461	0.00477421	0.004859	0.0049389	0.00501381	0.00508366	0.00514839	0.00520794	0.00526223	0.00531122	0.00535486	0.0053931	0.00542591	0.00545325	0.00547511	0.00549144	0.00550225	0.00550751	0.00550723	0.0055014	0.00549004	0.00547315	0.00545075	0.00542286	0.00538951	0.00535074	0.00530659	0.0052571	0.00520232	0.0051423	0.00507712	0.00500682	0.0049315	0.00485121	0.00476605	0.00467609	0.00458144	0.00448218	0.00437842	0.00427026	0.00415781	0.00404119	0.0039205	0.00379589	0.00366746	0.00353536	0.00339971	0.00326065	0.00311833	0.00297288	0.00282445	0.0026732	0.00251927	0.00236283	0.00220402	0.00204302	0.00187997	0.00171506	0.00154843	0.00138027	0.00121073	0.00103999	0.000868228	0.000695605	0.000522297	0.000348478	0.000174321	0	
0	0.000192041	0.000383873	0.000575302	0.000766133	0.000956173	0.00114523	0.00133311	0.00151963	0.0017046	0.00188782	0.00206913	0.00224833	0.00242524	0.0025997	0.00277151	0.00294051	0.00310654	0.00326941	0.00342898	0.00358508	0.00373755	0.00388624	0.004031	0.00417168	0.00430815	0.00444028	0.00456791	0.00469094	0.00480922	0.00492266	0.00503113	0.00513452	0.00523273	0.00532567	0.00541323	0.00549534	0.00557191	0.00564285	0.00570812	0.00576762	0.00582132	0.00586915	0.00591106	0.00594703	0.005977	0.00600095	0.00601885	0.00603069	0.00603646	0.00603616	0.00602977	0.00601731	0.0059988	0.00597425	0.00594368	0.00590714	0.00586464	0.00581625	0.005762	0.00570196	0.00563618	0.00556474	0.00548769	0.00540513	0.00531713	0.00522379	0.0051252	0.00502145	0.00491266	0.00479894	0.00468039	0.00455714	0.00442931	0.00429704	0.00416046	0.0040197	0.00387491	0.00372623	0.00357382	0.00341782	0.00325841	0.00309573	0.00292995	0.00276124	0.00258977	0.00241571	0.00223924	0.00206054	0.00187978	0.00169715	0.00151284	0.00132702	0.00113988	0.000951618	0.000762415	0.000572462	0.000381948	0.000191064	0	
0	0.000208673	0.000417119	0.000625126	0.000832484	0.00103898	0.00124441	0.00144857	0.00165124	0.00185222	0.00205132	0.00224833	0.00244305	0.00263529	0.00282485	0.00301154	0.00319518	0.00337559	0.00355257	0.00372596	0.00389557	0.00406125	0.00422281	0.00438011	0.00453298	0.00468128	0.00482484	0.00496353	0.00509721	0.00522574	0.005349	0.00546687	0.00557921	0.00568593	0.00578692	0.00588207	0.00597128	0.00605448	0.00613158	0.00620249	0.00626715	0.0063255	0.00637747	0.00642302	0.00646209	0.00649466	0.00652068	0.00654014	0.00655301	0.00655928	0.00655894	0.00655201	0.00653847	0.00651835	0.00649168	0.00645846	0.00641875	0.00637258	0.00631999	0.00626105	0.00619581	0.00612433	0.0060467	0.00596298	0.00587327	0.00577765	0.00567623	0.00556909	0.00545636	0.00533815	0.00521457	0.00508576	0.00495184	0.00481294	0.00466921	0.0045208	0.00436785	0.00421052	0.00404896	0.00388335	0.00371385	0.00354062	0.00336385	0.00318371	0.00300039	0.00281407	0.00262494	0.00243318	0.002239	0.00204259	0.00184415	0.00164387	0.00144195	0.00123861	0.00103404	0.00082845	0.000622044	0.00041503	0.000207613	0	
0	0.000225092	0.00044994	0.000674315	0.00089799	0.00112074	0.00134233	0.00156255	0.00178117	0.00199797	0.00221273	0.00242524	0.00263529	0.00284265	0.00304713	0.00324852	0.00344661	0.00364121	0.00383212	0.00401915	0.00420211	0.00438082	0.0045551	0.00472478	0.00488968	0.00504964	0.0052045	0.0053541	0.0054983	0.00563695	0.00576991	0.00589705	0.00601824	0.00613335	0.00624229	0.00634492	0.00644116	0.00653091	0.00661407	0.00669056	0.00676031	0.00682325	0.00687931	0.00692844	0.00697059	0.00700572	0.00703379	0.00705478	0.00706866	0.00707543	0.00707507	0.00706758	0.00705298	0.00703128	0.00700251	0.00696668	0.00692384	0.00687404	0.00681732	0.00675374	0.00668336	0.00660626	0.00652252	0.00643221	0.00633544	0.0062323	0.00612289	0.00600733	0.00588573	0.00575821	0.00562491	0.00548596	0.0053415	0.00519168	0.00503664	0.00487655	0.00471156	0.00454185	0.00436758	0.00418894	0.00400609	0.00381924	0.00362856	0.00343425	0.0032365	0.00303552	0.0028315	0.00262466	0.0024152	0.00220333	0.00198927	0.00177323	0.00155542	0.00133608	0.00111541	0.000893644	0.000670995	0.00044769	0.000223951	0	
0	0.000241283	0.000482305	0.000722819	0.000962583	0.00120135	0.00143889	0.00167495	0.00190929	0.00214169	0.0023719	0.0025997	0.00282485	0.00304713	0.00326632	0.00348219	0.00369453	0.00390313	0.00410777	0.00430825	0.00450438	0.00469594	0.00488276	0.00506464	0.00524141	0.00541288	0.00557888	0.00573924	0.00589381	0.00604244	0.00618496	0.00632124	0.00645115	0.00657455	0.00669132	0.00680134	0.0069045	0.0070007	0.00708984	0.00717184	0.00724661	0.00731407	0.00737417	0.00742683	0.00747202	0.00750967	0.00753976	0.00756226	0.00757714	0.00758439	0.00758401	0.00757599	0.00756034	0.00753708	0.00750623	0.00746783	0.00742191	0.00736852	0.00730772	0.00723956	0.00716413	0.00708148	0.00699171	0.00689491	0.00679118	0.00668062	0.00656334	0.00643947	0.00630912	0.00617243	0.00602954	0.0058806	0.00572574	0.00556514	0.00539895	0.00522734	0.00505049	0.00486857	0.00468177	0.00449027	0.00429428	0.00409398	0.00388958	0.00368129	0.00346932	0.00325388	0.00303519	0.00281347	0.00258894	0.00236183	0.00213237	0.00190079	0.00166732	0.00143219	0.00119565	0.00095793	0.000719265	0.000479896	0.000240061	0	
0	0.00025723	0.00051418	0.00077059	0.0010262	0.00128075	0.00153398	0.00178564	0.00203548	0.00228323	0.00252866	0.00277151	0.00301154	0.00324852	0.00348219	0.00371233	0.0039387	0.00416109	0.00437926	0.00459299	0.00480208	0.0050063	0.00520547	0.00539937	0.00558782	0.00577062	0.00594759	0.00611856	0.00628335	0.00644179	0.00659374	0.00673903	0.00687752	0.00700907	0.00713356	0.00725085	0.00736083	0.00746339	0.00755842	0.00764584	0.00772555	0.00779747	0.00786154	0.00791769	0.00796586	0.008006	0.00803809	0.00806207	0.00807794	0.00808567	0.00808525	0.0080767	0.00806002	0.00803522	0.00800234	0.0079614	0.00791244	0.00785553	0.00779071	0.00771805	0.00763762	0.00754952	0.00745382	0.00735062	0.00724003	0.00712216	0.00699714	0.00686507	0.00672611	0.00658039	0.00642806	0.00626927	0.00610418	0.00593296	0.00575579	0.00557284	0.0053843	0.00519035	0.00499121	0.00478705	0.0045781	0.00436457	0.00414666	0.00392461	0.00369862	0.00346894	0.0032358	0.00299942	0.00276005	0.00251794	0.00227331	0.00202642	0.00177752	0.00152686	0.00127468	0.00102125	0.000766806	0.000511615	0.000255928	0	
0	0.000272915	0.000545533	0.000817579	0.00108877	0.00135885	0.00162752	0.00189453	0.0021596	0.00242246	0.00268285	0.00294051	0.00319518	0.00344661	0.00369453	0.0039387	0.00417888	0.00441483	0.0046463	0.00487307	0.0050949	0.00531159	0.0055229	0.00572863	0.00592856	0.00612251	0.00631028	0.00649167	0.00666651	0.00683461	0.00699582	0.00714997	0.00729691	0.00743649	0.00756857	0.00769301	0.0078097	0.00791851	0.00801934	0.00811209	0.00819666	0.00827297	0.00834095	0.00840052	0.00845163	0.00849422	0.00852826	0.0085537	0.00857054	0.00857874	0.0085783	0.00856923	0.00855153	0.00852522	0.00849033	0.00844689	0.00839496	0.00833457	0.0082658	0.00818871	0.00810338	0.0080099	0.00790837	0.00779888	0.00768154	0.00755649	0.00742383	0.00728372	0.00713628	0.00698168	0.00682005	0.00665158	0.00647643	0.00629477	0.00610679	0.00591269	0.00571265	0.00550688	0.00529558	0.00507898	0.00485729	0.00463073	0.00439954	0.00416394	0.00392418	0.00368049	0.00343313	0.00318234	0.00292837	0.00267149	0.00241194	0.00215	0.00188592	0.00161997	0.00135242	0.00108353	0.000813569	0.000542816	0.000271536	0	
0	0.000288323	0.000576334	0.000863739	0.00115025	0.00143557	0.00171941	0.00200149	0.00228153	0.00255923	0.00283433	0.00310654	0.00337559	0.00364121	0.00390313	0.00416109	0.00441483	0.00466409	0.00490864	0.00514821	0.00538257	0.00561149	0.00583473	0.00605207	0.0062633	0.0064682	0.00666657	0.0068582	0.00704291	0.00722051	0.00739082	0.00755368	0.00770891	0.00785637	0.0079959	0.00812738	0.00825065	0.00836561	0.00847213	0.00857012	0.00865946	0.00874008	0.0088119	0.00887483	0.00892883	0.00897383	0.00900979	0.00903667	0.00905445	0.00906312	0.00906266	0.00905307	0.00903438	0.00900658	0.00896972	0.00892383	0.00886896	0.00880517	0.00873251	0.00865107	0.00856092	0.00846217	0.0083549	0.00823923	0.00811527	0.00798315	0.00784301	0.00769499	0.00753923	0.00737589	0.00720514	0.00702716	0.00684211	0.0066502	0.00645161	0.00624654	0.00603521	0.00581782	0.0055946	0.00536576	0.00513155	0.00489221	0.00464796	0.00439906	0.00414576	0.00388831	0.00362698	0.00336203	0.00309372	0.00282234	0.00254814	0.0022714	0.00199241	0.00171144	0.00142878	0.00114471	0.000859508	0.000573467	0.000286869	0	
0	0.00030344	0.000606551	0.000909024	0.00121055	0.00151083	0.00180956	0.00210643	0.00240115	0.00269341	0.00298293	0.00326941	0.00355257	0.00383212	0.00410777	0.00437926	0.0046463	0.00490864	0.005166	0.00541813	0.00566478	0.0059057	0.00614065	0.00636939	0.00659169	0.00680734	0.0070161	0.00721778	0.00741218	0.00759909	0.00777833	0.00794973	0.0081131	0.00826829	0.00841514	0.00855351	0.00868325	0.00880423	0.00891634	0.00901947	0.0091135	0.00919835	0.00927392	0.00934016	0.00939698	0.00944434	0.00948219	0.00951048	0.0095292	0.00953832	0.00953784	0.00952775	0.00950807	0.00947882	0.00944003	0.00939173	0.00933399	0.00926685	0.00919038	0.00910467	0.0090098	0.00890586	0.00879297	0.00867124	0.00854078	0.00840174	0.00825425	0.00809846	0.00793453	0.00776263	0.00758293	0.00739561	0.00720087	0.00699889	0.00678989	0.00657407	0.00635166	0.00612287	0.00588794	0.00564711	0.00540062	0.00514872	0.00489167	0.00462972	0.00436314	0.00409219	0.00381716	0.00353832	0.00325594	0.00297032	0.00268175	0.0023905	0.00209688	0.00180118	0.0015037	0.00120473	0.000904577	0.000603537	0.000301911	0	
0	0.000318249	0.000636153	0.000953389	0.00126963	0.00158457	0.00189788	0.00220924	0.00251834	0.00282487	0.00312852	0.00342898	0.00372596	0.00401915	0.00430825	0.00459299	0.00487307	0.00514821	0.00541813	0.00568257	0.00594126	0.00619394	0.00644036	0.00668026	0.00691341	0.00713958	0.00735854	0.00757006	0.00777395	0.00796998	0.00815797	0.00833773	0.00850908	0.00867185	0.00882586	0.00897098	0.00910705	0.00923395	0.00935153	0.00945968	0.00955831	0.00964729	0.00972656	0.00979603	0.00985563	0.0099053	0.00994499	0.00997467	0.0099943	0.0100039	0.0100034	0.00999278	0.00997214	0.00994146	0.00990078	0.00985013	0.00978956	0.00971914	0.00963895	0.00954905	0.00944955	0.00934054	0.00922214	0.00909447	0.00895764	0.00881181	0.00865712	0.00849373	0.00832181	0.00814152	0.00795305	0.00775659	0.00755233	0.0073405	0.0071213	0.00689494	0.00666167	0.00642172	0.00617533	0.00592274	0.00566422	0.00540003	0.00513043	0.00485569	0.0045761	0.00429193	0.00400348	0.00371102	0.00341487	0.00311531	0.00281264	0.00250718	0.00219923	0.0018891	0.0015771	0.00126354	0.000948731	0.000632996	0.000316648	0	
0	0.000332737	0.000665112	0.000996789	0.00132743	0.0016567	0.00198427	0.00230981	0.00263298	0.00295346	0.00327094	0.00358508	0.00389557	0.00420211	0.00450438	0.00480208	0.0050949	0.00538257	0.00566478	0.00594126	0.00621173	0.00647591	0.00673354	0.00698437	0.00722814	0.0074646	0.00769352	0.00791468	0.00812784	0.0083328	0.00852935	0.0087173	0.00889645	0.00906662	0.00922765	0.00937938	0.00952165	0.00965431	0.00977725	0.00989033	0.00999344	0.0100865	0.0101694	0.010242	0.0103043	0.0103562	0.0103977	0.0104288	0.0104493	0.0104593	0.0104588	0.0104477	0.0104261	0.010394	0.0103515	0.0102986	0.0102352	0.0101616	0.0100778	0.00998377	0.00987974	0.00976577	0.00964198	0.00950849	0.00936544	0.00921297	0.00905124	0.00888041	0.00870066	0.00851216	0.00831511	0.00810971	0.00789616	0.00767468	0.0074455	0.00720884	0.00696495	0.00671408	0.00645647	0.00619238	0.0059221	0.00564587	0.005364	0.00507676	0.00478443	0.00448733	0.00418574	0.00387997	0.00357033	0.00325714	0.0029407	0.00262133	0.00229936	0.00197511	0.0016489	0.00132106	0.000991924	0.000661815	0.000331064	0	
0	0.000346887	0.000693398	0.00103918	0.00138388	0.00172716	0.00206866	0.00240804	0.00274496	0.00307907	0.00341004	0.00373755	0.00406125	0.00438082	0.00469594	0.0050063	0.00531159	0.00561149	0.0059057	0.00619394	0.00647591	0.00675133	0.00701992	0.00728141	0.00753555	0.00778207	0.00802073	0.00825129	0.00847352	0.0086872	0.00889211	0.00908805	0.00927482	0.00945223	0.00962011	0.00977829	0.0099266	0.0100649	0.0101931	0.010311	0.0104185	0.0105155	0.0106019	0.0106776	0.0107426	0.0107967	0.01084	0.0108723	0.0108937	0.0109041	0.0109036	0.010892	0.0108696	0.0108361	0.0107918	0.0107366	0.0106705	0.0105938	0.0105064	0.0104084	0.0102999	0.0101811	0.0100521	0.0099129	0.00976377	0.00960482	0.00943621	0.00925811	0.00907071	0.0088742	0.00866877	0.00845463	0.008232	0.0080011	0.00776217	0.00751545	0.00726119	0.00699964	0.00673107	0.00645576	0.00617398	0.00588601	0.00559214	0.00529268	0.00498793	0.00467819	0.00436377	0.004045	0.00372219	0.00339567	0.00306577	0.00273282	0.00239716	0.00205911	0.00171903	0.00137725	0.00103411	0.000689965	0.000345145	0	
0	0.000360687	0.000720983	0.00108052	0.00143894	0.00179587	0.00215096	0.00250384	0.00285416	0.00320156	0.0035457	0.00388624	0.00422281	0.0045551	0.00488276	0.00520547	0.0055229	0.00583473	0.00614065	0.00644036	0.00673354	0.00701992	0.00729919	0.00757109	0.00783534	0.00809167	0.00833982	0.00857956	0.00881063	0.00903281	0.00924587	0.0094496	0.0096438	0.00982828	0.0100028	0.0101673	0.0103215	0.0104653	0.0105986	0.0107212	0.010833	0.0109338	0.0110237	0.0111024	0.0111699	0.0112262	0.0112712	0.0113049	0.0113271	0.0113379	0.0113374	0.0113254	0.011302	0.0112672	0.0112211	0.0111637	0.0110951	0.0110153	0.0109244	0.0108225	0.0107097	0.0105862	0.010452	0.0103073	0.0101522	0.00998695	0.00981163	0.00962645	0.0094316	0.00922726	0.00901366	0.008791	0.00855951	0.00831943	0.00807099	0.00781446	0.00755008	0.00727813	0.00699888	0.00671261	0.00641961	0.00612019	0.00581463	0.00550326	0.00518638	0.00486432	0.00453739	0.00420594	0.00387029	0.00353078	0.00318775	0.00284155	0.00249253	0.00214104	0.00178743	0.00143205	0.00107526	0.000717417	0.000358878	0	
0	0.000374122	0.000747839	0.00112077	0.00149254	0.00186276	0.00223108	0.0025971	0.00296047	0.00332082	0.00367778	0.004031	0.00438011	0.00472478	0.00506464	0.00539937	0.00572863	0.00605207	0.00636939	0.00668026	0.00698437	0.00728141	0.00757109	0.00785312	0.00812721	0.00839308	0.00865049	0.00889915	0.00913883	0.00936929	0.00959029	0.00980161	0.010003	0.0101944	0.0103754	0.010546	0.010706	0.0108552	0.0109934	0.0111206	0.0112365	0.0113411	0.0114343	0.011516	0.011586	0.0116444	0.0116911	0.011726	0.0117491	0.0117603	0.0117597	0.0117473	0.011723	0.011687	0.0116391	0.0115796	0.0115084	0.0114256	0.0113313	0.0112257	0.0111087	0.0109805	0.0108414	0.0106913	0.0105304	0.010359	0.0101771	0.00998506	0.00978294	0.009571	0.00934944	0.00911849	0.00887838	0.00862935	0.00837166	0.00810557	0.00783134	0.00754926	0.0072596	0.00696267	0.00665876	0.00634818	0.00603125	0.00570827	0.00537959	0.00504553	0.00470643	0.00436262	0.00401447	0.00366231	0.00330651	0.00294741	0.00258539	0.0022208	0.00185402	0.0014854	0.00111532	0.000744143	0.000372248	0	
0	0.000387179	0.000773939	0.00115989	0.00154463	0.00192778	0.00230894	0.00268774	0.0030638	0.00343672	0.00380614	0.00417168	0.00453298	0.00488968	0.00524141	0.00558782	0.00592856	0.0062633	0.00659169	0.00691341	0.00722814	0.00753555	0.00783534	0.00812721	0.00841086	0.00868602	0.00895241	0.00920975	0.0094578	0.0096963	0.00992501	0.0101437	0.0103522	0.0105502	0.0107376	0.0109141	0.0110797	0.0112341	0.0113771	0.0115087	0.0116287	0.011737	0.0118334	0.0119179	0.0119904	0.0120509	0.0120991	0.0121353	0.0121591	0.0121708	0.0121702	0.0121573	0.0121322	0.0120949	0.0120454	0.0119837	0.0119101	0.0118244	0.0117268	0.0116175	0.0114964	0.0113638	0.0112198	0.0110644	0.010898	0.0107205	0.0105324	0.0103336	0.0101244	0.00990507	0.00967577	0.00943676	0.00918827	0.00893055	0.00866387	0.00838849	0.00810469	0.00781276	0.007513	0.0072057	0.00689119	0.00656976	0.00624177	0.00590752	0.00556736	0.00522164	0.0048707	0.0045149	0.00415459	0.00379014	0.00342192	0.00305029	0.00267563	0.00229832	0.00191873	0.00153725	0.00115425	0.000770118	0.000385241	0	
0	0.000399845	0.000799257	0.00119783	0.00159516	0.00199084	0.00238448	0.00277567	0.00316402	0.00354915	0.00393065	0.00430815	0.00468128	0.00504964	0.00541288	0.00577062	0.00612251	0.0064682	0.00680734	0.00713958	0.0074646	0.00778207	0.00809167	0.00839308	0.00868602	0.00897018	0.00924528	0.00951105	0.00976721	0.0100135	0.0102497	0.0104756	0.0106908	0.0108953	0.0110889	0.0112712	0.0114422	0.0116016	0.0117493	0.0118852	0.0120091	0.0121209	0.0122205	0.0123078	0.0123827	0.0124451	0.012495	0.0125323	0.0125569	0.012569	0.0125683	0.012555	0.0125291	0.0124906	0.0124394	0.0123758	0.0122997	0.0122112	0.0121105	0.0119975	0.0118725	0.0117356	0.0115868	0.0114264	0.0112545	0.0110713	0.0108769	0.0106717	0.0104556	0.0102291	0.00999233	0.0097455	0.00948888	0.00922273	0.00894732	0.00866293	0.00836985	0.00806837	0.0077588	0.00744145	0.00711664	0.00678471	0.00644598	0.0061008	0.00574951	0.00539248	0.00503006	0.00466262	0.00429052	0.00391415	0.00353388	0.00315009	0.00276317	0.00237352	0.00198151	0.00158754	0.00119201	0.000795315	0.000397846	0	
0	0.000412107	0.000823767	0.00123456	0.00164408	0.00205189	0.0024576	0.00286079	0.00326106	0.00365799	0.00405119	0.00444028	0.00482484	0.0052045	0.00557888	0.00594759	0.00631028	0.00666657	0.0070161	0.00735854	0.00769352	0.00802073	0.00833982	0.00865049	0.00895241	0.00924528	0.00952882	0.00980273	0.0100668	0.0103206	0.010564	0.0107968	0.0110187	0.0112295	0.0114289	0.0116169	0.0117931	0.0119574	0.0121097	0.0122497	0.0123774	0.0124927	0.0125953	0.0126853	0.0127625	0.0128268	0.0128782	0.0129166	0.012942	0.0129544	0.0129538	0.0129401	0.0129134	0.0128736	0.012821	0.0127554	0.0126769	0.0125858	0.0124819	0.0123655	0.0122367	0.0120955	0.0119422	0.0117769	0.0115997	0.0114108	0.0112105	0.010999	0.0107763	0.0105429	0.0102988	0.0100444	0.0097799	0.00950559	0.00922174	0.00892863	0.00862655	0.00831583	0.00799677	0.00766968	0.00733492	0.0069928	0.00664368	0.00628791	0.00592586	0.00555787	0.00518434	0.00480562	0.00442212	0.0040342	0.00364227	0.00324671	0.00284792	0.00244632	0.00204228	0.00163623	0.00122857	0.000819709	0.000410048	0	
0	0.000423953	0.000847446	0.00127005	0.00169133	0.00211087	0.00252825	0.00294302	0.00335479	0.00376314	0.00416765	0.00456791	0.00496353	0.0053541	0.00573924	0.00611856	0.00649167	0.0068582	0.00721778	0.00757006	0.00791468	0.00825129	0.00857956	0.00889915	0.00920975	0.00951105	0.00980273	0.0100845	0.0103561	0.0106173	0.0108677	0.0111072	0.0113355	0.0115523	0.0117575	0.0119508	0.0121321	0.0123011	0.0124578	0.0126019	0.0127332	0.0128518	0.0129574	0.0130499	0.0131293	0.0131955	0.0132484	0.0132879	0.0133141	0.0133268	0.0133262	0.0133121	0.0132846	0.0132437	0.0131895	0.013122	0.0130414	0.0129476	0.0128407	0.012721	0.0125884	0.0124432	0.0122855	0.0121154	0.0119331	0.0117389	0.0115328	0.0113151	0.0110861	0.0108459	0.0105949	0.0103331	0.0100611	0.00977886	0.00948684	0.0091853	0.00887455	0.00855489	0.00822666	0.00789017	0.00754578	0.00719383	0.00683468	0.00646868	0.00609622	0.00571765	0.00533338	0.00494378	0.00454925	0.00415018	0.00374698	0.00334005	0.0029298	0.00251664	0.002101	0.00168327	0.00126389	0.000843275	0.000421837	0	
0	0.000435371	0.000870269	0.00130425	0.00173689	0.00216772	0.00259634	0.00302229	0.00344515	0.00386449	0.00427989	0.00469094	0.00509721	0.0054983	0.00589381	0.00628335	0.00666651	0.00704291	0.00741218	0.00777395	0.00812784	0.00847352	0.00881063	0.00913883	0.0094578	0.00976721	0.0100668	0.0103561	0.0106351	0.0109032	0.0111604	0.0114064	0.0116408	0.0118634	0.0120741	0.0122727	0.0124588	0.0126324	0.0127933	0.0129413	0.0130762	0.0131979	0.0133064	0.0134014	0.013483	0.0135509	0.0136052	0.0136458	0.0136727	0.0136858	0.0136851	0.0136706	0.0136424	0.0136004	0.0135448	0.0134755	0.0133926	0.0132963	0.0131866	0.0130636	0.0129275	0.0127784	0.0126164	0.0124417	0.0122546	0.0120551	0.0118434	0.0116199	0.0113847	0.0111381	0.0108802	0.0106115	0.010332	0.0100422	0.00974237	0.00943271	0.00911359	0.00878532	0.00844824	0.0081027	0.00774903	0.0073876	0.00701877	0.00664292	0.00626042	0.00587166	0.00547704	0.00507694	0.00467178	0.00426197	0.0038479	0.00343001	0.00300872	0.00258443	0.00215759	0.00172862	0.00129794	0.00086599	0.0004332	0	
0	0.000446349	0.000892214	0.00133714	0.00178068	0.00222239	0.00266181	0.0030985	0.00353202	0.00396194	0.00438781	0.00480922	0.00522574	0.00563695	0.00604244	0.00644179	0.00683461	0.00722051	0.00759909	0.00796998	0.0083328	0.0086872	0.00903281	0.00936929	0.0096963	0.0100135	0.0103206	0.0106173	0.0109032	0.0111782	0.0114419	0.011694	0.0119343	0.0121626	0.0123786	0.0125822	0.012773	0.012951	0.0131159	0.0132676	0.0134059	0.0135308	0.0136419	0.0137394	0.013823	0.0138926	0.0139483	0.0139899	0.0140175	0.0140309	0.0140302	0.0140154	0.0139864	0.0139434	0.0138863	0.0138153	0.0137304	0.0136316	0.0135191	0.0133931	0.0132535	0.0131006	0.0129346	0.0127555	0.0125636	0.0123591	0.0121421	0.011913	0.0116718	0.011419	0.0111546	0.0108791	0.0105926	0.0102955	0.00998806	0.0096706	0.00934342	0.00900688	0.0086613	0.00830704	0.00794446	0.00757391	0.00719578	0.00681045	0.00641831	0.00601974	0.00561517	0.00520498	0.00478961	0.00436945	0.00394495	0.00351652	0.0030846	0.00264961	0.00221201	0.00177221	0.00133067	0.00088783	0.000444125	0	
0	0.000456877	0.000913258	0.00136868	0.00182268	0.00227481	0.00272459	0.00317158	0.00361533	0.00405539	0.00449131	0.00492266	0.005349	0.00576991	0.00618496	0.00659374	0.00699582	0.00739082	0.00777833	0.00815797	0.00852935	0.00889211	0.00924587	0.00959029	0.00992501	0.0102497	0.010564	0.0108677	0.0111604	0.0114419	0.0117118	0.0119698	0.0122158	0.0124495	0.0126706	0.012879	0.0130743	0.0132565	0.0134253	0.0135806	0.0137222	0.0138499	0.0139637	0.0140635	0.014149	0.0142204	0.0142773	0.01432	0.0143481	0.0143619	0.0143612	0.014346	0.0143163	0.0142723	0.0142139	0.0141412	0.0140543	0.0139532	0.013838	0.013709	0.0135661	0.0134097	0.0132397	0.0130564	0.01286	0.0126506	0.0124285	0.012194	0.0119472	0.0116883	0.0114178	0.0111357	0.0108425	0.0105384	0.0102237	0.00989872	0.00956383	0.00921935	0.00886562	0.008503	0.00813187	0.00775258	0.00736553	0.00697111	0.00656971	0.00616175	0.00574763	0.00532777	0.00490259	0.00447253	0.00403801	0.00359948	0.00315736	0.00271212	0.00226419	0.00181402	0.00136206	0.000908775	0.000454603	0	
0	0.000466943	0.000933381	0.00139884	0.00186284	0.00232493	0.00278462	0.00324146	0.00369499	0.00414474	0.00459027	0.00503113	0.00546687	0.00589705	0.00632124	0.00673903	0.00714997	0.00755368	0.00794973	0.00833773	0.0087173	0.00908805	0.0094496	0.00980161	0.0101437	0.0104756	0.0107968	0.0111072	0.0114064	0.011694	0.0119698	0.0122336	0.012485	0.0127238	0.0129498	0.0131628	0.0133624	0.0135486	0.0137211	0.0138798	0.0140245	0.0141551	0.0142714	0.0143734	0.0144608	0.0145337	0.014592	0.0146355	0.0146643	0.0146784	0.0146776	0.0146621	0.0146318	0.0145868	0.0145271	0.0144528	0.014364	0.0142606	0.014143	0.0140111	0.0138651	0.0137052	0.0135314	0.0133441	0.0131434	0.0129294	0.0127024	0.0124627	0.0122104	0.0119459	0.0116694	0.0113811	0.0110814	0.0107706	0.010449	0.0101169	0.00977459	0.00942252	0.00906099	0.00869039	0.00831107	0.00792343	0.00752785	0.00712473	0.00671449	0.00629754	0.00587429	0.00544518	0.00501064	0.0045711	0.004127	0.0036788	0.00322695	0.00277189	0.00231409	0.001854	0.00139208	0.000928803	0.000464621	0	
0	0.000476539	0.000952562	0.00142759	0.00190113	0.00237271	0.00284185	0.00330808	0.00377092	0.00422992	0.00468461	0.00513452	0.00557921	0.00601824	0.00645115	0.00687752	0.00729691	0.00770891	0.0081131	0.00850908	0.00889645	0.00927482	0.0096438	0.010003	0.0103522	0.0106908	0.0110187	0.0113355	0.0116408	0.0119343	0.0122158	0.012485	0.0127416	0.0129853	0.013216	0.0134333	0.013637	0.0138271	0.0140031	0.0141651	0.0143128	0.014446	0.0145647	0.0146688	0.014758	0.0148324	0.0148918	0.0149363	0.0149657	0.01498	0.0149793	0.0149634	0.0149325	0.0148866	0.0148257	0.0147499	0.0146592	0.0145537	0.0144336	0.014299	0.0141501	0.0139868	0.0138095	0.0136184	0.0134135	0.0131951	0.0129635	0.0127188	0.0124614	0.0121914	0.0119092	0.011615	0.0113092	0.010992	0.0106637	0.0103248	0.00997549	0.00961618	0.00924723	0.008869	0.00848189	0.00808628	0.00768257	0.00727117	0.0068525	0.00642698	0.00599503	0.0055571	0.00511362	0.00466505	0.00421183	0.00375442	0.00329327	0.00282886	0.00236165	0.0018921	0.0014207	0.000947894	0.000474171	0	
0	0.000485654	0.000970782	0.00145489	0.00193749	0.00241809	0.00289621	0.00337135	0.00384305	0.00431083	0.00477421	0.00523273	0.00568593	0.00613335	0.00657455	0.00700907	0.00743649	0.00785637	0.00826829	0.00867185	0.00906662	0.00945223	0.00982828	0.0101944	0.0105502	0.0108953	0.0112295	0.0115523	0.0118634	0.0121626	0.0124495	0.0127238	0.0129853	0.0132337	0.0134688	0.0136902	0.0138979	0.0140915	0.014271	0.0144361	0.0145866	0.0147224	0.0148434	0.0149494	0.0150403	0.0151161	0.0151767	0.015222	0.015252	0.0152666	0.0152658	0.0152497	0.0152182	0.0151714	0.0151093	0.015032	0.0149396	0.0148321	0.0147098	0.0145726	0.0144207	0.0142544	0.0140737	0.0138789	0.0136701	0.0134475	0.0132115	0.0129621	0.0126998	0.0124246	0.012137	0.0118372	0.0115255	0.0112023	0.0108677	0.0105223	0.0101663	0.00980014	0.00942413	0.00903867	0.00864415	0.00824097	0.00782954	0.00741028	0.0069836	0.00654993	0.00610972	0.00566341	0.00521145	0.0047543	0.0042924	0.00382624	0.00335628	0.00288298	0.00240683	0.0019283	0.00144788	0.000966028	0.000483243	0	
0	0.000494279	0.000988023	0.00148073	0.0019719	0.00246104	0.00294764	0.00343123	0.00391131	0.00438739	0.004859	0.00532567	0.00578692	0.00624229	0.00669132	0.00713356	0.00756857	0.0079959	0.00841514	0.00882586	0.00922765	0.00962011	0.0100028	0.0103754	0.0107376	0.0110889	0.0114289	0.0117575	0.0120741	0.0123786	0.0126706	0.0129498	0.013216	0.0134688	0.013708	0.0139334	0.0141447	0.0143418	0.0145245	0.0146925	0.0148456	0.0149839	0.015107	0.0152149	0.0153075	0.0153846	0.0154463	0.0154924	0.0155229	0.0155378	0.015537	0.0155205	0.0154885	0.0154409	0.0153777	0.015299	0.015205	0.0150956	0.014971	0.0148314	0.0146769	0.0145076	0.0143237	0.0141254	0.0139129	0.0136864	0.0134462	0.0131924	0.0129254	0.0126453	0.0123526	0.0120475	0.0117302	0.0114012	0.0110608	0.0107092	0.0103469	0.00997422	0.00959153	0.00919923	0.0087977	0.00838736	0.00796862	0.00754191	0.00710765	0.00666628	0.00621825	0.00576401	0.00530403	0.00483875	0.00436865	0.00389421	0.0034159	0.00293419	0.00244959	0.00196256	0.0014736	0.000983189	0.000491827	0	
0	0.000502406	0.00100427	0.00150508	0.00200432	0.0025015	0.00299611	0.00348764	0.00397562	0.00445953	0.0049389	0.00541323	0.00588207	0.00634492	0.00680134	0.00725085	0.00769301	0.00812738	0.00855351	0.00897098	0.00937938	0.00977829	0.0101673	0.010546	0.0109141	0.0112712	0.0116169	0.0119508	0.0122727	0.0125822	0.012879	0.0131628	0.0134333	0.0136902	0.0139334	0.0141625	0.0143773	0.0145777	0.0147633	0.0149341	0.0150898	0.0152303	0.0153554	0.0154651	0.0155592	0.0156376	0.0157003	0.0157471	0.0157781	0.0157932	0.0157925	0.0157758	0.0157432	0.0156948	0.0156305	0.0155506	0.015455	0.0153438	0.0152172	0.0150753	0.0149182	0.0147462	0.0145592	0.0143577	0.0141417	0.0139115	0.0136673	0.0134093	0.0131379	0.0128533	0.0125557	0.0122456	0.0119231	0.0115887	0.0112427	0.0108853	0.0105171	0.0101382	0.00974926	0.0093505	0.00894237	0.00852529	0.00809966	0.00766593	0.00722453	0.00677591	0.00632051	0.0058588	0.00539125	0.00491832	0.0044405	0.00395825	0.00347207	0.00298245	0.00248987	0.00199483	0.00149783	0.000999358	0.000499915	0	
0	0.000510026	0.0010195	0.0015279	0.00203472	0.00253944	0.00304155	0.00354054	0.00403592	0.00452717	0.00501381	0.00549534	0.00597128	0.00644116	0.0069045	0.00736083	0.0078097	0.00825065	0.00868325	0.00910705	0.00952165	0.0099266	0.0103215	0.010706	0.0110797	0.0114422	0.0117931	0.0121321	0.0124588	0.012773	0.0130743	0.0133624	0.013637	0.0138979	0.0141447	0.0143773	0.0145954	0.0147988	0.0149872	0.0151606	0.0153186	0.0154613	0.0155883	0.0156997	0.0157952	0.0158748	0.0159384	0.015986	0.0160175	0.0160328	0.016032	0.0160151	0.015982	0.0159328	0.0158676	0.0157865	0.0156894	0.0155766	0.0154481	0.015304	0.0151445	0.0149698	0.0147801	0.0145755	0.0143562	0.0141225	0.0138746	0.0136127	0.0133372	0.0130483	0.0127462	0.0124314	0.012104	0.0117645	0.0114132	0.0110505	0.0106766	0.010292	0.00989716	0.00949235	0.00907803	0.00865462	0.00822254	0.00778223	0.00733413	0.0068787	0.0064164	0.00594769	0.00547304	0.00499294	0.00450786	0.0040183	0.00352475	0.00302769	0.00252764	0.0020251	0.00152055	0.00101452	0.0005075	0	
0	0.000517132	0.0010337	0.00154919	0.00206307	0.00257482	0.00308393	0.00358987	0.00409215	0.00459024	0.00508366	0.00557191	0.00605448	0.00653091	0.0070007	0.00746339	0.00791851	0.00836561	0.00880423	0.00923395	0.00965431	0.0100649	0.0104653	0.0108552	0.0112341	0.0116016	0.0119574	0.0123011	0.0126324	0.012951	0.0132565	0.0135486	0.0138271	0.0140915	0.0143418	0.0145777	0.0147988	0.015005	0.0151961	0.0153718	0.0155321	0.0156767	0.0158055	0.0159184	0.0160153	0.016096	0.0161605	0.0162088	0.0162407	0.0162562	0.0162554	0.0162382	0.0162047	0.0161549	0.0160887	0.0160065	0.015908	0.0157936	0.0156633	0.0155172	0.0153556	0.0151784	0.014986	0.0147786	0.0145563	0.0143193	0.0140679	0.0138024	0.0135231	0.0132301	0.0129238	0.0126046	0.0122727	0.0119285	0.0115723	0.0112044	0.0108254	0.0104355	0.0100351	0.00962463	0.00920454	0.00877522	0.00833712	0.00789068	0.00743634	0.00697456	0.00650581	0.00603057	0.00554931	0.00506252	0.00457068	0.0040743	0.00357387	0.00306989	0.00256287	0.00205332	0.00154174	0.00102866	0.000514572	0	
