0	0	0	0	0	0	0	0	0	0	0	0	0	0	0	0	0	0	0	0	0	0	0	0	0	0	0	0	0	0	0	0	0	0	0	0	0	0	0	0	0	0	0	0	0	0	0	0	0	0	0	0	0	0	0	0	0	0	0	0	0	0	0	0	0	0	0	0	0	0	0	0	0	0	0	0	0	0	0	0	0	0	0	0	0	0	0	0	0	0	0	0	0	0	0	0	0	0	0	0	
0	0.000660016	0.00131938	0.00197744	0.00263354	0.00328705	0.0039373	0.00458367	0.00522551	0.0058622	0.00649309	0.00711757	0.00773502	0.00834484	0.00894641	0.00953916	0.0101225	0.0106958	0.0112586	0.0118102	0.0123502	0.012878	0.0133931	0.013895	0.0143831	0.0148571	0.0153163	0.0157605	0.016189	0.0166016	0.0169978	0.0173772	0.0177395	0.0180842	0.018411	0.0187197	0.0190098	0.0192812	0.0195335	0.0197665	0.0199799	0.0201736	0.0203473	0.0205009	0.0206342	0.020747	0.0208393	0.020911	0.0209619	0.020992	0.0210012	0.0209896	0.0209572	0.0209039	0.0208298	0.0207349	0.0206193	0.0204832	0.0203265	0.0201495	0.0199523	0.019735	0.0194979	0.0192412	0.0189649	0.0186695	0.0183551	0.018022	0.0176706	0.017301	0.0169136	0.0165088	0.0160869	0.0156482	0.0151932	0.0147223	0.0142359	0.0137343	0.0132181	0.0126878	0.0121438	0.0115866	0.0110167	0.0104348	0.0098413	0.00923687	0.00862211	0.00799762	0.00736406	0.0067221	0.00607241	0.00541572	0.00475273	0.00408421	0.00341089	0.00273356	0.00205301	0.00137003	0.000685419	0	
0	0.00131938	0.00263745	0.00395292	0.00526448	0.00657084	0.00787071	0.00916281	0.0104459	0.0117186	0.0129798	0.0142281	0.0154624	0.0166814	0.017884	0.0190689	0.020235	0.021381	0.022506	0.0236088	0.0246882	0.0257433	0.026773	0.0277762	0.028752	0.0296994	0.0306175	0.0315053	0.0323621	0.0331868	0.0339788	0.0347373	0.0354614	0.0361505	0.0368038	0.0374208	0.0380009	0.0385433	0.0390477	0.0395134	0.0399401	0.0403272	0.0406745	0.0409815	0.041248	0.0414735	0.041658	0.0418012	0.041903	0.0419632	0.0419817	0.0419585	0.0418937	0.0417871	0.0416389	0.0414493	0.0412182	0.0409461	0.0406329	0.0402791	0.0398849	0.0394506	0.0389766	0.0384633	0.0379111	0.0373205	0.0366921	0.0360262	0.0353236	0.0345848	0.0338105	0.0330012	0.0321578	0.031281	0.0303715	0.0294301	0.0284576	0.027455	0.0264232	0.025363	0.0242755	0.0231617	0.0220225	0.0208592	0.0196729	0.0184646	0.0172357	0.0159873	0.0147208	0.0134375	0.0121388	0.0108261	0.00950077	0.00816437	0.00681841	0.00546442	0.00410399	0.0027387	0.00137016	0	
0	0.00197744	0.00395292	0.0059245	0.00789022	0.00984814	0.0117963	0.0137329	0.0156559	0.0175634	0.0194536	0.0213246	0.0231745	0.0250015	0.0268039	0.0285797	0.0303274	0.0320451	0.0337312	0.035384	0.0370019	0.0385832	0.0401264	0.04163	0.0430925	0.0445124	0.0458884	0.0472191	0.0485031	0.0497393	0.0509263	0.052063	0.0531483	0.054181	0.0551603	0.056085	0.0569543	0.0577673	0.0585233	0.0592213	0.0598608	0.060441	0.0609615	0.0614216	0.061821	0.0621591	0.0624356	0.0626502	0.0628027	0.0628929	0.0629207	0.062886	0.0627887	0.062629	0.0624069	0.0621227	0.0617764	0.0613685	0.0608992	0.0603689	0.059778	0.0591271	0.0584167	0.0576474	0.0568198	0.0559347	0.0549928	0.0539949	0.0529418	0.0518345	0.0506739	0.0494611	0.048197	0.0468828	0.0455197	0.0441087	0.0426513	0.0411486	0.0396021	0.0380132	0.0363833	0.0347139	0.0330066	0.0312631	0.029485	0.0276741	0.0258322	0.0239612	0.0220631	0.0201397	0.0181932	0.0162257	0.0142394	0.0122365	0.0102192	0.00818988	0.00615091	0.00410466	0.00205355	0	
0	0.00263354	0.00526448	0.00789022	0.0105082	0.0131157	0.0157103	0.0182894	0.0208504	0.0233909	0.0259082	0.0284	0.0308637	0.0332969	0.0356973	0.0380624	0.0403899	0.0426776	0.0449231	0.0471243	0.0492789	0.0513849	0.0534402	0.0554426	0.0573904	0.0592815	0.061114	0.0628862	0.0645962	0.0662425	0.0678234	0.0693373	0.0707826	0.0721581	0.0734622	0.0746938	0.0758515	0.0769343	0.077941	0.0788707	0.0797223	0.0804951	0.0811883	0.0818011	0.0823329	0.0827832	0.0831514	0.0834373	0.0836404	0.0837605	0.0837975	0.0837513	0.0836217	0.083409	0.0831133	0.0827347	0.0822736	0.0817303	0.0811053	0.080399	0.0796121	0.0787452	0.0777991	0.0767746	0.0756724	0.0744936	0.0732391	0.0719101	0.0705077	0.069033	0.0674873	0.0658721	0.0641886	0.0624384	0.0606229	0.0587438	0.0568028	0.0548016	0.052742	0.0506258	0.0484551	0.0462318	0.0439581	0.041636	0.039268	0.0368563	0.0344033	0.0319115	0.0293835	0.026822	0.0242297	0.0216094	0.018964	0.0162965	0.0136099	0.0109073	0.00819176	0.00546657	0.00273491	0	
0	0.00328705	0.00657084	0.00984814	0.0131157	0.0163703	0.0196088	0.0228278	0.0260244	0.0291952	0.0323372	0.0354473	0.0385224	0.0415594	0.0445554	0.0475074	0.0504125	0.0532679	0.0560706	0.058818	0.0615073	0.0641359	0.0667011	0.0692005	0.0716316	0.0739919	0.0762792	0.0784911	0.0806256	0.0826804	0.0846535	0.086543	0.0883471	0.0900638	0.0916916	0.0932288	0.0946738	0.0960253	0.0972818	0.0984421	0.0995051	0.10047	0.101335	0.1021	0.102764	0.103326	0.103785	0.104142	0.104395	0.104545	0.104592	0.104534	0.104372	0.104107	0.103738	0.103265	0.102689	0.102011	0.101231	0.10035	0.0993676	0.0982856	0.0971047	0.0958259	0.0944502	0.0929789	0.0914132	0.0897544	0.0880039	0.0861633	0.0842341	0.082218	0.0801168	0.0779322	0.0756663	0.0733209	0.0708983	0.0684004	0.0658297	0.0631884	0.060479	0.0577041	0.0548661	0.0519679	0.0490122	0.046002	0.0429403	0.0398302	0.0366749	0.0334778	0.0302422	0.0269717	0.0236698	0.0203404	0.0169871	0.0136139	0.0102245	0.00682308	0.00341357	0	
0	0.0039373	0.00787071	0.0117963	0.0157103	0.0196088	0.0234879	0.0273437	0.0311726	0.0349707	0.0387343	0.0424596	0.046143	0.0497809	0.0533695	0.0569055	0.0603853	0.0638055	0.0671627	0.0704536	0.0736749	0.0768235	0.0798962	0.0828901	0.085802	0.0886293	0.0913691	0.0940186	0.0965753	0.0990365	0.1014	0.103663	0.105824	0.107881	0.10983	0.111672	0.113403	0.115021	0.116526	0.117916	0.11919	0.120345	0.121381	0.122298	0.123093	0.123766	0.124316	0.124744	0.125047	0.125227	0.125282	0.125213	0.12502	0.124702	0.124259	0.123693	0.123004	0.122192	0.121257	0.120201	0.119025	0.117729	0.116314	0.114783	0.113135	0.111372	0.109497	0.10751	0.105413	0.103208	0.100898	0.0984827	0.0959658	0.0933491	0.0906349	0.0878256	0.0849237	0.0819317	0.0788524	0.0756887	0.0724433	0.0691193	0.0657199	0.0622484	0.058708	0.0551024	0.051435	0.0477096	0.0439301	0.0401005	0.0362248	0.0323073	0.0283523	0.0243642	0.0203476	0.016307	0.0122472	0.00817286	0.00408885	0	
0	0.00458367	0.00916281	0.0137329	0.0182894	0.0228278	0.0273437	0.0318326	0.0362901	0.0407117	0.0450931	0.04943	0.0537181	0.0579531	0.062131	0.0662474	0.0702985	0.0742802	0.0781885	0.0820196	0.0857698	0.0894353	0.0930124	0.0964977	0.0998878	0.103179	0.106369	0.109453	0.11243	0.115295	0.118046	0.120681	0.123197	0.125591	0.127861	0.130004	0.132019	0.133904	0.135656	0.137274	0.138756	0.140102	0.141308	0.142375	0.1433	0.144084	0.144725	0.145222	0.145576	0.145785	0.145849	0.145769	0.145543	0.145173	0.144658	0.144	0.143197	0.142251	0.141163	0.139934	0.138565	0.137056	0.135409	0.133626	0.131708	0.129656	0.127473	0.125159	0.122718	0.120152	0.117462	0.11465	0.11172	0.108674	0.105514	0.102244	0.0988652	0.0953821	0.0917973	0.0881141	0.084336	0.0804663	0.0765089	0.0724674	0.0683459	0.0641483	0.0598788	0.0555419	0.0511419	0.0466836	0.0421717	0.0376111	0.0330068	0.028364	0.023688	0.0189841	0.0142577	0.00951456	0.0047601	0	
0	0.00522551	0.0104459	0.0156559	0.0208504	0.0260244	0.0311726	0.0362901	0.0413717	0.0464125	0.0514074	0.0563516	0.0612401	0.0660682	0.070831	0.0755239	0.0801423	0.0846815	0.0891371	0.0935047	0.09778	0.101959	0.106037	0.11001	0.113875	0.117627	0.121263	0.12478	0.128173	0.131439	0.134576	0.13758	0.140448	0.143177	0.145765	0.148209	0.150506	0.152654	0.154652	0.156496	0.158186	0.15972	0.161095	0.162311	0.163366	0.16426	0.16499	0.165558	0.165961	0.166199	0.166272	0.166181	0.165924	0.165502	0.164915	0.164164	0.163249	0.162171	0.16093	0.159529	0.157968	0.156248	0.15437	0.152337	0.15015	0.147811	0.145322	0.142685	0.139902	0.136976	0.13391	0.130704	0.127364	0.123891	0.120289	0.116561	0.112709	0.108738	0.104652	0.100453	0.0961454	0.0917339	0.0872223	0.0826149	0.0779162	0.0731308	0.0682635	0.0633193	0.0583033	0.0532207	0.0480769	0.0428777	0.0376287	0.0323358	0.027005	0.0216424	0.0162542	0.0108469	0.00542665	0	
0	0.0058622	0.0117186	0.0175634	0.0233909	0.0291952	0.0349707	0.0407117	0.0464125	0.0520674	0.0576709	0.0632175	0.0687017	0.074118	0.0794612	0.0847259	0.0899069	0.0949992	0.0999976	0.104897	0.109694	0.114381	0.118956	0.123414	0.127749	0.131959	0.136038	0.139983	0.14379	0.147454	0.150973	0.154343	0.15756	0.160622	0.163525	0.166266	0.168844	0.171254	0.173495	0.175564	0.17746	0.17918	0.180723	0.182087	0.183271	0.184273	0.185093	0.185729	0.186181	0.186449	0.186531	0.186428	0.18614	0.185666	0.185008	0.184165	0.183139	0.18193	0.180538	0.178966	0.177215	0.175285	0.173179	0.170898	0.168445	0.165821	0.163029	0.16007	0.156948	0.153666	0.150225	0.14663	0.142882	0.138986	0.134945	0.130762	0.126442	0.121987	0.117402	0.112692	0.10786	0.102911	0.0978496	0.0926808	0.0874096	0.0820412	0.0765809	0.0710342	0.065407	0.0597051	0.0539347	0.048102	0.0422134	0.0362756	0.0302953	0.0242793	0.0182347	0.0121685	0.00608784	0	
0	0.00649309	0.0129798	0.0194536	0.0259082	0.0323372	0.0387343	0.0450931	0.0514074	0.0576709	0.0638775	0.070021	0.0760954	0.0820946	0.0880128	0.0938441	0.0995827	0.105223	0.110759	0.116187	0.121499	0.126691	0.131759	0.136696	0.141498	0.14616	0.150679	0.155048	0.159264	0.163323	0.167221	0.170953	0.174517	0.177908	0.181124	0.18416	0.187015	0.189684	0.192166	0.194458	0.196558	0.198464	0.200173	0.201684	0.202995	0.204105	0.205013	0.205718	0.206218	0.206515	0.206606	0.206492	0.206172	0.205648	0.204919	0.203985	0.202849	0.201509	0.199968	0.198227	0.196287	0.194149	0.191817	0.18929	0.186573	0.183667	0.180574	0.177297	0.173839	0.170203	0.166393	0.16241	0.158259	0.153944	0.149468	0.144835	0.14005	0.135115	0.130037	0.12482	0.119468	0.113986	0.10838	0.102655	0.0968168	0.0908706	0.0848226	0.078679	0.0724462	0.0661307	0.0597392	0.0532788	0.0467565	0.0401796	0.0335557	0.0268923	0.0201971	0.0134781	0.00674302	0	
0	0.00711757	0.0142281	0.0213246	0.0284	0.0354473	0.0424596	0.04943	0.0563516	0.0632175	0.070021	0.0767554	0.083414	0.0899902	0.0964776	0.10287	0.10916	0.115343	0.121412	0.127361	0.133184	0.138876	0.144431	0.149843	0.155107	0.160218	0.16517	0.16996	0.174582	0.179031	0.183304	0.187395	0.191302	0.195019	0.198544	0.201872	0.205001	0.207927	0.210648	0.213161	0.215463	0.217551	0.219425	0.221081	0.222518	0.223735	0.22473	0.225503	0.226052	0.226377	0.226476	0.226351	0.226001	0.225427	0.224627	0.223604	0.222358	0.220889	0.2192	0.217291	0.215165	0.212822	0.210265	0.207496	0.204517	0.201331	0.197941	0.194349	0.190559	0.186573	0.182396	0.17803	0.17348	0.16875	0.163843	0.158765	0.153519	0.14811	0.142544	0.136825	0.130958	0.124949	0.118804	0.112528	0.106128	0.0996102	0.0929805	0.0862461	0.0794138	0.0724909	0.0654847	0.058403	0.0512534	0.044044	0.036783	0.0294787	0.0221396	0.0147743	0.00739155	0	
0	0.00773502	0.0154624	0.0231745	0.0308637	0.0385224	0.046143	0.0537181	0.0612401	0.0687017	0.0760954	0.083414	0.0906502	0.0977969	0.104847	0.111794	0.11863	0.125349	0.131944	0.13841	0.144738	0.150924	0.15696	0.162842	0.168562	0.174117	0.179499	0.184704	0.189727	0.194562	0.199205	0.203652	0.207897	0.211937	0.215767	0.219385	0.222785	0.225965	0.228922	0.231653	0.234154	0.236424	0.23846	0.24026	0.241822	0.243144	0.244226	0.245065	0.245662	0.246015	0.246123	0.245988	0.245607	0.244983	0.244114	0.243002	0.241648	0.240052	0.238216	0.236142	0.233831	0.231284	0.228506	0.225496	0.222259	0.218797	0.215112	0.211209	0.20709	0.202758	0.198219	0.193474	0.18853	0.183389	0.178057	0.172538	0.166837	0.160959	0.15491	0.148694	0.142319	0.135789	0.12911	0.12229	0.115335	0.108251	0.101047	0.093728	0.0863031	0.0787796	0.0711656	0.0634695	0.0556997	0.0478648	0.0399739	0.032036	0.0240602	0.016056	0.00803277	0	
0	0.00834484	0.0166814	0.0250015	0.0332969	0.0415594	0.0497809	0.0579531	0.0660682	0.074118	0.0820946	0.0899902	0.0977969	0.105507	0.113113	0.120607	0.127983	0.135231	0.142347	0.149322	0.156149	0.162822	0.169335	0.17568	0.181852	0.187844	0.193651	0.199266	0.204685	0.209901	0.21491	0.219707	0.224287	0.228646	0.232778	0.236681	0.240349	0.24378	0.24697	0.249916	0.252614	0.255063	0.25726	0.259201	0.260887	0.262313	0.26348	0.264386	0.26503	0.26541	0.265528	0.265381	0.264971	0.264297	0.263359	0.26216	0.260699	0.258977	0.256997	0.254759	0.252265	0.249519	0.246521	0.243274	0.239782	0.236046	0.232072	0.22786	0.223416	0.218744	0.213846	0.208728	0.203393	0.197847	0.192095	0.186141	0.17999	0.173649	0.167123	0.160417	0.153539	0.146494	0.139289	0.131931	0.124428	0.116786	0.109013	0.101117	0.0931071	0.0849905	0.0767762	0.0684733	0.0600909	0.0516384	0.0431254	0.0345617	0.0259571	0.0173219	0.00866607	0	
0	0.00894641	0.017884	0.0268039	0.0356973	0.0445554	0.0533695	0.062131	0.070831	0.0794612	0.0880128	0.0964776	0.104847	0.113113	0.121267	0.129302	0.137209	0.14498	0.152609	0.160086	0.167406	0.17456	0.181542	0.188345	0.194961	0.201385	0.207611	0.213631	0.21944	0.225033	0.230403	0.235546	0.240456	0.245129	0.249559	0.253743	0.257676	0.261354	0.264774	0.267932	0.270825	0.273451	0.275805	0.277887	0.279694	0.281224	0.282475	0.283446	0.284136	0.284544	0.284669	0.284512	0.284072	0.28335	0.282345	0.281059	0.279492	0.277647	0.275524	0.273124	0.270451	0.267506	0.264292	0.260812	0.257068	0.253063	0.248802	0.244287	0.239522	0.234513	0.229262	0.223775	0.218056	0.21211	0.205943	0.19956	0.192966	0.186167	0.17917	0.171982	0.164607	0.157055	0.149331	0.141442	0.133398	0.125205	0.116872	0.108407	0.0998192	0.0911174	0.082311	0.0734096	0.0644229	0.0553611	0.0462343	0.0370532	0.0278284	0.0185706	0.00929081	0	
0	0.00953916	0.0190689	0.0285797	0.0380624	0.0475074	0.0569055	0.0662474	0.0755239	0.0847259	0.0938441	0.10287	0.111794	0.120607	0.129302	0.137869	0.1463	0.154586	0.16272	0.170693	0.178497	0.186125	0.19357	0.200823	0.207878	0.214728	0.221366	0.227785	0.233979	0.239943	0.245669	0.251152	0.256388	0.26137	0.266094	0.270555	0.274748	0.27867	0.282317	0.285684	0.288769	0.291568	0.294079	0.296299	0.298225	0.299856	0.30119	0.302225	0.302961	0.303396	0.30353	0.303363	0.302894	0.302123	0.301052	0.299681	0.29801	0.296042	0.293778	0.29122	0.28837	0.28523	0.281803	0.278092	0.2741	0.26983	0.265286	0.260472	0.255392	0.250051	0.244452	0.238601	0.232503	0.226164	0.219588	0.212781	0.205751	0.198502	0.191041	0.183376	0.175514	0.16746	0.159224	0.150814	0.142236	0.1335	0.124615	0.11559	0.106433	0.0971544	0.0877646	0.0782734	0.0686913	0.059029	0.0492976	0.0395082	0.0296721	0.019801	0.00990637	0	
0	0.0101225	0.020235	0.0303274	0.0403899	0.0504125	0.0603853	0.0702985	0.0801423	0.0899069	0.0995827	0.10916	0.11863	0.127983	0.137209	0.1463	0.155246	0.164039	0.17267	0.181131	0.189412	0.197507	0.205407	0.213104	0.22059	0.227859	0.234903	0.241714	0.248287	0.254615	0.260692	0.26651	0.272066	0.277353	0.282365	0.287099	0.291549	0.295711	0.299581	0.303154	0.306427	0.309398	0.312062	0.314418	0.316462	0.318192	0.319608	0.320707	0.321487	0.321949	0.322091	0.321914	0.321416	0.320598	0.319461	0.318006	0.316234	0.314146	0.311743	0.309029	0.306004	0.302672	0.299036	0.295097	0.290861	0.28633	0.281508	0.2764	0.27101	0.265341	0.2594	0.253192	0.246721	0.239994	0.233016	0.225793	0.218333	0.21064	0.202724	0.19459	0.186246	0.177701	0.168961	0.160036	0.150934	0.141664	0.132236	0.122658	0.112941	0.103096	0.0931315	0.0830599	0.0728918	0.0626387	0.0523122	0.0419242	0.0314866	0.0210118	0.0105122	0	
0	0.0106958	0.021381	0.0320451	0.0426776	0.0532679	0.0638055	0.0742802	0.0846815	0.0949992	0.105223	0.115343	0.125349	0.135231	0.14498	0.154586	0.164039	0.17333	0.18245	0.19139	0.200141	0.208694	0.217041	0.225174	0.233084	0.240765	0.248207	0.255405	0.26235	0.269037	0.275457	0.281605	0.287476	0.293062	0.298359	0.30336	0.308062	0.31246	0.316549	0.320324	0.323783	0.326922	0.329737	0.332226	0.334386	0.336215	0.33771	0.338871	0.339696	0.340184	0.340334	0.340147	0.339621	0.338757	0.337556	0.336018	0.334145	0.331939	0.3294	0.326532	0.323336	0.319815	0.315973	0.311812	0.307335	0.302548	0.297453	0.292055	0.286359	0.28037	0.274093	0.267533	0.260695	0.253587	0.246214	0.238582	0.230699	0.222571	0.214206	0.205612	0.196795	0.187766	0.178531	0.169101	0.159483	0.149688	0.139725	0.129605	0.119338	0.108935	0.0984064	0.0877644	0.0770204	0.0661866	0.0552752	0.0442987	0.03327	0.022202	0.0111076	0	
0	0.0112586	0.022506	0.0337312	0.0449231	0.0560706	0.0671627	0.0781885	0.0891371	0.0999976	0.110759	0.121412	0.131944	0.142347	0.152609	0.16272	0.17267	0.18245	0.19205	0.20146	0.210671	0.219674	0.228461	0.237022	0.245348	0.253433	0.261267	0.268843	0.276154	0.283192	0.28995	0.296422	0.302602	0.308482	0.314057	0.319322	0.324272	0.328901	0.333204	0.337179	0.34082	0.344123	0.347087	0.349707	0.35198	0.353905	0.355479	0.356702	0.35757	0.358083	0.358242	0.358044	0.35749	0.356581	0.355317	0.353698	0.351727	0.349404	0.346732	0.343713	0.340349	0.336643	0.332598	0.328218	0.323506	0.318467	0.313104	0.307422	0.301427	0.295122	0.288515	0.281609	0.274412	0.26693	0.259169	0.251135	0.242837	0.234282	0.225477	0.21643	0.20715	0.197645	0.187925	0.177998	0.167874	0.157564	0.147077	0.136425	0.125617	0.114667	0.103584	0.0923822	0.0810729	0.0696691	0.0581836	0.0466296	0.0350206	0.0233701	0.011692	0	
0	0.0118102	0.0236088	0.035384	0.0471243	0.058818	0.0704536	0.0820196	0.0935047	0.104897	0.116187	0.127361	0.13841	0.149322	0.160086	0.170693	0.181131	0.19139	0.20146	0.211331	0.220994	0.230438	0.239655	0.248635	0.25737	0.265851	0.274069	0.282016	0.289685	0.297068	0.304158	0.310947	0.317429	0.323597	0.329445	0.334968	0.34016	0.345016	0.349531	0.3537	0.357519	0.360985	0.364094	0.366842	0.369227	0.371246	0.372898	0.374179	0.37509	0.375629	0.375795	0.375588	0.375007	0.374053	0.372727	0.371029	0.368961	0.366525	0.363722	0.360554	0.357025	0.353138	0.348895	0.3443	0.339358	0.334071	0.328446	0.322486	0.316196	0.309583	0.302651	0.295408	0.287858	0.280009	0.271867	0.263441	0.254736	0.245761	0.236525	0.227035	0.2173	0.20733	0.197133	0.18672	0.1761	0.165285	0.154284	0.143109	0.131772	0.120285	0.10866	0.0969089	0.0850454	0.0730828	0.0610345	0.0489144	0.0367366	0.0245153	0.0122649	0	
0	0.0123502	0.0246882	0.0370019	0.0492789	0.0615073	0.0736749	0.0857698	0.09778	0.109694	0.121499	0.133184	0.144738	0.156149	0.167406	0.178497	0.189412	0.200141	0.210671	0.220994	0.231098	0.240974	0.250613	0.260004	0.269138	0.278006	0.2866	0.294911	0.302931	0.310651	0.318065	0.325164	0.331942	0.338393	0.344509	0.350284	0.355714	0.360791	0.365512	0.369872	0.373866	0.37749	0.380741	0.383615	0.386109	0.38822	0.389947	0.391288	0.392241	0.392804	0.392977	0.39276	0.392153	0.391156	0.389769	0.387993	0.385831	0.383283	0.380352	0.37704	0.37335	0.369284	0.364848	0.360043	0.354874	0.349346	0.343463	0.337231	0.330654	0.323738	0.31649	0.308915	0.30102	0.292812	0.284298	0.275486	0.266383	0.256998	0.24734	0.237416	0.227236	0.216809	0.206146	0.195257	0.184152	0.172842	0.161338	0.149653	0.137797	0.125785	0.113628	0.10134	0.088934	0.0764244	0.0638252	0.0511509	0.0384163	0.0256362	0.0128257	0	
0	0.012878	0.0257433	0.0385832	0.0513849	0.0641359	0.0768235	0.0894353	0.101959	0.114381	0.126691	0.138876	0.150924	0.162822	0.17456	0.186125	0.197507	0.208694	0.219674	0.230438	0.240974	0.251273	0.261323	0.271115	0.28064	0.289887	0.298848	0.307514	0.315877	0.323927	0.331657	0.33906	0.346128	0.352854	0.359232	0.365254	0.370915	0.37621	0.381133	0.385679	0.389844	0.393623	0.397012	0.400009	0.40261	0.404812	0.406612	0.40801	0.409003	0.409591	0.409772	0.409546	0.408912	0.407872	0.406426	0.404575	0.40232	0.399663	0.396607	0.393153	0.389305	0.385066	0.38044	0.37543	0.37004	0.364276	0.358141	0.351643	0.344785	0.337573	0.330015	0.322116	0.313884	0.305326	0.296448	0.287259	0.277768	0.267982	0.25791	0.247562	0.236947	0.226075	0.214956	0.203602	0.192022	0.180228	0.168233	0.156048	0.143686	0.131161	0.118484	0.105671	0.0927347	0.0796905	0.0665528	0.0533369	0.040058	0.0267318	0.0133738	0	
0	0.0133931	0.026773	0.0401264	0.0534402	0.0667011	0.0798962	0.0930124	0.106037	0.118956	0.131759	0.144431	0.15696	0.169335	0.181542	0.19357	0.205407	0.217041	0.228461	0.239655	0.250613	0.261323	0.271775	0.281959	0.291865	0.301482	0.310801	0.319814	0.328511	0.336883	0.344923	0.352622	0.359972	0.366967	0.3736	0.379863	0.385751	0.391258	0.396377	0.401105	0.405437	0.409367	0.412892	0.416008	0.418713	0.421003	0.422876	0.42433	0.425363	0.425974	0.426162	0.425926	0.425268	0.424186	0.422682	0.420757	0.418412	0.415649	0.41247	0.408878	0.404877	0.400468	0.395656	0.390446	0.384841	0.378846	0.372466	0.365707	0.358575	0.351075	0.343215	0.335	0.326439	0.317538	0.308305	0.298749	0.288878	0.2787	0.268226	0.257464	0.246424	0.235118	0.223554	0.211745	0.199702	0.187437	0.174962	0.16229	0.149434	0.136407	0.123223	0.109897	0.0964439	0.0828779	0.0692148	0.0554703	0.0416603	0.027801	0.0139087	0	
0	0.013895	0.0277762	0.04163	0.0554426	0.0692005	0.0828901	0.0964977	0.11001	0.123414	0.136696	0.149843	0.162842	0.17568	0.188345	0.200823	0.213104	0.225174	0.237022	0.248635	0.260004	0.271115	0.281959	0.292525	0.302801	0.312779	0.322448	0.331798	0.340821	0.349507	0.357848	0.365835	0.373461	0.380718	0.387599	0.394097	0.400206	0.405919	0.41123	0.416135	0.420629	0.424706	0.428364	0.431597	0.434403	0.436779	0.438722	0.44023	0.441302	0.441935	0.442131	0.441887	0.441203	0.440081	0.438521	0.436523	0.43409	0.431224	0.427926	0.4242	0.420048	0.415474	0.410482	0.405077	0.399261	0.393042	0.386423	0.379411	0.372012	0.364231	0.356076	0.347553	0.338671	0.329437	0.319858	0.309944	0.299702	0.289144	0.278277	0.267111	0.255658	0.243928	0.231931	0.21968	0.207186	0.194461	0.181518	0.168371	0.155033	0.141518	0.127841	0.114015	0.100058	0.0859835	0.0718084	0.0575489	0.0432214	0.0288427	0.0144299	0	
0	0.0143831	0.028752	0.0430925	0.0573904	0.0716316	0.085802	0.0998878	0.113875	0.127749	0.141498	0.155107	0.168562	0.181852	0.194961	0.207878	0.22059	0.233084	0.245348	0.25737	0.269138	0.28064	0.291865	0.302801	0.313439	0.323767	0.333776	0.343454	0.352794	0.361785	0.370419	0.378687	0.386581	0.394093	0.401216	0.407942	0.414265	0.420179	0.425677	0.430755	0.435406	0.439627	0.443412	0.446759	0.449664	0.452123	0.454134	0.455696	0.456805	0.457461	0.457663	0.45741	0.456703	0.455542	0.453926	0.451859	0.44934	0.446373	0.44296	0.439102	0.434805	0.43007	0.424903	0.419307	0.413288	0.40685	0.399999	0.39274	0.385081	0.377027	0.368585	0.359763	0.350569	0.34101	0.331095	0.320832	0.310231	0.299302	0.288053	0.276495	0.26464	0.252497	0.240079	0.227397	0.214464	0.201292	0.187895	0.174286	0.16048	0.14649	0.132332	0.118021	0.103573	0.0890042	0.0743311	0.0595706	0.0447398	0.029856	0.0149369	0	
0	0.0148571	0.0296994	0.0445124	0.0592815	0.0739919	0.0886293	0.103179	0.117627	0.131959	0.14616	0.160218	0.174117	0.187844	0.201385	0.214728	0.227859	0.240765	0.253433	0.265851	0.278006	0.289887	0.301482	0.312779	0.323767	0.334436	0.344774	0.354772	0.364419	0.373707	0.382625	0.391166	0.39932	0.407079	0.414437	0.421384	0.427916	0.434024	0.439704	0.444949	0.449753	0.454113	0.458023	0.461481	0.464481	0.467021	0.469099	0.470711	0.471857	0.472535	0.472744	0.472483	0.471752	0.470552	0.468884	0.466748	0.464147	0.461082	0.457556	0.453571	0.449132	0.444242	0.438904	0.433124	0.426906	0.420256	0.413179	0.405682	0.39777	0.38945	0.38073	0.371618	0.362121	0.352247	0.342005	0.331404	0.320454	0.309164	0.297545	0.285606	0.27336	0.260817	0.24799	0.23489	0.221531	0.207925	0.194087	0.180029	0.165768	0.151317	0.136692	0.12191	0.106986	0.091937	0.0767805	0.0615336	0.046214	0.0308398	0.0154291	0	
0	0.0153163	0.0306175	0.0458884	0.061114	0.0762792	0.0913691	0.106369	0.121263	0.136038	0.150679	0.16517	0.179499	0.193651	0.207611	0.221366	0.234903	0.248207	0.261267	0.274069	0.2866	0.298848	0.310801	0.322448	0.333776	0.344774	0.355432	0.365739	0.375684	0.385259	0.394453	0.403257	0.411664	0.419663	0.427248	0.434411	0.441144	0.447441	0.453296	0.458703	0.463656	0.468151	0.472182	0.475746	0.478839	0.481458	0.4836	0.485262	0.486444	0.487142	0.487357	0.487088	0.486335	0.485098	0.483378	0.481176	0.478495	0.475335	0.4717	0.467592	0.463016	0.457974	0.452472	0.446513	0.440103	0.433247	0.425952	0.418222	0.410066	0.401489	0.3925	0.383106	0.373315	0.363136	0.352577	0.341649	0.33036	0.318721	0.306743	0.294435	0.28181	0.26888	0.255656	0.242152	0.228379	0.214353	0.200086	0.185595	0.170892	0.155994	0.140918	0.125678	0.110293	0.0947791	0.079154	0.0634357	0.0476426	0.0317932	0.015906	0	
0	0.0157605	0.0315053	0.0472191	0.0628862	0.0784911	0.0940186	0.109453	0.12478	0.139983	0.155048	0.16996	0.184704	0.199266	0.213631	0.227785	0.241714	0.255405	0.268843	0.282016	0.294911	0.307514	0.319814	0.331798	0.343454	0.354772	0.365739	0.376344	0.386578	0.396431	0.405891	0.414951	0.423601	0.431833	0.439637	0.447008	0.453936	0.460416	0.466441	0.472005	0.477101	0.481726	0.485875	0.489542	0.492725	0.495419	0.497623	0.499334	0.50055	0.501269	0.50149	0.501213	0.500438	0.499165	0.497395	0.49513	0.49237	0.489119	0.485378	0.481152	0.476443	0.471255	0.465593	0.459461	0.452865	0.445811	0.438303	0.43035	0.421957	0.413132	0.403882	0.394215	0.38414	0.373666	0.362801	0.351556	0.33994	0.327963	0.315638	0.302973	0.289982	0.276677	0.26307	0.249174	0.235002	0.220569	0.205889	0.190976	0.175848	0.160518	0.145004	0.129323	0.113491	0.0975275	0.0814493	0.0652753	0.0490242	0.0327151	0.0163673	0	
0	0.016189	0.0323621	0.0485031	0.0645962	0.0806256	0.0965753	0.11243	0.128173	0.14379	0.159264	0.174582	0.189727	0.204685	0.21944	0.233979	0.248287	0.26235	0.276154	0.289685	0.302931	0.315877	0.328511	0.340821	0.352794	0.364419	0.375684	0.386578	0.397091	0.407211	0.416929	0.426235	0.43512	0.443576	0.451593	0.459163	0.46628	0.472936	0.479125	0.48484	0.490075	0.494826	0.499087	0.502854	0.506123	0.508892	0.511155	0.512913	0.514161	0.5149	0.515127	0.514843	0.514047	0.512739	0.510921	0.508594	0.505759	0.50242	0.498577	0.494236	0.489399	0.48407	0.478254	0.471956	0.46518	0.457934	0.450222	0.442053	0.433431	0.424366	0.414865	0.404935	0.394586	0.383827	0.372667	0.361116	0.349184	0.336882	0.324221	0.311212	0.297868	0.284201	0.270224	0.255949	0.241392	0.226567	0.211488	0.19617	0.18063	0.164883	0.148947	0.13284	0.116578	0.10018	0.0836642	0.0670503	0.0503573	0.0336048	0.0168124	0	
0	0.0166016	0.0331868	0.0497393	0.0662425	0.0826804	0.0990365	0.115295	0.131439	0.147454	0.163323	0.179031	0.194562	0.209901	0.225033	0.239943	0.254615	0.269037	0.283192	0.297068	0.310651	0.323927	0.336883	0.349507	0.361785	0.373707	0.385259	0.396431	0.407211	0.417589	0.427555	0.437098	0.44621	0.45488	0.463102	0.470866	0.478164	0.48499	0.491336	0.497197	0.502565	0.507437	0.511807	0.51567	0.519023	0.521861	0.524183	0.525985	0.527265	0.528023	0.528256	0.527964	0.527148	0.525807	0.523943	0.521556	0.518649	0.515224	0.511284	0.506832	0.501872	0.496407	0.490443	0.483984	0.477036	0.469605	0.461697	0.453319	0.444478	0.435182	0.425438	0.415255	0.404643	0.39361	0.382165	0.370319	0.358083	0.345468	0.332484	0.319144	0.30546	0.291444	0.277111	0.262473	0.247545	0.232341	0.216878	0.201169	0.185233	0.169085	0.152744	0.136225	0.119549	0.102733	0.0857965	0.0687592	0.0516408	0.0344612	0.0172408	0	
0	0.0169978	0.0339788	0.0509263	0.0678234	0.0846535	0.1014	0.118046	0.134576	0.150973	0.167221	0.183304	0.199205	0.21491	0.230403	0.245669	0.260692	0.275457	0.28995	0.304158	0.318065	0.331657	0.344923	0.357848	0.370419	0.382625	0.394453	0.405891	0.416929	0.427555	0.437758	0.447529	0.456858	0.465736	0.474154	0.482103	0.489575	0.496564	0.503062	0.509062	0.514559	0.519547	0.524021	0.527976	0.531409	0.534315	0.536692	0.538537	0.539848	0.540624	0.540862	0.540564	0.539728	0.538355	0.536446	0.534003	0.531027	0.52752	0.523486	0.518928	0.513849	0.508254	0.502147	0.495534	0.48842	0.480812	0.472715	0.464137	0.455085	0.445567	0.435591	0.425166	0.4143	0.403003	0.391285	0.379157	0.366629	0.353712	0.340419	0.32676	0.312749	0.298399	0.283724	0.268737	0.253452	0.237886	0.222053	0.20597	0.189654	0.173121	0.156389	0.139476	0.122402	0.105185	0.087844	0.0704001	0.0528732	0.0352836	0.0176523	0	
0	0.0173772	0.0347373	0.052063	0.0693373	0.086543	0.103663	0.120681	0.13758	0.154343	0.170953	0.187395	0.203652	0.219707	0.235546	0.251152	0.26651	0.281605	0.296422	0.310947	0.325164	0.33906	0.352622	0.365835	0.378687	0.391166	0.403257	0.414951	0.426235	0.437098	0.447529	0.457519	0.467056	0.476132	0.484737	0.492864	0.500503	0.507648	0.51429	0.520425	0.526044	0.531144	0.535718	0.539761	0.54327	0.546242	0.548672	0.550558	0.551898	0.552691	0.552935	0.55263	0.551775	0.550372	0.54842	0.545922	0.54288	0.539295	0.535171	0.53051	0.525318	0.519598	0.513355	0.506595	0.499322	0.491544	0.483267	0.474497	0.465243	0.455513	0.445314	0.434656	0.423547	0.411998	0.400019	0.38762	0.374813	0.361608	0.348017	0.334054	0.31973	0.30506	0.290057	0.274735	0.25911	0.243196	0.22701	0.210568	0.193887	0.176985	0.15988	0.14259	0.125134	0.107532	0.0898048	0.0719716	0.0540534	0.0360712	0.0180463	0	
0	0.0177395	0.0354614	0.0531483	0.0707826	0.0883471	0.105824	0.123197	0.140448	0.15756	0.174517	0.191302	0.207897	0.224287	0.240456	0.256388	0.272066	0.287476	0.302602	0.317429	0.331942	0.346128	0.359972	0.373461	0.386581	0.39932	0.411664	0.423601	0.43512	0.44621	0.456858	0.467056	0.476792	0.486057	0.494842	0.503138	0.510936	0.51823	0.525011	0.531273	0.53701	0.542216	0.546885	0.551013	0.554595	0.557628	0.560109	0.562035	0.563403	0.564212	0.564461	0.56415	0.563277	0.561845	0.559853	0.557303	0.554196	0.550537	0.546327	0.541569	0.536269	0.53043	0.524057	0.517155	0.509731	0.501791	0.493341	0.484389	0.474942	0.465008	0.454597	0.443716	0.432376	0.420587	0.408358	0.395701	0.382626	0.369146	0.355272	0.341017	0.326395	0.311419	0.296103	0.280462	0.264511	0.248265	0.231742	0.214957	0.197929	0.180674	0.163212	0.145562	0.127742	0.109774	0.0916769	0.0734719	0.0551802	0.0368232	0.0184225	0	
0	0.0180842	0.0361505	0.054181	0.0721581	0.0900638	0.107881	0.125591	0.143177	0.160622	0.177908	0.195019	0.211937	0.228646	0.245129	0.26137	0.277353	0.293062	0.308482	0.323597	0.338393	0.352854	0.366967	0.380718	0.394093	0.407079	0.419663	0.431833	0.443576	0.45488	0.465736	0.476132	0.486057	0.495502	0.504458	0.512915	0.520865	0.5283	0.535213	0.541597	0.547445	0.552752	0.557512	0.56172	0.565372	0.568464	0.570993	0.572956	0.574351	0.575176	0.57543	0.575112	0.574223	0.572763	0.570732	0.568132	0.564966	0.561235	0.556943	0.552093	0.54669	0.540737	0.53424	0.527205	0.519636	0.511542	0.502927	0.493801	0.484171	0.474044	0.463431	0.452339	0.440778	0.42876	0.416293	0.40339	0.390061	0.376319	0.362176	0.347644	0.332738	0.317471	0.301857	0.285912	0.269651	0.25309	0.236245	0.219134	0.201775	0.184185	0.166384	0.148391	0.130225	0.111907	0.0934584	0.0748996	0.0562524	0.0375387	0.0187805	0	
0	0.018411	0.0368038	0.0551603	0.0734622	0.0916916	0.10983	0.127861	0.145765	0.163525	0.181124	0.198544	0.215767	0.232778	0.249559	0.266094	0.282365	0.298359	0.314057	0.329445	0.344509	0.359232	0.3736	0.387599	0.401216	0.414437	0.427248	0.439637	0.451593	0.463102	0.474154	0.484737	0.494842	0.504458	0.513575	0.522185	0.530279	0.537849	0.544887	0.551386	0.55734	0.562743	0.567588	0.571873	0.575591	0.578739	0.581313	0.583312	0.584732	0.585572	0.58583	0.585507	0.584601	0.583115	0.581047	0.5784	0.575177	0.571379	0.567009	0.562072	0.556571	0.55051	0.543896	0.536733	0.529028	0.520787	0.512017	0.502726	0.492922	0.482612	0.471807	0.460514	0.448745	0.436509	0.423817	0.410681	0.397111	0.38312	0.368722	0.353927	0.338752	0.323209	0.307313	0.29108	0.274525	0.257664	0.240515	0.223095	0.205422	0.187514	0.169391	0.151073	0.132579	0.11393	0.0951475	0.0762533	0.0572691	0.0382172	0.0191199	0	
0	0.0187197	0.0374208	0.056085	0.0746938	0.0932288	0.111672	0.130004	0.148209	0.166266	0.18416	0.201872	0.219385	0.236681	0.253743	0.270555	0.287099	0.30336	0.319322	0.334968	0.350284	0.365254	0.379863	0.394097	0.407942	0.421384	0.434411	0.447008	0.459163	0.470866	0.482103	0.492864	0.503138	0.512915	0.522185	0.530939	0.539169	0.546865	0.554021	0.56063	0.566683	0.572177	0.577104	0.58146	0.58524	0.588441	0.591059	0.593091	0.594535	0.595389	0.595651	0.595323	0.594402	0.59289	0.590788	0.588097	0.584819	0.580958	0.576515	0.571495	0.565901	0.559739	0.553014	0.545731	0.537897	0.529518	0.520601	0.511154	0.501185	0.490703	0.479716	0.468235	0.456268	0.443827	0.430923	0.417566	0.403769	0.389543	0.374903	0.359861	0.344431	0.328627	0.312465	0.29596	0.279127	0.261984	0.244547	0.226835	0.208866	0.190658	0.172231	0.153605	0.134801	0.11584	0.0967427	0.0775317	0.0582293	0.0388579	0.0194405	0	
0	0.0190098	0.0380009	0.0569543	0.0758515	0.0946738	0.113403	0.132019	0.150506	0.168844	0.187015	0.205001	0.222785	0.240349	0.257676	0.274748	0.291549	0.308062	0.324272	0.34016	0.355714	0.370915	0.385751	0.400206	0.414265	0.427916	0.441144	0.453936	0.46628	0.478164	0.489575	0.500503	0.510936	0.520865	0.530279	0.539169	0.547526	0.555342	0.562609	0.569319	0.575467	0.581045	0.586049	0.590473	0.594311	0.597562	0.60022	0.602284	0.60375	0.604617	0.604884	0.60455	0.603615	0.60208	0.599945	0.597213	0.593884	0.589962	0.585451	0.580353	0.574673	0.568415	0.561586	0.55419	0.546235	0.537726	0.528671	0.519077	0.508954	0.498309	0.487152	0.475492	0.46334	0.450707	0.437602	0.424038	0.410027	0.395581	0.380714	0.365439	0.34977	0.333721	0.317308	0.300547	0.283454	0.266045	0.248338	0.230351	0.212103	0.193613	0.174901	0.155986	0.136891	0.117635	0.0982422	0.0787335	0.0591318	0.0394602	0.0197418	0	
0	0.0192812	0.0385433	0.0577673	0.0769343	0.0960253	0.115021	0.133904	0.152654	0.171254	0.189684	0.207927	0.225965	0.24378	0.261354	0.27867	0.295711	0.31246	0.328901	0.345016	0.360791	0.37621	0.391258	0.405919	0.420179	0.434024	0.447441	0.460416	0.472936	0.48499	0.496564	0.507648	0.51823	0.5283	0.537849	0.546865	0.555342	0.563269	0.57064	0.577446	0.583682	0.58934	0.594415	0.598902	0.602795	0.606092	0.608788	0.610881	0.612368	0.613248	0.613519	0.61318	0.612232	0.610675	0.60851	0.605738	0.602362	0.598384	0.593808	0.588637	0.582876	0.57653	0.569603	0.562101	0.554032	0.545402	0.536217	0.526487	0.516219	0.505422	0.494106	0.48228	0.469955	0.45714	0.443849	0.430091	0.41588	0.401228	0.386149	0.370656	0.354763	0.338485	0.321838	0.304837	0.2875	0.269843	0.251883	0.23364	0.215131	0.196377	0.177397	0.158213	0.138845	0.119315	0.0996447	0.0798574	0.059976	0.0400235	0.0200236	0	
0	0.0195335	0.0390477	0.0585233	0.077941	0.0972818	0.116526	0.135656	0.154652	0.173495	0.192166	0.210648	0.228922	0.24697	0.264774	0.282317	0.299581	0.316549	0.333204	0.349531	0.365512	0.381133	0.396377	0.41123	0.425677	0.439704	0.453296	0.466441	0.479125	0.491336	0.503062	0.51429	0.525011	0.535213	0.544887	0.554021	0.562609	0.57064	0.578107	0.585003	0.59132	0.597052	0.602193	0.606739	0.610683	0.614023	0.616755	0.618875	0.620382	0.621273	0.621547	0.621204	0.620243	0.618666	0.616472	0.613664	0.610244	0.606214	0.601579	0.59634	0.590504	0.584074	0.577056	0.569457	0.561282	0.552539	0.543234	0.533377	0.522974	0.512036	0.500572	0.488591	0.476104	0.463122	0.449657	0.435719	0.421322	0.406479	0.391202	0.375506	0.359405	0.342914	0.32605	0.308827	0.291262	0.273374	0.255179	0.236697	0.217946	0.198947	0.179719	0.160283	0.140662	0.120876	0.100949	0.0809024	0.0607608	0.0405473	0.0202857	0	
0	0.0197665	0.0395134	0.0592213	0.0788707	0.0984421	0.117916	0.137274	0.156496	0.175564	0.194458	0.213161	0.231653	0.249916	0.267932	0.285684	0.303154	0.320324	0.337179	0.3537	0.369872	0.385679	0.401105	0.416135	0.430755	0.444949	0.458703	0.472005	0.48484	0.497197	0.509062	0.520425	0.531273	0.541597	0.551386	0.56063	0.569319	0.577446	0.585003	0.59198	0.598373	0.604173	0.609376	0.613976	0.617967	0.621347	0.624111	0.626257	0.627781	0.628683	0.628961	0.628614	0.627642	0.626045	0.623826	0.620984	0.617523	0.613445	0.608754	0.603453	0.597547	0.591041	0.583939	0.576249	0.567977	0.559129	0.549714	0.539739	0.529212	0.518144	0.506543	0.494419	0.481783	0.468647	0.45502	0.440917	0.426348	0.411327	0.395868	0.379985	0.363692	0.347005	0.329939	0.31251	0.294736	0.276635	0.258223	0.23952	0.220546	0.20132	0.181862	0.162195	0.14234	0.122318	0.102153	0.0818675	0.0614856	0.0410309	0.0205276	0	
0	0.0199799	0.0399401	0.0598608	0.0797223	0.0995051	0.11919	0.138756	0.158186	0.17746	0.196558	0.215463	0.234154	0.252614	0.270825	0.288769	0.306427	0.323783	0.34082	0.357519	0.373866	0.389844	0.405437	0.420629	0.435406	0.449753	0.463656	0.477101	0.490075	0.502565	0.514559	0.526044	0.53701	0.547445	0.55734	0.566683	0.575467	0.583682	0.59132	0.598373	0.604834	0.610697	0.615956	0.620605	0.62464	0.628057	0.630851	0.633019	0.63456	0.635472	0.635752	0.635402	0.634419	0.632805	0.630562	0.62769	0.624191	0.62007	0.615328	0.609969	0.604	0.597423	0.590245	0.582472	0.57411	0.565167	0.55565	0.545567	0.534927	0.523739	0.512012	0.499758	0.486986	0.473707	0.459934	0.445678	0.430952	0.415769	0.400143	0.384088	0.367619	0.350752	0.333501	0.315885	0.297919	0.279622	0.261011	0.242107	0.222927	0.203494	0.183826	0.163947	0.143877	0.123639	0.103256	0.0827515	0.0621495	0.041474	0.0207493	0	
0	0.0201736	0.0403272	0.060441	0.0804951	0.10047	0.120345	0.140102	0.15972	0.17918	0.198464	0.217551	0.236424	0.255063	0.273451	0.291568	0.309398	0.326922	0.344123	0.360985	0.37749	0.393623	0.409367	0.424706	0.439627	0.454113	0.468151	0.481726	0.494826	0.507437	0.519547	0.531144	0.542216	0.552752	0.562743	0.572177	0.581045	0.58934	0.597052	0.604173	0.610697	0.616617	0.621927	0.626621	0.630695	0.634145	0.636966	0.639156	0.640712	0.641632	0.641915	0.641561	0.640569	0.63894	0.636674	0.633774	0.630242	0.62608	0.621292	0.615882	0.609855	0.603214	0.595967	0.588118	0.579675	0.570646	0.561036	0.550856	0.540112	0.528816	0.516976	0.504603	0.491707	0.478299	0.464392	0.449998	0.435129	0.419799	0.404022	0.387812	0.371183	0.354152	0.336734	0.318947	0.300807	0.282332	0.263542	0.244454	0.225089	0.205466	0.185608	0.165536	0.145271	0.124837	0.104257	0.0835537	0.062752	0.041876	0.0209504	0	
0	0.0203473	0.0406745	0.0609615	0.0811883	0.101335	0.121381	0.141308	0.161095	0.180723	0.200173	0.219425	0.23846	0.25726	0.275805	0.294079	0.312062	0.329737	0.347087	0.364094	0.380741	0.397012	0.412892	0.428364	0.443412	0.458023	0.472182	0.485875	0.499087	0.511807	0.524021	0.535718	0.546885	0.557512	0.567588	0.577104	0.586049	0.594415	0.602193	0.609376	0.615956	0.621927	0.627283	0.632017	0.636126	0.639606	0.642451	0.64466	0.646229	0.647157	0.647443	0.647086	0.646085	0.644442	0.642157	0.639232	0.635669	0.631472	0.626643	0.621186	0.615106	0.608409	0.601099	0.593183	0.584667	0.57556	0.565867	0.555599	0.544763	0.53337	0.521428	0.508948	0.495941	0.482418	0.468391	0.453873	0.438877	0.423414	0.407501	0.391151	0.37438	0.357202	0.339634	0.321694	0.303397	0.284764	0.265811	0.246559	0.227027	0.207236	0.187207	0.166961	0.146522	0.125912	0.105155	0.0842732	0.0632924	0.0422367	0.0211309	0	
0	0.0205009	0.0409815	0.0614216	0.0818011	0.1021	0.122298	0.142375	0.162311	0.182087	0.201684	0.221081	0.24026	0.259201	0.277887	0.296299	0.314418	0.332226	0.349707	0.366842	0.383615	0.400009	0.416008	0.431597	0.446759	0.461481	0.475746	0.489542	0.502854	0.51567	0.527976	0.539761	0.551013	0.56172	0.571873	0.58146	0.590473	0.598902	0.606739	0.613976	0.620605	0.626621	0.632017	0.636788	0.640928	0.644433	0.6473	0.649526	0.651107	0.652042	0.65233	0.65197	0.650962	0.649306	0.647004	0.644057	0.640467	0.636238	0.631373	0.625875	0.619749	0.613001	0.605636	0.59766	0.58908	0.579904	0.570139	0.559793	0.548875	0.537396	0.525364	0.51279	0.499684	0.48606	0.471927	0.457299	0.442189	0.426611	0.410577	0.394104	0.377205	0.359898	0.342198	0.324122	0.305688	0.286913	0.267818	0.24842	0.228741	0.2088	0.18862	0.168222	0.147628	0.126863	0.105948	0.0849094	0.0637702	0.0425555	0.0212904	0	
0	0.0206342	0.041248	0.061821	0.0823329	0.102764	0.123093	0.1433	0.163366	0.183271	0.202995	0.222518	0.241822	0.260887	0.279694	0.298225	0.316462	0.334386	0.35198	0.369227	0.386109	0.40261	0.418713	0.434403	0.449664	0.464481	0.478839	0.492725	0.506123	0.519023	0.531409	0.54327	0.554595	0.565372	0.575591	0.58524	0.594311	0.602795	0.610683	0.617967	0.62464	0.630695	0.636126	0.640928	0.645095	0.648623	0.651509	0.653748	0.65534	0.656281	0.656571	0.656209	0.655194	0.653528	0.65121	0.648244	0.644631	0.640375	0.635477	0.629944	0.623779	0.616987	0.609574	0.601546	0.59291	0.583674	0.573846	0.563432	0.552444	0.54089	0.528779	0.516123	0.502933	0.48922	0.474995	0.460272	0.445064	0.429384	0.413247	0.396666	0.379658	0.362238	0.344423	0.326229	0.307675	0.288779	0.269559	0.250035	0.230228	0.210158	0.189846	0.169316	0.148588	0.127688	0.106637	0.0854614	0.0641848	0.0428322	0.0214288	0	
