0	0	0	0	0	0	0	0	0	0	0	0	0	0	0	0	0	0	0	0	0	0	0	0	0	0	0	0	0	0	0	0	0	0	0	0	0	0	0	0	0	0	0	0	0	0	0	0	0	0	0	0	0	0	0	0	0	0	0	0	0	0	0	0	0	0	0	0	0	0	0	0	0	0	0	0	0	0	0	0	0	0	0	0	0	0	0	0	0	0	0	0	0	0	0	0	0	0	0	0	
0	1.68691e-05	3.37197e-05	5.05347e-05	6.7297e-05	8.39897e-05	0.000100596	0.000117099	0.000133482	0.000149728	0.000165822	0.000181747	0.000197486	0.000213025	0.000228347	0.000243438	0.000258282	0.000272863	0.000287168	0.000301183	0.000314892	0.000328283	0.000341342	0.000354056	0.000366411	0.000378397	0.00039	0.000401209	0.000412013	0.000422402	0.000432364	0.000441889	0.000450969	0.000459593	0.000467755	0.000475444	0.000482654	0.000489377	0.000495607	0.000501337	0.000506562	0.000511277	0.000515476	0.000519156	0.000522313	0.000524944	0.000527046	0.000528617	0.000529655	0.000530161	0.000530132	0.00052957	0.000528474	0.000526847	0.000524689	0.000522003	0.000518792	0.000515058	0.000510807	0.000506041	0.000500767	0.000494988	0.000488712	0.000481944	0.000474692	0.000466963	0.000458764	0.000450104	0.000440991	0.000431436	0.000421447	0.000411034	0.000400209	0.000388982	0.000377365	0.000365369	0.000353007	0.00034029	0.000327232	0.000313846	0.000300146	0.000286145	0.000271858	0.000257299	0.000242482	0.000227423	0.000212138	0.00019664	0.000180946	0.000165072	0.000149034	0.000132848	0.00011653	0.000100097	8.35644e-05	6.69497e-05	5.02692e-05	3.35396e-05	1.67777e-05	0	
0	3.37197e-05	6.74024e-05	0.000101014	0.00013452	0.000167888	0.000201082	0.00023407	0.000266818	0.000299293	0.000331463	0.000363295	0.000394757	0.000425818	0.000456446	0.000486611	0.000516282	0.000545429	0.000574024	0.000602038	0.000629442	0.000656209	0.000682312	0.000707726	0.000732424	0.000756382	0.000779576	0.000801982	0.000823579	0.000844344	0.000864257	0.000883298	0.000901447	0.000918687	0.000935001	0.000950371	0.000964783	0.000978223	0.000990676	0.00100213	0.00101257	0.001022	0.00103039	0.00103775	0.00104406	0.00104932	0.00105352	0.00105666	0.00105874	0.00105975	0.00105969	0.00105856	0.00105637	0.00105312	0.00104881	0.00104344	0.00103702	0.00102956	0.00102106	0.00101153	0.00100099	0.000989439	0.000976894	0.000963366	0.000948869	0.000933419	0.00091703	0.000899719	0.000881504	0.000862404	0.000842436	0.000821623	0.000799985	0.000777543	0.000754321	0.000730342	0.000705631	0.000680211	0.00065411	0.000627353	0.000599967	0.000571981	0.000543422	0.000514319	0.000484702	0.000454601	0.000424046	0.000393067	0.000361697	0.000329967	0.000297908	0.000265553	0.000232935	0.000200086	0.000167039	0.000133827	0.000100484	6.70431e-05	3.35372e-05	0	
0	5.05347e-05	0.000101014	0.000151387	0.000201602	0.000251608	0.000301356	0.000350794	0.000399872	0.000448542	0.000496755	0.00054446	0.000591612	0.000638162	0.000684064	0.000729271	0.000773738	0.000817421	0.000860276	0.000902259	0.000943329	0.000983444	0.00102256	0.00106065	0.00109767	0.00113357	0.00116833	0.00120191	0.00123428	0.0012654	0.00129524	0.00132378	0.00135098	0.00137681	0.00140126	0.0014243	0.0014459	0.00146604	0.0014847	0.00150187	0.00151752	0.00153165	0.00154423	0.00155525	0.00156471	0.00157259	0.00157888	0.00158359	0.0015867	0.00158822	0.00158813	0.00158645	0.00158316	0.00157829	0.00157183	0.00156378	0.00155416	0.00154298	0.00153024	0.00151596	0.00150016	0.00148285	0.00146405	0.00144378	0.00142205	0.00139889	0.00137433	0.00134839	0.00132109	0.00129247	0.00126254	0.00123135	0.00119892	0.00116529	0.00113049	0.00109455	0.00105751	0.00101942	0.000980301	0.000940201	0.000899159	0.000857216	0.000814415	0.0007708	0.000726414	0.000681302	0.000635509	0.000589083	0.000542069	0.000494515	0.000446469	0.000397979	0.000349095	0.000299865	0.000250338	0.000200564	0.000150594	0.000100476	5.02617e-05	0	
0	6.7297e-05	0.00013452	0.000201602	0.000268473	0.000335067	0.000401316	0.000467153	0.000532511	0.000597325	0.000661529	0.000725059	0.000787851	0.000849842	0.00091097	0.000971173	0.00103039	0.00108856	0.00114563	0.00120154	0.00125623	0.00130966	0.00136175	0.00141247	0.00146177	0.00150958	0.00155587	0.00160059	0.00164369	0.00168514	0.00172488	0.00176288	0.0017991	0.00183351	0.00186607	0.00189675	0.00192551	0.00195233	0.00197719	0.00200005	0.00202089	0.0020397	0.00205645	0.00207113	0.00208373	0.00209422	0.00210261	0.00210888	0.00211302	0.00211504	0.00211492	0.00211268	0.00210831	0.00210182	0.00209321	0.00208249	0.00206968	0.00205479	0.00203783	0.00201882	0.00199777	0.00197472	0.00194968	0.00192269	0.00189375	0.00186292	0.00183021	0.00179566	0.00175931	0.00172119	0.00168134	0.0016398	0.00159661	0.00155182	0.00150548	0.00145762	0.0014083	0.00135757	0.00130547	0.00125207	0.00119742	0.00114156	0.00108456	0.00102648	0.000967371	0.000907295	0.000846313	0.000784487	0.000721878	0.00065855	0.000594567	0.000529993	0.000464893	0.000399333	0.000333378	0.000267094	0.000200548	0.000133806	6.69342e-05	0	
0	8.39897e-05	0.000167888	0.000251608	0.000335067	0.000418179	0.000500861	0.000583028	0.000664599	0.00074549	0.00082562	0.000904909	0.000983276	0.00106064	0.00113693	0.00121207	0.00128598	0.00135858	0.00142981	0.00149958	0.00156784	0.00163452	0.00169954	0.00176284	0.00182436	0.00188403	0.00194181	0.00199762	0.00205141	0.00210313	0.00215274	0.00220016	0.00224537	0.00228831	0.00232895	0.00236723	0.00240313	0.00243661	0.00246763	0.00249616	0.00252218	0.00254565	0.00256656	0.00258488	0.0026006	0.0026137	0.00262416	0.00263199	0.00263716	0.00263967	0.00263953	0.00263673	0.00263128	0.00262318	0.00261243	0.00259906	0.00258307	0.00256448	0.00254331	0.00251959	0.00249333	0.00246456	0.00243331	0.00239961	0.0023635	0.00232502	0.00228419	0.00224108	0.00219571	0.00214813	0.00209839	0.00204655	0.00199265	0.00193676	0.00187891	0.00181919	0.00175763	0.00169432	0.0016293	0.00156265	0.00149444	0.00142473	0.00135359	0.0012811	0.00120733	0.00113235	0.00105624	0.000979082	0.000900943	0.000821907	0.000742052	0.000661461	0.000580213	0.00049839	0.000416074	0.000333348	0.000250295	0.000166997	8.35376e-05	0	
0	0.000100596	0.000201082	0.000301356	0.000401316	0.000500861	0.00059989	0.000698304	0.000796002	0.000892887	0.000988861	0.00108383	0.00117769	0.00127035	0.00136173	0.00145172	0.00154024	0.0016272	0.00171251	0.00179608	0.00187784	0.00195769	0.00203557	0.00211139	0.00218507	0.00225655	0.00232574	0.00239259	0.00245702	0.00251897	0.00257838	0.00263518	0.00268933	0.00274076	0.00278943	0.00283529	0.00287828	0.00291838	0.00295553	0.00298971	0.00302087	0.00304898	0.00307402	0.00309597	0.0031148	0.00313048	0.00314302	0.00315239	0.00315858	0.0031616	0.00316143	0.00315807	0.00315154	0.00314184	0.00312897	0.00311295	0.0030938	0.00307154	0.00304619	0.00301777	0.00298631	0.00295185	0.00291443	0.00287407	0.00283082	0.00278473	0.00273583	0.00268419	0.00262985	0.00257286	0.0025133	0.0024512	0.00238665	0.0023197	0.00225042	0.00217888	0.00210516	0.00202932	0.00195145	0.00187163	0.00178993	0.00170643	0.00162123	0.00153441	0.00144605	0.00135625	0.00126509	0.00117267	0.00107908	0.000984419	0.000888775	0.000792249	0.000694936	0.000596935	0.000498343	0.00039926	0.000299785	0.000200017	0.000100055	0	
0	0.000117099	0.00023407	0.000350794	0.000467153	0.000583028	0.000698304	0.000812862	0.000926589	0.00103937	0.00115109	0.00126163	0.00137089	0.00147876	0.00158513	0.00168988	0.00179292	0.00189415	0.00199345	0.00209074	0.00218591	0.00227886	0.00236951	0.00245777	0.00254354	0.00262674	0.00270729	0.00278511	0.00286011	0.00293222	0.00300137	0.0030675	0.00313053	0.0031904	0.00324705	0.00330043	0.00335048	0.00339716	0.0034404	0.00348018	0.00351646	0.00354918	0.00357834	0.00360388	0.0036258	0.00364406	0.00365865	0.00366956	0.00367677	0.00368028	0.00368008	0.00367618	0.00366857	0.00365728	0.0036423	0.00362365	0.00360136	0.00357545	0.00354593	0.00351285	0.00347624	0.00343613	0.00339256	0.00334558	0.00329524	0.00324158	0.00318467	0.00312455	0.00306129	0.00299496	0.00292562	0.00285334	0.0027782	0.00270026	0.00261962	0.00253634	0.00245053	0.00236225	0.00227161	0.00217868	0.00208358	0.00198639	0.00188721	0.00178614	0.00168329	0.00157875	0.00147264	0.00136506	0.00125612	0.00114592	0.00103459	0.000922225	0.000808947	0.000694868	0.000580102	0.000464763	0.000348968	0.000232832	0.000116471	0	
0	0.000133482	0.000266818	0.000399872	0.000532511	0.000664599	0.000796002	0.000926589	0.00105623	0.00118478	0.00131213	0.00143815	0.00156269	0.00168565	0.0018069	0.00192631	0.00204377	0.00215916	0.00227235	0.00238325	0.00249174	0.0025977	0.00270103	0.00280164	0.00289941	0.00299425	0.00308607	0.00317477	0.00326027	0.00334247	0.0034213	0.00349668	0.00356853	0.00363677	0.00370135	0.0037622	0.00381926	0.00387246	0.00392176	0.0039671	0.00400845	0.00404576	0.00407899	0.00410811	0.00413309	0.00415391	0.00417054	0.00418297	0.00419119	0.00419519	0.00419497	0.00419052	0.00418185	0.00416897	0.0041519	0.00413065	0.00410524	0.0040757	0.00404205	0.00400435	0.00396261	0.00391689	0.00386722	0.00381367	0.00375628	0.00369512	0.00363024	0.00356172	0.00348961	0.003414	0.00333495	0.00325256	0.0031669	0.00307807	0.00298614	0.00289121	0.00279339	0.00269276	0.00258943	0.00248351	0.0023751	0.00226431	0.00215126	0.00203605	0.00191881	0.00179964	0.00167869	0.00155605	0.00143187	0.00130625	0.00117934	0.00105126	0.000922132	0.000792091	0.000661267	0.000529791	0.000397794	0.000265409	0.000132767	0	
0	0.000149728	0.000299293	0.000448542	0.000597325	0.00074549	0.000892887	0.00103937	0.00118478	0.00132899	0.00147184	0.00161319	0.0017529	0.00189082	0.00202683	0.00216077	0.00229253	0.00242196	0.00254894	0.00267333	0.00279502	0.00291388	0.00302979	0.00314264	0.00325232	0.0033587	0.0034617	0.00356119	0.0036571	0.00374931	0.00383773	0.00392228	0.00400288	0.00407943	0.00415187	0.00422013	0.00428413	0.0043438	0.0043991	0.00444997	0.00449635	0.0045382	0.00457547	0.00460814	0.00463616	0.00465951	0.00467817	0.00469212	0.00470134	0.00470582	0.00470557	0.00470058	0.00469086	0.00467641	0.00465726	0.00463342	0.00460492	0.00457178	0.00453405	0.00449175	0.00444493	0.00439364	0.00433794	0.00427787	0.00421349	0.00414489	0.00407211	0.00399524	0.00391436	0.00382955	0.00374088	0.00364846	0.00355238	0.00345273	0.00334961	0.00324313	0.0031334	0.00302052	0.00290462	0.0027858	0.0026642	0.00253993	0.00241311	0.00228388	0.00215236	0.0020187	0.00188302	0.00174546	0.00160615	0.00146525	0.00132289	0.00117922	0.00103438	0.000888506	0.000741758	0.000594279	0.000446215	0.000297715	0.000148928	0	
0	0.000165822	0.000331463	0.000496755	0.000661529	0.00082562	0.000988861	0.00115109	0.00131213	0.00147184	0.00163004	0.00178659	0.00194131	0.00209406	0.00224469	0.00239303	0.00253895	0.00268229	0.00282292	0.00296068	0.00309545	0.00322709	0.00335546	0.00348044	0.00360191	0.00371973	0.00383379	0.00394399	0.0040502	0.00415232	0.00425025	0.00434389	0.00443314	0.00451793	0.00459816	0.00467375	0.00474463	0.00481072	0.00487196	0.0049283	0.00497966	0.00502601	0.00506729	0.00510347	0.0051345	0.00516036	0.00518103	0.00519647	0.00520669	0.00521166	0.00521138	0.00520585	0.00519508	0.00517909	0.00515787	0.00513147	0.00509991	0.00506321	0.00502142	0.00497457	0.00492272	0.00486592	0.00480423	0.0047377	0.00466641	0.00459043	0.00450983	0.0044247	0.00433512	0.00424119	0.004143	0.00404064	0.00393423	0.00382387	0.00370966	0.00359174	0.00347021	0.00334521	0.00321684	0.00308526	0.00295058	0.00281295	0.0026725	0.00252938	0.00238373	0.00223569	0.00208543	0.00193308	0.00177881	0.00162276	0.0014651	0.00130598	0.00114556	0.000984015	0.000821493	0.00065816	0.000494181	0.000329718	0.000164937	0	
0	0.000181747	0.000363295	0.00054446	0.000725059	0.000904909	0.00108383	0.00126163	0.00143815	0.00161319	0.00178659	0.00195817	0.00212775	0.00229517	0.00246026	0.00262285	0.00278278	0.00293989	0.00309402	0.00324502	0.00339273	0.00353701	0.00367772	0.0038147	0.00394783	0.00407696	0.00420198	0.00432276	0.00443917	0.0045511	0.00465843	0.00476107	0.0048589	0.00495182	0.00503976	0.00512261	0.00520029	0.00527273	0.00533986	0.0054016	0.0054579	0.0055087	0.00555395	0.0055936	0.00562761	0.00565596	0.00567861	0.00569554	0.00570673	0.00571218	0.00571187	0.00570582	0.00569401	0.00567648	0.00565323	0.0056243	0.0055897	0.00554948	0.00550367	0.00545233	0.0053955	0.00533324	0.00526562	0.00519271	0.00511457	0.00503129	0.00494295	0.00484965	0.00475147	0.00464851	0.00454089	0.00442871	0.00431207	0.00419111	0.00406594	0.00393669	0.0038035	0.00366648	0.00352579	0.00338157	0.00323396	0.00308311	0.00292917	0.0027723	0.00261266	0.00245041	0.00228572	0.00211874	0.00194965	0.00177861	0.00160581	0.00143141	0.00125559	0.00107852	0.000900392	0.000721372	0.000541643	0.000361385	0.000180778	0	
0	0.000197486	0.000394757	0.000591612	0.000787851	0.000983276	0.00117769	0.00137089	0.00156269	0.0017529	0.00194131	0.00212775	0.00231202	0.00249394	0.00267333	0.00285	0.00302378	0.0031945	0.00336198	0.00352605	0.00368656	0.00384334	0.00399622	0.00414507	0.00428973	0.00443005	0.0045659	0.00469713	0.00482362	0.00494525	0.00506188	0.0051734	0.0052797	0.00538068	0.00547623	0.00556626	0.00565067	0.00572938	0.00580232	0.00586941	0.00593059	0.00598579	0.00603495	0.00607804	0.006115	0.0061458	0.00617041	0.00618881	0.00620097	0.00620689	0.00620656	0.00619998	0.00618715	0.0061681	0.00614284	0.0061114	0.00607381	0.0060301	0.00598033	0.00592454	0.00586279	0.00579514	0.00572166	0.00564243	0.00555753	0.00546704	0.00537105	0.00526966	0.00516298	0.00505111	0.00493417	0.00481227	0.00468553	0.00455409	0.00441809	0.00427764	0.00413291	0.00398403	0.00383115	0.00367444	0.00351405	0.00335013	0.00318286	0.00301241	0.00283894	0.00266264	0.00248368	0.00230224	0.0021185	0.00193266	0.00174489	0.00155538	0.00136433	0.00117193	0.000978375	0.00078385	0.000588555	0.000392685	0.000196435	0	
0	0.000213025	0.000425818	0.000638162	0.000849842	0.00106064	0.00127035	0.00147876	0.00168565	0.00189082	0.00209406	0.00229517	0.00249394	0.00269018	0.00288368	0.00307425	0.00326171	0.00344586	0.00362652	0.0038035	0.00397664	0.00414575	0.00431067	0.00447123	0.00462727	0.00477863	0.00492517	0.00506673	0.00520318	0.00533437	0.00546018	0.00558048	0.00569514	0.00580407	0.00590713	0.00600424	0.0060953	0.00618021	0.00625889	0.00633126	0.00639725	0.00645679	0.00650983	0.0065563	0.00659617	0.0066294	0.00665594	0.00667579	0.00668891	0.00669529	0.00669493	0.00668784	0.006674	0.00665345	0.00662621	0.00659229	0.00655174	0.00650459	0.0064509	0.00639072	0.00632412	0.00625114	0.00617189	0.00608642	0.00599484	0.00589723	0.00579369	0.00568432	0.00556925	0.00544857	0.00532243	0.00519093	0.00505423	0.00491245	0.00476574	0.00461424	0.00445812	0.00429753	0.00413262	0.00396358	0.00379056	0.00361375	0.00343332	0.00324945	0.00306234	0.00287216	0.00267912	0.0024834	0.00228521	0.00208474	0.00188219	0.00167778	0.00147169	0.00126415	0.00105536	0.000845532	0.000634869	0.000423586	0.000211893	0	
0	0.000228347	0.000456446	0.000684064	0.00091097	0.00113693	0.00136173	0.00158513	0.0018069	0.00202683	0.00224469	0.00246026	0.00267333	0.00288368	0.0030911	0.00329538	0.00349632	0.00369372	0.00388737	0.00407709	0.00426268	0.00444395	0.00462074	0.00479284	0.00496011	0.00512236	0.00527944	0.00543118	0.00557744	0.00571807	0.00585293	0.00598188	0.0061048	0.00622156	0.00633204	0.00643613	0.00653374	0.00662476	0.0067091	0.00678667	0.00685741	0.00692123	0.00697809	0.0070279	0.00707064	0.00710626	0.00713472	0.00715599	0.00717005	0.00717689	0.00717651	0.0071689	0.00715408	0.00713205	0.00710284	0.00706648	0.00702302	0.00697248	0.00691493	0.00685042	0.00677902	0.0067008	0.00661584	0.00652423	0.00642606	0.00632143	0.00621044	0.00609321	0.00596985	0.0058405	0.00570528	0.00556433	0.00541779	0.00526581	0.00510855	0.00494616	0.00477881	0.00460666	0.0044299	0.00424869	0.00406323	0.0038737	0.00368029	0.0034832	0.00328262	0.00307877	0.00287184	0.00266204	0.00244959	0.0022347	0.00201759	0.00179847	0.00157756	0.00135509	0.00113128	0.000906356	0.000680539	0.000454057	0.000227135	0	
0	0.000243438	0.000486611	0.000729271	0.000971173	0.00121207	0.00145172	0.00168988	0.00192631	0.00216077	0.00239303	0.00262285	0.00285	0.00307425	0.00329538	0.00351317	0.00372739	0.00393783	0.00414428	0.00434654	0.00454439	0.00473765	0.00492611	0.0051096	0.00528791	0.00546089	0.00562835	0.00579012	0.00594605	0.00609597	0.00623974	0.00637722	0.00650826	0.00663273	0.00675052	0.00686149	0.00696555	0.00706258	0.0071525	0.0072352	0.00731061	0.00737865	0.00743926	0.00749237	0.00753794	0.00757591	0.00760625	0.00762892	0.00764392	0.00765121	0.00765081	0.00764269	0.00762689	0.0076034	0.00757227	0.00753351	0.00748717	0.00743329	0.00737194	0.00730317	0.00722705	0.00714366	0.00705309	0.00695542	0.00685076	0.00673921	0.00662089	0.00649591	0.00636441	0.0062265	0.00608235	0.00593208	0.00577586	0.00561384	0.00544618	0.00527306	0.00509464	0.00491112	0.00472267	0.00452949	0.00433177	0.00412972	0.00392353	0.00371341	0.00349958	0.00328225	0.00306164	0.00283798	0.00261149	0.0023824	0.00215093	0.00191733	0.00168183	0.00144465	0.00120605	0.000966259	0.000725518	0.000484067	0.000242147	0	
0	0.000258282	0.000516282	0.000773738	0.00103039	0.00128598	0.00154024	0.00179292	0.00204377	0.00229253	0.00253895	0.00278278	0.00302378	0.00326171	0.00349632	0.00372739	0.00395467	0.00417795	0.00439699	0.00461157	0.00482149	0.00502653	0.00522649	0.00542116	0.00561036	0.00579388	0.00597155	0.00614319	0.00630862	0.00646769	0.00662023	0.00676609	0.00690512	0.00703718	0.00716215	0.00727989	0.00739029	0.00749324	0.00758864	0.00767639	0.0077564	0.00782859	0.00789289	0.00794925	0.00799759	0.00803787	0.00807006	0.00809412	0.00811003	0.00811777	0.00811734	0.00810873	0.00809196	0.00806705	0.00803401	0.00799289	0.00794373	0.00788657	0.00782147	0.00774851	0.00766775	0.00757927	0.00748318	0.00737956	0.00726851	0.00715016	0.00702463	0.00689203	0.0067525	0.00660619	0.00645325	0.00629382	0.00612807	0.00595617	0.00577829	0.00559461	0.00540531	0.0052106	0.00501066	0.0048057	0.00459593	0.00438155	0.00416278	0.00393985	0.00371298	0.0034824	0.00324835	0.00301104	0.00277074	0.00252768	0.0022821	0.00203425	0.00178439	0.00153275	0.0012796	0.00102518	0.000769761	0.000513586	0.000256914	0	
0	0.000272863	0.000545429	0.000817421	0.00108856	0.00135858	0.0016272	0.00189415	0.00215916	0.00242196	0.00268229	0.00293989	0.0031945	0.00344586	0.00369372	0.00393783	0.00417795	0.00441383	0.00464523	0.00487194	0.00509371	0.00531033	0.00552157	0.00572724	0.00592711	0.006121	0.0063087	0.00649003	0.0066648	0.00683285	0.006994	0.00714809	0.00729498	0.0074345	0.00756652	0.00769091	0.00780755	0.00791631	0.00801709	0.00810979	0.00819432	0.00827059	0.00833853	0.00839806	0.00844913	0.00849169	0.0085257	0.00855112	0.00856792	0.0085761	0.00857565	0.00856655	0.00854884	0.00852252	0.00848762	0.00844417	0.00839223	0.00833184	0.00826307	0.00818599	0.00810067	0.0080072	0.00790568	0.00779621	0.0076789	0.00755387	0.00742124	0.00728116	0.00713376	0.00697919	0.0068176	0.00664917	0.00647407	0.00629246	0.00610454	0.00591049	0.00571051	0.0055048	0.00529357	0.00507704	0.00485542	0.00462894	0.00439782	0.00416231	0.00392263	0.00367903	0.00343175	0.00318106	0.00292719	0.0026704	0.00241095	0.00214911	0.00188514	0.00161929	0.00135185	0.00108307	0.000813225	0.000542585	0.00027142	0	
0	0.000287168	0.000574024	0.000860276	0.00114563	0.00142981	0.00171251	0.00199345	0.00227235	0.00254894	0.00282292	0.00309402	0.00336198	0.00362652	0.00388737	0.00414428	0.00439699	0.00464523	0.00488877	0.00512736	0.00536076	0.00558874	0.00581106	0.00602751	0.00623786	0.00644191	0.00663945	0.00683029	0.00701423	0.00719109	0.00736069	0.00752286	0.00767744	0.00782428	0.00796322	0.00809414	0.00821689	0.00833135	0.00843742	0.00853498	0.00862394	0.00870421	0.00877571	0.00883836	0.00889211	0.00893691	0.0089727	0.00899945	0.00901714	0.00902574	0.00902526	0.0090157	0.00899705	0.00896935	0.00893262	0.0088869	0.00883224	0.00876868	0.00869631	0.00861518	0.00852539	0.00842702	0.00832018	0.00820497	0.00808151	0.00794992	0.00781034	0.00766291	0.00750778	0.00734511	0.00717505	0.00699779	0.00681351	0.00662238	0.0064246	0.00622038	0.00600991	0.00579342	0.00557112	0.00534323	0.00511	0.00487164	0.00462841	0.00438054	0.0041283	0.00387193	0.00361169	0.00334784	0.00308066	0.00281041	0.00253737	0.00226179	0.00198398	0.0017042	0.00142273	0.00113986	0.000855864	0.000571035	0.000285652	0	
0	0.000301183	0.000602038	0.000902259	0.00120154	0.00149958	0.00179608	0.00209074	0.00238325	0.00267333	0.00296068	0.00324502	0.00352605	0.0038035	0.00407709	0.00434654	0.00461157	0.00487194	0.00512736	0.0053776	0.00562239	0.00586149	0.00609466	0.00632167	0.00654229	0.0067563	0.00696348	0.00716364	0.00735655	0.00754204	0.00771992	0.00789001	0.00805214	0.00820614	0.00835186	0.00848917	0.00861791	0.00873796	0.00884921	0.00895153	0.00904483	0.00912902	0.00920401	0.00926972	0.00932609	0.00937307	0.00941061	0.00943867	0.00945722	0.00946625	0.00946574	0.00945571	0.00943616	0.0094071	0.00936858	0.00932063	0.0092633	0.00919664	0.00912073	0.00903565	0.00894148	0.00883831	0.00872625	0.00860542	0.00847593	0.00833792	0.00819153	0.00803691	0.00787421	0.00770359	0.00752524	0.00733933	0.00714605	0.00694559	0.00673816	0.00652397	0.00630324	0.00607618	0.00584303	0.00560402	0.0053594	0.00510941	0.0048543	0.00459434	0.00432979	0.0040609	0.00378796	0.00351124	0.00323102	0.00294758	0.00266121	0.00237219	0.00208081	0.00178738	0.00149217	0.00119549	0.000897638	0.000598906	0.000299594	0	
0	0.000314892	0.000629442	0.000943329	0.00125623	0.00156784	0.00187784	0.00218591	0.00249174	0.00279502	0.00309545	0.00339273	0.00368656	0.00397664	0.00426268	0.00454439	0.00482149	0.00509371	0.00536076	0.00562239	0.00587832	0.00612831	0.00637209	0.00660944	0.0068401	0.00706385	0.00728047	0.00748973	0.00769143	0.00788537	0.00807134	0.00824917	0.00841868	0.00857969	0.00873205	0.00887561	0.00901021	0.00913573	0.00925204	0.00935902	0.00945657	0.00954459	0.00962299	0.00969169	0.00975063	0.00979975	0.009839	0.00986833	0.00988773	0.00989717	0.00989664	0.00988615	0.00986571	0.00983533	0.00979506	0.00974492	0.00968498	0.00961529	0.00953593	0.00944697	0.00934851	0.00924065	0.00912349	0.00899716	0.00886178	0.00871749	0.00856443	0.00840277	0.00823266	0.00805428	0.00786781	0.00767344	0.00747136	0.00726178	0.0070449	0.00682096	0.00659018	0.00635278	0.00610902	0.00585913	0.00560338	0.00534201	0.00507529	0.00480349	0.00452689	0.00424577	0.00396041	0.00367109	0.00337811	0.00308177	0.00278236	0.00248018	0.00217554	0.00186874	0.0015601	0.00124992	0.000938502	0.000626171	0.000313233	0	
0	0.000328283	0.000656209	0.000983444	0.00130966	0.00163452	0.00195769	0.00227886	0.0025977	0.00291388	0.00322709	0.00353701	0.00384334	0.00414575	0.00444395	0.00473765	0.00502653	0.00531033	0.00558874	0.00586149	0.00612831	0.00638892	0.00664308	0.00689052	0.00713099	0.00736426	0.00759009	0.00780825	0.00801853	0.00822071	0.00841459	0.00859999	0.0087767	0.00894456	0.0091034	0.00925306	0.00939339	0.00952425	0.0096455	0.00975704	0.00985873	0.0099505	0.0100322	0.0101039	0.0101653	0.0102165	0.0102574	0.010288	0.0103082	0.0103181	0.0103175	0.0103066	0.0102853	0.0102536	0.0102116	0.0101594	0.0100969	0.0100242	0.00994148	0.00984874	0.00974609	0.00963364	0.0095115	0.00937979	0.00923866	0.00908823	0.00892867	0.00876013	0.00858279	0.00839682	0.00820242	0.00799978	0.00778911	0.00757061	0.00734452	0.00711105	0.00687046	0.00662297	0.00636883	0.00610832	0.00584169	0.0055692	0.00529114	0.00500779	0.00471942	0.00442634	0.00412884	0.00382722	0.00352178	0.00321284	0.00290069	0.00258566	0.00226807	0.00194822	0.00162645	0.00130308	0.000978418	0.000652803	0.000326555	0	
0	0.000341342	0.000682312	0.00102256	0.00136175	0.00169954	0.00203557	0.00236951	0.00270103	0.00302979	0.00335546	0.00367772	0.00399622	0.00431067	0.00462074	0.00492611	0.00522649	0.00552157	0.00581106	0.00609466	0.00637209	0.00664308	0.00690734	0.00716463	0.00741467	0.00765721	0.00789203	0.00811887	0.00833751	0.00854774	0.00874933	0.0089421	0.00912585	0.00930039	0.00946555	0.00962116	0.00976707	0.00990314	0.0100292	0.0101452	0.0102509	0.0103463	0.0104313	0.0105058	0.0105697	0.0106229	0.0106655	0.0106973	0.0107183	0.0107285	0.010728	0.0107166	0.0106944	0.0106615	0.0106179	0.0105635	0.0104985	0.010423	0.010337	0.0102405	0.0101338	0.0100169	0.00988989	0.00975295	0.00960619	0.00944978	0.00928387	0.00910863	0.00892423	0.00873087	0.00852874	0.00831804	0.00809898	0.00787179	0.00763671	0.00739395	0.00714378	0.00688645	0.00662221	0.00635133	0.00607409	0.00579076	0.00550164	0.00520701	0.00490718	0.00460244	0.0042931	0.00397948	0.00366189	0.00334066	0.00301609	0.00268853	0.0023583	0.00202573	0.00169116	0.00135492	0.00101734	0.000678774	0.000339547	0	
0	0.000354056	0.000707726	0.00106065	0.00141247	0.00176284	0.00211139	0.00245777	0.00280164	0.00314264	0.00348044	0.0038147	0.00414507	0.00447123	0.00479284	0.0051096	0.00542116	0.00572724	0.00602751	0.00632167	0.00660944	0.00689052	0.00716463	0.00743149	0.00769085	0.00794243	0.00818599	0.00842128	0.00864807	0.00886612	0.00907523	0.00927518	0.00946577	0.00964681	0.00981812	0.00997953	0.0101309	0.010272	0.0104028	0.0105231	0.0106328	0.0107317	0.0108199	0.0108971	0.0109634	0.0110186	0.0110628	0.0110957	0.0111176	0.0111282	0.0111276	0.0111158	0.0110928	0.0110587	0.0110134	0.010957	0.0108896	0.0108113	0.010722	0.010622	0.0105113	0.01039	0.0102583	0.0101162	0.00996402	0.00980178	0.00962969	0.00944792	0.00925666	0.00905609	0.00884643	0.00862788	0.00840067	0.00816502	0.00792117	0.00766938	0.00740989	0.00714297	0.00686889	0.00658792	0.00630035	0.00600647	0.00570658	0.00540098	0.00508997	0.00477388	0.00445303	0.00412772	0.0037983	0.0034651	0.00312845	0.00278868	0.00244615	0.00210119	0.00175416	0.00140539	0.00105524	0.00070406	0.000352196	0	
0	0.000366411	0.000732424	0.00109767	0.00146177	0.00182436	0.00218507	0.00254354	0.00289941	0.00325232	0.00360191	0.00394783	0.00428973	0.00462727	0.00496011	0.00528791	0.00561036	0.00592711	0.00623786	0.00654229	0.0068401	0.00713099	0.00741467	0.00769085	0.00795925	0.00821961	0.00847167	0.00871518	0.00894988	0.00917555	0.00939195	0.00959888	0.00979612	0.00998348	0.0101608	0.0103278	0.0104844	0.0106305	0.0107658	0.0108903	0.0110038	0.0111063	0.0111975	0.0112774	0.011346	0.0114032	0.0114489	0.011483	0.0115056	0.0115166	0.0115159	0.0115037	0.01148	0.0114446	0.0113977	0.0113394	0.0112697	0.0111886	0.0110962	0.0109927	0.0108781	0.0107526	0.0106163	0.0104693	0.0103118	0.0101439	0.00996578	0.00977767	0.00957973	0.00937216	0.00915518	0.008929	0.00869386	0.00844999	0.00819763	0.00793705	0.00766851	0.00739227	0.00710862	0.00681785	0.00652024	0.00621611	0.00590575	0.00558948	0.00526762	0.0049405	0.00460845	0.00427179	0.00393087	0.00358604	0.00323764	0.00288602	0.00253153	0.00217453	0.00181538	0.00145444	0.00109207	0.000728634	0.000364488	0	
0	0.000378397	0.000756382	0.00113357	0.00150958	0.00188403	0.00225655	0.00262674	0.00299425	0.0033587	0.00371973	0.00407696	0.00443005	0.00477863	0.00512236	0.00546089	0.00579388	0.006121	0.00644191	0.0067563	0.00706385	0.00736426	0.00765721	0.00794243	0.00821961	0.00848849	0.0087488	0.00900027	0.00924265	0.0094757	0.00969918	0.00991288	0.0101166	0.0103101	0.0104932	0.0106657	0.0108274	0.0109783	0.011118	0.0112466	0.0113638	0.0114696	0.0115638	0.0116464	0.0117172	0.0117762	0.0118234	0.0118586	0.0118819	0.0118933	0.0118927	0.0118801	0.0118555	0.011819	0.0117706	0.0117104	0.0116383	0.0115546	0.0114592	0.0113523	0.011234	0.0111044	0.0109636	0.0108118	0.0106491	0.0104757	0.0102918	0.0100975	0.00989312	0.00967876	0.00945468	0.00922111	0.00897827	0.00872642	0.00846581	0.0081967	0.00791938	0.0076341	0.00734117	0.00704089	0.00673355	0.00641946	0.00609895	0.00577234	0.00543995	0.00510213	0.00475921	0.00441154	0.00405947	0.00370336	0.00334356	0.00298043	0.00261435	0.00224567	0.00187477	0.00150203	0.0011278	0.000752471	0.000376413	0	
0	0.00039	0.000779576	0.00116833	0.00155587	0.00194181	0.00232574	0.00270729	0.00308607	0.0034617	0.00383379	0.00420198	0.0045659	0.00492517	0.00527944	0.00562835	0.00597155	0.0063087	0.00663945	0.00696348	0.00728047	0.00759009	0.00789203	0.00818599	0.00847167	0.0087488	0.00901709	0.00927627	0.00952608	0.00976628	0.00999662	0.0102169	0.0104268	0.0106262	0.0108149	0.0109927	0.0111595	0.0113149	0.011459	0.0115915	0.0117123	0.0118213	0.0119184	0.0120035	0.0120765	0.0121374	0.012186	0.0122223	0.0122463	0.012258	0.0122574	0.0122444	0.0122191	0.0121814	0.0121316	0.0120695	0.0119952	0.0119089	0.0118106	0.0117005	0.0115785	0.0114449	0.0112998	0.0111434	0.0109757	0.010797	0.0106074	0.0104072	0.0101965	0.00997558	0.00974463	0.0095039	0.00925361	0.00899404	0.00872544	0.00844808	0.00816224	0.00786822	0.00756631	0.00725682	0.00694005	0.00661634	0.006286	0.00594937	0.00560679	0.0052586	0.00490517	0.00454684	0.00418397	0.00381693	0.0034461	0.00307184	0.00269453	0.00231454	0.00193227	0.00154809	0.00116239	0.000775549	0.000387957	0	
0	0.000401209	0.000801982	0.00120191	0.00160059	0.00199762	0.00239259	0.00278511	0.00317477	0.00356119	0.00394399	0.00432276	0.00469713	0.00506673	0.00543118	0.00579012	0.00614319	0.00649003	0.00683029	0.00716364	0.00748973	0.00780825	0.00811887	0.00842128	0.00871518	0.00900027	0.00927627	0.0095429	0.00979989	0.010047	0.010284	0.0105105	0.0107265	0.0109317	0.0111258	0.0113087	0.0114802	0.0116401	0.0117883	0.0119247	0.012049	0.0121611	0.012261	0.0123485	0.0124236	0.0124862	0.0125362	0.0125736	0.0125983	0.0126104	0.0126097	0.0125963	0.0125703	0.0125316	0.0124803	0.0124164	0.01234	0.0122512	0.0121501	0.0120368	0.0119113	0.0117739	0.0116246	0.0114637	0.0112912	0.0111073	0.0109123	0.0107063	0.0104896	0.0102623	0.0100247	0.00977709	0.00951961	0.00925257	0.00897625	0.00869092	0.00839687	0.0080944	0.00778381	0.00746542	0.00713955	0.00680653	0.00646669	0.00612039	0.00576796	0.00540977	0.00504617	0.00467754	0.00430424	0.00392666	0.00354516	0.00316014	0.00277198	0.00238108	0.00198782	0.00159259	0.0011958	0.000797843	0.00039911	0	
0	0.000412013	0.000823579	0.00123428	0.00164369	0.00205141	0.00245702	0.00286011	0.00326027	0.0036571	0.0040502	0.00443917	0.00482362	0.00520318	0.00557744	0.00594605	0.00630862	0.0066648	0.00701423	0.00735655	0.00769143	0.00801853	0.00833751	0.00864807	0.00894988	0.00924265	0.00952608	0.00979989	0.0100638	0.0103176	0.0105609	0.0107936	0.0110154	0.0112261	0.0114254	0.0116133	0.0117894	0.0119536	0.0121058	0.0122458	0.0123734	0.0124886	0.0125912	0.0126811	0.0127582	0.0128225	0.0128739	0.0129122	0.0129376	0.01295	0.0129493	0.0129356	0.0129088	0.0128691	0.0128164	0.0127508	0.0126724	0.0125812	0.0124774	0.012361	0.0122321	0.012091	0.0119377	0.0117724	0.0115953	0.0114065	0.0112062	0.0109947	0.0107721	0.0105387	0.0102947	0.0100404	0.00977599	0.00950177	0.009218	0.00892499	0.00862302	0.0083124	0.00799345	0.00766648	0.00733183	0.00698984	0.00664086	0.00628522	0.00592331	0.00555547	0.00518208	0.00480352	0.00442017	0.00403241	0.00364064	0.00324526	0.00284664	0.00244521	0.00204136	0.00163549	0.00122801	0.000819332	0.000409859	0	
0	0.000422402	0.000844344	0.0012654	0.00168514	0.00210313	0.00251897	0.00293222	0.00334247	0.00374931	0.00415232	0.0045511	0.00494525	0.00533437	0.00571807	0.00609597	0.00646769	0.00683285	0.00719109	0.00754204	0.00788537	0.00822071	0.00854774	0.00886612	0.00917555	0.0094757	0.00976628	0.010047	0.0103176	0.0105777	0.0108272	0.0110658	0.0112931	0.0115091	0.0117135	0.0119061	0.0120867	0.012255	0.0124111	0.0125546	0.0126854	0.0128035	0.0129087	0.0130009	0.0130799	0.0131458	0.0131985	0.0132378	0.0132639	0.0132765	0.0132758	0.0132618	0.0132343	0.0131936	0.0131396	0.0130723	0.0129919	0.0128984	0.012792	0.0126727	0.0125406	0.0123959	0.0122387	0.0120693	0.0118877	0.0116941	0.0114888	0.0112719	0.0110437	0.0108045	0.0105543	0.0102936	0.0100225	0.00974137	0.00945045	0.00915005	0.00884046	0.00852201	0.00819502	0.00785981	0.00751672	0.00716611	0.00680832	0.00644372	0.00607267	0.00569556	0.00531276	0.00492465	0.00453163	0.0041341	0.00373245	0.00332709	0.00291843	0.00250687	0.00209283	0.00167673	0.00125898	0.000839994	0.000420195	0	
0	0.000432364	0.000864257	0.00129524	0.00172488	0.00215274	0.00257838	0.00300137	0.0034213	0.00383773	0.00425025	0.00465843	0.00506188	0.00546018	0.00585293	0.00623974	0.00662023	0.006994	0.00736069	0.00771992	0.00807134	0.00841459	0.00874933	0.00907523	0.00939195	0.00969918	0.00999662	0.010284	0.0105609	0.0108272	0.0110826	0.0113267	0.0115595	0.0117806	0.0119898	0.0121869	0.0123717	0.0125441	0.0127038	0.0128507	0.0129846	0.0131055	0.0132132	0.0133075	0.0133884	0.0134559	0.0135098	0.0135501	0.0135767	0.0135897	0.0135889	0.0135745	0.0135465	0.0135048	0.0134495	0.0133806	0.0132983	0.0132027	0.0130937	0.0129716	0.0128364	0.0126883	0.0125274	0.0123539	0.012168	0.0119699	0.0117598	0.0115378	0.0113042	0.0110593	0.0108033	0.0105364	0.0102589	0.00997114	0.00967336	0.00936587	0.00904898	0.00872302	0.00838831	0.0080452	0.00769402	0.00733514	0.00696891	0.00659571	0.00621591	0.0058299	0.00543807	0.00504081	0.00463852	0.00423161	0.00382049	0.00340557	0.00298727	0.002566	0.0021422	0.00171628	0.00128868	0.000859808	0.000430107	0	
0	0.000441889	0.000883298	0.00132378	0.00176288	0.00220016	0.00263518	0.0030675	0.00349668	0.00392228	0.00434389	0.00476107	0.0051734	0.00558048	0.00598188	0.00637722	0.00676609	0.00714809	0.00752286	0.00789001	0.00824917	0.00859999	0.0089421	0.00927518	0.00959888	0.00991288	0.0102169	0.0105105	0.0107936	0.0110658	0.0113267	0.0115763	0.0118142	0.0120401	0.012254	0.0124554	0.0126443	0.0128205	0.0129837	0.0131338	0.0132707	0.0133943	0.0135043	0.0136007	0.0136834	0.0137524	0.0138074	0.0138486	0.0138758	0.0138891	0.0138884	0.0138736	0.013845	0.0138023	0.0137458	0.0136755	0.0135914	0.0134936	0.0133822	0.0132574	0.0131192	0.0129678	0.0128034	0.0126261	0.0124362	0.0122337	0.0120189	0.011792	0.0115533	0.011303	0.0110413	0.0107685	0.010485	0.0101908	0.0098865	0.00957224	0.00924837	0.00891523	0.00857315	0.00822247	0.00786356	0.00749676	0.00712247	0.00674105	0.00635288	0.00595837	0.0055579	0.00515189	0.00474074	0.00432486	0.00390468	0.00348061	0.00305309	0.00262255	0.00218941	0.0017541	0.00131707	0.000878755	0.000439585	0	
0	0.000450969	0.000901447	0.00135098	0.0017991	0.00224537	0.00268933	0.00313053	0.00356853	0.00400288	0.00443314	0.0048589	0.0052797	0.00569514	0.0061048	0.00650826	0.00690512	0.00729498	0.00767744	0.00805214	0.00841868	0.0087767	0.00912585	0.00946577	0.00979612	0.0101166	0.0104268	0.0107265	0.0110154	0.0112931	0.0115595	0.0118142	0.012057	0.0122876	0.0125058	0.0127114	0.0129041	0.0130839	0.0132505	0.0134037	0.0135434	0.0136695	0.0137818	0.0138802	0.0139646	0.014035	0.0140912	0.0141332	0.014161	0.0141745	0.0141738	0.0141587	0.0141295	0.014086	0.0140283	0.0139565	0.0138707	0.0137709	0.0136572	0.0135298	0.0133888	0.0132343	0.0130665	0.0128856	0.0126917	0.0124851	0.0122659	0.0120344	0.0117907	0.0115353	0.0112682	0.0109898	0.0107004	0.0104003	0.0100897	0.00976895	0.00943843	0.00909844	0.00874933	0.00839145	0.00802516	0.00765083	0.00726884	0.00687958	0.00648344	0.00608082	0.00567212	0.00525776	0.00483816	0.00441374	0.00398492	0.00355215	0.00311584	0.00267644	0.0022344	0.00179015	0.00134414	0.000896814	0.000448619	0	
0	0.000459593	0.000918687	0.00137681	0.00183351	0.00228831	0.00274076	0.0031904	0.00363677	0.00407943	0.00451793	0.00495182	0.00538068	0.00580407	0.00622156	0.00663273	0.00703718	0.0074345	0.00782428	0.00820614	0.00857969	0.00894456	0.00930039	0.00964681	0.00998348	0.0103101	0.0106262	0.0109317	0.0112261	0.0115091	0.0117806	0.0120401	0.0122876	0.0125226	0.012745	0.0129545	0.013151	0.0133342	0.0135039	0.0136601	0.0138025	0.0139309	0.0140454	0.0141457	0.0142317	0.0143034	0.0143607	0.0144035	0.0144318	0.0144456	0.0144449	0.0144296	0.0143997	0.0143554	0.0142966	0.0142234	0.014136	0.0140343	0.0139184	0.0137886	0.0136449	0.0134875	0.0133165	0.0131321	0.0129345	0.0127239	0.0125005	0.0122645	0.0120163	0.0117559	0.0114837	0.0112	0.0109051	0.0105992	0.0102827	0.00995581	0.00961897	0.00927248	0.00891669	0.00855196	0.00817866	0.00779717	0.00740788	0.00701117	0.00660746	0.00619713	0.00578062	0.00535834	0.00493071	0.00449817	0.00406115	0.00362009	0.00317544	0.00272764	0.00227714	0.0018244	0.00136985	0.00091397	0.0004572	0	
0	0.000467755	0.000935001	0.00140126	0.00186607	0.00232895	0.00278943	0.00324705	0.00370135	0.00415187	0.00459816	0.00503976	0.00547623	0.00590713	0.00633204	0.00675052	0.00716215	0.00756652	0.00796322	0.00835186	0.00873205	0.0091034	0.00946555	0.00981812	0.0101608	0.0104932	0.0108149	0.0111258	0.0114254	0.0117135	0.0119898	0.012254	0.0125058	0.012745	0.0129713	0.0131845	0.0133845	0.013571	0.0137437	0.0139027	0.0140476	0.0141783	0.0142948	0.0143969	0.0144844	0.0145574	0.0146157	0.0146593	0.0146881	0.0147022	0.0147014	0.0146858	0.0146555	0.0146103	0.0145505	0.014476	0.014387	0.0142835	0.0141656	0.0140335	0.0138872	0.013727	0.013553	0.0133653	0.0131642	0.0129499	0.0127225	0.0124824	0.0122297	0.0119647	0.0116877	0.011399	0.0110988	0.0107874	0.0104653	0.0101326	0.0097898	0.00943716	0.00907505	0.00870385	0.00832392	0.00793566	0.00753945	0.0071357	0.00672481	0.0063072	0.00588329	0.00545351	0.00501828	0.00457806	0.00413328	0.00368439	0.00323184	0.00277609	0.00231759	0.0018568	0.00139418	0.000930203	0.000465321	0	
0	0.000475444	0.000950371	0.0014243	0.00189675	0.00236723	0.00283529	0.00330043	0.0037622	0.00422013	0.00467375	0.00512261	0.00556626	0.00600424	0.00643613	0.00686149	0.00727989	0.00769091	0.00809414	0.00848917	0.00887561	0.00925306	0.00962116	0.00997953	0.0103278	0.0106657	0.0109927	0.0113087	0.0116133	0.0119061	0.0121869	0.0124554	0.0127114	0.0129545	0.0131845	0.0134013	0.0136046	0.0137941	0.0139697	0.0141312	0.0142785	0.0144115	0.0145298	0.0146336	0.0147226	0.0147968	0.014856	0.0149003	0.0149296	0.0149439	0.0149431	0.0149273	0.0148964	0.0148505	0.0147897	0.014714	0.0146235	0.0145183	0.0143985	0.0142642	0.0141155	0.0139527	0.0137758	0.013585	0.0133806	0.0131628	0.0129317	0.0126876	0.0124307	0.0121614	0.0118799	0.0115864	0.0112813	0.0109648	0.0106374	0.0102992	0.00995077	0.00959232	0.00922426	0.00884695	0.00846078	0.00806614	0.00766341	0.00725302	0.00683538	0.0064109	0.00598002	0.00554317	0.0051008	0.00465334	0.00420124	0.00374497	0.00328498	0.00282173	0.00235569	0.00188733	0.00141711	0.000945498	0.000472972	0	
0	0.000482654	0.000964783	0.0014459	0.00192551	0.00240313	0.00287828	0.00335048	0.00381926	0.00428413	0.00474463	0.00520029	0.00565067	0.0060953	0.00653374	0.00696555	0.00739029	0.00780755	0.00821689	0.00861791	0.00901021	0.00939339	0.00976707	0.0101309	0.0104844	0.0108274	0.0111595	0.0114802	0.0117894	0.0120867	0.0123717	0.0126443	0.0129041	0.013151	0.0133845	0.0136046	0.0138109	0.0140033	0.0141816	0.0143456	0.0144951	0.01463	0.0147502	0.0148555	0.0149459	0.0150212	0.0150813	0.0151263	0.015156	0.0151705	0.0151697	0.0151537	0.0151223	0.0150758	0.0150141	0.0149372	0.0148453	0.0147385	0.0146169	0.0144805	0.0143296	0.0141643	0.0139847	0.0137911	0.0135836	0.0133624	0.0131278	0.01288	0.0126193	0.0123459	0.01206	0.0117621	0.0114524	0.0111311	0.0107987	0.0104554	0.0101017	0.00973782	0.00936417	0.00898114	0.00858911	0.00818848	0.00777965	0.00736304	0.00693906	0.00650814	0.00607073	0.00562725	0.00517817	0.00472392	0.00426497	0.00380178	0.00333481	0.00286454	0.00239143	0.00191596	0.0014386	0.00095984	0.000480146	0	
0	0.000489377	0.000978223	0.00146604	0.00195233	0.00243661	0.00291838	0.00339716	0.00387246	0.0043438	0.00481072	0.00527273	0.00572938	0.00618021	0.00662476	0.00706258	0.00749324	0.00791631	0.00833135	0.00873796	0.00913573	0.00952425	0.00990314	0.010272	0.0106305	0.0109783	0.0113149	0.0116401	0.0119536	0.012255	0.0125441	0.0128205	0.0130839	0.0133342	0.013571	0.0137941	0.0140033	0.0141984	0.0143791	0.0145454	0.014697	0.0148338	0.0149557	0.0150625	0.0151541	0.0152304	0.0152914	0.015337	0.0153672	0.0153819	0.0153811	0.0153648	0.015333	0.0152858	0.0152232	0.0151453	0.0150522	0.0149439	0.0148205	0.0146823	0.0145293	0.0143616	0.0141796	0.0139832	0.0137728	0.0135486	0.0133107	0.0130595	0.0127951	0.0125179	0.0122281	0.011926	0.0116119	0.0112862	0.0109492	0.0106011	0.0102424	0.00987349	0.00949464	0.00910628	0.00870878	0.00830257	0.00788804	0.00746563	0.00703574	0.00659882	0.00615531	0.00570566	0.00525031	0.00478974	0.00432439	0.00385475	0.00338127	0.00290445	0.00242475	0.00194265	0.00145865	0.000973214	0.000486837	0	
