0	0	0	0	0	0	0	0	0	0	0	0	0	0	0	0	0	0	0	0	0	0	0	0	0	0	0	0	0	0	0	0	0	0	0	0	0	0	0	0	0	0	0	0	0	0	0	0	0	0	0	0	0	0	0	0	0	0	0	0	0	0	0	0	0	0	0	0	0	0	0	0	0	0	0	0	0	0	0	0	0	0	0	0	0	0	0	0	0	0	0	0	0	0	0	0	0	0	0	0	
0	1.43201e-05	2.86243e-05	4.2898e-05	5.71268e-05	7.12963e-05	8.5392e-05	9.93998e-05	0.000113305	0.000127095	0.000140755	0.000154271	0.000167629	0.000180817	0.000193821	0.000206628	0.000219225	0.0002316	0.000243739	0.000255632	0.000267266	0.000278629	0.00028971	0.000300498	0.000310982	0.000321151	0.000330996	0.000340507	0.000349673	0.000358487	0.000366938	0.000375019	0.000382722	0.000390038	0.000396961	0.000403483	0.000409598	0.000415301	0.000420584	0.000425444	0.000429874	0.000433872	0.000437432	0.000440551	0.000443226	0.000445455	0.000447235	0.000448564	0.000449442	0.000449867	0.00044984	0.000449359	0.000448426	0.000447041	0.000445207	0.000442924	0.000440196	0.000437024	0.000433413	0.000429367	0.000424888	0.000419982	0.000414653	0.000408908	0.000402751	0.00039619	0.00038923	0.00038188	0.000374145	0.000366035	0.000357557	0.000348721	0.000339534	0.000330006	0.000320147	0.000309968	0.000299477	0.000288686	0.000277606	0.000266248	0.000254623	0.000242744	0.000230621	0.000218268	0.000205698	0.000192921	0.000179953	0.000166805	0.000153491	0.000140024	0.000126419	0.000112688	9.88453e-05	8.49051e-05	7.08813e-05	5.67878e-05	4.26388e-05	2.84484e-05	1.42308e-05	0	
0	2.86243e-05	5.72168e-05	8.57485e-05	0.00011419	0.000142514	0.000170689	0.00019869	0.000226486	0.00025405	0.000281354	0.000308371	0.000335073	0.000361435	0.000387428	0.000413028	0.000438208	0.000462944	0.00048721	0.000510982	0.000534237	0.000556951	0.0005791	0.000600664	0.000621621	0.000641949	0.000661628	0.000680639	0.000698962	0.000716579	0.000733472	0.000749626	0.000765022	0.000779647	0.000793484	0.000806522	0.000818746	0.000830144	0.000840705	0.000850419	0.000859275	0.000867266	0.000874382	0.000880617	0.000885965	0.00089042	0.000893978	0.000896636	0.00089839	0.00089924	0.000899184	0.000898224	0.000896358	0.000893591	0.000889924	0.000885361	0.000879907	0.000873568	0.000866351	0.000858261	0.000849308	0.000839502	0.00082885	0.000817366	0.00080506	0.000791944	0.000778033	0.00076334	0.00074788	0.000731668	0.000714722	0.000697058	0.000678695	0.00065965	0.000639943	0.000619595	0.000598625	0.000577055	0.000554907	0.000532204	0.000508967	0.000485221	0.00046099	0.000436298	0.00041117	0.000385632	0.000359709	0.000333427	0.000306814	0.000279896	0.000252699	0.000225253	0.000197583	0.000169718	0.000141685	0.000113514	8.52312e-05	5.68659e-05	2.84461e-05	0	
0	4.2898e-05	8.57485e-05	0.000128508	0.000171132	0.000213579	0.000255805	0.000297768	0.000339425	0.000380734	0.000421654	0.000462144	0.000502162	0.000541669	0.000580624	0.00061899	0.000656727	0.000693797	0.000730164	0.000765791	0.000800642	0.000834682	0.000867877	0.000900194	0.000931601	0.000962066	0.000991559	0.00102005	0.00104751	0.00107391	0.00109923	0.00112344	0.00114651	0.00116843	0.00118917	0.00120871	0.00122703	0.00124411	0.00125994	0.00127449	0.00128777	0.00129974	0.00131041	0.00131975	0.00132776	0.00133444	0.00133977	0.00134376	0.00134639	0.00134766	0.00134758	0.00134614	0.00134334	0.00133919	0.0013337	0.00132686	0.00131869	0.00130919	0.00129837	0.00128625	0.00127283	0.00125813	0.00124217	0.00122496	0.00120652	0.00118686	0.00116601	0.00114399	0.00112082	0.00109653	0.00107113	0.00104466	0.00101714	0.000988596	0.000959063	0.000928567	0.000897141	0.000864815	0.000831622	0.000797597	0.000762773	0.000727186	0.000690871	0.000653866	0.000616208	0.000577934	0.000539085	0.000499698	0.000459813	0.000419472	0.000378713	0.000337579	0.000296111	0.000254351	0.00021234	0.00017012	0.000127734	8.52234e-05	4.26314e-05	0	
0	5.71268e-05	0.00011419	0.000171132	0.000227895	0.000284422	0.000340654	0.000396535	0.000452009	0.000507021	0.000561513	0.000615433	0.000668725	0.000721336	0.000773213	0.000824304	0.000874558	0.000923925	0.000972354	0.0010198	0.00106621	0.00111154	0.00115575	0.00119878	0.00124061	0.00128118	0.00132045	0.00135839	0.00139496	0.00143012	0.00146384	0.00149608	0.0015268	0.00155599	0.00158361	0.00160963	0.00163402	0.00165677	0.00167785	0.00169724	0.00171491	0.00173086	0.00174506	0.00175751	0.00176818	0.00177707	0.00178417	0.00178948	0.00179298	0.00179467	0.00179456	0.00179265	0.00178892	0.0017834	0.00177608	0.00176698	0.00175609	0.00174344	0.00172904	0.00171289	0.00169502	0.00167545	0.00165419	0.00163127	0.00160671	0.00158054	0.00155277	0.00152345	0.0014926	0.00146024	0.00142642	0.00139117	0.00135452	0.00131651	0.00127718	0.00123657	0.00119472	0.00115167	0.00110747	0.00106216	0.00101578	0.000968392	0.000920032	0.000870752	0.000820603	0.000769634	0.000717898	0.000665447	0.000612333	0.00055861	0.000504332	0.000449555	0.000394332	0.000338719	0.000282773	0.000226549	0.000170103	0.000113492	5.67723e-05	0	
0	7.12963e-05	0.000142514	0.000213579	0.000284422	0.000354968	0.000425148	0.00049489	0.000564124	0.00063278	0.000700789	0.000768083	0.000834594	0.000900254	0.000964999	0.00102876	0.00109148	0.00115309	0.00121354	0.00127275	0.00133067	0.00138725	0.00144242	0.00149613	0.00154833	0.00159896	0.00164798	0.00169533	0.00174097	0.00178485	0.00182693	0.00186716	0.00190551	0.00194194	0.00197641	0.00200888	0.00203933	0.00206772	0.00209403	0.00211822	0.00214028	0.00216018	0.00217791	0.00219344	0.00220676	0.00221786	0.00222672	0.00223334	0.00223771	0.00223983	0.00223969	0.00223729	0.00223265	0.00222576	0.00221662	0.00220526	0.00219167	0.00217589	0.00215791	0.00213776	0.00211546	0.00209103	0.0020645	0.0020359	0.00200525	0.00197258	0.00193793	0.00190133	0.00186282	0.00182244	0.00178023	0.00173624	0.0016905	0.00164306	0.00159398	0.00154329	0.00149106	0.00143734	0.00138217	0.00132562	0.00126774	0.00120859	0.00114824	0.00108674	0.00102415	0.000960538	0.000895969	0.000830507	0.000764219	0.00069717	0.00062943	0.000561064	0.000492144	0.000422737	0.000352914	0.000282743	0.000212297	0.000141643	7.08545e-05	0	
0	8.5392e-05	0.000170689	0.000255805	0.000340654	0.000425148	0.000509203	0.000592734	0.000675656	0.000757886	0.000839342	0.00091994	0.0009996	0.00107824	0.00115579	0.00123216	0.00130728	0.00138107	0.00145346	0.00152438	0.00159376	0.00166152	0.0017276	0.00179193	0.00185445	0.00191509	0.0019738	0.00203051	0.00208518	0.00213773	0.00218813	0.00223632	0.00228225	0.00232588	0.00236716	0.00240606	0.00244253	0.00247653	0.00250804	0.00253702	0.00256344	0.00258728	0.00260851	0.00262711	0.00264306	0.00265635	0.00266697	0.0026749	0.00268013	0.00268267	0.0026825	0.00267964	0.00267407	0.00266582	0.00265488	0.00264127	0.002625	0.00260609	0.00258455	0.00256042	0.00253371	0.00250446	0.00247268	0.00243842	0.00240171	0.00236258	0.00232108	0.00227725	0.00223113	0.00218276	0.00213221	0.00207951	0.00202473	0.00196792	0.00190913	0.00184842	0.00178586	0.00172152	0.00165544	0.00158771	0.00151839	0.00144755	0.00137526	0.0013016	0.00122664	0.00115045	0.00107312	0.000994711	0.000915317	0.000835012	0.000753878	0.000671996	0.000589449	0.000506319	0.000422691	0.000338647	0.000254271	0.000169649	8.48637e-05	0	
0	9.93998e-05	0.00019869	0.000297768	0.000396535	0.00049489	0.000592734	0.000689968	0.000786493	0.000882212	0.00097703	0.00107085	0.00116358	0.00125512	0.00134539	0.00143429	0.00152173	0.00160763	0.0016919	0.00177445	0.0018552	0.00193408	0.002011	0.00208589	0.00215866	0.00222925	0.00229759	0.00236361	0.00242724	0.00248842	0.00254708	0.00260318	0.00265665	0.00270743	0.00275549	0.00280076	0.00284321	0.0028828	0.00291947	0.0029532	0.00298396	0.00301171	0.00303642	0.00305807	0.00307665	0.00309212	0.00310447	0.0031137	0.0031198	0.00312275	0.00312256	0.00311922	0.00311274	0.00310313	0.0030904	0.00307456	0.00305562	0.00303361	0.00300854	0.00298045	0.00294936	0.00291531	0.00287832	0.00283844	0.0027957	0.00275016	0.00270185	0.00265083	0.00259714	0.00254084	0.00248199	0.00242065	0.00235688	0.00229075	0.00222232	0.00215165	0.00207883	0.00200393	0.00192702	0.00184817	0.00176748	0.00168502	0.00160087	0.00151513	0.00142787	0.00133918	0.00124916	0.00115789	0.00106547	0.000971996	0.000877552	0.000782238	0.000686149	0.000589382	0.000492034	0.000394202	0.000295985	0.00019748	9.87858e-05	0	
0	0.000113305	0.000226486	0.000339425	0.000452009	0.000564124	0.000675656	0.000786493	0.000896522	0.00100563	0.00111372	0.00122066	0.00132636	0.00143071	0.00153361	0.00163494	0.00173462	0.00183254	0.00192859	0.0020227	0.00211475	0.00220466	0.00229234	0.0023777	0.00246066	0.00254113	0.00261903	0.00269428	0.00276681	0.00283655	0.00290342	0.00296737	0.00302831	0.00308621	0.00314098	0.00319259	0.00324098	0.0032861	0.00332791	0.00336636	0.00340142	0.00343305	0.00346122	0.0034859	0.00350707	0.00352471	0.0035388	0.00354932	0.00355626	0.00355963	0.00355941	0.00355561	0.00354822	0.00353727	0.00352275	0.00350469	0.00348311	0.00345802	0.00342944	0.00339742	0.00336198	0.00332317	0.003281	0.00323554	0.00318683	0.00313491	0.00307985	0.00302168	0.00296049	0.00289631	0.00282923	0.00275931	0.00268662	0.00261123	0.00253323	0.00245268	0.00236967	0.00228429	0.00219661	0.00210674	0.00201476	0.00192076	0.00182484	0.0017271	0.00162763	0.00152654	0.00142392	0.00131989	0.00121454	0.00110798	0.00100033	0.000891677	0.000782145	0.00067184	0.000560872	0.000449354	0.000337395	0.000225109	0.000112607	0	
0	0.000127095	0.00025405	0.000380734	0.000507021	0.00063278	0.000757886	0.000882212	0.00100563	0.00112802	0.00124926	0.00136922	0.00148779	0.00160484	0.00172026	0.00183393	0.00194573	0.00205557	0.00216331	0.00226887	0.00237213	0.00247298	0.00257133	0.00266708	0.00276014	0.0028504	0.00293778	0.00302219	0.00310355	0.00318178	0.00325679	0.00332852	0.00339688	0.00346182	0.00352327	0.00358116	0.00363544	0.00368605	0.00373294	0.00377608	0.0038154	0.00385088	0.00388248	0.00391017	0.00393391	0.0039537	0.0039695	0.0039813	0.00398909	0.00399286	0.00399262	0.00398835	0.00398007	0.00396778	0.0039515	0.00393125	0.00390703	0.00387889	0.00384684	0.00381092	0.00377117	0.00372762	0.00368033	0.00362934	0.0035747	0.00351646	0.00345469	0.00338945	0.0033208	0.00324882	0.00317358	0.00309515	0.00301361	0.00292905	0.00284154	0.00275119	0.00265808	0.00256231	0.00246396	0.00236315	0.00225998	0.00215454	0.00204695	0.00193731	0.00182573	0.00171234	0.00159723	0.00148053	0.00136236	0.00124284	0.00112208	0.00100021	0.000877342	0.000753611	0.000629138	0.000504046	0.000378461	0.000252508	0.000126312	0	
0	0.000140755	0.000281354	0.000421654	0.000561513	0.000700789	0.000839342	0.00097703	0.00111372	0.00124926	0.00138353	0.00151638	0.00164769	0.00177732	0.00190515	0.00203103	0.00215486	0.0022765	0.00239582	0.00251273	0.00262708	0.00273878	0.0028477	0.00295374	0.00305679	0.00315676	0.00325353	0.00334702	0.00343712	0.00352376	0.00360683	0.00368627	0.00376198	0.0038339	0.00390195	0.00396606	0.00402617	0.00408222	0.00413416	0.00418193	0.00422548	0.00426477	0.00429977	0.00433043	0.00435673	0.00437864	0.00439614	0.00440921	0.00441784	0.00442202	0.00442175	0.00441702	0.00440785	0.00439425	0.00437621	0.00435378	0.00432696	0.00429579	0.0042603	0.00422052	0.0041765	0.00412827	0.0040759	0.00401942	0.00395891	0.00389442	0.00382601	0.00375375	0.00367773	0.00359801	0.00351468	0.00342782	0.00333752	0.00324387	0.00314696	0.0030469	0.00294378	0.00283771	0.0027288	0.00261715	0.00250289	0.00238611	0.00226696	0.00214553	0.00202197	0.00189638	0.00176891	0.00163967	0.0015088	0.00137642	0.00124268	0.00110771	0.000971642	0.000834613	0.000696761	0.000558223	0.00041914	0.000279649	0.000139889	0	
0	0.000154271	0.000308371	0.000462144	0.000615433	0.000768083	0.00091994	0.00107085	0.00122066	0.00136922	0.00151638	0.00166199	0.00180591	0.00194799	0.00208809	0.00222607	0.00236178	0.0024951	0.00262589	0.00275402	0.00287935	0.00300177	0.00312116	0.00323738	0.00335033	0.0034599	0.00356596	0.00366843	0.00376718	0.00386214	0.00395319	0.00404025	0.00412324	0.00420206	0.00427664	0.00434691	0.0044128	0.00447424	0.00453116	0.00458351	0.00463125	0.00467432	0.00471267	0.00474628	0.0047751	0.00479912	0.0048183	0.00483262	0.00484208	0.00484667	0.00484637	0.00484119	0.00483114	0.00481622	0.00479646	0.00477187	0.00474248	0.00470832	0.00466942	0.00462582	0.00457757	0.00452471	0.00446731	0.00440541	0.00433908	0.0042684	0.00419342	0.00411423	0.0040309	0.00394353	0.0038522	0.00375699	0.00365802	0.00355538	0.00344916	0.00333949	0.00322647	0.00311022	0.00299085	0.00286848	0.00274324	0.00261526	0.00248466	0.00235157	0.00221614	0.0020785	0.00193878	0.00179713	0.00165369	0.0015086	0.00136202	0.00121409	0.00106495	0.000914763	0.000763673	0.000611832	0.000459391	0.000306505	0.000153323	0	
0	0.000167629	0.000335073	0.000502162	0.000668725	0.000834594	0.0009996	0.00116358	0.00132636	0.00148779	0.00164769	0.00180591	0.00196229	0.00211668	0.00226891	0.00241883	0.0025663	0.00271116	0.00285328	0.0029925	0.00312869	0.00326171	0.00339143	0.00351772	0.00364046	0.00375951	0.00387476	0.0039861	0.0040934	0.00419658	0.00429552	0.00439012	0.00448029	0.00456594	0.00464698	0.00472334	0.00479493	0.00486169	0.00492354	0.00498043	0.0050323	0.0050791	0.00512077	0.00515729	0.00518861	0.00521471	0.00523555	0.00525111	0.00526139	0.00526637	0.00526605	0.00526042	0.0052495	0.00523329	0.00521182	0.0051851	0.00515316	0.00511604	0.00507377	0.0050264	0.00497397	0.00491654	0.00485416	0.00478691	0.00471484	0.00463803	0.00455656	0.00447051	0.00437997	0.00428503	0.00418579	0.00408234	0.0039748	0.00386327	0.00374786	0.00362869	0.00350588	0.00337956	0.00324985	0.00311689	0.0029808	0.00284174	0.00269983	0.00255522	0.00240806	0.00225849	0.00210668	0.00195276	0.0017969	0.00163925	0.00147997	0.00131923	0.00115718	0.000993982	0.000829807	0.000664817	0.000499175	0.000333048	0.000166601	0	
0	0.000180817	0.000361435	0.000541669	0.000721336	0.000900254	0.00107824	0.00125512	0.00143071	0.00160484	0.00177732	0.00194799	0.00211668	0.00228321	0.00244741	0.00260913	0.0027682	0.00292447	0.00307776	0.00322794	0.00337484	0.00351833	0.00365826	0.00379448	0.00392687	0.00405529	0.00417961	0.00429971	0.00441546	0.00452675	0.00463348	0.00473552	0.00483279	0.00492517	0.00501259	0.00509496	0.00517218	0.00524419	0.00531091	0.00537228	0.00542823	0.0054787	0.00552366	0.00556305	0.00559684	0.00562498	0.00564746	0.00566426	0.00567534	0.00568071	0.00568037	0.0056743	0.00566252	0.00564504	0.00562187	0.00559305	0.0055586	0.00551856	0.00547297	0.00542187	0.00536531	0.00530336	0.00523608	0.00516353	0.00508579	0.00500294	0.00491506	0.00482224	0.00472458	0.00462217	0.00451512	0.00440354	0.00428753	0.00416722	0.00404273	0.00391419	0.00378172	0.00364546	0.00350554	0.00336212	0.00321533	0.00306532	0.00291225	0.00275626	0.00259752	0.00243619	0.00227243	0.0021064	0.00193828	0.00176823	0.00159642	0.00142303	0.00124823	0.00107219	0.000895098	0.000717125	0.000538451	0.000359253	0.00017971	0	
0	0.000193821	0.000387428	0.000580624	0.000773213	0.000964999	0.00115579	0.00134539	0.00153361	0.00172026	0.00190515	0.00208809	0.00226891	0.00244741	0.00262343	0.00279678	0.00296729	0.00313479	0.00329911	0.00346009	0.00361756	0.00377137	0.00392136	0.00406738	0.00420929	0.00434695	0.00448021	0.00460894	0.00473302	0.00485232	0.00496672	0.0050761	0.00518036	0.0052794	0.00537311	0.00546139	0.00554417	0.00562136	0.00569288	0.00575866	0.00581863	0.00587274	0.00592093	0.00596316	0.00599937	0.00602954	0.00605364	0.00607164	0.00608352	0.00608928	0.00608891	0.0060824	0.00606978	0.00605104	0.00602621	0.00599532	0.00595839	0.00591547	0.0058666	0.00581182	0.0057512	0.00568479	0.00561267	0.00553491	0.00545158	0.00536277	0.00526857	0.00516907	0.00506439	0.00495461	0.00483986	0.00472025	0.0045959	0.00446694	0.0043335	0.00419571	0.00405371	0.00390765	0.00375768	0.00360394	0.00344659	0.00328579	0.00312171	0.0029545	0.00278435	0.00261141	0.00243587	0.0022579	0.00207769	0.00189541	0.00171124	0.00152538	0.001338	0.00114931	0.000959478	0.000768705	0.00057718	0.000385093	0.000192636	0	
0	0.000206628	0.000413028	0.00061899	0.000824304	0.00102876	0.00123216	0.00143429	0.00163494	0.00183393	0.00203103	0.00222607	0.00241883	0.00260913	0.00279678	0.00298159	0.00316337	0.00334193	0.00351711	0.00368873	0.0038566	0.00402058	0.00418048	0.00433615	0.00448744	0.00463419	0.00477626	0.0049135	0.00504578	0.00517296	0.00529492	0.00541153	0.00552268	0.00562826	0.00572816	0.00582228	0.00591053	0.00599282	0.00606906	0.00613919	0.00620312	0.00626081	0.00631219	0.0063572	0.00639581	0.00642797	0.00645366	0.00647285	0.00648552	0.00649166	0.00649127	0.00648433	0.00647087	0.00645089	0.00642443	0.00639149	0.00635212	0.00630637	0.00625426	0.00619587	0.00613124	0.00606045	0.00598356	0.00590066	0.00581182	0.00571714	0.00561672	0.00551065	0.00539905	0.00528202	0.00515968	0.00503217	0.00489961	0.00476212	0.00461986	0.00447297	0.00432159	0.00416588	0.00400599	0.00384209	0.00367435	0.00350292	0.003328	0.00314974	0.00296834	0.00278398	0.00259684	0.00240711	0.00221499	0.00202066	0.00182432	0.00162618	0.00142642	0.00122526	0.00102288	0.000819504	0.000615322	0.000410541	0.000205366	0	
0	0.000219225	0.000438208	0.000656727	0.000874558	0.00109148	0.00130728	0.00152173	0.00173462	0.00194573	0.00215486	0.00236178	0.0025663	0.0027682	0.00296729	0.00316337	0.00335623	0.00354568	0.00373154	0.00391362	0.00409173	0.0042657	0.00443535	0.00460052	0.00476103	0.00491673	0.00506746	0.00521306	0.00535341	0.00548834	0.00561774	0.00574146	0.00585939	0.0059714	0.00607739	0.00617725	0.00627088	0.00635819	0.00643908	0.00651348	0.00658132	0.00664252	0.00669703	0.00674479	0.00678575	0.00681988	0.00684714	0.0068675	0.00688094	0.00688745	0.00688703	0.00687967	0.00686539	0.0068442	0.00681612	0.00678117	0.00673941	0.00669086	0.00663558	0.00657363	0.00650506	0.00642995	0.00634838	0.00626042	0.00616616	0.00606571	0.00595917	0.00584663	0.00572822	0.00560406	0.00547427	0.00533898	0.00519833	0.00505247	0.00490154	0.00474569	0.00458508	0.00441987	0.00425024	0.00407635	0.00389837	0.0037165	0.00353091	0.00334179	0.00314933	0.00295372	0.00275517	0.00255388	0.00235004	0.00214386	0.00193556	0.00172533	0.0015134	0.00129996	0.00108525	0.000869471	0.00065284	0.000435573	0.000217888	0	
0	0.0002316	0.000462944	0.000693797	0.000923925	0.00115309	0.00138107	0.00160763	0.00183254	0.00205557	0.0022765	0.0024951	0.00271116	0.00292447	0.00313479	0.00334193	0.00354568	0.00374583	0.00394218	0.00413454	0.00432271	0.0045065	0.00468572	0.00486021	0.00502979	0.00519427	0.00535351	0.00550734	0.0056556	0.00579816	0.00593486	0.00606556	0.00619015	0.00630849	0.00642046	0.00652596	0.00662487	0.00671711	0.00680257	0.00688117	0.00695284	0.00701749	0.00707508	0.00712554	0.00716881	0.00720487	0.00723366	0.00725517	0.00726937	0.00727625	0.00727581	0.00726804	0.00725295	0.00723056	0.00720089	0.00716398	0.00711985	0.00706857	0.00701017	0.00694472	0.00687228	0.00679293	0.00670675	0.00661383	0.00651425	0.00640813	0.00629557	0.00617668	0.00605159	0.00592042	0.0057833	0.00564038	0.00549179	0.00533769	0.00517824	0.00501359	0.00484391	0.00466938	0.00449017	0.00430646	0.00411845	0.0039263	0.00373024	0.00353044	0.00332712	0.00312047	0.00291071	0.00269805	0.00248271	0.00226489	0.00204483	0.00182273	0.00159883	0.00137335	0.00114652	0.000918557	0.000689695	0.000460163	0.000230188	0	
0	0.000243739	0.00048721	0.000730164	0.000972354	0.00121354	0.00145346	0.0016919	0.00192859	0.00216331	0.00239582	0.00262589	0.00285328	0.00307776	0.00329911	0.00351711	0.00373154	0.00394218	0.00414883	0.00435127	0.0045493	0.00474272	0.00493134	0.00511498	0.00529344	0.00546655	0.00563414	0.00579603	0.00595207	0.00610209	0.00624596	0.00638352	0.00651463	0.00663918	0.00675702	0.00686805	0.00697215	0.00706922	0.00715916	0.00724188	0.0073173	0.00738535	0.00744596	0.00749906	0.0075446	0.00758255	0.00761285	0.00763549	0.00765044	0.00765768	0.00765721	0.00764903	0.00763315	0.00760959	0.00757837	0.00753952	0.00749308	0.00743911	0.00737765	0.00730876	0.00723253	0.00714902	0.00705832	0.00696053	0.00685574	0.00674405	0.00662559	0.00650047	0.00636882	0.00623078	0.00608647	0.00593605	0.00577968	0.0056175	0.00544969	0.00527641	0.00509784	0.00491416	0.00472556	0.00453222	0.00433434	0.00413213	0.00392578	0.00371551	0.00350153	0.00328405	0.0030633	0.00283949	0.00261286	0.00238362	0.00215202	0.00191829	0.00168265	0.00144535	0.00120662	0.000966711	0.000725852	0.000484287	0.000242256	0	
0	0.000255632	0.000510982	0.000765791	0.0010198	0.00127275	0.00152438	0.00177445	0.0020227	0.00226887	0.00251273	0.00275402	0.0029925	0.00322794	0.00346009	0.00368873	0.00391362	0.00413454	0.00435127	0.00456358	0.00477128	0.00497414	0.00517197	0.00536456	0.00555173	0.00573329	0.00590905	0.00607885	0.0062425	0.00639984	0.00655073	0.006695	0.00683252	0.00696314	0.00708673	0.00720318	0.00731236	0.00741416	0.00750849	0.00759525	0.00767436	0.00774572	0.00780929	0.00786498	0.00791275	0.00795254	0.00798433	0.00800807	0.00802374	0.00803134	0.00803085	0.00802227	0.00800562	0.00798091	0.00794816	0.00790742	0.00785872	0.00780211	0.00773765	0.0076654	0.00758545	0.00749787	0.00740274	0.00730018	0.00719027	0.00707314	0.0069489	0.00681767	0.0066796	0.00653482	0.00638347	0.00622571	0.00606171	0.00589162	0.00571562	0.00553388	0.0053466	0.00515396	0.00495615	0.00475338	0.00454585	0.00433377	0.00411735	0.00389682	0.0036724	0.00344431	0.00321278	0.00297805	0.00274036	0.00249994	0.00225704	0.00201189	0.00176476	0.00151588	0.0012655	0.00101389	0.000761273	0.000507919	0.000254078	0	
0	0.000267266	0.000534237	0.000800642	0.00106621	0.00133067	0.00159376	0.0018552	0.00211475	0.00237213	0.00262708	0.00287935	0.00312869	0.00337484	0.00361756	0.0038566	0.00409173	0.00432271	0.0045493	0.00477128	0.00498842	0.00520052	0.00540735	0.00560871	0.0058044	0.00599422	0.00617798	0.0063555	0.0065266	0.00669111	0.00684886	0.0069997	0.00714348	0.00728004	0.00740926	0.00753101	0.00764516	0.0077516	0.00785022	0.00794093	0.00802363	0.00809825	0.00816471	0.00822293	0.00827287	0.00831448	0.00834771	0.00837254	0.00838893	0.00839687	0.00839636	0.00838739	0.00836998	0.00834414	0.00830991	0.00826731	0.00821639	0.0081572	0.00808981	0.00801428	0.00793069	0.00783912	0.00773967	0.00763243	0.00751753	0.00739506	0.00726517	0.00712797	0.00698361	0.00683224	0.00667401	0.00650907	0.0063376	0.00615977	0.00597576	0.00578575	0.00558995	0.00538854	0.00518173	0.00496972	0.00475275	0.00453102	0.00430475	0.00407418	0.00383955	0.00360107	0.00335901	0.0031136	0.00286509	0.00261373	0.00235977	0.00210347	0.00184508	0.00158488	0.0013231	0.00106003	0.000795923	0.000531038	0.000265642	0	
0	0.000278629	0.000556951	0.000834682	0.00111154	0.00138725	0.00166152	0.00193408	0.00220466	0.00247298	0.00273878	0.00300177	0.00326171	0.00351833	0.00377137	0.00402058	0.0042657	0.0045065	0.00474272	0.00497414	0.00520052	0.00542163	0.00563726	0.00584718	0.00605119	0.00624908	0.00644066	0.00662573	0.0068041	0.00697561	0.00714007	0.00729732	0.00744721	0.00758958	0.00772429	0.00785121	0.00797022	0.00808118	0.008184	0.00827857	0.00836479	0.00844258	0.00851186	0.00857256	0.00862463	0.008668	0.00870265	0.00872853	0.00874562	0.0087539	0.00875336	0.00874401	0.00872586	0.00869893	0.00866324	0.00861883	0.00856574	0.00850404	0.00843378	0.00835504	0.0082679	0.00817243	0.00806875	0.00795696	0.00783717	0.0077095	0.00757408	0.00743105	0.00728056	0.00712275	0.00695778	0.00678584	0.00660707	0.00642168	0.00622985	0.00603176	0.00582763	0.00561766	0.00540205	0.00518104	0.00495484	0.00472368	0.00448779	0.00424742	0.00400281	0.0037542	0.00350184	0.00324599	0.00298691	0.00272486	0.00246011	0.00219291	0.00192354	0.00165227	0.00137937	0.00110511	0.000829767	0.000553619	0.000276938	0	
0	0.00028971	0.0005791	0.000867877	0.00115575	0.00144242	0.0017276	0.002011	0.00229234	0.00257133	0.0028477	0.00312116	0.00339143	0.00365826	0.00392136	0.00418048	0.00443535	0.00468572	0.00493134	0.00517197	0.00540735	0.00563726	0.00586146	0.00607973	0.00629186	0.00649762	0.00669682	0.00688925	0.00707472	0.00725304	0.00742404	0.00758755	0.0077434	0.00789143	0.0080315	0.00816347	0.00828721	0.00840259	0.0085095	0.00860783	0.00869748	0.00877836	0.0088504	0.00891351	0.00896765	0.00901275	0.00904878	0.00907569	0.00909345	0.00910206	0.00910151	0.00909179	0.00907292	0.00904491	0.0090078	0.00896162	0.00890643	0.00884228	0.00876922	0.00868735	0.00859674	0.00849748	0.00838968	0.00827344	0.00814888	0.00801613	0.00787533	0.00772661	0.00757013	0.00740604	0.00723452	0.00705573	0.00686986	0.0066771	0.00647763	0.00627167	0.00605942	0.0058411	0.00561692	0.00538711	0.00515191	0.00491156	0.00466629	0.00441636	0.00416202	0.00390352	0.00364112	0.0033751	0.00310572	0.00283325	0.00255796	0.00228013	0.00200005	0.00171799	0.00143423	0.00114906	0.000862772	0.000575639	0.000287954	0	
0	0.000300498	0.000600664	0.000900194	0.00119878	0.00149613	0.00179193	0.00208589	0.0023777	0.00266708	0.00295374	0.00323738	0.00351772	0.00379448	0.00406738	0.00433615	0.00460052	0.00486021	0.00511498	0.00536456	0.00560871	0.00584718	0.00607973	0.00630614	0.00652616	0.00673958	0.0069462	0.00714579	0.00733817	0.00752314	0.00770051	0.0078701	0.00803175	0.0081853	0.00833059	0.00846748	0.00859582	0.0087155	0.00882639	0.00892838	0.00902137	0.00910526	0.00917998	0.00924545	0.0093016	0.00934839	0.00938575	0.00941366	0.00943209	0.00944102	0.00944045	0.00943037	0.00941079	0.00938174	0.00934325	0.00929536	0.00923811	0.00917156	0.00909579	0.00901087	0.00891688	0.00881393	0.00870211	0.00858154	0.00845235	0.00831466	0.00816861	0.00801435	0.00785205	0.00768185	0.00750394	0.0073185	0.0071257	0.00692576	0.00671887	0.00650524	0.00628508	0.00605862	0.0058261	0.00558774	0.00534378	0.00509447	0.00484007	0.00458083	0.00431702	0.00404889	0.00377673	0.0035008	0.00322138	0.00293876	0.00265322	0.00236505	0.00207454	0.00178197	0.00148765	0.00119186	0.000894903	0.000597078	0.000298678	0	
0	0.000310982	0.000621621	0.000931601	0.00124061	0.00154833	0.00185445	0.00215866	0.00246066	0.00276014	0.00305679	0.00335033	0.00364046	0.00392687	0.00420929	0.00448744	0.00476103	0.00502979	0.00529344	0.00555173	0.0058044	0.00605119	0.00629186	0.00652616	0.00675386	0.00697473	0.00718856	0.00739511	0.0075942	0.00778562	0.00796918	0.0081447	0.00831199	0.00847089	0.00862125	0.00876292	0.00889574	0.00901959	0.00913435	0.0092399	0.00933613	0.00942296	0.00950028	0.00956804	0.00962615	0.00967456	0.00971323	0.00974212	0.00976119	0.00977043	0.00976984	0.00975941	0.00973915	0.00970909	0.00966925	0.00961969	0.00956044	0.00949158	0.00941316	0.00932528	0.00922801	0.00912146	0.00900575	0.00888097	0.00874727	0.00860477	0.00845363	0.00829399	0.00812602	0.00794989	0.00776577	0.00757386	0.00737434	0.00716742	0.00695331	0.00673222	0.00650438	0.00627003	0.00602939	0.00578271	0.00553024	0.00527223	0.00500896	0.00474067	0.00446765	0.00419017	0.00390851	0.00362295	0.00333379	0.00304131	0.0027458	0.00244758	0.00214692	0.00184415	0.00153956	0.00123345	0.00092613	0.000617912	0.0003091	0	
0	0.000321151	0.000641949	0.000962066	0.00128118	0.00159896	0.00191509	0.00222925	0.00254113	0.0028504	0.00315676	0.0034599	0.00375951	0.00405529	0.00434695	0.00463419	0.00491673	0.00519427	0.00546655	0.00573329	0.00599422	0.00624908	0.00649762	0.00673958	0.00697473	0.00720283	0.00742364	0.00763696	0.00784256	0.00804024	0.0082298	0.00841106	0.00858382	0.00874792	0.0089032	0.00904949	0.00918666	0.00931457	0.00943308	0.00954208	0.00964146	0.00973112	0.00981098	0.00988095	0.00994096	0.00999096	0.0100309	0.0100607	0.0100804	0.01009	0.0100894	0.0100786	0.0100577	0.0100266	0.00998548	0.00993429	0.00987311	0.00980199	0.00972101	0.00963025	0.00952981	0.00941978	0.00930028	0.00917142	0.00903335	0.00888619	0.00873011	0.00856525	0.00839178	0.00820989	0.00801975	0.00782156	0.00761552	0.00740183	0.00718072	0.0069524	0.00671711	0.00647509	0.00622658	0.00597183	0.00571111	0.00544467	0.00517278	0.00489572	0.00461377	0.00432721	0.00403634	0.00374145	0.00344282	0.00314078	0.00283561	0.00252763	0.00221714	0.00190447	0.00158991	0.00127379	0.000956421	0.000638122	0.00031921	0	
0	0.000330996	0.000661628	0.000991559	0.00132045	0.00164798	0.0019738	0.00229759	0.00261903	0.00293778	0.00325353	0.00356596	0.00387476	0.00417961	0.00448021	0.00477626	0.00506746	0.00535351	0.00563414	0.00590905	0.00617798	0.00644066	0.00669682	0.0069462	0.00718856	0.00742364	0.00765123	0.00787109	0.00808299	0.00828673	0.0084821	0.00866891	0.00884698	0.00901611	0.00917615	0.00932693	0.0094683	0.00960013	0.00972227	0.00983461	0.00993704	0.0100295	0.0101118	0.0101839	0.0102457	0.0102973	0.0103384	0.0103692	0.0103895	0.0103993	0.0103987	0.0103876	0.010366	0.010334	0.0102916	0.0102389	0.0101758	0.0101025	0.010019	0.0099255	0.00982198	0.00970857	0.00958541	0.0094526	0.0093103	0.00915863	0.00899776	0.00882785	0.00864906	0.00846159	0.00826563	0.00806136	0.007849	0.00762876	0.00740087	0.00716555	0.00692305	0.00667361	0.00641748	0.00615493	0.00588621	0.0056116	0.00533137	0.00504582	0.00475523	0.00445989	0.00416009	0.00385616	0.00354838	0.00323707	0.00292255	0.00260512	0.00228512	0.00196286	0.00163866	0.00131284	0.000985746	0.000657688	0.000328997	0	
0	0.000340507	0.000680639	0.00102005	0.00135839	0.00169533	0.00203051	0.00236361	0.00269428	0.00302219	0.00334702	0.00366843	0.0039861	0.00429971	0.00460894	0.0049135	0.00521306	0.00550734	0.00579603	0.00607885	0.0063555	0.00662573	0.00688925	0.00714579	0.00739511	0.00763696	0.00787109	0.00809726	0.00831525	0.00852485	0.00872583	0.00891801	0.00910119	0.00927519	0.00943982	0.00959494	0.00974037	0.00987599	0.0100016	0.0101172	0.0102226	0.0103177	0.0104023	0.0104765	0.0105401	0.0105932	0.0106355	0.0106671	0.010688	0.0106981	0.0106975	0.0106861	0.0106639	0.010631	0.0105874	0.0105331	0.0104682	0.0103928	0.0103069	0.0102107	0.0101042	0.00998756	0.00986085	0.00972423	0.00957784	0.00942181	0.00925632	0.00908152	0.00889761	0.00870475	0.00850315	0.00829301	0.00807455	0.00784799	0.00761354	0.00737147	0.007122	0.00686539	0.0066019	0.0063318	0.00605536	0.00577286	0.00548458	0.00519082	0.00489188	0.00458805	0.00427964	0.00396697	0.00365035	0.0033301	0.00300654	0.00267999	0.00235079	0.00201926	0.00168575	0.00135057	0.00101407	0.000676588	0.000338452	0	
0	0.000349673	0.000698962	0.00104751	0.00139496	0.00174097	0.00208518	0.00242724	0.00276681	0.00310355	0.00343712	0.00376718	0.0040934	0.00441546	0.00473302	0.00504578	0.00535341	0.0056556	0.00595207	0.0062425	0.0065266	0.0068041	0.00707472	0.00733817	0.0075942	0.00784256	0.00808299	0.00831525	0.00853911	0.00875435	0.00896075	0.00915811	0.00934622	0.00952489	0.00969396	0.00985325	0.0100026	0.0101419	0.0102709	0.0103896	0.0104978	0.0105954	0.0106824	0.0107586	0.0108239	0.0108784	0.0109218	0.0109543	0.0109758	0.0109862	0.0109855	0.0109738	0.010951	0.0109172	0.0108724	0.0108167	0.01075	0.0106726	0.0105844	0.0104856	0.0103763	0.0102565	0.0101263	0.00998604	0.0098357	0.00967548	0.00950553	0.00932603	0.00913716	0.00893911	0.00873209	0.00851629	0.00829195	0.00805928	0.00781853	0.00756994	0.00731375	0.00705023	0.00677965	0.00650228	0.00621839	0.00592829	0.00563225	0.00533058	0.00502359	0.00471158	0.00439487	0.00407378	0.00374864	0.00341976	0.00308749	0.00275215	0.00241408	0.00207363	0.00173114	0.00138694	0.00104138	0.000694806	0.000347564	0	
0	0.000358487	0.000716579	0.00107391	0.00143012	0.00178485	0.00213773	0.00248842	0.00283655	0.00318178	0.00352376	0.00386214	0.00419658	0.00452675	0.00485232	0.00517296	0.00548834	0.00579816	0.00610209	0.00639984	0.00669111	0.00697561	0.00725304	0.00752314	0.00778562	0.00804024	0.00828673	0.00852485	0.00875435	0.00897502	0.00918662	0.00938895	0.0095818	0.00976498	0.00993831	0.0101016	0.0102547	0.0103975	0.0105298	0.0106515	0.0107624	0.0108625	0.0109516	0.0110298	0.0110967	0.0111526	0.0111971	0.0112304	0.0112524	0.0112631	0.0112624	0.0112504	0.011227	0.0111924	0.0111465	0.0110893	0.011021	0.0109416	0.0108512	0.0107499	0.0106378	0.010515	0.0103816	0.0102378	0.0100836	0.00991937	0.00974514	0.00956112	0.00936749	0.00916445	0.0089522	0.00873097	0.00850097	0.00826244	0.00801562	0.00776076	0.00749812	0.00722796	0.00695055	0.00666619	0.00637515	0.00607773	0.00577423	0.00546496	0.00515023	0.00483035	0.00450566	0.00417648	0.00384313	0.00350597	0.00316532	0.00282153	0.00247494	0.00212591	0.00177478	0.0014219	0.00106763	0.000712321	0.000356326	0	
0	0.000366938	0.000733472	0.00109923	0.00146384	0.00182693	0.00218813	0.00254708	0.00290342	0.00325679	0.00360683	0.00395319	0.00429552	0.00463348	0.00496672	0.00529492	0.00561774	0.00593486	0.00624596	0.00655073	0.00684886	0.00714007	0.00742404	0.00770051	0.00796918	0.0082298	0.0084821	0.00872583	0.00896075	0.00918662	0.00940321	0.00961031	0.00980771	0.00999521	0.0101726	0.0103398	0.0104965	0.0106427	0.0107781	0.0109026	0.0110162	0.0111186	0.0112099	0.0112898	0.0113584	0.0114155	0.0114611	0.0114952	0.0115177	0.0115286	0.0115279	0.0115156	0.0114917	0.0114563	0.0114093	0.0113508	0.0112809	0.0111996	0.0111071	0.0110034	0.0108886	0.0107629	0.0106264	0.0104792	0.0103214	0.0101533	0.00997492	0.00978655	0.00958836	0.00938053	0.00916328	0.00893683	0.00870141	0.00845726	0.00820462	0.00794375	0.00767491	0.00739838	0.00711444	0.00682337	0.00652547	0.00622103	0.00591038	0.00559382	0.00527166	0.00494425	0.0046119	0.00427495	0.00393375	0.00358864	0.00323995	0.00288806	0.0025333	0.00217604	0.00181663	0.00145543	0.0010928	0.000729118	0.000364729	0	
0	0.000375019	0.000749626	0.00112344	0.00149608	0.00186716	0.00223632	0.00260318	0.00296737	0.00332852	0.00368627	0.00404025	0.00439012	0.00473552	0.0050761	0.00541153	0.00574146	0.00606556	0.00638352	0.006695	0.0069997	0.00729732	0.00758755	0.0078701	0.0081447	0.00841106	0.00866891	0.00891801	0.00915811	0.00938895	0.00961031	0.00982197	0.0100237	0.0102154	0.0103967	0.0105675	0.0107277	0.0108771	0.0110154	0.0111427	0.0112588	0.0113635	0.0114568	0.0115385	0.0116085	0.0116669	0.0117136	0.0117484	0.0117714	0.0117826	0.0117818	0.0117693	0.0117448	0.0117086	0.0116606	0.0116008	0.0115293	0.0114463	0.0113517	0.0112458	0.0111285	0.011	0.0108604	0.01071	0.0105487	0.0103769	0.0101946	0.0100021	0.00979955	0.00958714	0.00936511	0.00913367	0.00889307	0.00864353	0.00838533	0.00811872	0.00784396	0.00756134	0.00727114	0.00697366	0.0066692	0.00635806	0.00604056	0.00571703	0.00538778	0.00505315	0.00471348	0.00436912	0.0040204	0.00366768	0.00331132	0.00295167	0.0025891	0.00222397	0.00185664	0.00148749	0.00111688	0.000745178	0.000372763	0	
0	0.000382722	0.000765022	0.00114651	0.0015268	0.00190551	0.00228225	0.00265665	0.00302831	0.00339688	0.00376198	0.00412324	0.00448029	0.00483279	0.00518036	0.00552268	0.00585939	0.00619015	0.00651463	0.00683252	0.00714348	0.00744721	0.0077434	0.00803175	0.00831199	0.00858382	0.00884698	0.00910119	0.00934622	0.0095818	0.00980771	0.0100237	0.0102296	0.0104252	0.0106102	0.0107846	0.010948	0.0111005	0.0112417	0.0113716	0.0114901	0.0115969	0.0116921	0.0117755	0.011847	0.0119066	0.0119542	0.0119897	0.0120132	0.0120246	0.0120239	0.012011	0.0119861	0.0119491	0.0119001	0.0118391	0.0117662	0.0116814	0.0115849	0.0114768	0.0113571	0.0112259	0.0110835	0.01093	0.0107654	0.01059	0.010404	0.0102076	0.0100008	0.00978408	0.00955749	0.0093213	0.00907575	0.00882109	0.00855758	0.00828549	0.00800509	0.00771667	0.00742051	0.00711692	0.0068062	0.00648867	0.00616465	0.00583447	0.00549846	0.00515696	0.00481031	0.00445887	0.00410299	0.00374303	0.00337934	0.00301231	0.00264229	0.00226965	0.00189478	0.00151805	0.00113982	0.000760487	0.00038042	0	
0	0.000390038	0.000779647	0.00116843	0.00155599	0.00194194	0.00232588	0.00270743	0.00308621	0.00346182	0.0038339	0.00420206	0.00456594	0.00492517	0.0052794	0.00562826	0.0059714	0.00630849	0.00663918	0.00696314	0.00728004	0.00758958	0.00789143	0.0081853	0.00847089	0.00874792	0.00901611	0.00927519	0.00952489	0.00976498	0.00999521	0.0102154	0.0104252	0.0106245	0.0108131	0.0109908	0.0111574	0.0113127	0.0114566	0.011589	0.0117097	0.0118186	0.0119156	0.0120006	0.0120735	0.0121342	0.0121827	0.012219	0.0122429	0.0122545	0.0122537	0.0122407	0.0122153	0.0121776	0.0121276	0.0120654	0.0119911	0.0119048	0.0118064	0.0116962	0.0115742	0.0114406	0.0112954	0.0111389	0.0109712	0.0107925	0.010603	0.0104027	0.0101921	0.00997114	0.00974022	0.00949951	0.00924927	0.00898974	0.0087212	0.00844391	0.00815814	0.0078642	0.00756238	0.00725299	0.00693633	0.00661273	0.00628252	0.00594602	0.00560359	0.00525556	0.00490229	0.00454413	0.00418144	0.00381459	0.00344396	0.00306991	0.00269281	0.00231305	0.00193101	0.00154707	0.00116161	0.000775028	0.000387694	0	
0	0.000396961	0.000793484	0.00118917	0.00158361	0.00197641	0.00236716	0.00275549	0.00314098	0.00352327	0.00390195	0.00427664	0.00464698	0.00501259	0.00537311	0.00572816	0.00607739	0.00642046	0.00675702	0.00708673	0.00740926	0.00772429	0.0080315	0.00833059	0.00862125	0.0089032	0.00917615	0.00943982	0.00969396	0.00993831	0.0101726	0.0103967	0.0106102	0.0108131	0.011005	0.0111858	0.0113554	0.0115135	0.01166	0.0117947	0.0119176	0.0120284	0.0121271	0.0122136	0.0122878	0.0123496	0.012399	0.0124359	0.0124602	0.012472	0.0124713	0.0124579	0.0124321	0.0123937	0.0123429	0.0122796	0.012204	0.0121161	0.012016	0.0119038	0.0117796	0.0116436	0.0114959	0.0113367	0.011166	0.0109841	0.0107912	0.0105874	0.010373	0.0101481	0.00991312	0.00966815	0.00941346	0.00914933	0.00887602	0.0085938	0.00830297	0.00800381	0.00769663	0.00738175	0.00705947	0.00673012	0.00639405	0.00605158	0.00570307	0.00534886	0.00498931	0.0046248	0.00425567	0.00388231	0.0035051	0.0031244	0.00274061	0.00235412	0.00196529	0.00157454	0.00118224	0.000788787	0.000394577	0	
0	0.000403483	0.000806522	0.00120871	0.00160963	0.00200888	0.00240606	0.00280076	0.00319259	0.00358116	0.00396606	0.00434691	0.00472334	0.00509496	0.00546139	0.00582228	0.00617725	0.00652596	0.00686805	0.00720318	0.00753101	0.00785121	0.00816347	0.00846748	0.00876292	0.00904949	0.00932693	0.00959494	0.00985325	0.0101016	0.0103398	0.0105675	0.0107846	0.0109908	0.0111858	0.0113697	0.011542	0.0117027	0.0118516	0.0119885	0.0121134	0.0122261	0.0123264	0.0124143	0.0124897	0.0125525	0.0126027	0.0126402	0.012665	0.012677	0.0126762	0.0126627	0.0126364	0.0125974	0.0125457	0.0124814	0.0124045	0.0123152	0.0122134	0.0120994	0.0119732	0.011835	0.0116848	0.011523	0.0113495	0.0111646	0.0109685	0.0107614	0.0105434	0.0103149	0.010076	0.00982703	0.00956816	0.00929968	0.00902188	0.00873503	0.00843942	0.00813534	0.00782312	0.00750306	0.00717548	0.00684073	0.00649913	0.00615103	0.00579679	0.00543676	0.00507131	0.0047008	0.00432561	0.00394612	0.0035627	0.00317575	0.00278566	0.0023928	0.00199759	0.00160041	0.00120167	0.00080175	0.000401062	0	
0	0.000409598	0.000818746	0.00122703	0.00163402	0.00203933	0.00244253	0.00284321	0.00324098	0.00363544	0.00402617	0.0044128	0.00479493	0.00517218	0.00554417	0.00591053	0.00627088	0.00662487	0.00697215	0.00731236	0.00764516	0.00797022	0.00828721	0.00859582	0.00889574	0.00918666	0.0094683	0.00974037	0.0100026	0.0102547	0.0104965	0.0107277	0.010948	0.0111574	0.0113554	0.011542	0.0117169	0.0118801	0.0120312	0.0121703	0.012297	0.0124114	0.0125133	0.0126025	0.012679	0.0127428	0.0127938	0.0128318	0.0128569	0.0128691	0.0128683	0.0128546	0.0128279	0.0127883	0.0127359	0.0126706	0.0125926	0.0125019	0.0123986	0.0122828	0.0121547	0.0120144	0.011862	0.0116976	0.0115215	0.0113338	0.0111348	0.0109245	0.0107033	0.0104713	0.0102288	0.009976	0.0097132	0.00944066	0.00915865	0.00886744	0.00856735	0.00825867	0.00794171	0.0076168	0.00728426	0.00694443	0.00659765	0.00624428	0.00588467	0.00551918	0.00514819	0.00477206	0.00439119	0.00400594	0.00361671	0.0032239	0.00282789	0.00242908	0.00202788	0.00162468	0.00121988	0.000813905	0.000407142	0	
