0	0	0	0	0	0	0	0	0	0	0	0	0	0	0	0	0	0	0	0	0	0	0	0	0	0	0	0	0	0	0	0	0	0	0	0	0	0	0	0	0	0	0	0	0	0	0	0	0	0	0	0	0	0	0	0	0	0	0	0	0	0	0	0	0	0	0	0	0	0	0	0	0	0	0	0	0	0	0	0	0	0	0	0	0	0	0	0	0	0	0	0	0	0	0	0	0	0	0	0	
0	1.15466e-05	2.30801e-05	3.45889e-05	4.6061e-05	5.74851e-05	6.88494e-05	8.01424e-05	9.13529e-05	0.000102469	0.000113481	0.000124376	0.000135145	0.000145775	0.000156257	0.000166579	0.000176732	0.000186706	0.00019649	0.000206075	0.00021545	0.000224607	0.000233537	0.00024223	0.000250678	0.000258873	0.000266805	0.000274468	0.000281853	0.000288954	0.000295762	0.000302272	0.000308477	0.00031437	0.000319946	0.000325199	0.000330124	0.000334716	0.00033897	0.000342883	0.00034645	0.000349667	0.000352532	0.000355042	0.000357194	0.000358986	0.000360416	0.000361483	0.000362187	0.000362525	0.000362499	0.000362107	0.000361351	0.000360231	0.000358749	0.000356905	0.000354703	0.000352143	0.00034923	0.000345965	0.000342352	0.000338395	0.000334098	0.000329464	0.0003245	0.00031921	0.000313599	0.000307673	0.000301438	0.0002949	0.000288066	0.000280944	0.000273539	0.00026586	0.000257914	0.00024971	0.000241256	0.00023256	0.000223631	0.000214479	0.000205112	0.00019554	0.000185772	0.000175819	0.000165691	0.000155398	0.00014495	0.000134357	0.000123632	0.000112783	0.000101823	9.07626e-05	7.96123e-05	6.83837e-05	5.7088e-05	4.57366e-05	3.43407e-05	2.29117e-05	1.1461e-05	0	
0	2.30801e-05	4.61342e-05	6.91386e-05	9.207e-05	0.000114905	0.000137621	0.000160194	0.000182603	0.000204824	0.000226834	0.000248613	0.000270137	0.000291386	0.000312337	0.000332971	0.000353266	0.000373202	0.000392759	0.000411918	0.000430658	0.000448962	0.000466812	0.000484188	0.000501075	0.000517454	0.000533311	0.000548628	0.00056339	0.000577583	0.000591193	0.000604205	0.000616608	0.000628387	0.000639533	0.000650033	0.000659878	0.000669057	0.00067756	0.000685381	0.000692511	0.000698942	0.000704669	0.000709686	0.000713987	0.000717569	0.000720429	0.000722562	0.000723968	0.000724644	0.000724591	0.000723808	0.000722297	0.000720059	0.000717096	0.000713411	0.000709008	0.000703892	0.000698068	0.000691542	0.000684321	0.000676411	0.000667821	0.00065856	0.000648637	0.000638063	0.000626847	0.000615002	0.000602539	0.000589471	0.000575811	0.000561573	0.000546772	0.000531423	0.000515541	0.000499142	0.000482242	0.00046486	0.000447013	0.000428718	0.000409994	0.000390861	0.000371337	0.000351442	0.000331197	0.000310622	0.000289738	0.000268565	0.000247126	0.000225441	0.000203533	0.000181424	0.000159136	0.000136691	0.000114113	9.14224e-05	6.86433e-05	4.5798e-05	2.29094e-05	0	
0	3.45889e-05	6.91386e-05	0.000103614	0.00013798	0.000172202	0.000206245	0.000240075	0.000273657	0.000306958	0.000339944	0.000372582	0.00040484	0.000436684	0.000468083	0.000499006	0.000529421	0.000559298	0.000588607	0.000617319	0.000645405	0.000672836	0.000699586	0.000725628	0.000750935	0.000775482	0.000799245	0.0008222	0.000844324	0.000865594	0.00088599	0.000905491	0.000924078	0.000941732	0.000958436	0.000974172	0.000988925	0.00100268	0.00101543	0.00102715	0.00103783	0.00104747	0.00105605	0.00106357	0.00107002	0.00107539	0.00107967	0.00108287	0.00108497	0.00108599	0.00108591	0.00108474	0.00108247	0.00107912	0.00107468	0.00106915	0.00106256	0.00105489	0.00104616	0.00103638	0.00102556	0.0010137	0.00100083	0.000986952	0.000972081	0.000956233	0.000939425	0.000921673	0.000902995	0.000883411	0.00086294	0.000841603	0.000819421	0.000796418	0.000772616	0.00074804	0.000722714	0.000696664	0.000669917	0.000642499	0.000614439	0.000585765	0.000556505	0.00052669	0.00049635	0.000465515	0.000434216	0.000402486	0.000370356	0.000337858	0.000305026	0.000271892	0.00023849	0.000204853	0.000171016	0.000137011	0.000102873	6.86356e-05	3.43333e-05	0	
0	4.6061e-05	9.207e-05	0.00013798	0.000183745	0.000229317	0.000274651	0.000319701	0.000364422	0.000408768	0.000452695	0.000496159	0.000539116	0.000581522	0.000623336	0.000664515	0.000705018	0.000744805	0.000783835	0.00082207	0.000859472	0.000896002	0.000931624	0.000966303	0.001	0.00103269	0.00106434	0.00109491	0.00112437	0.00115269	0.00117985	0.00120582	0.00123058	0.00125409	0.00127633	0.00129729	0.00131693	0.00133525	0.00135222	0.00136783	0.00138206	0.00139489	0.00140632	0.00141634	0.00142492	0.00143207	0.00143778	0.00144203	0.00144484	0.00144619	0.00144608	0.00144452	0.00144151	0.00143704	0.00143112	0.00142377	0.00141498	0.00140478	0.00139315	0.00138013	0.00136572	0.00134993	0.00133279	0.00131431	0.0012945	0.0012734	0.00125101	0.00122737	0.0012025	0.00117642	0.00114916	0.00112075	0.00109121	0.00106058	0.00102888	0.000996151	0.000962425	0.000927735	0.000892117	0.000855605	0.000818238	0.000780053	0.000741089	0.000701385	0.000660981	0.000619919	0.000578239	0.000535984	0.000493197	0.000449921	0.000406199	0.000362075	0.000317594	0.000272801	0.000227739	0.000182456	0.000136994	9.14012e-05	4.57213e-05	0	
0	5.74851e-05	0.000114905	0.000172202	0.000229317	0.000286192	0.00034277	0.000398994	0.000454807	0.000510152	0.000564974	0.000619217	0.000672828	0.000725753	0.000777937	0.00082933	0.000879879	0.000929534	0.000978245	0.00102596	0.00107264	0.00111823	0.00116269	0.00120597	0.00124803	0.00128883	0.00132832	0.00136647	0.00140324	0.00143859	0.00147249	0.0015049	0.00153579	0.00156513	0.00159289	0.00161904	0.00164356	0.00166643	0.00168761	0.00170709	0.00172484	0.00174086	0.00175513	0.00176762	0.00177834	0.00178726	0.00179438	0.0017997	0.0018032	0.00180488	0.00180475	0.0018028	0.00179904	0.00179346	0.00178608	0.0017769	0.00176594	0.0017532	0.00173869	0.00172244	0.00170445	0.00168475	0.00166336	0.00164029	0.00161557	0.00158924	0.0015613	0.0015318	0.00150076	0.00146821	0.00143419	0.00139872	0.00136186	0.00132363	0.00128407	0.00124322	0.00120113	0.00115784	0.00111339	0.00106782	0.00102118	0.000973529	0.0009249	0.000875349	0.000824924	0.000773677	0.00072166	0.000668925	0.000615525	0.000561515	0.000506949	0.000451881	0.000396367	0.000340464	0.000284226	0.00022771	0.000170974	0.000114072	5.70617e-05	0	
0	6.88494e-05	0.000137621	0.000206245	0.000274651	0.00034277	0.000410534	0.000477873	0.000544719	0.000611006	0.000676666	0.000741633	0.000805843	0.00086923	0.000931732	0.000993285	0.00105383	0.0011133	0.00117164	0.00122879	0.0012847	0.0013393	0.00139255	0.00144439	0.00149476	0.00154362	0.00159092	0.00163662	0.00168066	0.001723	0.00176359	0.00180241	0.00183941	0.00187455	0.0019078	0.00193913	0.00196849	0.00199587	0.00202124	0.00204457	0.00206584	0.00208503	0.00210211	0.00211708	0.00212991	0.0021406	0.00214913	0.00215549	0.00215969	0.0021617	0.00216155	0.00215921	0.0021547	0.00214803	0.00213919	0.0021282	0.00211506	0.0020998	0.00208243	0.00206296	0.00204142	0.00201782	0.0019922	0.00196457	0.00193497	0.00190343	0.00186997	0.00183463	0.00179745	0.00175847	0.00171772	0.00167525	0.0016311	0.00158531	0.00153793	0.00148901	0.0014386	0.00138674	0.0013335	0.00127893	0.00122307	0.001166	0.00110775	0.00104841	0.000988012	0.000926634	0.000864333	0.000801172	0.000737216	0.000672528	0.000607173	0.000541219	0.00047473	0.000407775	0.000340418	0.00027273	0.000204776	0.000136624	6.83431e-05	0	
0	8.01424e-05	0.000160194	0.000240075	0.000319701	0.000398994	0.000477873	0.000556257	0.000634068	0.000711228	0.000787658	0.000863282	0.000938024	0.00101181	0.00108456	0.00115621	0.00122669	0.00129591	0.00136382	0.00143035	0.00149543	0.00155899	0.00162097	0.00168131	0.00173995	0.00179682	0.00185188	0.00190507	0.00195633	0.00200562	0.00205288	0.00209806	0.00214113	0.00218204	0.00222074	0.0022572	0.00229139	0.00232326	0.00235279	0.00237995	0.00240471	0.00242704	0.00244693	0.00246435	0.00247928	0.00249172	0.00250165	0.00250906	0.00251394	0.00251629	0.00251611	0.00251339	0.00250814	0.00250037	0.00249008	0.00247729	0.002462	0.00244424	0.00242401	0.00240135	0.00237628	0.00234881	0.00231898	0.00228683	0.00225237	0.00221565	0.0021767	0.00213557	0.0020923	0.00204692	0.00199949	0.00195005	0.00189865	0.00184535	0.0017902	0.00173326	0.00167458	0.00161422	0.00155224	0.00148872	0.0014237	0.00135726	0.00128946	0.00122038	0.00115008	0.00107863	0.00100611	0.000932593	0.000858145	0.000782846	0.000706772	0.000629999	0.000552604	0.000474665	0.00039626	0.000317468	0.000238367	0.000159036	7.9554e-05	0	
0	9.13529e-05	0.000182603	0.000273657	0.000364422	0.000454807	0.000544719	0.000634068	0.000722764	0.000810717	0.000897839	0.000984042	0.00106924	0.00115335	0.00123628	0.00131795	0.00139828	0.00147719	0.0015546	0.00163044	0.00170462	0.00177707	0.00184772	0.0019165	0.00198334	0.00204818	0.00211094	0.00217157	0.00223	0.00228618	0.00234005	0.00239156	0.00244065	0.00248728	0.00253139	0.00257296	0.00261192	0.00264826	0.00268192	0.00271287	0.00274109	0.00276655	0.00278922	0.00280908	0.00282611	0.00284028	0.0028516	0.00286005	0.00286561	0.00286829	0.00286808	0.00286499	0.002859	0.00285014	0.00283842	0.00282383	0.00280641	0.00278616	0.00276311	0.00273727	0.00270869	0.00267738	0.00264338	0.00260673	0.00256745	0.0025256	0.0024812	0.00243432	0.00238499	0.00233326	0.00227919	0.00222284	0.00216425	0.0021035	0.00204063	0.00197572	0.00190883	0.00184003	0.00176939	0.00169697	0.00162286	0.00154713	0.00146985	0.0013911	0.00131097	0.00122953	0.00114686	0.00106305	0.000978193	0.00089236	0.000805644	0.000718131	0.000629909	0.000541067	0.000451694	0.000361879	0.000271713	0.000181284	9.06831e-05	0	
0	0.000102469	0.000204824	0.000306958	0.000408768	0.000510152	0.000611006	0.000711228	0.000810717	0.000909373	0.0010071	0.00110379	0.00119936	0.0012937	0.00138672	0.00147833	0.00156844	0.00165695	0.00174379	0.00182885	0.00191205	0.00199332	0.00207257	0.00214972	0.0022247	0.00229742	0.00236782	0.00243583	0.00250137	0.00256439	0.00262482	0.00268259	0.00273766	0.00278996	0.00283945	0.00288607	0.00292978	0.00297053	0.00300829	0.00304301	0.00307467	0.00310322	0.00312865	0.00315093	0.00317002	0.00318593	0.00319863	0.0032081	0.00321434	0.00321735	0.00321711	0.00321364	0.00320693	0.00319699	0.00318384	0.00316748	0.00314793	0.00312522	0.00309936	0.00307039	0.00303832	0.00300321	0.00296507	0.00292395	0.0028799	0.00283295	0.00278315	0.00273056	0.00267523	0.00261721	0.00255656	0.00249335	0.00242763	0.00235948	0.00228897	0.00221616	0.00214113	0.00206396	0.00198471	0.00190349	0.00182036	0.00173541	0.00164872	0.00156039	0.00147051	0.00137915	0.00128643	0.00119243	0.00109724	0.00100096	0.000903689	0.000805526	0.000706568	0.000606914	0.000506664	0.000405919	0.00030478	0.000203346	0.000101719	0	
0	0.000113481	0.000226834	0.000339944	0.000452695	0.000564974	0.000676666	0.000787658	0.000897839	0.0010071	0.00111532	0.00122241	0.00132824	0.00143272	0.00153574	0.0016372	0.00173699	0.00183502	0.00193118	0.00202538	0.00211753	0.00220754	0.0022953	0.00238074	0.00246378	0.00254432	0.00262228	0.0026976	0.00277019	0.00283997	0.00290689	0.00297088	0.00303186	0.00308979	0.00314459	0.00319622	0.00324463	0.00328976	0.00333158	0.00337003	0.00340509	0.00343671	0.00346488	0.00348954	0.0035107	0.00352831	0.00354237	0.00355286	0.00355977	0.0035631	0.00356284	0.003559	0.00355157	0.00354056	0.00352599	0.00350787	0.00348623	0.00346107	0.00343244	0.00340035	0.00336484	0.00332595	0.00328372	0.00323818	0.00318939	0.0031374	0.00308225	0.00302401	0.00296273	0.00289847	0.00283131	0.0027613	0.00268853	0.00261305	0.00253496	0.00245433	0.00237123	0.00228576	0.00219801	0.00210805	0.00201599	0.00192191	0.00182591	0.00172809	0.00162854	0.00152737	0.00142468	0.00132057	0.00121516	0.00110853	0.00100081	0.000892096	0.000782503	0.000672139	0.000561116	0.000449544	0.000337535	0.0002252	0.000112651	0	
0	0.000124376	0.000248613	0.000372582	0.000496159	0.000619217	0.000741633	0.000863282	0.000984042	0.00110379	0.00122241	0.00133977	0.00145577	0.00157028	0.00168319	0.00179439	0.00190377	0.0020112	0.0021166	0.00221985	0.00232084	0.00241949	0.00251568	0.00260933	0.00270033	0.00278861	0.00287406	0.0029566	0.00303616	0.00311265	0.003186	0.00325613	0.00332296	0.00338645	0.00344652	0.00350311	0.00355616	0.00360563	0.00365146	0.00369361	0.00373203	0.00376669	0.00379756	0.00382459	0.00384778	0.00386708	0.00388249	0.00389399	0.00390157	0.00390522	0.00390493	0.00390071	0.00389257	0.00388051	0.00386454	0.00384469	0.00382096	0.00379339	0.00376201	0.00372684	0.00368792	0.0036453	0.00359901	0.0035491	0.00349562	0.00343864	0.0033782	0.00331436	0.0032472	0.00317677	0.00310316	0.00302643	0.00294667	0.00286395	0.00277836	0.00268998	0.00259891	0.00250524	0.00240905	0.00231046	0.00220956	0.00210645	0.00200123	0.00189401	0.00178491	0.00167403	0.00156148	0.00144737	0.00133183	0.00121497	0.00109691	0.000977754	0.000857638	0.000736678	0.000614994	0.000492709	0.000369945	0.000246824	0.000123468	0	
0	0.000135145	0.000270137	0.00040484	0.000539116	0.000672828	0.000805843	0.000938024	0.00106924	0.00119936	0.00132824	0.00145577	0.00158181	0.00170624	0.00182893	0.00194975	0.00206859	0.00218533	0.00229986	0.00241204	0.00252179	0.00262897	0.00273349	0.00283525	0.00293413	0.00303005	0.0031229	0.00321259	0.00329904	0.00338215	0.00346185	0.00353805	0.00361067	0.00367965	0.00374492	0.00380641	0.00386406	0.00391781	0.00396761	0.00401341	0.00405516	0.00409282	0.00412636	0.00415573	0.00418093	0.0042019	0.00421865	0.00423114	0.00423938	0.00424334	0.00424303	0.00423845	0.0042296	0.00421649	0.00419915	0.00417757	0.00415179	0.00412184	0.00408773	0.00404952	0.00400723	0.00396092	0.00391062	0.00385639	0.00379829	0.00373637	0.00367069	0.00360133	0.00352835	0.00345183	0.00337184	0.00328847	0.0032018	0.00311192	0.00301892	0.00292289	0.00282394	0.00272215	0.00261764	0.00251051	0.00240087	0.00228883	0.0021745	0.00205801	0.00193946	0.00181897	0.00169668	0.0015727	0.00144715	0.00132017	0.00119188	0.00106241	0.000931898	0.000800464	0.000668245	0.000535372	0.000401978	0.000268196	0.000134159	0	
0	0.000145775	0.000291386	0.000436684	0.000581522	0.000725753	0.00086923	0.00101181	0.00115335	0.0012937	0.00143272	0.00157028	0.00170624	0.00184045	0.00197279	0.00210312	0.00223131	0.00235724	0.00248077	0.00260178	0.00272015	0.00283577	0.00294851	0.00305827	0.00316494	0.0032684	0.00336855	0.0034653	0.00355855	0.0036482	0.00373416	0.00381636	0.0038947	0.00396911	0.00403951	0.00410583	0.00416802	0.004226	0.00427971	0.00432911	0.00437415	0.00441477	0.00445095	0.00448264	0.00450981	0.00453244	0.0045505	0.00456398	0.00457286	0.00457713	0.0045768	0.00457186	0.00456232	0.00454818	0.00452947	0.00450619	0.00447839	0.00444607	0.00440929	0.00436807	0.00432246	0.0042725	0.00421825	0.00415975	0.00409708	0.00403029	0.00395944	0.00388463	0.00380591	0.00372337	0.00363709	0.00354716	0.00345367	0.00335672	0.0032564	0.00315282	0.00304608	0.00293629	0.00282356	0.002708	0.00258974	0.00246888	0.00234556	0.0022199	0.00209203	0.00196206	0.00183015	0.00169641	0.00156099	0.00142402	0.00128564	0.00114599	0.00100521	0.000863435	0.000720814	0.000577488	0.0004336	0.000289294	0.000144713	0	
0	0.000156257	0.000312337	0.000468083	0.000623336	0.000777937	0.000931732	0.00108456	0.00123628	0.00138672	0.00153574	0.00168319	0.00182893	0.00197279	0.00211465	0.00225435	0.00239176	0.00252674	0.00265915	0.00278886	0.00291575	0.00303968	0.00316053	0.00327818	0.00339252	0.00350342	0.00361077	0.00371448	0.00381443	0.00391053	0.00400268	0.00409078	0.00417475	0.00425451	0.00432998	0.00440107	0.00446773	0.00452988	0.00458746	0.00464041	0.00468868	0.00473223	0.00477101	0.00480497	0.0048341	0.00485836	0.00487772	0.00489216	0.00490168	0.00490627	0.00490591	0.00490061	0.00489038	0.00487523	0.00485517	0.00483023	0.00480042	0.00476579	0.00472636	0.00468217	0.00463328	0.00457973	0.00452157	0.00445887	0.00439169	0.0043201	0.00424416	0.00416397	0.00407959	0.00399111	0.00389863	0.00380223	0.00370202	0.0035981	0.00349057	0.00337954	0.00326512	0.00314744	0.0030266	0.00290273	0.00277597	0.00264642	0.00251423	0.00237954	0.00224246	0.00210316	0.00196176	0.00181841	0.00167325	0.00152643	0.0013781	0.0012284	0.00107749	0.000925526	0.000772649	0.000619017	0.000464782	0.000310098	0.00015512	0	
0	0.000166579	0.000332971	0.000499006	0.000664515	0.00082933	0.000993285	0.00115621	0.00131795	0.00147833	0.0016372	0.00179439	0.00194975	0.00210312	0.00225435	0.00240328	0.00254977	0.00269366	0.00283482	0.00297311	0.00310838	0.0032405	0.00336933	0.00349476	0.00361664	0.00373487	0.00384932	0.00395988	0.00406643	0.00416888	0.00426712	0.00436104	0.00445056	0.00453559	0.00461604	0.00469183	0.00476289	0.00482915	0.00489053	0.00494698	0.00499844	0.00504487	0.00508621	0.00512242	0.00515347	0.00517933	0.00519997	0.00521537	0.00522552	0.00523041	0.00523003	0.00522438	0.00521347	0.00519732	0.00517594	0.00514934	0.00511757	0.00508064	0.00503861	0.00499151	0.00493939	0.0048823	0.0048203	0.00475346	0.00468184	0.00460551	0.00452456	0.00443907	0.00434911	0.00425479	0.0041562	0.00405344	0.00394661	0.00383582	0.00372118	0.00360282	0.00348084	0.00335538	0.00322656	0.00309451	0.00295937	0.00282127	0.00268035	0.00253675	0.00239062	0.00224211	0.00209137	0.00193855	0.0017838	0.00162728	0.00146915	0.00130956	0.00114868	0.000986676	0.000823698	0.000659915	0.00049549	0.000330586	0.000165368	0	
0	0.000176732	0.000353266	0.000529421	0.000705018	0.000879879	0.00105383	0.00122669	0.00139828	0.00156844	0.00173699	0.00190377	0.00206859	0.00223131	0.00239176	0.00254977	0.00270518	0.00285785	0.00300762	0.00315433	0.00329784	0.00343802	0.00357471	0.00370777	0.00383709	0.00396253	0.00408395	0.00420125	0.0043143	0.00442299	0.00452721	0.00462686	0.00472184	0.00481205	0.00489741	0.00497782	0.00505321	0.00512351	0.00518863	0.00524852	0.00530312	0.00535238	0.00539624	0.00543466	0.0054676	0.00549504	0.00551693	0.00553328	0.00554404	0.00554923	0.00554882	0.00554283	0.00553126	0.00551413	0.00549144	0.00546322	0.00542951	0.00539034	0.00534574	0.00529577	0.00524047	0.0051799	0.00511413	0.00504321	0.00496723	0.00488625	0.00480036	0.00470966	0.00461422	0.00451415	0.00440955	0.00430052	0.00418718	0.00406964	0.00394801	0.00382243	0.00369302	0.00355992	0.00342324	0.00328315	0.00313976	0.00299324	0.00284373	0.00269138	0.00253635	0.00237878	0.00221885	0.00205672	0.00189253	0.00172647	0.0015587	0.00138939	0.00121871	0.00104682	0.00087391	0.000700143	0.000525695	0.000350739	0.000175449	0	
0	0.000186706	0.000373202	0.000559298	0.000744805	0.000929534	0.0011133	0.00129591	0.00147719	0.00165695	0.00183502	0.0020112	0.00218533	0.00235724	0.00252674	0.00269366	0.00285785	0.00301913	0.00317735	0.00333235	0.00348396	0.00363204	0.00377645	0.00391703	0.00405364	0.00418615	0.00431443	0.00443835	0.00455778	0.00467261	0.00478271	0.00488799	0.00498833	0.00508363	0.0051738	0.00525875	0.0053384	0.00541266	0.00548146	0.00554473	0.00560241	0.00565445	0.00570078	0.00574137	0.00577618	0.00580516	0.00582829	0.00584556	0.00585693	0.00586241	0.00586198	0.00585566	0.00584343	0.00582533	0.00580136	0.00577155	0.00573594	0.00569456	0.00564744	0.00559465	0.00553623	0.00547224	0.00540276	0.00532784	0.00524756	0.00516202	0.00507129	0.00497546	0.00487464	0.00476892	0.00465841	0.00454323	0.00442349	0.00429932	0.00417083	0.00403817	0.00390145	0.00376083	0.00361645	0.00346844	0.00331697	0.00316218	0.00300423	0.00284328	0.0026795	0.00251304	0.00234408	0.0021728	0.00199935	0.00182391	0.00164668	0.00146781	0.00128749	0.00110591	0.000923234	0.00073966	0.000555365	0.000370535	0.000185352	0	
0	0.00019649	0.000392759	0.000588607	0.000783835	0.000978245	0.00117164	0.00136382	0.0015546	0.00174379	0.00193118	0.0021166	0.00229986	0.00248077	0.00265915	0.00283482	0.00300762	0.00317735	0.00334386	0.00350698	0.00366654	0.00382238	0.00397435	0.0041223	0.00426607	0.00440553	0.00454053	0.00467095	0.00479664	0.00491748	0.00503336	0.00514415	0.00524975	0.00535004	0.00544494	0.00553434	0.00561816	0.00569632	0.00576872	0.00583531	0.00589602	0.00595078	0.00599954	0.00604226	0.00607889	0.00610939	0.00613374	0.0061519	0.00616388	0.00616964	0.00616919	0.00616253	0.00614967	0.00613062	0.00610539	0.00607402	0.00603654	0.00599299	0.00594341	0.00588785	0.00582637	0.00575903	0.0056859	0.00560706	0.00552258	0.00543255	0.00533706	0.00523621	0.0051301	0.00501885	0.00490255	0.00478133	0.00465532	0.00452464	0.00438942	0.0042498	0.00410592	0.00395793	0.00380598	0.00365022	0.00349081	0.0033279	0.00316168	0.00299229	0.00281993	0.00264475	0.00246694	0.00228667	0.00210413	0.00191951	0.00173298	0.00154473	0.00135497	0.00116387	0.000971621	0.000778425	0.000584472	0.000389955	0.000195066	0	
0	0.000206075	0.000411918	0.000617319	0.00082207	0.00102596	0.00122879	0.00143035	0.00163044	0.00182885	0.00202538	0.00221985	0.00241204	0.00260178	0.00278886	0.00297311	0.00315433	0.00333235	0.00350698	0.00367805	0.0038454	0.00400884	0.00416823	0.00432339	0.00447418	0.00462044	0.00476203	0.0048988	0.00503062	0.00515736	0.00527889	0.00539509	0.00550584	0.00561103	0.00571056	0.00580432	0.00589223	0.00597419	0.00605013	0.00611997	0.00618364	0.00624107	0.00629221	0.00633701	0.00637543	0.00640742	0.00643295	0.00645201	0.00646457	0.00647061	0.00647014	0.00646316	0.00644967	0.00642968	0.00640323	0.00637033	0.00633102	0.00628535	0.00623335	0.00617508	0.0061106	0.00603997	0.00596328	0.00588059	0.00579199	0.00569756	0.00559742	0.00549165	0.00538037	0.00526368	0.00514171	0.00501458	0.00488242	0.00474537	0.00460355	0.00445712	0.00430623	0.00415102	0.00399165	0.00382829	0.0036611	0.00349025	0.00331592	0.00313827	0.0029575	0.00277377	0.00258729	0.00239822	0.00220678	0.00201315	0.00181752	0.0016201	0.00142107	0.00122065	0.00101902	0.000816402	0.000612986	0.000408979	0.000204583	0	
0	0.00021545	0.000430658	0.000645405	0.000859472	0.00107264	0.0012847	0.00149543	0.00170462	0.00191205	0.00211753	0.00232084	0.00252179	0.00272015	0.00291575	0.00310838	0.00329784	0.00348396	0.00366654	0.0038454	0.00402035	0.00419124	0.00435787	0.0045201	0.00467775	0.00483066	0.00497869	0.00512169	0.00525951	0.00539202	0.00551907	0.00564056	0.00575635	0.00586632	0.00597038	0.00606841	0.00616032	0.00624601	0.00632541	0.00639842	0.00646499	0.00652503	0.0065785	0.00662534	0.00666551	0.00669895	0.00672565	0.00674557	0.0067587	0.00676502	0.00676453	0.00675723	0.00674312	0.00672223	0.00669458	0.00666018	0.00661908	0.00657133	0.00651696	0.00645604	0.00638863	0.00631479	0.00623461	0.00614815	0.00605552	0.0059568	0.0058521	0.00574152	0.00562518	0.00550318	0.00537566	0.00524275	0.00510458	0.00496128	0.00481302	0.00465992	0.00450216	0.00433989	0.00417327	0.00400248	0.00382769	0.00364906	0.0034668	0.00328107	0.00309207	0.00289998	0.00270501	0.00250735	0.00230719	0.00210475	0.00190022	0.00169381	0.00148573	0.00127619	0.00106539	0.00085355	0.000640879	0.000427589	0.000213892	0	
0	0.000224607	0.000448962	0.000672836	0.000896002	0.00111823	0.0013393	0.00155899	0.00177707	0.00199332	0.00220754	0.00241949	0.00262897	0.00283577	0.00303968	0.0032405	0.00343802	0.00363204	0.00382238	0.00400884	0.00419124	0.00436938	0.0045431	0.00471222	0.00487657	0.00503599	0.00519031	0.00533939	0.00548307	0.0056212	0.00575366	0.00588031	0.00600102	0.00611567	0.00622415	0.00632635	0.00642217	0.0065115	0.00659427	0.00667039	0.00673979	0.00680238	0.00685813	0.00690696	0.00694883	0.0069837	0.00701153	0.0070323	0.00704598	0.00705257	0.00705206	0.00704445	0.00702975	0.00700797	0.00697914	0.00694328	0.00690044	0.00685065	0.00679398	0.00673047	0.00666019	0.00658321	0.00649962	0.00640949	0.00631292	0.00621001	0.00610086	0.00598558	0.00586428	0.00573711	0.00560417	0.0054656	0.00532156	0.00517217	0.0050176	0.004858	0.00469354	0.00452437	0.00435067	0.00417262	0.00399039	0.00380418	0.00361416	0.00342054	0.0032235	0.00302325	0.00282	0.00261393	0.00240527	0.00219422	0.001981	0.00176581	0.00154889	0.00133044	0.00111068	0.000889834	0.000668122	0.000445765	0.000222984	0	
0	0.000233537	0.000466812	0.000699586	0.000931624	0.00116269	0.00139255	0.00162097	0.00184772	0.00207257	0.0022953	0.00251568	0.00273349	0.00294851	0.00316053	0.00336933	0.00357471	0.00377645	0.00397435	0.00416823	0.00435787	0.0045431	0.00472373	0.00489957	0.00507046	0.00523621	0.00539667	0.00555168	0.00570107	0.0058447	0.00598242	0.00611411	0.00623962	0.00635883	0.00647162	0.00657788	0.00667751	0.0067704	0.00685646	0.0069356	0.00700776	0.00707284	0.0071308	0.00718158	0.00722511	0.00726136	0.0072903	0.0073119	0.00732613	0.00733298	0.00733245	0.00732454	0.00730925	0.00728661	0.00725663	0.00721935	0.0071748	0.00712304	0.00706411	0.00699807	0.006925	0.00684496	0.00675804	0.00666433	0.00656393	0.00645692	0.00634343	0.00622357	0.00609745	0.00596522	0.00582699	0.00568292	0.00553315	0.00537782	0.00521711	0.00505116	0.00488016	0.00470426	0.00452366	0.00433853	0.00414905	0.00395544	0.00375787	0.00355654	0.00335168	0.00314346	0.00293212	0.00271787	0.00250091	0.00228147	0.00205977	0.00183603	0.00161048	0.00138334	0.00115484	0.000925216	0.000694689	0.00046349	0.000231851	0	
0	0.00024223	0.000484188	0.000725628	0.000966303	0.00120597	0.00144439	0.00168131	0.0019165	0.00214972	0.00238074	0.00260933	0.00283525	0.00305827	0.00327818	0.00349476	0.00370777	0.00391703	0.0041223	0.00432339	0.0045201	0.00471222	0.00489957	0.00508196	0.00525921	0.00543114	0.00559757	0.00575834	0.00591329	0.00606227	0.00620512	0.00634171	0.00647189	0.00659554	0.00671253	0.00682275	0.00692609	0.00702243	0.0071117	0.00719379	0.00726863	0.00733614	0.00739626	0.00744892	0.00749408	0.00753168	0.0075617	0.0075841	0.00759886	0.00760597	0.00760542	0.00759721	0.00758135	0.00755786	0.00752677	0.0074881	0.0074419	0.00738821	0.00732708	0.00725859	0.0071828	0.00709978	0.00700963	0.00691243	0.00680828	0.0066973	0.00657958	0.00645526	0.00632445	0.00618729	0.00604392	0.00589448	0.00573914	0.00557803	0.00541133	0.00523921	0.00506184	0.00487939	0.00469207	0.00450004	0.00430352	0.00410269	0.00389777	0.00368895	0.00347645	0.00326049	0.00304128	0.00281905	0.00259401	0.0023664	0.00213645	0.00190438	0.00167043	0.00143484	0.00119784	0.000959661	0.000720552	0.000480746	0.000240483	0	
0	0.000250678	0.000501075	0.000750935	0.001	0.00124803	0.00149476	0.00173995	0.00198334	0.0022247	0.00246378	0.00270033	0.00293413	0.00316494	0.00339252	0.00361664	0.00383709	0.00405364	0.00426607	0.00447418	0.00467775	0.00487657	0.00507046	0.00525921	0.00544264	0.00562056	0.0057928	0.00595918	0.00611954	0.00627371	0.00642155	0.0065629	0.00669762	0.00682558	0.00694665	0.00706072	0.00716766	0.00726736	0.00735974	0.0074447	0.00752215	0.00759202	0.00765423	0.00770873	0.00775546	0.00779438	0.00782544	0.00784862	0.0078639	0.00787125	0.00787069	0.00786219	0.00784578	0.00782147	0.0077893	0.00774928	0.00770146	0.0076459	0.00758265	0.00751176	0.00743333	0.00734742	0.00725412	0.00715353	0.00704575	0.00693089	0.00680907	0.00668041	0.00654504	0.0064031	0.00625473	0.00610008	0.00593931	0.00577259	0.00560008	0.00542195	0.00523839	0.00504959	0.00485573	0.004657	0.00445363	0.00424579	0.00403372	0.00381762	0.00359771	0.00337422	0.00314737	0.00291738	0.0026845	0.00244895	0.00221097	0.00197081	0.0017287	0.00148489	0.00123962	0.000993136	0.000745686	0.000497515	0.000248871	0	
0	0.000258873	0.000517454	0.000775482	0.00103269	0.00128883	0.00154362	0.00179682	0.00204818	0.00229742	0.00254432	0.00278861	0.00303005	0.0032684	0.00350342	0.00373487	0.00396253	0.00418615	0.00440553	0.00462044	0.00483066	0.00503599	0.00523621	0.00543114	0.00562056	0.0058043	0.00598217	0.00615399	0.00631959	0.0064788	0.00663147	0.00677744	0.00691657	0.00704872	0.00717375	0.00729154	0.00740197	0.00750494	0.00760034	0.00768807	0.00776806	0.00784021	0.00790446	0.00796074	0.008009	0.00804919	0.00808127	0.0081052	0.00812098	0.00812858	0.00812799	0.00811922	0.00810227	0.00807717	0.00804394	0.00800262	0.00795324	0.00789586	0.00783054	0.00775734	0.00767634	0.00758762	0.00749127	0.0073874	0.00727609	0.00715748	0.00703168	0.00689881	0.00675901	0.00661243	0.00645921	0.00629951	0.00613349	0.00596131	0.00578316	0.00559921	0.00540965	0.00521467	0.00501447	0.00480926	0.00459923	0.0043846	0.0041656	0.00394243	0.00371534	0.00348453	0.00325026	0.00301276	0.00277226	0.00252901	0.00228326	0.00203524	0.00178522	0.00153344	0.00128015	0.00102561	0.000770065	0.000513781	0.000257008	0	
0	0.000266805	0.000533311	0.000799245	0.00106434	0.00132832	0.00159092	0.00185188	0.00211094	0.00236782	0.00262228	0.00287406	0.0031229	0.00336855	0.00361077	0.00384932	0.00408395	0.00431443	0.00454053	0.00476203	0.00497869	0.00519031	0.00539667	0.00559757	0.0057928	0.00598217	0.00616549	0.00634257	0.00651325	0.00667734	0.00683469	0.00698513	0.00712853	0.00726472	0.00739358	0.00751499	0.00762881	0.00773493	0.00783325	0.00792367	0.00800611	0.00808047	0.00814669	0.00820469	0.00825443	0.00829585	0.00832892	0.00835359	0.00836985	0.00837768	0.00837707	0.00836803	0.00835057	0.0083247	0.00829045	0.00824786	0.00819697	0.00813783	0.00807051	0.00799507	0.00791158	0.00782015	0.00772085	0.00761379	0.00749908	0.00737683	0.00724717	0.00711023	0.00696615	0.00681508	0.00665716	0.00649256	0.00632145	0.006144	0.00596039	0.0057708	0.00557544	0.00537448	0.00516815	0.00495664	0.00474018	0.00451898	0.00429326	0.00406326	0.0038292	0.00359133	0.00334987	0.00310509	0.00285722	0.00260652	0.00235323	0.00209762	0.00183993	0.00158043	0.00131938	0.00105704	0.000793666	0.000529528	0.000264885	0	
0	0.000274468	0.000548628	0.0008222	0.00109491	0.00136647	0.00163662	0.00190507	0.00217157	0.00243583	0.0026976	0.0029566	0.00321259	0.0034653	0.00371448	0.00395988	0.00420125	0.00443835	0.00467095	0.0048988	0.00512169	0.00533939	0.00555168	0.00575834	0.00595918	0.00615399	0.00634257	0.00652475	0.00670032	0.00686913	0.007031	0.00718576	0.00733327	0.00747338	0.00760595	0.00773083	0.00784792	0.0079571	0.00805824	0.00815126	0.00823606	0.00831256	0.00838068	0.00844036	0.00849152	0.00853413	0.00856815	0.00859353	0.00861026	0.00861831	0.00861769	0.00860839	0.00859042	0.00856381	0.00852858	0.00848476	0.00843241	0.00837158	0.00830232	0.00822471	0.00813883	0.00804477	0.00794262	0.00783248	0.00771448	0.00758872	0.00745533	0.00731446	0.00716624	0.00701083	0.00684838	0.00667906	0.00650303	0.00632048	0.0061316	0.00593657	0.00573559	0.00552886	0.0053166	0.00509902	0.00487634	0.00464878	0.00441658	0.00417997	0.00393919	0.00369449	0.0034461	0.00319429	0.0029393	0.00268139	0.00242083	0.00215787	0.00189278	0.00162583	0.00135728	0.0010874	0.000816465	0.000544739	0.000272494	0	
0	0.000281853	0.00056339	0.000844324	0.00112437	0.00140324	0.00168066	0.00195633	0.00223	0.00250137	0.00277019	0.00303616	0.00329904	0.00355855	0.00381443	0.00406643	0.0043143	0.00455778	0.00479664	0.00503062	0.00525951	0.00548307	0.00570107	0.00591329	0.00611954	0.00631959	0.00651325	0.00670032	0.00688063	0.00705397	0.0072202	0.00737913	0.00753061	0.00767449	0.00781062	0.00793887	0.00805911	0.00817122	0.00827509	0.00837061	0.0084577	0.00853625	0.00860621	0.00866749	0.00872003	0.00876379	0.00879872	0.00882478	0.00884196	0.00885023	0.00884959	0.00884005	0.0088216	0.00879427	0.00875809	0.00871309	0.00865933	0.00859686	0.00852574	0.00844604	0.00835785	0.00826126	0.00815636	0.00804326	0.00792208	0.00779294	0.00765596	0.0075113	0.0073591	0.0071995	0.00703268	0.0068588	0.00667804	0.00649058	0.00629661	0.00609633	0.00588994	0.00567765	0.00545968	0.00523624	0.00500757	0.00477389	0.00453544	0.00429246	0.0040452	0.00379391	0.00353884	0.00328025	0.0030184	0.00275355	0.00248598	0.00221595	0.00194372	0.00166959	0.00139381	0.00111667	0.000838438	0.000559399	0.000279827	0	
0	0.000288954	0.000577583	0.000865594	0.00115269	0.00143859	0.001723	0.00200562	0.00228618	0.00256439	0.00283997	0.00311265	0.00338215	0.0036482	0.00391053	0.00416888	0.00442299	0.00467261	0.00491748	0.00515736	0.00539202	0.0056212	0.0058447	0.00606227	0.00627371	0.0064788	0.00667734	0.00686913	0.00705397	0.00723169	0.0074021	0.00756504	0.00772034	0.00786784	0.0080074	0.00813888	0.00826215	0.00837709	0.00848357	0.0085815	0.00867078	0.00875132	0.00882304	0.00888586	0.00893973	0.00898459	0.0090204	0.00904712	0.00906473	0.00907321	0.00907256	0.00906277	0.00904385	0.00901584	0.00897875	0.00893262	0.0088775	0.00881346	0.00874055	0.00865884	0.00856843	0.0084694	0.00836186	0.00824591	0.00812168	0.00798928	0.00784886	0.00770055	0.00754451	0.00738089	0.00720987	0.00703161	0.00684629	0.00665411	0.00645525	0.00624993	0.00603834	0.0058207	0.00559724	0.00536817	0.00513374	0.00489417	0.00464971	0.00440062	0.00414713	0.0038895	0.00362801	0.0033629	0.00309445	0.00282293	0.00254862	0.00227178	0.0019927	0.00171165	0.00142893	0.0011448	0.000859564	0.000573494	0.000286878	0	
0	0.000295762	0.000591193	0.00088599	0.00117985	0.00147249	0.00176359	0.00205288	0.00234005	0.00262482	0.00290689	0.003186	0.00346185	0.00373416	0.00400268	0.00426712	0.00452721	0.00478271	0.00503336	0.00527889	0.00551907	0.00575366	0.00598242	0.00620512	0.00642155	0.00663147	0.00683469	0.007031	0.0072202	0.0074021	0.00757653	0.00774331	0.00790226	0.00805324	0.00819609	0.00833067	0.00845685	0.00857449	0.00868349	0.00878373	0.00887511	0.00895754	0.00903095	0.00909525	0.00915039	0.00919631	0.00923297	0.00926032	0.00927834	0.00928703	0.00928636	0.00927634	0.00925698	0.0092283	0.00919033	0.00914312	0.00908671	0.00902115	0.00894652	0.00886289	0.00877035	0.00866899	0.00855891	0.00844023	0.00831307	0.00817756	0.00803382	0.00788202	0.0077223	0.00755483	0.00737978	0.00719732	0.00700763	0.00681092	0.00660738	0.00639722	0.00618064	0.00595788	0.00572915	0.00549468	0.00525472	0.00500951	0.00475929	0.00450432	0.00424486	0.00398117	0.00371351	0.00344215	0.00316738	0.00288946	0.00260868	0.00232532	0.00203966	0.00175199	0.0014626	0.00117178	0.000879822	0.00058701	0.000293639	0	
0	0.000302272	0.000604205	0.000905491	0.00120582	0.0015049	0.00180241	0.00209806	0.00239156	0.00268259	0.00297088	0.00325613	0.00353805	0.00381636	0.00409078	0.00436104	0.00462686	0.00488799	0.00514415	0.00539509	0.00564056	0.00588031	0.00611411	0.00634171	0.0065629	0.00677744	0.00698513	0.00718576	0.00737913	0.00756504	0.00774331	0.00791375	0.00807621	0.00823051	0.00837651	0.00851405	0.008643	0.00876324	0.00887463	0.00897708	0.00907047	0.00915472	0.00922975	0.00929546	0.00935182	0.00939875	0.00943621	0.00946416	0.00948259	0.00949146	0.00949077	0.00948053	0.00946075	0.00943144	0.00939264	0.00934439	0.00928673	0.00921974	0.00914346	0.00905799	0.00896342	0.00885982	0.00874732	0.00862603	0.00849607	0.00835757	0.00821068	0.00805553	0.0078923	0.00772114	0.00754223	0.00735576	0.0071619	0.00696086	0.00675283	0.00653804	0.0063167	0.00608903	0.00585527	0.00561564	0.0053704	0.00511979	0.00486406	0.00460348	0.00433831	0.00406881	0.00379526	0.00351793	0.00323711	0.00295307	0.00266611	0.00237651	0.00208456	0.00179056	0.0014948	0.00119758	0.000899192	0.000599933	0.000300104	0	
0	0.000308477	0.000616608	0.000924078	0.00123058	0.00153579	0.00183941	0.00214113	0.00244065	0.00273766	0.00303186	0.00332296	0.00361067	0.0038947	0.00417475	0.00445056	0.00472184	0.00498833	0.00524975	0.00550584	0.00575635	0.00600102	0.00623962	0.00647189	0.00669762	0.00691657	0.00712853	0.00733327	0.00753061	0.00772034	0.00790226	0.00807621	0.008242	0.00839947	0.00854846	0.00868883	0.00882043	0.00894313	0.00905682	0.00916137	0.00925668	0.00934266	0.00941922	0.00948629	0.0095438	0.00959169	0.00962992	0.00965845	0.00967725	0.00968631	0.00968561	0.00967516	0.00965497	0.00962506	0.00958546	0.00953622	0.00947738	0.00940901	0.00933117	0.00924395	0.00914743	0.00904171	0.0089269	0.00880312	0.00867049	0.00852915	0.00837924	0.00822091	0.00805433	0.00787965	0.00769707	0.00750677	0.00730893	0.00710376	0.00689147	0.00667227	0.00644638	0.00621404	0.00597548	0.00573093	0.00548066	0.0052249	0.00496393	0.00469799	0.00442738	0.00415234	0.00387318	0.00359016	0.00330357	0.0030137	0.00272085	0.0024253	0.00212736	0.00182733	0.00152549	0.00122217	0.000917653	0.000612251	0.000306265	0	
0	0.00031437	0.000628387	0.000941732	0.00125409	0.00156513	0.00187455	0.00218204	0.00248728	0.00278996	0.00308979	0.00338645	0.00367965	0.00396911	0.00425451	0.00453559	0.00481205	0.00508363	0.00535004	0.00561103	0.00586632	0.00611567	0.00635883	0.00659554	0.00682558	0.00704872	0.00726472	0.00747338	0.00767449	0.00786784	0.00805324	0.00823051	0.00839947	0.00855995	0.00871179	0.00885484	0.00898896	0.009114	0.00922986	0.0093364	0.00943354	0.00952116	0.00959919	0.00966754	0.00972615	0.00977495	0.00981392	0.00984299	0.00986215	0.00987138	0.00987067	0.00986002	0.00983944	0.00980896	0.00976861	0.00971843	0.00965847	0.00958879	0.00950946	0.00942057	0.00932221	0.00921447	0.00909747	0.00897132	0.00883616	0.00869212	0.00853934	0.00837799	0.00820822	0.00803021	0.00784414	0.0076502	0.00744858	0.0072395	0.00702315	0.00679976	0.00656956	0.00633278	0.00608965	0.00584044	0.00558538	0.00532474	0.00505878	0.00478776	0.00451197	0.00423169	0.00394719	0.00365876	0.00336669	0.00307129	0.00277284	0.00247165	0.00216801	0.00186224	0.00155464	0.00124552	0.000935188	0.00062395	0.000312118	0	
0	0.000319946	0.000639533	0.000958436	0.00127633	0.00159289	0.0019078	0.00222074	0.00253139	0.00283945	0.00314459	0.00344652	0.00374492	0.00403951	0.00432998	0.00461604	0.00489741	0.0051738	0.00544494	0.00571056	0.00597038	0.00622415	0.00647162	0.00671253	0.00694665	0.00717375	0.00739358	0.00760595	0.00781062	0.0080074	0.00819609	0.00837651	0.00854846	0.00871179	0.00886633	0.00901191	0.00914841	0.00927567	0.00939358	0.00950202	0.00960088	0.00969005	0.00976946	0.00983903	0.00989868	0.00994835	0.009988	0.0100176	0.0100371	0.0100465	0.0100458	0.0100349	0.010014	0.00998297	0.0099419	0.00989082	0.0098298	0.00975888	0.00967815	0.00958769	0.00948758	0.00937793	0.00925885	0.00913047	0.00899291	0.00884631	0.00869083	0.00852661	0.00835383	0.00817267	0.0079833	0.00778591	0.00758072	0.00736792	0.00714774	0.00692039	0.0066861	0.00644512	0.00619769	0.00594405	0.00568447	0.0054192	0.00514852	0.0048727	0.00459202	0.00430676	0.00401721	0.00372367	0.00342642	0.00312578	0.00282203	0.0025155	0.00220648	0.00189528	0.00158222	0.00126762	0.00095178	0.00063502	0.000317655	0	
0	0.000325199	0.000650033	0.000974172	0.00129729	0.00161904	0.00193913	0.0022572	0.00257296	0.00288607	0.00319622	0.00350311	0.00380641	0.00410583	0.00440107	0.00469183	0.00497782	0.00525875	0.00553434	0.00580432	0.00606841	0.00632635	0.00657788	0.00682275	0.00706072	0.00729154	0.00751499	0.00773083	0.00793887	0.00813888	0.00833067	0.00851405	0.00868883	0.00885484	0.00901191	0.00915989	0.00929863	0.00942798	0.00954783	0.00965805	0.00975853	0.00984917	0.00992988	0.0100006	0.0100612	0.0101117	0.010152	0.0101821	0.0102019	0.0102115	0.0102107	0.0101997	0.0101784	0.0101469	0.0101052	0.0100532	0.00999121	0.00991913	0.00983708	0.00974513	0.00964337	0.00953192	0.00941089	0.0092804	0.00914058	0.00899158	0.00883354	0.00866663	0.00849101	0.00830687	0.00811439	0.00791377	0.00770521	0.00748892	0.00726512	0.00703403	0.0067959	0.00655096	0.00629946	0.00604166	0.00577781	0.00550819	0.00523307	0.00495272	0.00466743	0.00437749	0.00408318	0.00378482	0.00348269	0.00317711	0.00286838	0.00255681	0.00224271	0.00192641	0.00160821	0.00128844	0.000967411	0.000645449	0.000322872	0	
0	0.000330124	0.000659878	0.000988925	0.00131693	0.00164356	0.00196849	0.00229139	0.00261192	0.00292978	0.00324463	0.00355616	0.00386406	0.00416802	0.00446773	0.00476289	0.00505321	0.0053384	0.00561816	0.00589223	0.00616032	0.00642217	0.00667751	0.00692609	0.00716766	0.00740197	0.00762881	0.00784792	0.00805911	0.00826215	0.00845685	0.008643	0.00882043	0.00898896	0.00914841	0.00929863	0.00943946	0.00957078	0.00969244	0.00980433	0.00990633	0.00999835	0.0100803	0.0101521	0.0102136	0.0102649	0.0103058	0.0103363	0.0103564	0.0103661	0.0103654	0.0103542	0.0103326	0.0103006	0.0102582	0.0102055	0.0101425	0.0100694	0.00998608	0.00989273	0.00978944	0.0096763	0.00955344	0.00942097	0.00927903	0.00912777	0.00896734	0.0087979	0.00861963	0.0084327	0.0082373	0.00803364	0.00782192	0.00760235	0.00737516	0.00714058	0.00689884	0.00665019	0.00639488	0.00613318	0.00586534	0.00559163	0.00531234	0.00502774	0.00473813	0.0044438	0.00414504	0.00384215	0.00353545	0.00322524	0.00291183	0.00259554	0.00227668	0.00195559	0.00163257	0.00130796	0.000982065	0.000655226	0.000327763	0	
