0	0	0	0	0	0	0	0	0	0	0	0	0	0	0	0	0	0	0	0	0	0	0	0	0	0	0	0	0	0	0	0	0	0	0	0	0	0	0	0	0	0	0	0	0	0	0	0	0	0	0	0	0	0	0	0	0	0	0	0	0	0	0	0	0	0	0	0	0	0	0	0	0	0	0	0	0	0	0	0	0	0	0	0	0	0	0	0	0	0	0	0	0	0	0	0	0	0	0	0	
0	1.09487e-05	2.1885e-05	3.27976e-05	4.36756e-05	5.45078e-05	6.52833e-05	7.59912e-05	8.66207e-05	9.7161e-05	0.000107602	0.000117932	0.000128142	0.000138221	0.000148159	0.000157946	0.000167573	0.000177029	0.000186305	0.000195392	0.000204281	0.000212963	0.000221428	0.00022967	0.000237679	0.000245448	0.000252968	0.000260233	0.000267234	0.000273966	0.00028042	0.000286591	0.000292473	0.00029806	0.000303346	0.000308325	0.000312994	0.000317346	0.000321379	0.000325087	0.000328468	0.000331517	0.000334233	0.000336611	0.00033865	0.000340348	0.000341703	0.000342714	0.00034338	0.0003437	0.000343674	0.000343301	0.000342583	0.000341521	0.000340114	0.000338365	0.000336276	0.000333849	0.000331086	0.000327989	0.000324563	0.000320811	0.000316736	0.000312342	0.000307635	0.000302619	0.000297299	0.00029168	0.000285768	0.000279569	0.00027309	0.000266337	0.000259316	0.000252036	0.000244502	0.000236724	0.000228709	0.000220464	0.000211999	0.000203322	0.000194441	0.000185367	0.000176107	0.000166671	0.000157069	0.000147311	0.000137406	0.000127365	0.000117197	0.000106913	9.65228e-05	8.60376e-05	7.54675e-05	6.48233e-05	5.41156e-05	4.3355e-05	3.25524e-05	2.17186e-05	1.08642e-05	0	
0	2.1885e-05	4.37451e-05	6.5558e-05	8.73016e-05	0.000108954	0.000130493	0.000151896	0.000173143	0.000194212	0.000215082	0.000235731	0.000256139	0.000276286	0.00029615	0.000315714	0.000334956	0.000353857	0.000372399	0.000390563	0.000408331	0.000425685	0.000442607	0.000459081	0.00047509	0.000490619	0.000505651	0.000520172	0.000534167	0.000547622	0.000560524	0.00057286	0.000584617	0.000595784	0.000606349	0.000616303	0.000625634	0.000634335	0.000642395	0.000649808	0.000656566	0.000662661	0.000668089	0.000672843	0.000676919	0.000680313	0.000683022	0.000685043	0.000686373	0.000687013	0.00068696	0.000686216	0.000684781	0.000682657	0.000679846	0.00067635	0.000672174	0.000667322	0.000661799	0.00065561	0.000648761	0.000641261	0.000633115	0.000624334	0.000614925	0.000604898	0.000594263	0.000583032	0.000571215	0.000558824	0.000545873	0.000532374	0.000518341	0.000503788	0.00048873	0.000473182	0.00045716	0.000440681	0.00042376	0.000406416	0.000388665	0.000370525	0.000352016	0.000333155	0.000313963	0.000294457	0.000274658	0.000254587	0.000234262	0.000213706	0.000192938	0.000171979	0.000150851	0.000129574	0.000108171	8.66617e-05	6.50686e-05	4.34129e-05	2.17162e-05	0	
0	3.27976e-05	6.5558e-05	9.82477e-05	0.000130833	0.000163282	0.000195561	0.000227638	0.000259479	0.000291054	0.00032233	0.000353276	0.00038386	0.000414053	0.000443823	0.000473142	0.000501979	0.000530305	0.000558093	0.000585315	0.000611942	0.000637949	0.00066331	0.000687999	0.000711991	0.000735263	0.000757791	0.000779553	0.000800526	0.000820691	0.000840026	0.000858513	0.000876133	0.000892868	0.000908702	0.000923619	0.000937604	0.000950643	0.000962723	0.000973832	0.000983959	0.000993094	0.00100123	0.00100835	0.00101446	0.00101955	0.00102361	0.00102664	0.00102863	0.00102959	0.00102951	0.00102839	0.00102624	0.00102306	0.00101885	0.00101361	0.00100735	0.00100008	0.000991802	0.000982527	0.000972264	0.000961023	0.000948816	0.000935655	0.000921555	0.000906528	0.00089059	0.000873758	0.000856049	0.00083748	0.000818071	0.000797841	0.00077681	0.000755	0.000732434	0.000709133	0.000685122	0.000660425	0.000635067	0.000609074	0.000582472	0.000555287	0.000527548	0.000499283	0.00047052	0.000441288	0.000411617	0.000381536	0.000351077	0.00032027	0.000289146	0.000257737	0.000226073	0.000194187	0.00016211	0.000129876	9.75152e-05	6.50609e-05	3.25451e-05	0	
0	4.36756e-05	8.73016e-05	0.000130833	0.000174227	0.000217438	0.000260423	0.000303138	0.000345541	0.000387588	0.000429238	0.000470448	0.000511176	0.000551383	0.000591028	0.00063007	0.000668472	0.000706194	0.000743198	0.000779448	0.000814908	0.000849541	0.000883313	0.000916191	0.000948141	0.000979131	0.00100913	0.00103811	0.00106604	0.00109289	0.00111864	0.00114326	0.00116672	0.00118901	0.0012101	0.00122996	0.00124858	0.00126595	0.00128203	0.00129683	0.00131031	0.00132248	0.00133331	0.0013428	0.00135093	0.00135771	0.00136311	0.00136715	0.0013698	0.00137108	0.00137097	0.00136949	0.00136663	0.00136239	0.00135678	0.0013498	0.00134147	0.00133178	0.00132076	0.00130841	0.00129474	0.00127977	0.00126352	0.00124599	0.00122721	0.0012072	0.00118598	0.00116356	0.00113998	0.00111525	0.00108941	0.00106247	0.00103446	0.00100542	0.000975366	0.000944337	0.000912363	0.000879474	0.000845706	0.000811091	0.000775665	0.000739464	0.000702525	0.000664885	0.000626582	0.000587654	0.000548142	0.000508085	0.000467523	0.000426498	0.000385051	0.000343223	0.000301057	0.000258595	0.00021588	0.000172953	0.000129859	8.66406e-05	4.33398e-05	0	
0	5.45078e-05	0.000108954	0.000163282	0.000217438	0.000271366	0.000325012	0.000378322	0.000431241	0.000483717	0.000535696	0.000587127	0.000637958	0.000688137	0.000737614	0.00078634	0.000834266	0.000881344	0.000927526	0.000972767	0.00101702	0.00106024	0.00110239	0.00114342	0.0011833	0.00122198	0.00125942	0.00129558	0.00133044	0.00136395	0.00139609	0.00142681	0.0014561	0.00148391	0.00151023	0.00153502	0.00155826	0.00157993	0.00160001	0.00161847	0.0016353	0.00165048	0.001664	0.00167584	0.001686	0.00169445	0.0017012	0.00170623	0.00170954	0.00171114	0.00171101	0.00170915	0.00170558	0.00170029	0.00169329	0.00168458	0.00167418	0.0016621	0.00164834	0.00163292	0.00161587	0.00159719	0.0015769	0.00155503	0.00153159	0.00150662	0.00148013	0.00145216	0.00142272	0.00139186	0.00135961	0.00132598	0.00129103	0.00125478	0.00121728	0.00117856	0.00113865	0.00109761	0.00105546	0.00101226	0.000968049	0.00092287	0.000876769	0.000829793	0.00078199	0.000733407	0.000684095	0.000634103	0.000583481	0.000532281	0.000480554	0.000428352	0.000375727	0.000322734	0.000269424	0.000215851	0.000162068	0.00010813	5.40894e-05	0	
0	6.52833e-05	0.000130493	0.000195561	0.000260423	0.000325012	0.000389264	0.000453112	0.000516493	0.000579343	0.000641598	0.000703196	0.000764076	0.000824175	0.000883433	0.000941792	0.000999193	0.00105558	0.00111089	0.00116507	0.00121808	0.00126985	0.00132033	0.00136947	0.00141723	0.00146355	0.00150839	0.00155171	0.00159346	0.0016336	0.00167209	0.00170888	0.00174396	0.00177727	0.00180879	0.00183848	0.00186632	0.00189227	0.00191632	0.00193843	0.00195859	0.00197677	0.00199296	0.00200715	0.00201931	0.00202943	0.00203751	0.00204354	0.00204751	0.00204942	0.00204926	0.00204704	0.00204276	0.00203643	0.00202804	0.00201761	0.00200516	0.00199068	0.00197421	0.00195574	0.00193531	0.00191294	0.00188864	0.00186245	0.00183438	0.00180447	0.00177274	0.00173924	0.00170399	0.00166703	0.00162839	0.00158812	0.00154626	0.00150285	0.00145793	0.00141155	0.00136376	0.0013146	0.00126412	0.00121238	0.00115943	0.00110532	0.0010501	0.00099384	0.000936587	0.0008784	0.000819339	0.000759463	0.000698834	0.000637512	0.000575558	0.000513036	0.000450008	0.000386538	0.000322689	0.000258524	0.000194109	0.000129507	6.47829e-05	0	
0	7.59912e-05	0.000151896	0.000227638	0.000303138	0.000378322	0.000453112	0.000527433	0.00060121	0.000674369	0.000746836	0.000818538	0.000889403	0.00095936	0.00102834	0.00109627	0.00116309	0.00122872	0.0012931	0.00135618	0.00141787	0.00147813	0.0015369	0.0015941	0.00164969	0.00170361	0.00175581	0.00180623	0.00185483	0.00190155	0.00194635	0.00198919	0.00203001	0.00206879	0.00210548	0.00214004	0.00217244	0.00220266	0.00223065	0.00225639	0.00227985	0.00230102	0.00231987	0.00233638	0.00235053	0.00236232	0.00237172	0.00237874	0.00238336	0.00238558	0.0023854	0.00238282	0.00237783	0.00237046	0.0023607	0.00234856	0.00233406	0.00231721	0.00229803	0.00227654	0.00225276	0.00222672	0.00219843	0.00216794	0.00213527	0.00210045	0.00206353	0.00202453	0.00198349	0.00194047	0.0018955	0.00184862	0.0017999	0.00174936	0.00169708	0.00164309	0.00158745	0.00153023	0.00147148	0.00141125	0.00134961	0.00128662	0.00122235	0.00115686	0.00109022	0.00102249	0.000953736	0.00088404	0.000813465	0.000742084	0.000669968	0.000597191	0.000523825	0.000449943	0.00037562	0.000300931	0.00022595	0.000150751	7.54095e-05	0	
0	8.66207e-05	0.000173143	0.000259479	0.000345541	0.000431241	0.000516493	0.00060121	0.000685308	0.0007687	0.000851304	0.000933036	0.00101381	0.00109356	0.00117218	0.00124962	0.00132578	0.00140059	0.00147399	0.00154588	0.00161621	0.0016849	0.00175188	0.00181709	0.00188045	0.00194192	0.00200142	0.00205889	0.00211429	0.00216755	0.00221861	0.00226744	0.00231398	0.00235818	0.0024	0.0024394	0.00247633	0.00251077	0.00254268	0.00257202	0.00259877	0.00262289	0.00264438	0.0026632	0.00267933	0.00269277	0.00270349	0.00271149	0.00271675	0.00271929	0.00271908	0.00271613	0.00271045	0.00270205	0.00269092	0.00267709	0.00266056	0.00264135	0.00261949	0.00259499	0.00256789	0.0025382	0.00250596	0.0024712	0.00243396	0.00239427	0.00235218	0.00230773	0.00226095	0.00221191	0.00216065	0.00210722	0.00205167	0.00199407	0.00193447	0.00187293	0.00180952	0.00174429	0.00167732	0.00160866	0.0015384	0.00146661	0.00139334	0.00131869	0.00124272	0.00116552	0.00108715	0.00100771	0.000927259	0.000845893	0.000763689	0.000680731	0.000597102	0.000512885	0.000428166	0.000343028	0.000257558	0.00017184	8.59586e-05	0	
0	9.7161e-05	0.000194212	0.000291054	0.000387588	0.000483717	0.000579343	0.000674369	0.0007687	0.00086224	0.000954896	0.00104657	0.00113718	0.00122663	0.00131482	0.00140168	0.00148711	0.00157103	0.00165335	0.001734	0.00181288	0.00188993	0.00196506	0.00203821	0.00210928	0.00217823	0.00224497	0.00230944	0.00237157	0.00243131	0.0024886	0.00254336	0.00259556	0.00264514	0.00269205	0.00273625	0.00277768	0.00281631	0.00285209	0.00288501	0.00291501	0.00294207	0.00296617	0.00298728	0.00300538	0.00302045	0.00303247	0.00304145	0.00304736	0.00305019	0.00304996	0.00304666	0.00304029	0.00303086	0.00301838	0.00300286	0.00298432	0.00296278	0.00293826	0.00291078	0.00288038	0.00284708	0.00281091	0.00277193	0.00273015	0.00268564	0.00263842	0.00258856	0.00253609	0.00248108	0.00242358	0.00236365	0.00230135	0.00223673	0.00216988	0.00210085	0.00202972	0.00195655	0.00188143	0.00180443	0.00172561	0.00164508	0.0015629	0.00147917	0.00139395	0.00130735	0.00121945	0.00113034	0.0010401	0.000948833	0.000856625	0.000763572	0.000669766	0.0005753	0.000480271	0.000384773	0.000288901	0.000192752	9.64194e-05	0	
0	0.000107602	0.000215082	0.00032233	0.000429238	0.000535696	0.000641598	0.000746836	0.000851304	0.000954896	0.00105751	0.00115904	0.00125938	0.00135844	0.00145611	0.00155231	0.00164692	0.00173985	0.00183102	0.00192033	0.0020077	0.00209302	0.00217623	0.00225723	0.00233595	0.0024123	0.00248622	0.00255761	0.00262643	0.00269259	0.00275602	0.00281668	0.00287449	0.0029294	0.00298135	0.00303029	0.00307617	0.00311895	0.00315859	0.00319504	0.00322826	0.00325824	0.00328492	0.0033083	0.00332834	0.00334503	0.00335835	0.00336829	0.00337483	0.00337798	0.00337772	0.00337406	0.00336701	0.00335657	0.00334274	0.00332556	0.00330503	0.00328117	0.00325401	0.00322358	0.00318991	0.00315303	0.00311298	0.00306981	0.00302354	0.00297424	0.00292196	0.00286673	0.00280863	0.00274771	0.00268403	0.00261766	0.00254866	0.0024771	0.00240307	0.00232662	0.00224784	0.00216681	0.00208362	0.00199834	0.00191106	0.00182187	0.00173086	0.00163812	0.00154376	0.00144785	0.0013505	0.00125181	0.00115188	0.0010508	0.000948684	0.000845631	0.000741743	0.000637126	0.000531885	0.000426124	0.000319949	0.000213466	0.000106781	0	
0	0.000117932	0.000235731	0.000353276	0.000470448	0.000587127	0.000703196	0.000818538	0.000933036	0.00104657	0.00115904	0.00127032	0.00138029	0.00148886	0.00159591	0.00170134	0.00180504	0.0019069	0.00200682	0.0021047	0.00220046	0.00229397	0.00238517	0.00247395	0.00256022	0.00264391	0.00272492	0.00280317	0.00287859	0.0029511	0.00302063	0.00308711	0.00315047	0.00321065	0.00326759	0.00332123	0.00337152	0.00341841	0.00346185	0.00350179	0.00353821	0.00357106	0.00360031	0.00362593	0.0036479	0.00366619	0.00368079	0.00369168	0.00369885	0.0037023	0.00370202	0.00369801	0.00369028	0.00367884	0.00366369	0.00364485	0.00362235	0.0035962	0.00356644	0.00353309	0.00349618	0.00345576	0.00341187	0.00336455	0.00331384	0.00325981	0.0032025	0.00314197	0.00307829	0.00301152	0.00294173	0.00286899	0.00279336	0.00271494	0.00263379	0.00255001	0.00246367	0.00237486	0.00228367	0.0021902	0.00209455	0.00199679	0.00189705	0.00179541	0.00169198	0.00158686	0.00148017	0.001372	0.00126247	0.00115169	0.00103977	0.000926824	0.000812962	0.0006983	0.000582954	0.000467039	0.000350669	0.000233963	0.000117034	0	
0	0.000128142	0.000256139	0.00038386	0.000511176	0.000637958	0.000764076	0.000889403	0.00101381	0.00113718	0.00125938	0.00138029	0.00149979	0.00161776	0.00173408	0.00184864	0.00196131	0.00207199	0.00218056	0.00228692	0.00239096	0.00249258	0.00259167	0.00268814	0.00278188	0.00287281	0.00296083	0.00304586	0.00312781	0.0032066	0.00328215	0.00335438	0.00342323	0.00348862	0.00355049	0.00360877	0.00366342	0.00371436	0.00376157	0.00380497	0.00384454	0.00388024	0.00391202	0.00393986	0.00396373	0.00398361	0.00399947	0.0040113	0.0040191	0.00402284	0.00402254	0.00401818	0.00400978	0.00399735	0.00398089	0.00396042	0.00393597	0.00390756	0.00387522	0.00383898	0.00379888	0.00375496	0.00370727	0.00365585	0.00360075	0.00354204	0.00347977	0.00341401	0.00334481	0.00327226	0.00319643	0.00311738	0.00303521	0.00295	0.00286183	0.00277079	0.00267697	0.00258047	0.0024814	0.00237983	0.00227589	0.00216968	0.0020613	0.00195086	0.00183847	0.00172426	0.00160832	0.00149079	0.00137178	0.00125141	0.0011298	0.00100707	0.000883351	0.000758761	0.000633428	0.000507476	0.000381032	0.00025422	0.000127168	0	
0	0.000138221	0.000276286	0.000414053	0.000551383	0.000688137	0.000824175	0.00095936	0.00109356	0.00122663	0.00135844	0.00148886	0.00161776	0.00174501	0.00187048	0.00199405	0.00211558	0.00223497	0.00235208	0.00246681	0.00257903	0.00268864	0.00279553	0.00289958	0.0030007	0.00309878	0.00319373	0.00328545	0.00337384	0.00345883	0.00354032	0.00361824	0.0036925	0.00376303	0.00382977	0.00389264	0.00395158	0.00400653	0.00405745	0.00410427	0.00414695	0.00418546	0.00421974	0.00424977	0.00427552	0.00429696	0.00431407	0.00432683	0.00433524	0.00433928	0.00433895	0.00433425	0.00432519	0.00431178	0.00429402	0.00427195	0.00424557	0.00421493	0.00418004	0.00414095	0.0040977	0.00405033	0.00399888	0.00394342	0.00388399	0.00382066	0.00375349	0.00368255	0.00360792	0.00352966	0.00344786	0.0033626	0.00327396	0.00318205	0.00308694	0.00298874	0.00288754	0.00278346	0.00267659	0.00256704	0.00245492	0.00234035	0.00222344	0.00210431	0.00198309	0.00185989	0.00173484	0.00160806	0.00147969	0.00134985	0.00121867	0.00108629	0.000952838	0.000818448	0.000683256	0.000547397	0.000411005	0.000274218	0.000137171	0	
0	0.000148159	0.00029615	0.000443823	0.000591028	0.000737614	0.000883433	0.00102834	0.00117218	0.00131482	0.00145611	0.00159591	0.00173408	0.00187048	0.00200497	0.00213742	0.0022677	0.00239567	0.0025212	0.00264418	0.00276447	0.00288196	0.00299653	0.00310807	0.00321646	0.00332159	0.00342337	0.00352168	0.00361643	0.00370753	0.00379488	0.0038784	0.003958	0.00403361	0.00410514	0.00417253	0.00423571	0.00429462	0.00434919	0.00439938	0.00444514	0.00448641	0.00452316	0.00455535	0.00458294	0.00460593	0.00462427	0.00463795	0.00464696	0.00465129	0.00465094	0.0046459	0.00463619	0.00462181	0.00460278	0.00457912	0.00455085	0.004518	0.00448061	0.00443871	0.00439234	0.00434156	0.00428642	0.00422697	0.00416327	0.00409538	0.00402339	0.00394735	0.00386735	0.00378346	0.00369578	0.00360439	0.00350938	0.00341085	0.00330891	0.00320365	0.00309518	0.00298361	0.00286905	0.00275162	0.00263144	0.00250863	0.00238332	0.00225563	0.00212569	0.00199363	0.00185958	0.00172369	0.00158609	0.00144691	0.0013063	0.0011644	0.00102135	0.000877301	0.000732388	0.000586759	0.00044056	0.000293937	0.000147035	0	
0	0.000157946	0.000315714	0.000473142	0.00063007	0.00078634	0.000941792	0.00109627	0.00124962	0.00140168	0.00155231	0.00170134	0.00184864	0.00199405	0.00213742	0.00227862	0.0024175	0.00255392	0.00268775	0.00281885	0.00294709	0.00307235	0.00319449	0.00331339	0.00342894	0.00354102	0.00364952	0.00375433	0.00385534	0.00395246	0.00404558	0.00413461	0.00421947	0.00430007	0.00437633	0.00444818	0.00451553	0.00457833	0.00463651	0.00469002	0.00473879	0.00478279	0.00482197	0.00485628	0.0048857	0.0049102	0.00492976	0.00494434	0.00495395	0.00495857	0.00495819	0.00495282	0.00494247	0.00492714	0.00490685	0.00488163	0.00485149	0.00481647	0.00477661	0.00473194	0.00468252	0.00462838	0.0045696	0.00450622	0.00443831	0.00436594	0.00428919	0.00420812	0.00412284	0.00403341	0.00393994	0.00384251	0.00374122	0.00363619	0.00352751	0.00341529	0.00329966	0.00318072	0.00305859	0.00293341	0.00280529	0.00267437	0.00254077	0.00240465	0.00226612	0.00212534	0.00198244	0.00183757	0.00169087	0.0015425	0.00139261	0.00124133	0.00108883	0.000935262	0.000780774	0.000625524	0.000469667	0.000313356	0.000156749	0	
0	0.000167573	0.000334956	0.000501979	0.000668472	0.000834266	0.000999193	0.00116309	0.00132578	0.00148711	0.00164692	0.00180504	0.00196131	0.00211558	0.0022677	0.0024175	0.00256485	0.00270958	0.00285157	0.00299066	0.00312672	0.00325961	0.00338919	0.00351534	0.00363794	0.00375685	0.00387196	0.00398316	0.00409032	0.00419336	0.00429216	0.00438662	0.00447665	0.00456217	0.00464307	0.0047193	0.00479076	0.00485738	0.00491911	0.00497588	0.00502763	0.00507431	0.00511587	0.00515228	0.0051835	0.00520949	0.00523023	0.00524571	0.0052559	0.0052608	0.0052604	0.00525471	0.00524372	0.00522746	0.00520594	0.00517917	0.0051472	0.00511005	0.00506775	0.00502036	0.00496793	0.00491049	0.00484812	0.00478088	0.00470883	0.00463205	0.00455062	0.00446462	0.00437413	0.00427926	0.00418008	0.00407672	0.00396926	0.00385783	0.00374252	0.00362347	0.00350078	0.00337459	0.00324502	0.00311221	0.00297628	0.00283738	0.00269564	0.00255122	0.00240425	0.00225488	0.00210328	0.00194958	0.00179394	0.00163653	0.00147749	0.001317	0.0011552	0.00099227	0.000828366	0.000663653	0.000498295	0.000332457	0.000166304	0	
0	0.000177029	0.000353857	0.000530305	0.000706194	0.000881344	0.00105558	0.00122872	0.00140059	0.00157103	0.00173985	0.0019069	0.00207199	0.00223497	0.00239567	0.00255392	0.00270958	0.00286249	0.00301249	0.00315943	0.00330317	0.00344355	0.00358045	0.00371372	0.00384323	0.00396886	0.00409046	0.00420793	0.00432115	0.00443	0.00453438	0.00463417	0.00472928	0.00481962	0.0049051	0.00498562	0.00506111	0.0051315	0.00519671	0.00525668	0.00531135	0.00536066	0.00540458	0.00544304	0.00547602	0.00550348	0.00552539	0.00554174	0.00555251	0.00555769	0.00555727	0.00555125	0.00553965	0.00552246	0.00549973	0.00547145	0.00543767	0.00539843	0.00535375	0.00530368	0.00524829	0.00518761	0.00512172	0.00505068	0.00497457	0.00489346	0.00480743	0.00471658	0.00462099	0.00452075	0.00441599	0.00430679	0.00419327	0.00407554	0.00395373	0.00382796	0.00369835	0.00356503	0.00342815	0.00328784	0.00314425	0.00299751	0.00284777	0.0026952	0.00253993	0.00238214	0.00222198	0.0020596	0.00189518	0.00172889	0.00156088	0.00139132	0.0012204	0.00104827	0.000875117	0.000701108	0.000526418	0.00035122	0.00017569	0	
0	0.000186305	0.000372399	0.000558093	0.000743198	0.000927526	0.00111089	0.0012931	0.00147399	0.00165335	0.00183102	0.00200682	0.00218056	0.00235208	0.0025212	0.00268775	0.00285157	0.00301249	0.00317035	0.00332499	0.00347626	0.003624	0.00376807	0.00390833	0.00404463	0.00417683	0.00430481	0.00442844	0.00454759	0.00466214	0.00477199	0.00487701	0.00497711	0.00507218	0.00516214	0.00524688	0.00532633	0.0054004	0.00546903	0.00553215	0.00558968	0.00564158	0.00568779	0.00572827	0.00576298	0.00579188	0.00581494	0.00583215	0.00584348	0.00584893	0.00584848	0.00584215	0.00582994	0.00581186	0.00578793	0.00575818	0.00572263	0.00568132	0.0056343	0.00558162	0.00552332	0.00545946	0.00539012	0.00531536	0.00523526	0.0051499	0.00505936	0.00496375	0.00486314	0.00475766	0.0046474	0.00453248	0.00441301	0.00428912	0.00416092	0.00402856	0.00389216	0.00375186	0.00360781	0.00346014	0.00330902	0.00315459	0.00299701	0.00283644	0.00267304	0.00250698	0.00233842	0.00216754	0.0019945	0.00181949	0.00164267	0.00146424	0.00128435	0.00110321	0.000920979	0.000737851	0.000554006	0.000369627	0.000184897	0	
0	0.000195392	0.000390563	0.000585315	0.000779448	0.000972767	0.00116507	0.00135618	0.00154588	0.001734	0.00192033	0.0021047	0.00228692	0.00246681	0.00264418	0.00281885	0.00299066	0.00315943	0.00332499	0.00348717	0.00364582	0.00380077	0.00395187	0.00409897	0.00424192	0.00438057	0.00451479	0.00464445	0.00476941	0.00488955	0.00500476	0.0051149	0.00521988	0.00531959	0.00541394	0.00550281	0.00558614	0.00566383	0.0057358	0.005802	0.00586234	0.00591677	0.00596523	0.00600769	0.00604409	0.0060744	0.00609859	0.00611663	0.00612852	0.00613423	0.00613377	0.00612713	0.00611432	0.00609536	0.00607026	0.00603906	0.00600177	0.00595845	0.00590914	0.00585388	0.00579274	0.00572577	0.00565305	0.00557464	0.00549063	0.00540111	0.00530616	0.00520588	0.00510037	0.00498974	0.0048741	0.00475357	0.00462828	0.00449834	0.00436389	0.00422507	0.00408202	0.00393488	0.0037838	0.00362893	0.00347044	0.00330847	0.00314321	0.0029748	0.00280343	0.00262927	0.00245249	0.00227327	0.0020918	0.00190825	0.00172281	0.00153566	0.00134701	0.00115702	0.000965906	0.000773845	0.000581031	0.000387658	0.000193917	0	
0	0.000204281	0.000408331	0.000611942	0.000814908	0.00101702	0.00121808	0.00141787	0.00161621	0.00181288	0.0020077	0.00220046	0.00239096	0.00257903	0.00276447	0.00294709	0.00312672	0.00330317	0.00347626	0.00364582	0.00381169	0.00397369	0.00413166	0.00428545	0.0044349	0.00457986	0.00472019	0.00485575	0.0049864	0.005112	0.00523245	0.00534761	0.00545736	0.00556161	0.00566024	0.00575317	0.00584028	0.00592151	0.00599676	0.00606596	0.00612905	0.00618595	0.00623663	0.00628101	0.00631907	0.00635076	0.00637605	0.00639491	0.00640734	0.00641331	0.00641283	0.00640589	0.0063925	0.00637267	0.00634644	0.00631381	0.00627483	0.00622954	0.00617798	0.00612021	0.00605629	0.00598627	0.00591024	0.00582827	0.00574044	0.00564684	0.00554757	0.00544273	0.00533242	0.00521676	0.00509586	0.00496985	0.00483885	0.004703	0.00456244	0.0044173	0.00426774	0.0041139	0.00395595	0.00379404	0.00362833	0.003459	0.00328622	0.00311015	0.00293099	0.0027489	0.00256408	0.0023767	0.00218697	0.00199507	0.00180119	0.00160553	0.00140829	0.00120967	0.00100985	0.000809054	0.000607468	0.000405296	0.00020274	0	
0	0.000212963	0.000425685	0.000637949	0.000849541	0.00106024	0.00126985	0.00147813	0.0016849	0.00188993	0.00209302	0.00229397	0.00249258	0.00268864	0.00288196	0.00307235	0.00325961	0.00344355	0.003624	0.00380077	0.00397369	0.00414257	0.00430726	0.00446759	0.00462339	0.00477451	0.00492081	0.00506212	0.00519833	0.00532927	0.00545484	0.00557489	0.00568931	0.00579799	0.00590082	0.00599769	0.0060885	0.00617318	0.00625163	0.00632378	0.00638954	0.00644887	0.0065017	0.00654797	0.00658764	0.00662068	0.00664704	0.00666671	0.00667967	0.0066859	0.00668539	0.00667815	0.0066642	0.00664353	0.00661618	0.00658216	0.00654153	0.00649431	0.00644057	0.00638034	0.0063137	0.00624071	0.00616144	0.00607599	0.00598442	0.00588685	0.00578336	0.00567406	0.00555906	0.00543849	0.00531245	0.00518108	0.00504452	0.0049029	0.00475636	0.00460505	0.00444913	0.00428876	0.00412409	0.0039553	0.00378255	0.00360602	0.00342589	0.00324235	0.00305556	0.00286574	0.00267306	0.00247772	0.00227993	0.00207987	0.00187775	0.00167378	0.00146815	0.00126108	0.00105278	0.000843443	0.000633289	0.000422524	0.000211358	0	
0	0.000221428	0.000442607	0.00066331	0.000883313	0.00110239	0.00132033	0.0015369	0.00175188	0.00196506	0.00217623	0.00238517	0.00259167	0.00279553	0.00299653	0.00319449	0.00338919	0.00358045	0.00376807	0.00395187	0.00413166	0.00430726	0.0044785	0.0046452	0.00480719	0.00496432	0.00511644	0.00526337	0.00540499	0.00554114	0.0056717	0.00579652	0.00591549	0.00602849	0.00613541	0.00623613	0.00633056	0.0064186	0.00650017	0.00657518	0.00664357	0.00670525	0.00676018	0.00680829	0.00684954	0.00688389	0.00691131	0.00693176	0.00694523	0.0069517	0.00695118	0.00694365	0.00692914	0.00690765	0.00687921	0.00684385	0.0068016	0.00675251	0.00669662	0.006634	0.00656471	0.00648882	0.0064064	0.00631755	0.00622235	0.00612089	0.00601329	0.00589964	0.00578008	0.00565471	0.00552366	0.00538707	0.00524508	0.00509782	0.00494546	0.00478814	0.00462602	0.00445927	0.00428806	0.00411255	0.00393294	0.00374939	0.0035621	0.00337126	0.00317705	0.00297968	0.00277934	0.00257623	0.00237057	0.00216256	0.00195241	0.00174033	0.00152653	0.00131122	0.00109464	0.000876978	0.000658468	0.000439323	0.000219761	0	
0	0.00022967	0.000459081	0.000687999	0.000916191	0.00114342	0.00136947	0.0015941	0.00181709	0.00203821	0.00225723	0.00247395	0.00268814	0.00289958	0.00310807	0.00331339	0.00351534	0.00371372	0.00390833	0.00409897	0.00428545	0.00446759	0.0046452	0.0048181	0.00498613	0.00514911	0.00530688	0.00545929	0.00560618	0.0057474	0.00588281	0.00601228	0.00613568	0.00625289	0.00636378	0.00646826	0.0065662	0.00665752	0.00674213	0.00681993	0.00689086	0.00695484	0.00701181	0.00706172	0.0071045	0.00714013	0.00716857	0.00718978	0.00720375	0.00721047	0.00720993	0.00720212	0.00718707	0.00716478	0.00713528	0.0070986	0.00705478	0.00700386	0.0069459	0.00688095	0.00680908	0.00673036	0.00664488	0.00655272	0.00645397	0.00634874	0.00623713	0.00611925	0.00599524	0.0058652	0.00572927	0.0055876	0.00544032	0.00528759	0.00512955	0.00496638	0.00479822	0.00462527	0.00444768	0.00426564	0.00407934	0.00388896	0.0036947	0.00349675	0.00329532	0.0030906	0.0028828	0.00267214	0.00245882	0.00224307	0.00202509	0.00180511	0.00158335	0.00136004	0.00113539	0.000909625	0.00068298	0.000455678	0.000227942	0	
0	0.000237679	0.00047509	0.000711991	0.000948141	0.0011833	0.00141723	0.00164969	0.00188045	0.00210928	0.00233595	0.00256022	0.00278188	0.0030007	0.00321646	0.00342894	0.00363794	0.00384323	0.00404463	0.00424192	0.0044349	0.00462339	0.00480719	0.00498613	0.00516001	0.00532868	0.00549196	0.00564968	0.00580169	0.00594783	0.00608797	0.00622196	0.00634966	0.00647096	0.00658572	0.00669383	0.0067952	0.0068897	0.00697726	0.00705778	0.00713118	0.00719739	0.00725635	0.007308	0.00735228	0.00738915	0.00741857	0.00744053	0.00745499	0.00746194	0.00746137	0.0074533	0.00743772	0.00741466	0.00738413	0.00734617	0.00730082	0.00724813	0.00718814	0.00712092	0.00704655	0.00696509	0.00687662	0.00678125	0.00667906	0.00657016	0.00645465	0.00633267	0.00620433	0.00606975	0.00592909	0.00578248	0.00563006	0.005472	0.00530845	0.00513959	0.00496557	0.00478658	0.0046028	0.00441442	0.00422162	0.0040246	0.00382356	0.00361871	0.00341025	0.00319839	0.00298334	0.00276533	0.00254458	0.0023213	0.00209572	0.00186807	0.00163858	0.00140747	0.00117499	0.000941351	0.000706802	0.000471571	0.000235892	0	
0	0.000245448	0.000490619	0.000735263	0.000979131	0.00122198	0.00146355	0.00170361	0.00194192	0.00217823	0.0024123	0.00264391	0.00287281	0.00309878	0.00332159	0.00354102	0.00375685	0.00396886	0.00417683	0.00438057	0.00457986	0.00477451	0.00496432	0.00514911	0.00532868	0.00550286	0.00567147	0.00583435	0.00599133	0.00614225	0.00628697	0.00642534	0.00655722	0.00668248	0.00680099	0.00691264	0.00701731	0.00711491	0.00720533	0.00728848	0.00736428	0.00743266	0.00749355	0.00754688	0.00759261	0.00763068	0.00766107	0.00768374	0.00769868	0.00770585	0.00770527	0.00769693	0.00768085	0.00765703	0.0076255	0.0075863	0.00753947	0.00748506	0.00742311	0.0073537	0.00727689	0.00719277	0.00710141	0.00700292	0.00689739	0.00678493	0.00666565	0.00653968	0.00640714	0.00626817	0.00612291	0.0059715	0.0058141	0.00565087	0.00548198	0.00530759	0.00512789	0.00494305	0.00475326	0.00455872	0.00435962	0.00415616	0.00394855	0.003737	0.00352173	0.00330294	0.00308087	0.00285573	0.00262776	0.00239718	0.00216423	0.00192914	0.00169214	0.00145348	0.0012134	0.000972124	0.000729908	0.000486987	0.000243604	0	
0	0.000252968	0.000505651	0.000757791	0.00100913	0.00125942	0.00150839	0.00175581	0.00200142	0.00224497	0.00248622	0.00272492	0.00296083	0.00319373	0.00342337	0.00364952	0.00387196	0.00409046	0.00430481	0.00451479	0.00472019	0.00492081	0.00511644	0.00530688	0.00549196	0.00567147	0.00584525	0.00601312	0.00617491	0.00633046	0.00647961	0.00662222	0.00675814	0.00688724	0.00700938	0.00712445	0.00723233	0.00733292	0.00742611	0.00751181	0.00758994	0.00766041	0.00772316	0.00777813	0.00782526	0.0078645	0.00789582	0.00791919	0.00793458	0.00794198	0.00794138	0.00793278	0.0079162	0.00789166	0.00785916	0.00781876	0.0077705	0.00771441	0.00765057	0.00757903	0.00749987	0.00741317	0.00731901	0.0072175	0.00710874	0.00699283	0.0068699	0.00674007	0.00660347	0.00646024	0.00631053	0.00615448	0.00599226	0.00582403	0.00564997	0.00547024	0.00528502	0.00509452	0.00489892	0.00469841	0.00449321	0.00428352	0.00406955	0.00385152	0.00362965	0.00340416	0.00317528	0.00294324	0.00270829	0.00247064	0.00223055	0.00198825	0.001744	0.00149802	0.00125058	0.00100191	0.000752275	0.00050191	0.000251069	0	
0	0.000260233	0.000520172	0.000779553	0.00103811	0.00129558	0.00155171	0.00180623	0.00205889	0.00230944	0.00255761	0.00280317	0.00304586	0.00328545	0.00352168	0.00375433	0.00398316	0.00420793	0.00442844	0.00464445	0.00485575	0.00506212	0.00526337	0.00545929	0.00564968	0.00583435	0.00601312	0.00618581	0.00635225	0.00651226	0.0066657	0.0068124	0.00695223	0.00708503	0.00721068	0.00732906	0.00744004	0.00754352	0.00763938	0.00772754	0.00780791	0.00788041	0.00794497	0.00800151	0.00804999	0.00809036	0.00812259	0.00814662	0.00816246	0.00817007	0.00816945	0.00816061	0.00814356	0.0081183	0.00808488	0.00804332	0.00799367	0.00793597	0.00787029	0.0077967	0.00771527	0.00762608	0.00752922	0.00742479	0.0073129	0.00719367	0.00706721	0.00693365	0.00679313	0.00664578	0.00649177	0.00633124	0.00616436	0.0059913	0.00581224	0.00562734	0.00543681	0.00524084	0.00503962	0.00483336	0.00462226	0.00440655	0.00418643	0.00396214	0.00373389	0.00350193	0.00326648	0.00302778	0.00278607	0.0025416	0.00229462	0.00204536	0.00179409	0.00154105	0.0012865	0.00103069	0.000773882	0.000516326	0.00025828	0	
0	0.000267234	0.000534167	0.000800526	0.00106604	0.00133044	0.00159346	0.00185483	0.00211429	0.00237157	0.00262643	0.00287859	0.00312781	0.00337384	0.00361643	0.00385534	0.00409032	0.00432115	0.00454759	0.00476941	0.0049864	0.00519833	0.00540499	0.00560618	0.00580169	0.00599133	0.00617491	0.00635225	0.00652316	0.00668748	0.00684505	0.0069957	0.00713929	0.00727566	0.0074047	0.00752626	0.00764023	0.00774649	0.00784493	0.00793547	0.008018	0.00809245	0.00815874	0.00821681	0.00826659	0.00830805	0.00834114	0.00836582	0.00838208	0.0083899	0.00838927	0.00838019	0.00836268	0.00833674	0.00830242	0.00825974	0.00820875	0.00814951	0.00808206	0.00800649	0.00792286	0.00783127	0.00773181	0.00762457	0.00750968	0.00738723	0.00725737	0.00712022	0.00697591	0.00682461	0.00666645	0.0065016	0.00633023	0.00615252	0.00596863	0.00577877	0.00558311	0.00538186	0.00517523	0.00496342	0.00474664	0.00452512	0.00429908	0.00406875	0.00383437	0.00359616	0.00335437	0.00310925	0.00286104	0.00260999	0.00235636	0.0021004	0.00184237	0.00158252	0.00132112	0.00105843	0.000794707	0.000530221	0.000265231	0	
0	0.000273966	0.000547622	0.000820691	0.00109289	0.00136395	0.0016336	0.00190155	0.00216755	0.00243131	0.00269259	0.0029511	0.0032066	0.00345883	0.00370753	0.00395246	0.00419336	0.00443	0.00466214	0.00488955	0.005112	0.00532927	0.00554114	0.0057474	0.00594783	0.00614225	0.00633046	0.00651226	0.00668748	0.00685594	0.00701748	0.00717193	0.00731913	0.00745894	0.00759123	0.00771585	0.00783269	0.00794163	0.00804255	0.00813537	0.00821998	0.0082963	0.00836427	0.0084238	0.00847484	0.00851734	0.00855126	0.00857657	0.00859324	0.00860125	0.00860061	0.0085913	0.00857334	0.00854676	0.00851157	0.00846782	0.00841555	0.00835481	0.00828566	0.00820819	0.00812246	0.00802856	0.00792659	0.00781665	0.00769886	0.00757333	0.0074402	0.00729959	0.00715165	0.00699653	0.00683439	0.00666539	0.00648971	0.00630751	0.006119	0.00592435	0.00572376	0.00551744	0.0053056	0.00508846	0.00486622	0.00463912	0.00440739	0.00417126	0.00393097	0.00368676	0.00343888	0.00318758	0.00293312	0.00267575	0.00241573	0.00215332	0.00188878	0.00162239	0.0013544	0.00108509	0.000814729	0.000543579	0.000271913	0	
0	0.00028042	0.000560524	0.000840026	0.00111864	0.00139609	0.00167209	0.00194635	0.00221861	0.0024886	0.00275602	0.00302063	0.00328215	0.00354032	0.00379488	0.00404558	0.00429216	0.00453438	0.00477199	0.00500476	0.00523245	0.00545484	0.0056717	0.00588281	0.00608797	0.00628697	0.00647961	0.0066657	0.00684505	0.00701748	0.00718282	0.00734091	0.00749158	0.00763469	0.00777009	0.00789765	0.00801724	0.00812875	0.00823205	0.00832705	0.00841366	0.00849178	0.00856134	0.00862228	0.00867452	0.00871803	0.00875275	0.00877865	0.00879571	0.00880392	0.00880325	0.00879373	0.00877535	0.00874814	0.00871212	0.00866734	0.00861384	0.00855167	0.00848089	0.00840159	0.00831384	0.00821773	0.00811336	0.00800083	0.00788027	0.00775178	0.00761551	0.00747159	0.00732016	0.00716139	0.00699543	0.00682245	0.00664262	0.00645614	0.00626318	0.00606394	0.00585863	0.00564745	0.00543062	0.00520836	0.00498089	0.00474843	0.00451124	0.00426955	0.00402359	0.00377363	0.00351991	0.00326269	0.00300224	0.0027388	0.00247265	0.00220406	0.00193329	0.00166062	0.00138632	0.00111066	0.000833927	0.000556388	0.00027832	0	
0	0.000286591	0.00057286	0.000858513	0.00114326	0.00142681	0.00170888	0.00198919	0.00226744	0.00254336	0.00281668	0.00308711	0.00335438	0.00361824	0.0038784	0.00413461	0.00438662	0.00463417	0.00487701	0.0051149	0.00534761	0.00557489	0.00579652	0.00601228	0.00622196	0.00642534	0.00662222	0.0068124	0.0069957	0.00717193	0.00734091	0.00750247	0.00765646	0.00780272	0.0079411	0.00807147	0.00819369	0.00830765	0.00841323	0.00851032	0.00859884	0.00867868	0.00874977	0.00881205	0.00886544	0.00890991	0.00894539	0.00897186	0.0089893	0.00899769	0.00899701	0.00898727	0.00896849	0.00894068	0.00890387	0.00885811	0.00880342	0.00873989	0.00866756	0.00858651	0.00849683	0.0083986	0.00829193	0.00817693	0.00805371	0.0079224	0.00778313	0.00763604	0.00748128	0.00731901	0.0071494	0.00697261	0.00678883	0.00659824	0.00640103	0.00619741	0.00598758	0.00577176	0.00555015	0.005323	0.00509052	0.00485295	0.00461054	0.00436352	0.00411216	0.00385669	0.00359739	0.00333451	0.00306832	0.00279908	0.00252708	0.00225257	0.00197584	0.00169717	0.00141683	0.00113511	0.000852284	0.000568635	0.000284447	0	
0	0.000292473	0.000584617	0.000876133	0.00116672	0.0014561	0.00174396	0.00203001	0.00231398	0.00259556	0.00287449	0.00315047	0.00342323	0.0036925	0.003958	0.00421947	0.00447665	0.00472928	0.00497711	0.00521988	0.00545736	0.00568931	0.00591549	0.00613568	0.00634966	0.00655722	0.00675814	0.00695223	0.00713929	0.00731913	0.00749158	0.00765646	0.00781361	0.00796287	0.00810409	0.00823714	0.00836187	0.00847817	0.00858591	0.008685	0.00877533	0.00885681	0.00892937	0.00899292	0.00904741	0.00909279	0.009129	0.00915602	0.00917381	0.00918237	0.00918168	0.00917175	0.00915258	0.0091242	0.00908663	0.00903993	0.00898412	0.00891928	0.00884547	0.00876276	0.00867124	0.00857099	0.00846214	0.00834477	0.00821902	0.00808502	0.00794289	0.00779278	0.00763485	0.00746925	0.00729615	0.00711574	0.00692818	0.00673368	0.00653243	0.00632463	0.00611049	0.00589023	0.00566408	0.00543226	0.00519501	0.00495257	0.00470518	0.00445309	0.00419657	0.00393586	0.00367124	0.00340296	0.0031313	0.00285654	0.00257895	0.00229881	0.0020164	0.00173201	0.00144592	0.00115841	0.000869779	0.000580308	0.000290286	0	
0	0.00029806	0.000595784	0.000892868	0.00118901	0.00148391	0.00177727	0.00206879	0.00235818	0.00264514	0.0029294	0.00321065	0.00348862	0.00376303	0.00403361	0.00430007	0.00456217	0.00481962	0.00507218	0.00531959	0.00556161	0.00579799	0.00602849	0.00625289	0.00647096	0.00668248	0.00688724	0.00708503	0.00727566	0.00745894	0.00763469	0.00780272	0.00796287	0.00811498	0.00825891	0.00839449	0.00852161	0.00864013	0.00874993	0.00885091	0.00894297	0.009026	0.00909994	0.00916471	0.00922025	0.00926649	0.00930339	0.00933093	0.00934906	0.00935778	0.00935708	0.00934696	0.00932742	0.0092985	0.00926022	0.00921262	0.00915575	0.00908967	0.00901445	0.00893016	0.00883689	0.00873473	0.0086238	0.00850419	0.00837604	0.00823947	0.00809463	0.00794165	0.0077807	0.00761194	0.00743554	0.00725168	0.00706054	0.00686232	0.00665722	0.00644545	0.00622723	0.00600276	0.00577229	0.00553604	0.00529426	0.00504719	0.00479507	0.00453817	0.00427674	0.00401106	0.00374137	0.00346797	0.00319113	0.00291112	0.00262822	0.00234273	0.00205493	0.0017651	0.00147354	0.00118054	0.000886397	0.000591395	0.000295832	0	
0	0.000303346	0.000606349	0.000908702	0.0012101	0.00151023	0.00180879	0.00210548	0.0024	0.00269205	0.00298135	0.00326759	0.00355049	0.00382977	0.00410514	0.00437633	0.00464307	0.0049051	0.00516214	0.00541394	0.00566024	0.00590082	0.00613541	0.00636378	0.00658572	0.00680099	0.00700938	0.00721068	0.0074047	0.00759123	0.00777009	0.0079411	0.00810409	0.00825891	0.00840538	0.00854337	0.00867274	0.00879336	0.00890512	0.00900789	0.00910157	0.00918609	0.00926134	0.00932725	0.00938377	0.00943083	0.0094684	0.00949642	0.00951488	0.00952375	0.00952304	0.00951273	0.00949285	0.00946342	0.00942446	0.00937602	0.00931814	0.00925089	0.00917433	0.00908855	0.00899362	0.00888965	0.00877675	0.00865502	0.0085246	0.00838561	0.0082382	0.00808251	0.00791871	0.00774695	0.00756742	0.0073803	0.00718577	0.00698404	0.0067753	0.00655978	0.00633768	0.00610923	0.00587467	0.00563424	0.00538816	0.00513671	0.00488012	0.00461866	0.0043526	0.0040822	0.00380774	0.00352949	0.00324773	0.00296275	0.00267484	0.00238429	0.00209138	0.00179641	0.00149968	0.00120148	0.00090212	0.000601886	0.00030108	0	
0	0.000308325	0.000616303	0.000923619	0.00122996	0.00153502	0.00183848	0.00214004	0.0024394	0.00273625	0.00303029	0.00332123	0.00360877	0.00389264	0.00417253	0.00444818	0.0047193	0.00498562	0.00524688	0.00550281	0.00575317	0.00599769	0.00623613	0.00646826	0.00669383	0.00691264	0.00712445	0.00732906	0.00752626	0.00771585	0.00789765	0.00807147	0.00823714	0.00839449	0.00854337	0.00868363	0.00881512	0.00893773	0.00905131	0.00915577	0.009251	0.0093369	0.00941338	0.00948038	0.00953783	0.00958566	0.00962384	0.00965233	0.00967109	0.00968011	0.00967938	0.00966891	0.0096487	0.00961879	0.00957919	0.00952995	0.00947112	0.00940277	0.00932495	0.00923776	0.00914128	0.0090356	0.00892085	0.00879712	0.00866456	0.00852329	0.00837345	0.00821521	0.00804872	0.00787414	0.00769167	0.00750147	0.00730375	0.0070987	0.00688654	0.00666748	0.00644173	0.00620954	0.00597113	0.00572674	0.00547663	0.00522105	0.00496025	0.0046945	0.00442407	0.00414923	0.00387026	0.00358744	0.00330106	0.0030114	0.00271876	0.00242343	0.00212572	0.00182591	0.0015243	0.00122121	0.000916932	0.000611768	0.000306023	0	
0	0.000312994	0.000625634	0.000937604	0.00124858	0.00155826	0.00186632	0.00217244	0.00247633	0.00277768	0.00307617	0.00337152	0.00366342	0.00395158	0.00423571	0.00451553	0.00479076	0.00506111	0.00532633	0.00558614	0.00584028	0.0060885	0.00633056	0.0065662	0.0067952	0.00701731	0.00723233	0.00744004	0.00764023	0.00783269	0.00801724	0.00819369	0.00836187	0.00852161	0.00867274	0.00881512	0.00894861	0.00907307	0.00918838	0.00929442	0.00939108	0.00947829	0.00955593	0.00962395	0.00968226	0.00973082	0.00976958	0.00979849	0.00981754	0.0098267	0.00982596	0.00981533	0.00979482	0.00976445	0.00972425	0.00967427	0.00961455	0.00954516	0.00946617	0.00937765	0.00927971	0.00917244	0.00905594	0.00893034	0.00879577	0.00865236	0.00850026	0.00833962	0.00817061	0.00799339	0.00780815	0.00761507	0.00741436	0.00720621	0.00699083	0.00676845	0.00653929	0.00630358	0.00606156	0.00581347	0.00555957	0.00530012	0.00503537	0.00476559	0.00449107	0.00421207	0.00392887	0.00364177	0.00335105	0.00305701	0.00275994	0.00246014	0.00215791	0.00185356	0.00154739	0.00123971	0.00093082	0.000621034	0.000310658	0	
