0	0	0	0	0	0	0	0	0	0	0	0	0	0	0	0	0	0	0	0	0	0	0	0	0	0	0	0	0	0	0	0	0	0	0	0	0	0	0	0	0	0	0	0	0	0	0	0	0	0	0	0	0	0	0	0	0	0	0	0	0	0	0	0	0	0	0	0	0	0	0	0	0	0	0	0	0	0	0	0	0	0	0	0	0	0	0	0	0	0	0	0	0	0	0	0	0	0	0	0	
0	9.35122e-06	1.86916e-05	2.80117e-05	3.73018e-05	4.65527e-05	5.5755e-05	6.48993e-05	7.39764e-05	8.29773e-05	9.18927e-05	0.000100714	0.000109432	0.000118038	0.000126523	0.00013488	0.000143099	0.000151172	0.000159092	0.000166849	0.000174438	0.000181849	0.000189077	0.000196112	0.000202949	0.00020958	0.000215999	0.0002222	0.000228176	0.000233921	0.00023943	0.000244696	0.000249716	0.000254483	0.000258994	0.000263243	0.000267226	0.000270939	0.00027438	0.000277543	0.000280426	0.000283027	0.000285343	0.00028737	0.000289109	0.000290555	0.000291709	0.00029257	0.000293135	0.000293405	0.00029338	0.00029306	0.000292444	0.000291534	0.000290331	0.000288835	0.000287049	0.000284974	0.000282613	0.000279967	0.00027704	0.000273834	0.000270353	0.000266601	0.00026258	0.000258296	0.000253753	0.000248954	0.000243906	0.000238613	0.00023308	0.000227314	0.00022132	0.000215104	0.000208673	0.000202032	0.000195189	0.000188151	0.000180925	0.000173518	0.000165937	0.000158191	0.000150287	0.000142233	0.000134038	0.000125709	0.000117255	0.000108685	0.000100007	9.12304e-05	8.23636e-05	7.34156e-05	6.43955e-05	5.53123e-05	4.61751e-05	3.69931e-05	2.77754e-05	1.85312e-05	9.26968e-06	0	
0	1.86916e-05	3.73616e-05	5.59909e-05	7.45606e-05	9.30518e-05	0.000111446	0.000129724	0.000147868	0.000165859	0.00018368	0.000201312	0.000218738	0.00023594	0.000252901	0.000269604	0.000286033	0.00030217	0.000318	0.000333507	0.000348676	0.00036349	0.000377936	0.000391999	0.000405665	0.00041892	0.000431751	0.000444145	0.00045609	0.000467574	0.000478585	0.000489112	0.000499146	0.000508675	0.00051769	0.000526183	0.000534145	0.000541568	0.000548445	0.000554768	0.000560532	0.00056573	0.000570359	0.000574412	0.000577886	0.000580778	0.000583085	0.000584804	0.000585935	0.000586475	0.000586425	0.000585784	0.000584553	0.000582734	0.000580329	0.00057734	0.00057377	0.000569622	0.000564902	0.000559614	0.000553763	0.000547355	0.000540398	0.000532897	0.000524861	0.000516297	0.000507215	0.000497624	0.000487533	0.000476953	0.000465895	0.000454369	0.000442387	0.000429962	0.000417107	0.000403833	0.000390156	0.000376087	0.000361643	0.000346837	0.000331685	0.000316201	0.000300402	0.000284304	0.000267922	0.000251274	0.000234376	0.000217246	0.0001999	0.000182357	0.000164633	0.000146748	0.000128718	0.000110562	9.22978e-05	7.39443e-05	5.55193e-05	3.70414e-05	1.85289e-05	0	
0	2.80117e-05	5.59909e-05	8.39093e-05	0.000111738	0.00013945	0.000167015	0.000194407	0.000221598	0.00024856	0.000275267	0.000301691	0.000327806	0.000353586	0.000379004	0.000404036	0.000428657	0.000452841	0.000476564	0.000499803	0.000522535	0.000544737	0.000566386	0.000587461	0.000607941	0.000627805	0.000647034	0.000665609	0.00068351	0.000700719	0.000717221	0.000732998	0.000748034	0.000762315	0.000775826	0.000788554	0.000800486	0.00081161	0.000821916	0.000831392	0.00084003	0.000847821	0.000854757	0.000860831	0.000866038	0.000870372	0.000873829	0.000876406	0.0008781	0.000878909	0.000878834	0.000877874	0.00087603	0.000873304	0.000869699	0.000865219	0.000859869	0.000853654	0.00084658	0.000838655	0.000829887	0.000820284	0.000809857	0.000798616	0.000786573	0.000773739	0.000760129	0.000745755	0.000730633	0.000714777	0.000698205	0.000680932	0.000662976	0.000644356	0.00062509	0.000605198	0.0005847	0.000563617	0.00054197	0.000519782	0.000497074	0.00047387	0.000450193	0.000426067	0.000401518	0.000376568	0.000351245	0.000325573	0.000299578	0.000273287	0.000246726	0.000219922	0.000192901	0.000165692	0.000138321	0.000110816	8.32035e-05	5.55118e-05	2.77681e-05	0	
0	3.73018e-05	7.45606e-05	0.000111738	0.000148797	0.000185699	0.000222407	0.000258884	0.000295093	0.000330997	0.000366561	0.000401749	0.000436526	0.000470856	0.000504704	0.000538039	0.000570825	0.00060303	0.000634621	0.000665568	0.000695839	0.000725405	0.000754234	0.000782299	0.000809571	0.000836024	0.00086163	0.000886365	0.000910203	0.000933121	0.000955096	0.000976105	0.000996129	0.00101515	0.00103314	0.00105009	0.00106598	0.00108079	0.00109451	0.00110713	0.00111864	0.00112901	0.00113825	0.00114634	0.00115327	0.00115904	0.00116365	0.00116708	0.00116933	0.00117041	0.00117031	0.00116903	0.00116658	0.00116295	0.00115815	0.00115218	0.00114506	0.00113678	0.00112736	0.00111681	0.00110513	0.00109234	0.00107846	0.00106349	0.00104745	0.00103036	0.00101224	0.000993095	0.000972958	0.000951843	0.000929774	0.000906773	0.000882862	0.000858066	0.00083241	0.000805921	0.000778624	0.000750549	0.000721723	0.000692175	0.000661936	0.000631036	0.000599507	0.00056738	0.000534687	0.000501463	0.000467741	0.000433554	0.000398938	0.000363927	0.000328557	0.000292863	0.000256881	0.000220647	0.000184198	0.00014757	0.0001108	7.39234e-05	3.6978e-05	0	
0	4.65527e-05	9.30518e-05	0.00013945	0.000185699	0.000231753	0.000277565	0.000323088	0.000368277	0.000413086	0.00045747	0.000501385	0.000544786	0.00058763	0.000629874	0.000671475	0.000712393	0.000752585	0.000792012	0.000830634	0.000868412	0.00090531	0.000941289	0.000976315	0.00101035	0.00104336	0.00107532	0.00110619	0.00113594	0.00116454	0.00119197	0.00121819	0.00124318	0.00126691	0.00128937	0.00131052	0.00133035	0.00134884	0.00136596	0.00138171	0.00139607	0.00140902	0.00142054	0.00143064	0.00143929	0.00144649	0.00145224	0.00145652	0.00145934	0.00146068	0.00146056	0.00145896	0.0014559	0.00145137	0.00144538	0.00143793	0.00142904	0.00141871	0.00140696	0.00139379	0.00137921	0.00136325	0.00134593	0.00132724	0.00130723	0.0012859	0.00126328	0.00123939	0.00121426	0.00118791	0.00116037	0.00113166	0.00110182	0.00107088	0.00103886	0.0010058	0.000971732	0.000936694	0.000900718	0.000863843	0.000826104	0.000787541	0.000748192	0.000708097	0.000667297	0.000625833	0.000583747	0.000541082	0.00049788	0.000454186	0.000410044	0.000365497	0.000320591	0.000275371	0.000229882	0.00018417	0.00013828	9.22577e-05	4.61492e-05	0	
0	5.5755e-05	0.000111446	0.000167015	0.000222407	0.000277565	0.000332432	0.000386955	0.000441077	0.000494744	0.000547902	0.000600498	0.000652478	0.000703792	0.000754386	0.000804211	0.000853217	0.000901355	0.000948575	0.000994832	0.00104008	0.00108427	0.00112736	0.00116931	0.00121008	0.00124962	0.00128789	0.00132486	0.00136049	0.00139475	0.00142759	0.001459	0.00148893	0.00151735	0.00154425	0.00156958	0.00159333	0.00161547	0.00163599	0.00165485	0.00167204	0.00168755	0.00170136	0.00171345	0.00172381	0.00173244	0.00173932	0.00174445	0.00174782	0.00174943	0.00174928	0.00174737	0.0017437	0.00173828	0.0017311	0.00172219	0.00171154	0.00169917	0.00168509	0.00166931	0.00165186	0.00163274	0.00161199	0.00158962	0.00156564	0.0015401	0.00151301	0.0014844	0.0014543	0.00142274	0.00138975	0.00135537	0.00131963	0.00128257	0.00124422	0.00120463	0.00116383	0.00112186	0.00107878	0.00103461	0.000989411	0.000943225	0.000896097	0.000848076	0.000799211	0.00074955	0.000699145	0.000648045	0.000596304	0.000543972	0.000491103	0.000437751	0.000383967	0.000329808	0.000275327	0.000220578	0.000165616	0.000110496	5.52724e-05	0	
0	6.48993e-05	0.000129724	0.000194407	0.000258884	0.000323088	0.000386955	0.000450419	0.000513418	0.000575887	0.000637764	0.000698986	0.000759493	0.000819222	0.000878115	0.000936112	0.000993156	0.00104919	0.00110415	0.001158	0.00121067	0.00126211	0.00131227	0.0013611	0.00140855	0.00145457	0.00149912	0.00154216	0.00158363	0.00162351	0.00166174	0.0016983	0.00173313	0.00176622	0.00179753	0.00182702	0.00185466	0.00188044	0.00190431	0.00192627	0.00194628	0.00196433	0.0019804	0.00199448	0.00200654	0.00201659	0.0020246	0.00203057	0.00203449	0.00203637	0.00203619	0.00203397	0.0020297	0.00202338	0.00201503	0.00200465	0.00199226	0.00197786	0.00196147	0.0019431	0.00192279	0.00190054	0.00187638	0.00185034	0.00182244	0.0017927	0.00176117	0.00172787	0.00169283	0.00165609	0.0016177	0.00157768	0.00153607	0.00149293	0.00144829	0.00140221	0.00135471	0.00130587	0.00125571	0.0012043	0.00115169	0.00109793	0.00104307	0.000987176	0.000930296	0.00087249	0.000813818	0.000754337	0.000694109	0.000633194	0.000571654	0.00050955	0.000446946	0.000383903	0.000320486	0.000256757	0.000192781	0.00012862	6.43383e-05	0	
0	7.39764e-05	0.000147868	0.000221598	0.000295093	0.000368277	0.000441077	0.000513418	0.000585228	0.000656435	0.000726967	0.000796752	0.000865721	0.000933805	0.00100094	0.00106704	0.00113207	0.00119594	0.00125859	0.00131997	0.00138	0.00143864	0.00149581	0.00155147	0.00160556	0.00165802	0.0017088	0.00175786	0.00180514	0.00185059	0.00189417	0.00193584	0.00197555	0.00201326	0.00204895	0.00208256	0.00211407	0.00214345	0.00217067	0.0021957	0.00221851	0.00223909	0.00225741	0.00227345	0.0022872	0.00229865	0.00230778	0.00231458	0.00231906	0.0023212	0.002321	0.00231846	0.00231359	0.00230639	0.00229688	0.00228504	0.00227092	0.0022545	0.00223582	0.00221489	0.00219173	0.00216637	0.00213884	0.00210915	0.00207734	0.00204345	0.00200751	0.00196955	0.00192961	0.00188773	0.00184397	0.00179835	0.00175093	0.00170175	0.00165087	0.00159834	0.0015442	0.00148852	0.00143135	0.00137275	0.00131278	0.0012515	0.00118897	0.00112526	0.00106042	0.00099453	0.00092765	0.00085985	0.000791198	0.000721763	0.000651615	0.000580824	0.000509463	0.000437603	0.000365315	0.000292672	0.000219746	0.000146611	7.33378e-05	0	
0	8.29773e-05	0.000165859	0.00024856	0.000330997	0.000413086	0.000494744	0.000575887	0.000656435	0.000736306	0.000815419	0.000893696	0.000971057	0.00104743	0.00112272	0.00119688	0.00126981	0.00134145	0.00141173	0.00148057	0.00154791	0.00161368	0.00167782	0.00174025	0.00180092	0.00185976	0.00191673	0.00197175	0.00202478	0.00207576	0.00212465	0.00217138	0.00221593	0.00225823	0.00229826	0.00233596	0.00237131	0.00240426	0.00243479	0.00246286	0.00248845	0.00251153	0.00253208	0.00255008	0.0025655	0.00257834	0.00258858	0.00259622	0.00260124	0.00260363	0.00260341	0.00260057	0.00259511	0.00258703	0.00257635	0.00256308	0.00254724	0.00252882	0.00250787	0.00248439	0.00245842	0.00242997	0.00239909	0.00236579	0.00233011	0.00229209	0.00225178	0.0022092	0.0021644	0.00211743	0.00206834	0.00201717	0.00196398	0.00190882	0.00185175	0.00179282	0.0017321	0.00166965	0.00160552	0.00153979	0.00147252	0.00140378	0.00133365	0.00126218	0.00118945	0.00111554	0.00104053	0.000964477	0.000887472	0.000809588	0.000730904	0.0006515	0.000571456	0.000490851	0.000409767	0.000328285	0.000246486	0.000164451	8.22619e-05	0	
0	9.18927e-05	0.00018368	0.000275267	0.000366561	0.00045747	0.000547902	0.000637764	0.000726967	0.000815419	0.000903034	0.000989721	0.00107539	0.00115997	0.00124336	0.00132548	0.00140625	0.00148559	0.00156342	0.00163966	0.00171423	0.00178707	0.00185809	0.00192723	0.00199442	0.00205959	0.00212268	0.00218361	0.00224234	0.0022988	0.00235294	0.0024047	0.00245403	0.00250088	0.0025452	0.00258696	0.0026261	0.0026626	0.00269641	0.0027275	0.00275584	0.0027814	0.00280415	0.00282408	0.00284116	0.00285538	0.00286673	0.00287518	0.00288074	0.0028834	0.00288315	0.00288	0.00287395	0.00286501	0.00285318	0.00283849	0.00282094	0.00280055	0.00277734	0.00275134	0.00272258	0.00269108	0.00265687	0.00261999	0.00258048	0.00253838	0.00249373	0.00244658	0.00239697	0.00234495	0.00229058	0.00223392	0.00217501	0.00211393	0.00205072	0.00198546	0.00191822	0.00184905	0.00177804	0.00170525	0.00163075	0.00155463	0.00147695	0.0013978	0.00131726	0.00123541	0.00115234	0.00106811	0.000982834	0.000896581	0.000809443	0.000721507	0.000632861	0.000543595	0.000453799	0.000363561	0.000272972	0.000182122	9.11014e-05	0	
0	0.000100714	0.000201312	0.000301691	0.000401749	0.000501385	0.000600498	0.000698986	0.000796752	0.000893696	0.000989721	0.00108473	0.00117863	0.00127132	0.00136272	0.00145272	0.00154125	0.0016282	0.0017135	0.00179706	0.0018788	0.00195862	0.00203647	0.00211224	0.00218588	0.00225731	0.00232645	0.00239323	0.0024576	0.00251948	0.00257881	0.00263554	0.00268961	0.00274096	0.00278954	0.0028353	0.00287821	0.00291821	0.00295526	0.00298934	0.00302039	0.00304841	0.00307335	0.00309519	0.00311391	0.0031295	0.00314193	0.00315119	0.00315729	0.0031602	0.00315993	0.00315648	0.00314985	0.00314005	0.00312709	0.00311098	0.00309175	0.0030694	0.00304397	0.00301547	0.00298395	0.00294942	0.00291193	0.00287151	0.00282821	0.00278207	0.00273313	0.00268145	0.00262708	0.00257007	0.00251048	0.00244838	0.00238381	0.00231686	0.00224759	0.00217607	0.00210237	0.00202656	0.00194873	0.00186895	0.0017873	0.00170387	0.00161874	0.00153199	0.00144372	0.00135402	0.00126296	0.00117066	0.00107719	0.000982655	0.000887152	0.000790774	0.000693618	0.000595783	0.000497365	0.000398464	0.000299178	0.000199607	9.98476e-05	0	
0	0.000109432	0.000218738	0.000327806	0.000436526	0.000544786	0.000652478	0.000759493	0.000865721	0.000971057	0.00107539	0.00117863	0.00128065	0.00138137	0.00148068	0.00157847	0.00167466	0.00176915	0.00186183	0.00195262	0.00204143	0.00212817	0.00221275	0.00229509	0.0023751	0.00245271	0.00252784	0.00260041	0.00267034	0.00273758	0.00280205	0.00286369	0.00292244	0.00297823	0.00303102	0.00308074	0.00312736	0.00317082	0.00321109	0.00324811	0.00328186	0.0033123	0.0033394	0.00336313	0.00338347	0.00340041	0.00341391	0.00342398	0.0034306	0.00343377	0.00343347	0.00342972	0.00342252	0.00341187	0.00339779	0.00338029	0.00335939	0.00333511	0.00330747	0.00327651	0.00324226	0.00320474	0.00316401	0.00312009	0.00307304	0.0030229	0.00296973	0.00291358	0.0028545	0.00279255	0.00272781	0.00266033	0.00259018	0.00251743	0.00244216	0.00236445	0.00228437	0.002202	0.00211743	0.00203074	0.00194203	0.00185137	0.00175887	0.00166462	0.00156871	0.00147123	0.0013723	0.001272	0.00117044	0.00106772	0.000963953	0.000859231	0.000753665	0.00064736	0.000540423	0.00043296	0.000325079	0.000216887	0.000108492	0	
0	0.000118038	0.00023594	0.000353586	0.000470856	0.00058763	0.000703792	0.000819222	0.000933805	0.00104743	0.00115997	0.00127132	0.00138137	0.00149001	0.00159713	0.00170261	0.00180637	0.00190828	0.00200826	0.00210619	0.00220198	0.00229554	0.00238678	0.00247559	0.0025619	0.00264561	0.00272664	0.00280492	0.00288036	0.00295288	0.00302242	0.00308891	0.00315228	0.00321246	0.0032694	0.00332304	0.00337332	0.0034202	0.00346363	0.00350357	0.00353997	0.0035728	0.00360203	0.00362763	0.00364957	0.00366784	0.00368241	0.00369327	0.00370041	0.00370382	0.00370351	0.00369946	0.00369169	0.00368021	0.00366502	0.00364614	0.0036236	0.00359741	0.0035676	0.00353421	0.00349726	0.00345679	0.00341285	0.00336548	0.00331473	0.00326065	0.0032033	0.00314273	0.003079	0.00301218	0.00294235	0.00286956	0.00279389	0.00271542	0.00263424	0.00255041	0.00246403	0.00237519	0.00228397	0.00219046	0.00209477	0.00199698	0.00189721	0.00179554	0.00169208	0.00158694	0.00148023	0.00137204	0.0012625	0.0011517	0.00103977	0.000926811	0.000812942	0.000698276	0.000582928	0.000467013	0.000350647	0.000233946	0.000117025	0	
0	0.000126523	0.000252901	0.000379004	0.000504704	0.000629874	0.000754386	0.000878115	0.00100094	0.00112272	0.00124336	0.00136272	0.00148068	0.00159713	0.00171194	0.00182501	0.00193623	0.00204547	0.00215263	0.0022576	0.00236029	0.00246057	0.00255836	0.00265356	0.00274607	0.0028358	0.00292266	0.00300657	0.00308743	0.00316517	0.00323971	0.00331098	0.0033789	0.00344341	0.00350444	0.00356193	0.00361583	0.00366608	0.00371264	0.00375544	0.00379446	0.00382966	0.00386099	0.00388843	0.00391195	0.00393153	0.00394715	0.00395879	0.00396644	0.0039701	0.00396976	0.00396543	0.0039571	0.00394479	0.00392851	0.00390828	0.00388411	0.00385604	0.00382409	0.00378829	0.00374868	0.00370531	0.00365821	0.00360744	0.00355304	0.00349507	0.00343359	0.00336867	0.00330036	0.00322874	0.00315388	0.00307586	0.00299475	0.00291065	0.00282362	0.00273377	0.00264118	0.00254595	0.00244817	0.00234794	0.00224537	0.00214056	0.00203361	0.00192463	0.00181374	0.00170104	0.00158665	0.00147069	0.00135326	0.0012345	0.00111452	0.000993445	0.000871389	0.000748479	0.000624838	0.00050059	0.000375857	0.000250766	0.000125439	0	
0	0.00013488	0.000269604	0.000404036	0.000538039	0.000671475	0.000804211	0.000936112	0.00106704	0.00119688	0.00132548	0.00145272	0.00157847	0.00170261	0.00182501	0.00194555	0.00206411	0.00218057	0.00229481	0.00240672	0.00251618	0.00262309	0.00272734	0.00282883	0.00292745	0.00302311	0.00311571	0.00320515	0.00329135	0.00337423	0.00345369	0.00352967	0.00360207	0.00367084	0.00373591	0.0037972	0.00385466	0.00390823	0.00395786	0.00400349	0.00404509	0.00408261	0.00411601	0.00414526	0.00417034	0.00419121	0.00420786	0.00422027	0.00422843	0.00423233	0.00423197	0.00422735	0.00421847	0.00420535	0.00418799	0.00416642	0.00414066	0.00411073	0.00407667	0.00403851	0.00399629	0.00395005	0.00389984	0.00384571	0.00378772	0.00372593	0.00366039	0.00359117	0.00351835	0.00344201	0.0033622	0.00327903	0.00319256	0.0031029	0.00301013	0.00291434	0.00281564	0.00271411	0.00260988	0.00250303	0.00239368	0.00228195	0.00216793	0.00205176	0.00193354	0.0018134	0.00169145	0.00156783	0.00144265	0.00131605	0.00118814	0.00105907	0.000928948	0.00079792	0.000666112	0.000533656	0.000400685	0.00026733	0.000133724	0	
0	0.000143099	0.000286033	0.000428657	0.000570825	0.000712393	0.000853217	0.000993156	0.00113207	0.00126981	0.00140625	0.00154125	0.00167466	0.00180637	0.00193623	0.00206411	0.00218989	0.00231345	0.00243465	0.00255338	0.00266951	0.00278294	0.00289354	0.00300121	0.00310585	0.00320733	0.00330557	0.00340047	0.00349192	0.00357985	0.00366416	0.00374476	0.00382158	0.00389454	0.00396357	0.0040286	0.00408956	0.0041464	0.00419905	0.00424746	0.00429159	0.0043314	0.00436684	0.00439787	0.00442448	0.00444662	0.00446428	0.00447745	0.00448611	0.00449025	0.00448986	0.00448496	0.00447554	0.00446162	0.00444321	0.00442032	0.00439299	0.00436124	0.0043251	0.00428462	0.00423982	0.00419077	0.0041375	0.00408007	0.00401855	0.00395299	0.00388345	0.00381002	0.00373277	0.00365176	0.0035671	0.00347885	0.00338712	0.003292	0.00319357	0.00309195	0.00298723	0.00287952	0.00276893	0.00265557	0.00253956	0.00242101	0.00230005	0.0021768	0.00205137	0.00192391	0.00179453	0.00166338	0.00153057	0.00139625	0.00126055	0.00112361	0.000985562	0.000846548	0.000706707	0.000566179	0.000425104	0.000283622	0.000141874	0	
0	0.000151172	0.00030217	0.000452841	0.00060303	0.000752585	0.000901355	0.00104919	0.00119594	0.00134145	0.00148559	0.0016282	0.00176915	0.00190828	0.00204547	0.00218057	0.00231345	0.00244397	0.00257201	0.00269744	0.00282013	0.00293995	0.0030568	0.00317054	0.00328108	0.00338829	0.00349207	0.00359232	0.00368894	0.00378183	0.00387089	0.00395604	0.0040372	0.00411428	0.0041872	0.0042559	0.0043203	0.00438034	0.00443596	0.00448711	0.00453373	0.00457578	0.00461322	0.00464601	0.00467411	0.00469751	0.00471617	0.00473008	0.00473922	0.0047436	0.00474319	0.00473801	0.00472806	0.00471335	0.0046939	0.00466973	0.00464085	0.00460731	0.00456914	0.00452637	0.00447905	0.00442722	0.00437095	0.00431028	0.00424528	0.00417602	0.00410257	0.00402499	0.00394338	0.00385781	0.00376836	0.00367514	0.00357823	0.00347774	0.00337376	0.0032664	0.00315577	0.00304199	0.00292516	0.00280541	0.00268285	0.00255761	0.00242983	0.00229962	0.00216712	0.00203246	0.00189579	0.00175723	0.00161693	0.00147503	0.00133168	0.00118701	0.00104117	0.000894315	0.000746584	0.000598126	0.000449091	0.000299626	0.00014988	0	
0	0.000159092	0.000318	0.000476564	0.000634621	0.000792012	0.000948575	0.00110415	0.00125859	0.00141173	0.00156342	0.0017135	0.00186183	0.00200826	0.00215263	0.00229481	0.00243465	0.00257201	0.00270676	0.00283876	0.00296787	0.00309398	0.00321695	0.00333665	0.00345298	0.00356581	0.00367503	0.00378053	0.00388221	0.00397996	0.00407369	0.0041633	0.00424871	0.00432983	0.00440657	0.00447887	0.00454664	0.00460983	0.00466837	0.0047222	0.00477126	0.00481552	0.00485491	0.00488942	0.004919	0.00494362	0.00496326	0.00497789	0.00498752	0.00499212	0.0049917	0.00498625	0.00497578	0.0049603	0.00493983	0.00491438	0.004884	0.0048487	0.00480852	0.00476351	0.00471371	0.00465917	0.00459995	0.00453611	0.00446771	0.00439482	0.00431751	0.00423587	0.00414998	0.00405993	0.0039658	0.00386769	0.00376571	0.00365995	0.00355052	0.00343754	0.00332112	0.00320137	0.00307842	0.00295239	0.00282341	0.00269162	0.00255714	0.0024201	0.00228066	0.00213895	0.00199512	0.0018493	0.00170165	0.00155232	0.00140145	0.0012492	0.00109572	0.000941172	0.000785701	0.000629465	0.000472621	0.000315325	0.000157733	0	
0	0.000166849	0.000333507	0.000499803	0.000665568	0.000830634	0.000994832	0.001158	0.00131997	0.00148057	0.00163966	0.00179706	0.00195262	0.00210619	0.0022576	0.00240672	0.00255338	0.00269744	0.00283876	0.00297719	0.00311261	0.00324486	0.00337382	0.00349937	0.00362137	0.0037397	0.00385425	0.00396489	0.00407153	0.00417405	0.00427235	0.00436634	0.00445591	0.00454098	0.00462147	0.00469729	0.00476837	0.00483464	0.00489603	0.00495248	0.00500394	0.00505036	0.00509168	0.00512786	0.00515888	0.0051847	0.0052053	0.00522065	0.00523075	0.00523558	0.00523513	0.00522941	0.00521843	0.0052022	0.00518073	0.00515405	0.00512218	0.00508516	0.00504303	0.00499582	0.00494359	0.00488639	0.00482428	0.00475733	0.00468559	0.00460914	0.00452807	0.00444245	0.00435237	0.00425792	0.00415921	0.00405632	0.00394936	0.00383844	0.00372368	0.00360519	0.00348308	0.0033575	0.00322855	0.00309638	0.00296111	0.00282289	0.00268185	0.00253813	0.00239189	0.00224327	0.00209242	0.00193949	0.00178464	0.00162802	0.0014698	0.00131013	0.00114916	0.000987074	0.00082402	0.000660165	0.000495672	0.000330704	0.000165426	0	
0	0.000174438	0.000348676	0.000522535	0.000695839	0.000868412	0.00104008	0.00121067	0.00138	0.00154791	0.00171423	0.0018788	0.00204143	0.00220198	0.00236029	0.00251618	0.00266951	0.00282013	0.00296787	0.00311261	0.00325418	0.00339245	0.00352728	0.00365853	0.00378608	0.00390979	0.00402955	0.00414523	0.00425672	0.0043639	0.00446667	0.00456493	0.00465858	0.00474752	0.00483167	0.00491094	0.00498526	0.00505454	0.00511872	0.00517775	0.00523154	0.00528007	0.00532327	0.0053611	0.00539353	0.00542053	0.00544206	0.00545811	0.00546867	0.00547371	0.00547325	0.00546727	0.00545579	0.00543882	0.00541638	0.00538848	0.00535516	0.00531646	0.00527241	0.00522306	0.00516845	0.00510865	0.00504372	0.00497371	0.00489871	0.00481879	0.00473403	0.00464452	0.00455034	0.0044516	0.00434839	0.00424082	0.004129	0.00401304	0.00389305	0.00376917	0.00364151	0.00351021	0.0033754	0.00323722	0.0030958	0.00295129	0.00280383	0.00265358	0.00250069	0.00234531	0.0021876	0.00202771	0.00186582	0.00170208	0.00153666	0.00136972	0.00120144	0.00103197	0.000861503	0.000690195	0.000518219	0.000345747	0.00017295	0	
0	0.000181849	0.00036349	0.000544737	0.000725405	0.00090531	0.00108427	0.00126211	0.00143864	0.00161368	0.00178707	0.00195862	0.00212817	0.00229554	0.00246057	0.00262309	0.00278294	0.00293995	0.00309398	0.00324486	0.00339245	0.00353659	0.00367715	0.00381398	0.00394695	0.00407592	0.00420077	0.00432136	0.00443759	0.00454933	0.00465647	0.0047589	0.00485653	0.00494925	0.00503697	0.00511961	0.00519708	0.00526931	0.00533622	0.00539775	0.00545384	0.00550442	0.00554946	0.0055889	0.00562271	0.00565085	0.0056733	0.00569004	0.00570104	0.0057063	0.00570581	0.00569958	0.00568762	0.00566992	0.00564653	0.00561745	0.00558271	0.00554237	0.00549644	0.00544499	0.00538807	0.00532573	0.00525803	0.00518506	0.00510687	0.00502355	0.00493519	0.00484187	0.0047437	0.00464076	0.00453316	0.00442102	0.00430445	0.00418356	0.00405848	0.00392933	0.00379625	0.00365937	0.00351883	0.00337478	0.00322735	0.0030767	0.00292298	0.00276634	0.00260695	0.00244497	0.00228056	0.00211388	0.00194511	0.00177441	0.00160196	0.00142793	0.00125249	0.00107583	0.000898112	0.000719524	0.00054024	0.000360439	0.0001803	0	
0	0.000189077	0.000377936	0.000566386	0.000754234	0.000941289	0.00112736	0.00131227	0.00149581	0.00167782	0.00185809	0.00203647	0.00221275	0.00238678	0.00255836	0.00272734	0.00289354	0.0030568	0.00321695	0.00337382	0.00352728	0.00367715	0.0038233	0.00396557	0.00410382	0.00423792	0.00436772	0.00449311	0.00461396	0.00473014	0.00484153	0.00494804	0.00504955	0.00514595	0.00523717	0.00532309	0.00540364	0.00547874	0.00554831	0.00561229	0.0056706	0.0057232	0.00577002	0.00581103	0.00584619	0.00587545	0.00589879	0.00591619	0.00592763	0.0059331	0.00593259	0.00592612	0.00591367	0.00589528	0.00587095	0.00584071	0.0058046	0.00576265	0.0057149	0.00566141	0.00560222	0.0055374	0.00546702	0.00539114	0.00530985	0.00522322	0.00513135	0.00503432	0.00493224	0.00482521	0.00471334	0.00459674	0.00447553	0.00434984	0.00421979	0.00408551	0.00394714	0.00380482	0.0036587	0.00350891	0.00335563	0.00319899	0.00303916	0.0028763	0.00271057	0.00254215	0.0023712	0.0021979	0.00202242	0.00184494	0.00166563	0.00148468	0.00130227	0.00111859	0.000933811	0.000748124	0.000561714	0.000374766	0.000187467	0	
0	0.000196112	0.000391999	0.000587461	0.000782299	0.000976315	0.00116931	0.0013611	0.00155147	0.00174025	0.00192723	0.00211224	0.00229509	0.00247559	0.00265356	0.00282883	0.00300121	0.00317054	0.00333665	0.00349937	0.00365853	0.00381398	0.00396557	0.00411313	0.00425653	0.00439562	0.00453025	0.00466031	0.00478565	0.00490615	0.0050217	0.00513217	0.00523745	0.00533745	0.00543205	0.00552117	0.00560472	0.00568262	0.00575478	0.00582113	0.00588162	0.00593617	0.00598474	0.00602727	0.00606374	0.00609409	0.0061183	0.00613634	0.00614821	0.00615389	0.00615336	0.00614664	0.00613374	0.00611466	0.00608942	0.00605806	0.00602061	0.0059771	0.00592757	0.00587209	0.0058107	0.00574347	0.00567046	0.00559176	0.00550744	0.00541759	0.0053223	0.00522166	0.00511579	0.00500477	0.00488874	0.0047678	0.00464208	0.00451171	0.00437682	0.00423755	0.00409403	0.00394641	0.00379485	0.00363949	0.0034805	0.00331803	0.00315226	0.00298334	0.00281144	0.00263676	0.00245945	0.00227969	0.00209768	0.00191359	0.00172762	0.00153993	0.00135074	0.00116022	0.000968563	0.000775966	0.000582619	0.000388714	0.000194443	0	
0	0.000202949	0.000405665	0.000607941	0.000809571	0.00101035	0.00121008	0.00140855	0.00160556	0.00180092	0.00199442	0.00218588	0.0023751	0.0025619	0.00274607	0.00292745	0.00310585	0.00328108	0.00345298	0.00362137	0.00378608	0.00394695	0.00410382	0.00425653	0.00440493	0.00454886	0.0046882	0.00482278	0.0049525	0.0050772	0.00519677	0.00531109	0.00542005	0.00552353	0.00562143	0.00571366	0.00580013	0.00588073	0.00595541	0.00602408	0.00608667	0.00614313	0.00619339	0.00623741	0.00627514	0.00630655	0.00633161	0.00635029	0.00636257	0.00636844	0.0063679	0.00636094	0.00634759	0.00632784	0.00630173	0.00626928	0.00623052	0.00618549	0.00613424	0.00607682	0.00601329	0.00594371	0.00586817	0.00578672	0.00569946	0.00560648	0.00550786	0.00540372	0.00529415	0.00517927	0.00505919	0.00493403	0.00480393	0.00466902	0.00452942	0.00438529	0.00423677	0.00408401	0.00392716	0.00376639	0.00360185	0.00343372	0.00326216	0.00308735	0.00290947	0.00272869	0.0025452	0.00235918	0.00217082	0.00198032	0.00178785	0.00159363	0.00139783	0.00120067	0.00100233	0.000803022	0.000602933	0.000402267	0.000201223	0	
0	0.00020958	0.00041892	0.000627805	0.000836024	0.00104336	0.00124962	0.00145457	0.00165802	0.00185976	0.00205959	0.00225731	0.00245271	0.00264561	0.0028358	0.00302311	0.00320733	0.00338829	0.00356581	0.0037397	0.00390979	0.00407592	0.00423792	0.00439562	0.00454886	0.0046975	0.00484139	0.00498038	0.00511433	0.00524311	0.00536659	0.00548464	0.00559716	0.00570402	0.00580512	0.00590037	0.00598966	0.0060729	0.00615002	0.00622093	0.00628557	0.00634387	0.00639577	0.00644123	0.0064802	0.00651264	0.00653851	0.0065578	0.00657048	0.00657654	0.00657598	0.0065688	0.00655501	0.00653462	0.00650766	0.00647414	0.00643411	0.00638761	0.00633469	0.00627539	0.00620979	0.00613794	0.00605993	0.00597582	0.00588571	0.00578969	0.00568785	0.0055803	0.00546715	0.00534852	0.00522451	0.00509527	0.00496092	0.00482159	0.00467744	0.0045286	0.00437522	0.00421747	0.0040555	0.00388947	0.00371956	0.00354593	0.00336877	0.00318825	0.00300455	0.00281786	0.00262837	0.00243628	0.00224176	0.00204503	0.00184628	0.00164571	0.00144352	0.00123991	0.00103509	0.000829264	0.000622637	0.000415413	0.000207799	0	
0	0.000215999	0.000431751	0.000647034	0.00086163	0.00107532	0.00128789	0.00149912	0.0017088	0.00191673	0.00212268	0.00232645	0.00252784	0.00272664	0.00292266	0.00311571	0.00330557	0.00349207	0.00367503	0.00385425	0.00402955	0.00420077	0.00436772	0.00453025	0.0046882	0.00484139	0.00498968	0.00513293	0.00527098	0.00540371	0.00553097	0.00565264	0.0057686	0.00587874	0.00598294	0.0060811	0.00617312	0.00625892	0.0063384	0.00641148	0.0064781	0.00653819	0.00659168	0.00663853	0.00667869	0.00671212	0.00673879	0.00675867	0.00677174	0.00677799	0.00677741	0.00677002	0.0067558	0.00673479	0.006707	0.00667246	0.0066312	0.00658328	0.00652873	0.00646762	0.00640001	0.00632596	0.00624555	0.00615887	0.006066	0.00596704	0.00586208	0.00575124	0.00563462	0.00551235	0.00538455	0.00525135	0.00511288	0.00496929	0.00482072	0.00466732	0.00450925	0.00434666	0.00417973	0.00400861	0.0038335	0.00365455	0.00347196	0.00328591	0.00309659	0.00290418	0.00270889	0.00251091	0.00231044	0.00210768	0.00190284	0.00169612	0.00148774	0.00127789	0.0010668	0.000854668	0.000641711	0.000428139	0.000214165	0	
0	0.0002222	0.000444145	0.000665609	0.000886365	0.00110619	0.00132486	0.00154216	0.00175786	0.00197175	0.00218361	0.00239323	0.00260041	0.00280492	0.00300657	0.00320515	0.00340047	0.00359232	0.00378053	0.00396489	0.00414523	0.00432136	0.00449311	0.00466031	0.00482278	0.00498038	0.00513293	0.00528029	0.0054223	0.00555884	0.00568975	0.00581492	0.00593421	0.00604751	0.0061547	0.00625568	0.00635035	0.0064386	0.00652036	0.00659555	0.00666408	0.00672589	0.00678092	0.00682912	0.00687043	0.00690482	0.00693226	0.0069527	0.00696615	0.00697258	0.00697199	0.00696438	0.00694976	0.00692814	0.00689955	0.00686402	0.00682158	0.00677228	0.00671617	0.0066533	0.00658375	0.00650757	0.00642486	0.00633569	0.00624015	0.00613835	0.00603038	0.00591635	0.00579639	0.00567061	0.00553914	0.00540212	0.00525967	0.00511196	0.00495912	0.00480132	0.00463871	0.00447145	0.00429973	0.0041237	0.00394356	0.00375948	0.00357165	0.00338025	0.00318549	0.00298756	0.00278666	0.002583	0.00237677	0.00216819	0.00195747	0.00174482	0.00153045	0.00131458	0.00109743	0.000879207	0.000660136	0.000440432	0.000220314	0	
0	0.000228176	0.00045609	0.00068351	0.000910203	0.00113594	0.00136049	0.00158363	0.00180514	0.00202478	0.00224234	0.0024576	0.00267034	0.00288036	0.00308743	0.00329135	0.00349192	0.00368894	0.00388221	0.00407153	0.00425672	0.00443759	0.00461396	0.00478565	0.0049525	0.00511433	0.00527098	0.0054223	0.00556814	0.00570835	0.00584278	0.00597132	0.00609382	0.00621016	0.00632024	0.00642393	0.00652115	0.00661178	0.00669574	0.00677294	0.00684332	0.00690679	0.00696331	0.0070128	0.00705522	0.00709054	0.00711871	0.00713971	0.00715352	0.00716012	0.00715951	0.0071517	0.00713668	0.00711448	0.00708513	0.00704864	0.00700506	0.00695443	0.00689681	0.00683226	0.00676083	0.00668261	0.00659767	0.0065061	0.00640799	0.00630345	0.00619258	0.00607549	0.0059523	0.00582314	0.00568813	0.00554742	0.00540115	0.00524946	0.00509251	0.00493046	0.00476348	0.00459173	0.00441538	0.00423462	0.00404963	0.0038606	0.00366772	0.00347117	0.00327118	0.00306792	0.00286162	0.00265248	0.0024407	0.00222651	0.00201012	0.00179175	0.00157162	0.00134994	0.00112695	0.000902857	0.000677893	0.000452279	0.00022624	0	
0	0.000233921	0.000467574	0.000700719	0.000933121	0.00116454	0.00139475	0.00162351	0.00185059	0.00207576	0.0022988	0.00251948	0.00273758	0.00295288	0.00316517	0.00337423	0.00357985	0.00378183	0.00397996	0.00417405	0.0043639	0.00454933	0.00473014	0.00490615	0.0050772	0.00524311	0.00540371	0.00555884	0.00570835	0.00585208	0.00598991	0.00612168	0.00624726	0.00636654	0.00647939	0.00658569	0.00668535	0.00677827	0.00686434	0.00694349	0.00701564	0.00708071	0.00713865	0.00718939	0.00723288	0.00726908	0.00729796	0.00731949	0.00733365	0.00734042	0.0073398	0.00733178	0.00731639	0.00729363	0.00726354	0.00722613	0.00718145	0.00712955	0.00707048	0.0070043	0.00693108	0.00685089	0.00676381	0.00666993	0.00656936	0.00646218	0.00634852	0.00622848	0.00610219	0.00596977	0.00583137	0.00568711	0.00553716	0.00538165	0.00522075	0.00505462	0.00488343	0.00470736	0.00452657	0.00434126	0.00415161	0.00395782	0.00376008	0.00355859	0.00335355	0.00314518	0.00293368	0.00271927	0.00250217	0.00228258	0.00206074	0.00183687	0.0016112	0.00138394	0.00115533	0.000925594	0.000694964	0.000463669	0.000231938	0	
0	0.00023943	0.000478585	0.000717221	0.000955096	0.00119197	0.00142759	0.00166174	0.00189417	0.00212465	0.00235294	0.00257881	0.00280205	0.00302242	0.00323971	0.00345369	0.00366416	0.00387089	0.00407369	0.00427235	0.00446667	0.00465647	0.00484153	0.0050217	0.00519677	0.00536659	0.00553097	0.00568975	0.00584278	0.00598991	0.00613098	0.00626585	0.00639439	0.00651648	0.00663198	0.00674079	0.0068428	0.0069379	0.007026	0.00710702	0.00718087	0.00724747	0.00730677	0.00735871	0.00740323	0.00744028	0.00746984	0.00749188	0.00750637	0.0075133	0.00751266	0.00750446	0.00748871	0.00746541	0.00743461	0.00739632	0.00735059	0.00729747	0.00723701	0.00716927	0.00709432	0.00701224	0.00692311	0.00682703	0.00672408	0.00661438	0.00649804	0.00637518	0.00624591	0.00611038	0.00596871	0.00582106	0.00566757	0.0055084	0.00534371	0.00517367	0.00499845	0.00481823	0.00463318	0.00444351	0.0042494	0.00405104	0.00384864	0.0036424	0.00343254	0.00321926	0.00300278	0.00278332	0.0025611	0.00233635	0.00210928	0.00188014	0.00164915	0.00141654	0.00118254	0.000947395	0.000711334	0.00047459	0.000237401	0	
0	0.000244696	0.000489112	0.000732998	0.000976105	0.00121819	0.001459	0.0016983	0.00193584	0.00217138	0.0024047	0.00263554	0.00286369	0.00308891	0.00331098	0.00352967	0.00374476	0.00395604	0.0041633	0.00436634	0.00456493	0.0047589	0.00494804	0.00513217	0.00531109	0.00548464	0.00565264	0.00581492	0.00597132	0.00612168	0.00626585	0.00640369	0.00653506	0.00665983	0.00677788	0.00688908	0.00699333	0.00709053	0.00718057	0.00726337	0.00733884	0.00740691	0.00746752	0.00752059	0.00756609	0.00760396	0.00763418	0.0076567	0.0076715	0.00767859	0.00767794	0.00766956	0.00765345	0.00762965	0.00759817	0.00755904	0.0075123	0.00745801	0.00739622	0.00732699	0.00725039	0.00716651	0.00707542	0.00697722	0.00687201	0.0067599	0.006641	0.00651543	0.00638332	0.0062448	0.00610002	0.00594912	0.00579226	0.00562959	0.00546128	0.0052875	0.00510842	0.00492423	0.00473512	0.00454127	0.00434288	0.00414016	0.00393331	0.00372254	0.00350806	0.00329009	0.00306884	0.00284456	0.00261745	0.00238775	0.00215569	0.0019215	0.00168543	0.0014477	0.00120856	0.00096824	0.000726984	0.000485032	0.000242624	0	
0	0.000249716	0.000499146	0.000748034	0.000996129	0.00124318	0.00148893	0.00173313	0.00197555	0.00221593	0.00245403	0.00268961	0.00292244	0.00315228	0.0033789	0.00360207	0.00382158	0.0040372	0.00424871	0.00445591	0.00465858	0.00485653	0.00504955	0.00523745	0.00542005	0.00559716	0.0057686	0.00593421	0.00609382	0.00624726	0.00639439	0.00653506	0.00666913	0.00679646	0.00691693	0.00703041	0.0071368	0.00723599	0.00732788	0.00741238	0.0074894	0.00755887	0.00762072	0.00767488	0.00772131	0.00775996	0.00779079	0.00781378	0.00782889	0.00783612	0.00783545	0.0078269	0.00781047	0.00778618	0.00775405	0.00771412	0.00766642	0.00761102	0.00754796	0.00747731	0.00739914	0.00731354	0.00722058	0.00712037	0.007013	0.00689859	0.00677725	0.0066491	0.00651428	0.00637293	0.00622517	0.00607118	0.0059111	0.00574509	0.00557332	0.00539598	0.00521323	0.00502526	0.00483227	0.00463444	0.00443199	0.00422511	0.00401401	0.00379891	0.00358003	0.00335759	0.00313181	0.00290292	0.00267115	0.00243674	0.00219992	0.00196093	0.00172001	0.00147741	0.00123336	0.000988106	0.0007419	0.000494984	0.000247602	0	
0	0.000254483	0.000508675	0.000762315	0.00101515	0.00126691	0.00151735	0.00176622	0.00201326	0.00225823	0.00250088	0.00274096	0.00297823	0.00321246	0.00344341	0.00367084	0.00389454	0.00411428	0.00432983	0.00454098	0.00474752	0.00494925	0.00514595	0.00533745	0.00552353	0.00570402	0.00587874	0.00604751	0.00621016	0.00636654	0.00651648	0.00665983	0.00679646	0.00692622	0.00704899	0.00716464	0.00727307	0.00737415	0.00746779	0.0075539	0.00763239	0.00770319	0.00776622	0.00782142	0.00786874	0.00790812	0.00793954	0.00796297	0.00797837	0.00798573	0.00798506	0.00797634	0.0079596	0.00793484	0.0079021	0.00786141	0.0078128	0.00775634	0.00769208	0.00762008	0.00754042	0.00745318	0.00735845	0.00725632	0.0071469	0.00703031	0.00690665	0.00677606	0.00663867	0.00649461	0.00634404	0.0061871	0.00602396	0.00585479	0.00567974	0.00549901	0.00531277	0.00512121	0.00492454	0.00472293	0.00451661	0.00430578	0.00409066	0.00387145	0.00364839	0.0034217	0.00319161	0.00295835	0.00272216	0.00248327	0.00224193	0.00199837	0.00175286	0.00150562	0.00125691	0.00100697	0.000756067	0.000504436	0.000252331	0	
0	0.000258994	0.00051769	0.000775826	0.00103314	0.00128937	0.00154425	0.00179753	0.00204895	0.00229826	0.0025452	0.00278954	0.00303102	0.0032694	0.00350444	0.00373591	0.00396357	0.0041872	0.00440657	0.00462147	0.00483167	0.00503697	0.00523717	0.00543205	0.00562143	0.00580512	0.00598294	0.0061547	0.00632024	0.00647939	0.00663198	0.00677788	0.00691693	0.00704899	0.00717394	0.00729164	0.00740198	0.00750486	0.00760016	0.0076878	0.00776768	0.00783973	0.00790388	0.00796006	0.00800821	0.0080483	0.00808028	0.00810412	0.00811979	0.00812729	0.0081266	0.00811773	0.00810069	0.00807549	0.00804217	0.00800076	0.00795129	0.00789383	0.00782843	0.00775515	0.00767408	0.00758529	0.00748888	0.00738495	0.00727359	0.00715493	0.00702908	0.00689617	0.00675635	0.00660974	0.0064565	0.00629678	0.00613075	0.00595857	0.00578042	0.00559649	0.00540695	0.005212	0.00501183	0.00480666	0.00459668	0.00438211	0.00416317	0.00394008	0.00371307	0.00348236	0.00324819	0.00301079	0.00277041	0.00252729	0.00228167	0.0020338	0.00178393	0.00153231	0.00127919	0.00102483	0.000769471	0.000513379	0.000256804	0	
0	0.000263243	0.000526183	0.000788554	0.00105009	0.00131052	0.00156958	0.00182702	0.00208256	0.00233596	0.00258696	0.0028353	0.00308074	0.00332304	0.00356193	0.0037972	0.0040286	0.0042559	0.00447887	0.00469729	0.00491094	0.00511961	0.00532309	0.00552117	0.00571366	0.00590037	0.0060811	0.00625568	0.00642393	0.00658569	0.00674079	0.00688908	0.00703041	0.00716464	0.00729164	0.00741127	0.00752343	0.00762799	0.00772486	0.00781393	0.00789513	0.00796836	0.00803356	0.00809066	0.00813961	0.00818035	0.00821286	0.00823708	0.00825302	0.00826064	0.00825994	0.00825092	0.0082336	0.00820799	0.00817413	0.00813203	0.00808176	0.00802335	0.00795688	0.0078824	0.0078	0.00770975	0.00761176	0.00750612	0.00739294	0.00727233	0.00714441	0.00700933	0.00686721	0.00671819	0.00656244	0.0064001	0.00623134	0.00605634	0.00587527	0.00568832	0.00549567	0.00529752	0.00509407	0.00488553	0.00467211	0.00445402	0.00423149	0.00400474	0.003774	0.0035395	0.00330149	0.0030602	0.00281587	0.00256876	0.00231911	0.00206717	0.0018132	0.00155745	0.00130018	0.00104164	0.000782097	0.000521803	0.000261018	0	
0	0.000267226	0.000534145	0.000800486	0.00106598	0.00133035	0.00159333	0.00185466	0.00211407	0.00237131	0.0026261	0.00287821	0.00312736	0.00337332	0.00361583	0.00385466	0.00408956	0.0043203	0.00454664	0.00476837	0.00498526	0.00519708	0.00540364	0.00560472	0.00580013	0.00598966	0.00617312	0.00635035	0.00652115	0.00668535	0.0068428	0.00699333	0.0071368	0.00727307	0.00740198	0.00752343	0.00763728	0.00774343	0.00784176	0.00793218	0.00801461	0.00808895	0.00815513	0.0082131	0.00826279	0.00830415	0.00833714	0.00836174	0.00837791	0.00838565	0.00838494	0.00837579	0.00835821	0.00833221	0.00829783	0.0082551	0.00820406	0.00814477	0.00807729	0.00800169	0.00791804	0.00782643	0.00772696	0.00761972	0.00750482	0.00738239	0.00725254	0.00711541	0.00697113	0.00681986	0.00666175	0.00649696	0.00632565	0.006148	0.00596419	0.00577441	0.00557884	0.00537769	0.00517117	0.00495947	0.00474282	0.00452143	0.00429553	0.00406535	0.00383112	0.00359307	0.00335146	0.00310651	0.00285849	0.00260764	0.00235421	0.00209846	0.00184065	0.00158103	0.00131986	0.00105741	0.000793935	0.000529701	0.000264969	0	
