0	0	0	0	0	0	0	0	0	0	0	0	0	0	0	0	0	0	0	0	0	0	0	0	0	0	0	0	0	0	0	0	0	0	0	0	0	0	0	0	0	0	0	0	0	0	0	0	0	0	0	0	0	0	0	0	0	0	0	0	0	0	0	0	0	0	0	0	0	0	0	0	0	0	0	0	0	0	0	0	0	0	0	0	0	0	0	0	0	0	0	0	0	0	0	0	0	0	0	0	
0	8.87808e-06	1.77458e-05	2.65942e-05	3.54141e-05	4.41967e-05	5.2933e-05	6.16142e-05	7.02316e-05	7.87764e-05	8.72401e-05	9.56142e-05	0.00010389	0.00011206	0.000120115	0.000128048	0.00013585	0.000143514	0.000151032	0.000158396	0.0001656	0.000172635	0.000179495	0.000186173	0.000192663	0.000198957	0.000205051	0.000210936	0.000216608	0.000222061	0.00022729	0.000232289	0.000237053	0.000241578	0.000245859	0.000249891	0.000253672	0.000257196	0.000260461	0.000263463	0.000266199	0.000268667	0.000270864	0.000272788	0.000274437	0.000275809	0.000276904	0.00027772	0.000278255	0.000278511	0.000278486	0.000278181	0.000277596	0.000276731	0.000275588	0.000274167	0.000272471	0.000270501	0.000268258	0.000265746	0.000262967	0.000259923	0.000256618	0.000253055	0.000249238	0.000245171	0.000240857	0.000236302	0.00023151	0.000226485	0.000221233	0.000215759	0.000210069	0.000204168	0.000198063	0.000191759	0.000185264	0.000178583	0.000171723	0.000164692	0.000157496	0.000150144	0.000142641	0.000134997	0.000127218	0.000119312	0.000111288	0.000103154	9.49171e-05	8.65867e-05	7.81709e-05	6.96781e-05	6.1117e-05	5.2496e-05	4.38239e-05	3.51093e-05	2.63609e-05	1.75874e-05	8.79755e-06	0	
0	1.77458e-05	3.5471e-05	5.31574e-05	7.0787e-05	8.8342e-05	0.000105804	0.000123157	0.000140382	0.000157462	0.000174379	0.000191118	0.00020766	0.000223991	0.000240092	0.000255948	0.000271543	0.000286862	0.000301889	0.000316609	0.000331008	0.000345071	0.000358783	0.000372132	0.000385104	0.000397685	0.000409864	0.000421629	0.000432967	0.000443867	0.000454318	0.00046431	0.000473833	0.000482877	0.000491434	0.000499494	0.000507051	0.000514095	0.000520621	0.000526622	0.000532092	0.000537025	0.000541416	0.000545262	0.000548558	0.000551301	0.000553489	0.00055512	0.000556191	0.000556702	0.000556652	0.000556042	0.000554872	0.000553144	0.000550859	0.000548019	0.000544629	0.00054069	0.000536208	0.000531187	0.000525631	0.000519547	0.000512941	0.00050582	0.00049819	0.00049006	0.000481438	0.000472333	0.000462753	0.000452709	0.000442211	0.00043127	0.000419896	0.000408101	0.000395898	0.000383298	0.000370314	0.00035696	0.000343249	0.000329195	0.000314812	0.000300115	0.000285119	0.000269838	0.000254289	0.000238487	0.000222449	0.000206189	0.000189726	0.000173074	0.000156252	0.000139277	0.000122164	0.000104932	8.75978e-05	7.01785e-05	5.26917e-05	3.51548e-05	1.75851e-05	0	
0	2.65942e-05	5.31574e-05	7.96626e-05	0.000106083	0.000132391	0.000158561	0.000184565	0.000210379	0.000235975	0.000261328	0.000286413	0.000311204	0.000335677	0.000359807	0.000383569	0.000406941	0.000429898	0.000452418	0.000474478	0.000496056	0.000517131	0.000537681	0.000557686	0.000577125	0.000595981	0.000614233	0.000631863	0.000648854	0.000665189	0.000680852	0.000695826	0.000710097	0.000723651	0.000736475	0.000748554	0.000759879	0.000770436	0.000780216	0.000789209	0.000797406	0.000804798	0.00081138	0.000817143	0.000822083	0.000826194	0.000829473	0.000831916	0.000833521	0.000834287	0.000834213	0.000833299	0.000831545	0.000828955	0.000825531	0.000821276	0.000816195	0.000810292	0.000803575	0.00079605	0.000787724	0.000778607	0.000768707	0.000758035	0.000746601	0.000734417	0.000721496	0.00070785	0.000693494	0.000678442	0.00066271	0.000646313	0.000629267	0.000611592	0.000593303	0.000574421	0.000554963	0.00053495	0.000514403	0.000493341	0.000471786	0.000449761	0.000427287	0.000404388	0.000381085	0.000357404	0.000333368	0.000309001	0.000284329	0.000259375	0.000234165	0.000208724	0.000183079	0.000157255	0.000131277	0.000105172	7.89657e-05	5.26842e-05	2.63536e-05	0	
0	3.54141e-05	7.0787e-05	0.000106083	0.000141265	0.000176298	0.000211147	0.000245777	0.000280151	0.000314237	0.000347999	0.000381403	0.000414416	0.000447006	0.000479138	0.000510782	0.000541905	0.000572476	0.000602465	0.000631841	0.000660576	0.00068864	0.000716005	0.000742645	0.000768532	0.000793641	0.000817947	0.000841424	0.000864051	0.000885803	0.00090666	0.000926601	0.000945606	0.000963655	0.000980732	0.000996818	0.0010119	0.00102596	0.00103898	0.00105096	0.00106187	0.00107172	0.00108048	0.00108815	0.00109473	0.00110021	0.00110457	0.00110783	0.00110997	0.00111099	0.00111089	0.00110967	0.00110733	0.00110389	0.00109933	0.00109366	0.00108689	0.00107903	0.00107009	0.00106007	0.00104898	0.00103684	0.00102366	0.00100944	0.000994218	0.000977993	0.000960786	0.000942615	0.000923498	0.000903454	0.000882504	0.000860668	0.00083797	0.000814432	0.000790078	0.000764933	0.000739022	0.000712372	0.00068501	0.000656963	0.000628259	0.000598929	0.000569002	0.000538507	0.000507477	0.000475942	0.000443934	0.000411485	0.00037863	0.0003454	0.000311829	0.000277951	0.0002438	0.00020941	0.000174817	0.000140054	0.000105156	7.01578e-05	3.50943e-05	0	
0	4.41967e-05	8.8342e-05	0.000132391	0.000176298	0.00022002	0.000263512	0.000306729	0.000349629	0.000392167	0.000434302	0.000475991	0.000517192	0.000557863	0.000597965	0.000637456	0.000676298	0.000714451	0.000751877	0.000788539	0.0008244	0.000859424	0.000893576	0.000926823	0.00095913	0.000990466	0.0010208	0.0010501	0.00107834	0.00110549	0.00113152	0.0011564	0.00118012	0.00120265	0.00122396	0.00124403	0.00126285	0.0012804	0.00129665	0.0013116	0.00132522	0.00133751	0.00134844	0.00135802	0.00136623	0.00137306	0.00137851	0.00138257	0.00138524	0.00138651	0.00138639	0.00138487	0.00138196	0.00137765	0.00137196	0.00136489	0.00135645	0.00134664	0.00133547	0.00132297	0.00130913	0.00129398	0.00127753	0.00125979	0.00124079	0.00122054	0.00119907	0.00117639	0.00115253	0.00112752	0.00110137	0.00107412	0.00104579	0.00101642	0.000986022	0.000954641	0.000922305	0.000889045	0.000854897	0.000819894	0.000784072	0.000747468	0.000710118	0.000672061	0.000633335	0.000593979	0.000554033	0.000513537	0.000472533	0.000431062	0.000389165	0.000346885	0.000304265	0.000261346	0.000218173	0.000174789	0.000131236	8.75578e-05	4.37981e-05	0	
0	5.2933e-05	0.000105804	0.000158561	0.000211147	0.000263512	0.0003156	0.000367361	0.00041874	0.000469688	0.000520152	0.000570081	0.000619426	0.000668138	0.000716166	0.000763464	0.000809984	0.000855679	0.000900503	0.000944412	0.000987362	0.00102931	0.00107021	0.00111003	0.00114873	0.00118626	0.00122259	0.00125768	0.0012915	0.00132401	0.00135519	0.00138499	0.0014134	0.00144038	0.0014659	0.00148995	0.00151249	0.0015335	0.00155297	0.00157087	0.00158718	0.0016019	0.001615	0.00162647	0.0016363	0.00164449	0.00165101	0.00165588	0.00165907	0.0016606	0.00166045	0.00165863	0.00165514	0.00164998	0.00164317	0.0016347	0.00162459	0.00161284	0.00159947	0.00158449	0.00156792	0.00154977	0.00153007	0.00150882	0.00148606	0.00146181	0.0014361	0.00140893	0.00138036	0.0013504	0.00131909	0.00128645	0.00125252	0.00121734	0.00118094	0.00114335	0.00110462	0.00106479	0.00102389	0.000981969	0.000939067	0.000895227	0.000850494	0.000804914	0.000758532	0.000711396	0.000663554	0.000615053	0.000565944	0.000516274	0.000466096	0.000415458	0.000364412	0.00031301	0.000261302	0.000209341	0.000157179	0.000104867	5.24563e-05	0	
0	6.16142e-05	0.000123157	0.000184565	0.000245777	0.000306729	0.000367361	0.00042761	0.000487416	0.00054672	0.00060546	0.000663579	0.000721017	0.000777718	0.000833623	0.000888679	0.000942828	0.000996017	0.00104819	0.0010993	0.0011493	0.00119813	0.00124574	0.00129209	0.00133713	0.00138081	0.0014231	0.00146395	0.00150332	0.00154116	0.00157745	0.00161215	0.00164521	0.00167662	0.00170633	0.00173431	0.00176055	0.00178501	0.00180767	0.00182851	0.0018475	0.00186463	0.00187987	0.00189323	0.00190467	0.0019142	0.0019218	0.00192746	0.00193118	0.00193295	0.00193278	0.00193066	0.0019266	0.0019206	0.00191267	0.00190281	0.00189104	0.00187736	0.0018618	0.00184436	0.00182507	0.00180395	0.00178101	0.00175629	0.0017298	0.00170157	0.00167163	0.00164002	0.00160676	0.00157188	0.00153543	0.00149744	0.00145795	0.001417	0.00137463	0.00133088	0.0012858	0.00123943	0.00119182	0.00114303	0.00109309	0.00104206	0.000989987	0.000936931	0.000882942	0.000828076	0.000772386	0.000715931	0.000658767	0.000600951	0.000542543	0.0004836	0.000424182	0.000364349	0.00030416	0.000243677	0.000182959	0.000122066	6.10601e-05	0	
0	7.02316e-05	0.000140382	0.000210379	0.000280151	0.000349629	0.00041874	0.000487416	0.000555588	0.000623185	0.000690142	0.000756389	0.000821861	0.000886492	0.000950217	0.00101297	0.0010747	0.00113532	0.0011948	0.00125306	0.00131004	0.0013657	0.00141997	0.00147281	0.00152415	0.00157394	0.00162214	0.00166871	0.00171358	0.00175672	0.00179808	0.00183763	0.00187532	0.00191112	0.00194498	0.00197688	0.00200679	0.00203467	0.0020605	0.00208425	0.0021059	0.00212542	0.00214281	0.00215803	0.00217107	0.00218193	0.00219059	0.00219704	0.00220128	0.00220331	0.00220311	0.0022007	0.00219607	0.00218923	0.00218018	0.00216895	0.00215553	0.00213994	0.0021222	0.00210233	0.00208034	0.00205626	0.00203012	0.00200194	0.00197174	0.00193956	0.00190544	0.0018694	0.00183149	0.00179174	0.00175019	0.00170689	0.00166187	0.00161519	0.00156689	0.00151703	0.00146564	0.00141279	0.00135852	0.0013029	0.00124598	0.00118781	0.00112846	0.00106798	0.00100644	0.000943898	0.00088042	0.000816069	0.000750909	0.000685007	0.000618429	0.000551241	0.000483513	0.000415311	0.000346704	0.000277761	0.00020855	0.00013914	6.96008e-05	0	
0	7.87764e-05	0.000157462	0.000235975	0.000314237	0.000392167	0.000469688	0.00054672	0.000623185	0.000699008	0.000774111	0.000848418	0.000921857	0.000994351	0.00106583	0.00113622	0.00120545	0.00127346	0.00134017	0.00140552	0.00146944	0.00153187	0.00159274	0.001652	0.00170959	0.00176545	0.00181951	0.00187174	0.00192207	0.00197046	0.00201686	0.00206122	0.00210349	0.00214365	0.00218163	0.00221742	0.00225096	0.00228224	0.00231121	0.00233785	0.00236213	0.00238403	0.00240353	0.0024206	0.00243523	0.00244741	0.00245713	0.00246437	0.00246912	0.00247139	0.00247117	0.00246846	0.00246327	0.0024556	0.00244546	0.00243285	0.0024178	0.00240032	0.00238042	0.00235813	0.00233347	0.00230646	0.00227713	0.00224552	0.00221165	0.00217556	0.00213728	0.00209686	0.00205433	0.00200975	0.00196314	0.00191457	0.00186408	0.00181172	0.00175754	0.00170161	0.00164397	0.00158469	0.00152382	0.00146143	0.00139758	0.00133233	0.00126576	0.00119793	0.0011289	0.00105875	0.000987547	0.000915365	0.000842277	0.000768356	0.000693677	0.000618315	0.000542346	0.000465845	0.00038889	0.000311558	0.000233926	0.000156071	7.80698e-05	0	
0	8.72401e-05	0.000174379	0.000261328	0.000347999	0.000434302	0.000520152	0.00060546	0.000690142	0.000774111	0.000857283	0.000939575	0.0010209	0.00110119	0.00118035	0.0012583	0.00133497	0.00141029	0.00148416	0.00155653	0.00162732	0.00169646	0.00176387	0.0018295	0.00189328	0.00195513	0.00201501	0.00207285	0.00212859	0.00218218	0.00223356	0.00228269	0.0023295	0.00237397	0.00241604	0.00245567	0.00249282	0.00252745	0.00255954	0.00258904	0.00261593	0.00264018	0.00266178	0.00268068	0.00269689	0.00271038	0.00272113	0.00272915	0.00273442	0.00273693	0.00273669	0.00273369	0.00272794	0.00271944	0.00270821	0.00269425	0.00267758	0.00265822	0.00263619	0.0026115	0.00258419	0.00255428	0.0025218	0.00248679	0.00244928	0.00240931	0.00236693	0.00232216	0.00227507	0.00222569	0.00217408	0.00212029	0.00206437	0.00200638	0.00194639	0.00188444	0.00182061	0.00175496	0.00168755	0.00161846	0.00154775	0.00147549	0.00140176	0.00132664	0.0012502	0.00117251	0.00109366	0.00101372	0.000932779	0.000850916	0.000768213	0.000684753	0.000600621	0.000515901	0.000430677	0.000345036	0.000259062	0.000172841	8.64585e-05	0	
0	9.56142e-05	0.000191118	0.000286413	0.000381403	0.000475991	0.000570081	0.000663579	0.000756389	0.000848418	0.000939575	0.00102977	0.0011189	0.00120689	0.00129365	0.00137909	0.00146312	0.00154566	0.00162663	0.00170595	0.00178353	0.00185931	0.00193319	0.00200512	0.00207502	0.00214281	0.00220844	0.00227183	0.00233292	0.00239165	0.00244797	0.00250181	0.00255312	0.00260186	0.00264796	0.0026914	0.00273211	0.00277007	0.00280524	0.00283757	0.00286705	0.00289363	0.00291729	0.00293801	0.00295578	0.00297056	0.00298235	0.00299113	0.00299691	0.00299966	0.0029994	0.00299611	0.00298981	0.0029805	0.00296818	0.00295289	0.00293462	0.0029134	0.00288925	0.00286219	0.00283226	0.00279948	0.00276388	0.00272551	0.0026844	0.0026406	0.00259414	0.00254508	0.00249346	0.00243934	0.00238278	0.00232382	0.00226254	0.00219899	0.00213323	0.00206534	0.00199538	0.00192343	0.00184955	0.00177382	0.00169633	0.00161713	0.00153633	0.001454	0.00137021	0.00128507	0.00119865	0.00111104	0.00102232	0.000932603	0.00084196	0.000750489	0.00065828	0.000565427	0.000472022	0.000378159	0.000283932	0.000189434	9.47586e-05	0	
0	0.00010389	0.00020766	0.000311204	0.000414416	0.000517192	0.000619426	0.000721017	0.000821861	0.000921857	0.0010209	0.0011189	0.00121575	0.00131136	0.00140563	0.00149846	0.00158977	0.00167945	0.00176743	0.00185362	0.00193792	0.00202025	0.00210053	0.00217869	0.00225463	0.0023283	0.0023996	0.00246848	0.00253486	0.00259868	0.00265987	0.00271837	0.00277412	0.00282708	0.00287718	0.00292437	0.00296861	0.00300986	0.00304806	0.0030832	0.00311522	0.00314411	0.00316982	0.00319233	0.00321163	0.0032277	0.00324051	0.00325005	0.00325633	0.00325932	0.00325903	0.00325546	0.00324861	0.0032385	0.00322512	0.0032085	0.00318865	0.00316559	0.00313935	0.00310995	0.00307743	0.00304181	0.00300313	0.00296144	0.00291677	0.00286918	0.0028187	0.00276539	0.00270931	0.0026505	0.00258904	0.00252498	0.00245839	0.00238934	0.00231789	0.00224413	0.00216811	0.00208993	0.00200966	0.00192737	0.00184317	0.00175712	0.00166932	0.00157986	0.00148883	0.00139631	0.00130241	0.00120721	0.00111082	0.00101333	0.000914845	0.000815455	0.000715265	0.000614374	0.000512883	0.000410895	0.000308511	0.000205833	0.000102962	0	
0	0.00011206	0.000223991	0.000335677	0.000447006	0.000557863	0.000668138	0.000777718	0.000886492	0.000994351	0.00110119	0.00120689	0.00131136	0.00141449	0.00151617	0.0016163	0.00171479	0.00181153	0.00190643	0.00199939	0.00209032	0.00217913	0.00226572	0.00235002	0.00243194	0.0025114	0.00258831	0.00266261	0.00273421	0.00280304	0.00286905	0.00293215	0.00299229	0.00304941	0.00310344	0.00315435	0.00320207	0.00324656	0.00328777	0.00332567	0.00336021	0.00339137	0.0034191	0.00344339	0.00346421	0.00348153	0.00349535	0.00350565	0.00351242	0.00351564	0.00351533	0.00351148	0.00350409	0.00349318	0.00347875	0.00346082	0.00343941	0.00341454	0.00338624	0.00335453	0.00331945	0.00328103	0.00323931	0.00319434	0.00314616	0.00309482	0.00304037	0.00298287	0.00292238	0.00285895	0.00279266	0.00272356	0.00265173	0.00257725	0.00250018	0.00242062	0.00233862	0.00225429	0.00216771	0.00207895	0.00198812	0.00189531	0.00180061	0.00170411	0.00160592	0.00150612	0.00140484	0.00130216	0.00119819	0.00109303	0.000986795	0.000879589	0.000771518	0.000662693	0.00055322	0.000443211	0.000332775	0.000222021	0.000111059	0	
0	0.000120115	0.000240092	0.000359807	0.000479138	0.000597965	0.000716166	0.000833623	0.000950217	0.00106583	0.00118035	0.00129365	0.00140563	0.00151617	0.00162516	0.00173249	0.00183806	0.00194175	0.00204347	0.00214312	0.00224058	0.00233577	0.0024286	0.00251896	0.00260677	0.00269194	0.00277438	0.00285401	0.00293076	0.00300455	0.00307529	0.00314293	0.0032074	0.00326862	0.00332654	0.00338111	0.00343226	0.00347995	0.00352412	0.00356474	0.00360177	0.00363516	0.00366489	0.00369093	0.00371324	0.00373181	0.00374663	0.00375766	0.00376492	0.00376838	0.00376804	0.00376391	0.003756	0.0037443	0.00372884	0.00370962	0.00368667	0.00366001	0.00362967	0.00359568	0.00355808	0.0035169	0.00347218	0.00342398	0.00337233	0.0033173	0.00325894	0.00319731	0.00313246	0.00306448	0.00299342	0.00291935	0.00284237	0.00276253	0.00267992	0.00259463	0.00250675	0.00241635	0.00232354	0.00222841	0.00213105	0.00203156	0.00193005	0.00182662	0.00172137	0.0016144	0.00150583	0.00139577	0.00128432	0.00117161	0.00105774	0.000942824	0.000826984	0.000710335	0.000592993	0.000475075	0.000356699	0.000237983	0.000119044	0	
0	0.000128048	0.000255948	0.000383569	0.000510782	0.000637456	0.000763464	0.000888679	0.00101297	0.00113622	0.0012583	0.00137909	0.00149846	0.0016163	0.00173249	0.00184691	0.00195945	0.00207	0.00217843	0.00228466	0.00238856	0.00249004	0.00258899	0.00268532	0.00277893	0.00286972	0.00295761	0.00304251	0.00312433	0.00320298	0.0032784	0.00335051	0.00341923	0.0034845	0.00354625	0.00360442	0.00365895	0.00370978	0.00375688	0.00380018	0.00383965	0.00387525	0.00390695	0.0039347	0.00395849	0.00397829	0.00399408	0.00400584	0.00401358	0.00401727	0.00401691	0.00401251	0.00400407	0.0039916	0.00397511	0.00395463	0.00393016	0.00390174	0.0038694	0.00383317	0.00379308	0.00374918	0.00370151	0.00365012	0.00359507	0.0035364	0.00347419	0.00340848	0.00333936	0.00326688	0.00319113	0.00311217	0.0030301	0.00294499	0.00285693	0.002766	0.00267231	0.00257595	0.00247701	0.00237559	0.0022718	0.00216575	0.00205753	0.00194726	0.00183506	0.00172103	0.00160529	0.00148796	0.00136915	0.00124899	0.0011276	0.0010051	0.000881607	0.000757253	0.00063216	0.000506454	0.000380259	0.000253702	0.000126907	0	
0	0.00013585	0.000271543	0.000406941	0.000541905	0.000676298	0.000809984	0.000942828	0.0010747	0.00120545	0.00133497	0.00146312	0.00158977	0.00171479	0.00183806	0.00195945	0.00207885	0.00219613	0.00231117	0.00242387	0.00253411	0.00264177	0.00274675	0.00284895	0.00294826	0.00304459	0.00313783	0.0032279	0.00331471	0.00339816	0.00347817	0.00355467	0.00362758	0.00369683	0.00376234	0.00382405	0.0038819	0.00393584	0.0039858	0.00403175	0.00407362	0.00411139	0.00414502	0.00417446	0.0041997	0.00422071	0.00423746	0.00424994	0.00425815	0.00426206	0.00426168	0.00425701	0.00424806	0.00423483	0.00421734	0.00419561	0.00416965	0.0041395	0.00410519	0.00406675	0.00402422	0.00397764	0.00392707	0.00387255	0.00381414	0.0037519	0.00368589	0.00361618	0.00354285	0.00346595	0.00338558	0.00330182	0.00321474	0.00312444	0.00303102	0.00293456	0.00283516	0.00273292	0.00262795	0.00252035	0.00241024	0.00229772	0.00218291	0.00206593	0.00194688	0.00182591	0.00170311	0.00157863	0.00145259	0.00132511	0.00119632	0.00106635	0.000935331	0.000803399	0.000670684	0.000537317	0.000403432	0.000269162	0.000134641	0	
0	0.000143514	0.000286862	0.000429898	0.000572476	0.000714451	0.000855679	0.000996017	0.00113532	0.00127346	0.00141029	0.00154566	0.00167945	0.00181153	0.00194175	0.00207	0.00219613	0.00232002	0.00244156	0.00256062	0.00267707	0.00279081	0.00290171	0.00300968	0.00311459	0.00321636	0.00331486	0.00341001	0.00350171	0.00358987	0.0036744	0.00375522	0.00383224	0.00390539	0.0039746	0.00403979	0.00410091	0.00415789	0.00421067	0.00425921	0.00430345	0.00434335	0.00437887	0.00440998	0.00443664	0.00445883	0.00447653	0.00448972	0.00449838	0.00450252	0.00450212	0.00449719	0.00448773	0.00447375	0.00445527	0.00443231	0.00440489	0.00437304	0.00433679	0.00429618	0.00425125	0.00420205	0.00414863	0.00409103	0.00402933	0.00396358	0.00389384	0.0038202	0.00374273	0.0036615	0.00357659	0.0034881	0.00339611	0.00330072	0.00320203	0.00310012	0.00299511	0.00288711	0.00277622	0.00266255	0.00254623	0.00242736	0.00230607	0.00218249	0.00205673	0.00192892	0.0017992	0.0016677	0.00153454	0.00139987	0.00126381	0.00112651	0.000988104	0.000848728	0.000708525	0.000567633	0.000426194	0.000284349	0.000142237	0	
0	0.000151032	0.000301889	0.000452418	0.000602465	0.000751877	0.000900503	0.00104819	0.0011948	0.00134017	0.00148416	0.00162663	0.00176743	0.00190643	0.00204347	0.00217843	0.00231117	0.00244156	0.00256947	0.00269476	0.00281731	0.00293701	0.00305373	0.00316735	0.00327776	0.00338485	0.00348851	0.00358865	0.00368515	0.00377793	0.00386689	0.00395194	0.004033	0.00410998	0.00418282	0.00425143	0.00431575	0.00437571	0.00443126	0.00448234	0.00452889	0.00457088	0.00460827	0.004641	0.00466906	0.00469242	0.00471104	0.00472492	0.00473404	0.00473839	0.00473797	0.00473278	0.00472283	0.00470812	0.00468868	0.00466451	0.00463566	0.00460214	0.00456399	0.00452125	0.00447397	0.00442219	0.00436597	0.00430535	0.00424042	0.00417122	0.00409784	0.00402034	0.0039388	0.00385332	0.00376397	0.00367084	0.00357403	0.00347364	0.00336978	0.00326253	0.00315202	0.00303836	0.00292166	0.00280204	0.00267962	0.00255453	0.00242689	0.00229683	0.00216448	0.00202998	0.00189346	0.00175507	0.00161494	0.00147321	0.00133002	0.00118553	0.00103987	0.000893194	0.000745645	0.000597372	0.000448523	0.000299246	0.000149689	0	
0	0.000158396	0.000316609	0.000474478	0.000631841	0.000788539	0.000944412	0.0010993	0.00125306	0.00140552	0.00155653	0.00170595	0.00185362	0.00199939	0.00214312	0.00228466	0.00242387	0.00256062	0.00269476	0.00282616	0.00295469	0.00308022	0.00320263	0.00332179	0.00343759	0.0035499	0.00365862	0.00376364	0.00386485	0.00396215	0.00405545	0.00414465	0.00422966	0.0043104	0.00438678	0.00445874	0.00452619	0.00458908	0.00464734	0.00470091	0.00474974	0.00479378	0.00483298	0.00486731	0.00489674	0.00492123	0.00494077	0.00495532	0.00496489	0.00496945	0.00496902	0.00496357	0.00495313	0.00493771	0.00491732	0.00489197	0.00486171	0.00482656	0.00478655	0.00474173	0.00469214	0.00463783	0.00457887	0.0045153	0.0044472	0.00437463	0.00429767	0.00421639	0.00413088	0.00404122	0.00394751	0.00384985	0.00374832	0.00364304	0.0035341	0.00342163	0.00330573	0.00318653	0.00306414	0.00293868	0.00281029	0.0026791	0.00254523	0.00240883	0.00227003	0.00212897	0.0019858	0.00184066	0.00169369	0.00154505	0.00139488	0.00124334	0.00109058	0.000936752	0.000782008	0.000626504	0.000470397	0.00031384	0.000156989	0	
0	0.0001656	0.000331008	0.000496056	0.000660576	0.0008244	0.000987362	0.0011493	0.00131004	0.00146944	0.00162732	0.00178353	0.00193792	0.00209032	0.00224058	0.00238856	0.00253411	0.00267707	0.00281731	0.00295469	0.00308907	0.00322031	0.00334829	0.00347287	0.00359393	0.00371135	0.00382502	0.00393481	0.00404062	0.00414235	0.00423989	0.00433315	0.00442202	0.00450643	0.00458629	0.00466152	0.00473205	0.0047978	0.0048587	0.00491471	0.00496576	0.0050118	0.00505279	0.00508868	0.00511945	0.00514506	0.00516548	0.0051807	0.0051907	0.00519547	0.00519501	0.00518932	0.00517841	0.00516228	0.00514096	0.00511447	0.00508283	0.00504607	0.00500425	0.00495739	0.00490554	0.00484877	0.00478712	0.00472066	0.00464946	0.00457359	0.00449313	0.00440816	0.00431876	0.00422503	0.00412705	0.00402494	0.0039188	0.00380873	0.00369484	0.00357725	0.00345608	0.00333146	0.0032035	0.00307234	0.00293811	0.00280095	0.002661	0.00251839	0.00237328	0.00222581	0.00207612	0.00192438	0.00177073	0.00161533	0.00145833	0.0012999	0.00114019	0.000979359	0.000817577	0.000655	0.000491792	0.000328115	0.00016413	0	
0	0.000172635	0.000345071	0.000517131	0.00068864	0.000859424	0.00102931	0.00119813	0.0013657	0.00153187	0.00169646	0.00185931	0.00202025	0.00217913	0.00233577	0.00249004	0.00264177	0.00279081	0.00293701	0.00308022	0.00322031	0.00335713	0.00349054	0.00362042	0.00374662	0.00386903	0.00398753	0.00410199	0.0042123	0.00431835	0.00442003	0.00451725	0.0046099	0.0046979	0.00478115	0.00485958	0.0049331	0.00500164	0.00506513	0.00512352	0.00517674	0.00522474	0.00526747	0.00530489	0.00533696	0.00536365	0.00538494	0.00540081	0.00541124	0.00541621	0.00541573	0.0054098	0.00539842	0.00538161	0.00535939	0.00533177	0.00529878	0.00526047	0.00521687	0.00516802	0.00511397	0.00505478	0.00499052	0.00492124	0.00484701	0.00476792	0.00468403	0.00459545	0.00450225	0.00440454	0.00430241	0.00419596	0.0040853	0.00397056	0.00385183	0.00372925	0.00360293	0.00347301	0.00333961	0.00320288	0.00306295	0.00291996	0.00277406	0.0026254	0.00247412	0.00232038	0.00216433	0.00200614	0.00184596	0.00168396	0.00152029	0.00135513	0.00118863	0.00102097	0.000852316	0.000682832	0.000512689	0.000342056	0.000171104	0	
0	0.000179495	0.000358783	0.000537681	0.000716005	0.000893576	0.00107021	0.00124574	0.00141997	0.00159274	0.00176387	0.00193319	0.00210053	0.00226572	0.0024286	0.00258899	0.00274675	0.00290171	0.00305373	0.00320263	0.00334829	0.00349054	0.00362926	0.00376429	0.00389551	0.00402279	0.00414599	0.004265	0.0043797	0.00448996	0.00459569	0.00469677	0.0047931	0.0048846	0.00497116	0.0050527	0.00512914	0.00520041	0.00526643	0.00532713	0.00538247	0.00543237	0.0054768	0.00551571	0.00554906	0.00557681	0.00559895	0.00561545	0.00562629	0.00563146	0.00563096	0.0056248	0.00561297	0.00559549	0.00557238	0.00554366	0.00550937	0.00546953	0.00542419	0.0053734	0.00531721	0.00525567	0.00518885	0.00511682	0.00503964	0.0049574	0.00487019	0.00477808	0.00468118	0.00457959	0.00447339	0.00436272	0.00424766	0.00412836	0.00400491	0.00387746	0.00374612	0.00361103	0.00347234	0.00333017	0.00318468	0.00303601	0.00288431	0.00272974	0.00257245	0.0024126	0.00225035	0.00208587	0.00191933	0.00175089	0.00158072	0.00140899	0.00123587	0.00106155	0.000886191	0.000709971	0.000533066	0.000355651	0.000177904	0	
0	0.000186173	0.000372132	0.000557686	0.000742645	0.000926823	0.00111003	0.00129209	0.00147281	0.001652	0.0018295	0.00200512	0.00217869	0.00235002	0.00251896	0.00268532	0.00284895	0.00300968	0.00316735	0.00332179	0.00347287	0.00362042	0.00376429	0.00390435	0.00404046	0.00417247	0.00430026	0.00442369	0.00454265	0.00465702	0.00476668	0.00487152	0.00497144	0.00506634	0.00515613	0.0052407	0.00531999	0.00539391	0.00546238	0.00552535	0.00558274	0.0056345	0.00568059	0.00572094	0.00575553	0.00578432	0.00580728	0.00582439	0.00583563	0.005841	0.00584048	0.00583409	0.00582182	0.00580369	0.00577972	0.00574994	0.00571437	0.00567305	0.00562602	0.00557334	0.00551506	0.00545123	0.00538192	0.00530721	0.00522716	0.00514187	0.00505141	0.00495587	0.00485537	0.00474999	0.00463985	0.00452505	0.00440572	0.00428197	0.00415393	0.00402174	0.00388551	0.0037454	0.00360155	0.00345409	0.00330318	0.00314898	0.00299164	0.00283131	0.00266817	0.00250237	0.00233409	0.00216349	0.00199075	0.00181604	0.00163954	0.00146142	0.00128186	0.00110105	0.000919167	0.00073639	0.000552902	0.000368886	0.000184525	0	
0	0.000192663	0.000385104	0.000577125	0.000768532	0.00095913	0.00114873	0.00133713	0.00152415	0.00170959	0.00189328	0.00207502	0.00225463	0.00243194	0.00260677	0.00277893	0.00294826	0.00311459	0.00327776	0.00343759	0.00359393	0.00374662	0.00389551	0.00404046	0.00418131	0.00431792	0.00445016	0.0045779	0.00470101	0.00481937	0.00493285	0.00504135	0.00514475	0.00524296	0.00533587	0.00542339	0.00550545	0.00558194	0.0056528	0.00571796	0.00577736	0.00583093	0.00587861	0.00592038	0.00595617	0.00598596	0.00600973	0.00602743	0.00603907	0.00604462	0.00604409	0.00603747	0.00602477	0.00600601	0.00598121	0.00595038	0.00591357	0.00587082	0.00582215	0.00576764	0.00570732	0.00564127	0.00556954	0.00549223	0.00540939	0.00532112	0.0052275	0.00512864	0.00502463	0.00491558	0.0048016	0.0046828	0.00455931	0.00443125	0.00429875	0.00416194	0.00402097	0.00387597	0.0037271	0.00357451	0.00341834	0.00325876	0.00309593	0.00293002	0.00276119	0.00258961	0.00241546	0.00223892	0.00206015	0.00187935	0.00169669	0.00151237	0.00132655	0.00113944	0.000951213	0.000762063	0.000572178	0.000381747	0.000190958	0	
0	0.000198957	0.000397685	0.000595981	0.000793641	0.000990466	0.00118626	0.00138081	0.00157394	0.00176545	0.00195513	0.00214281	0.0023283	0.0025114	0.00269194	0.00286972	0.00304459	0.00321636	0.00338485	0.0035499	0.00371135	0.00386903	0.00402279	0.00417247	0.00431792	0.004459	0.00459556	0.00472748	0.00485461	0.00497683	0.00509402	0.00520606	0.00531284	0.00541426	0.00551021	0.00560059	0.00568533	0.00576432	0.0058375	0.00590479	0.00596612	0.00602144	0.00607069	0.00611382	0.00615078	0.00618155	0.00620608	0.00622437	0.00623639	0.00624212	0.00624157	0.00623474	0.00622162	0.00620225	0.00617664	0.00614481	0.00610679	0.00606264	0.00601239	0.00595609	0.0058938	0.00582559	0.00575152	0.00567168	0.00558614	0.00549498	0.00539831	0.00529622	0.00518881	0.0050762	0.00495849	0.00483581	0.00470828	0.00457604	0.00443921	0.00429793	0.00415235	0.00400262	0.00384889	0.0036913	0.00353003	0.00336524	0.00319709	0.00302576	0.00285141	0.00267423	0.00249439	0.00231208	0.00212747	0.00194076	0.00175214	0.00156178	0.0013699	0.00117667	0.000982295	0.000786964	0.000590875	0.000394221	0.000197198	0	
0	0.000205051	0.000409864	0.000614233	0.000817947	0.0010208	0.00122259	0.0014231	0.00162214	0.00181951	0.00201501	0.00220844	0.0023996	0.00258831	0.00277438	0.00295761	0.00313783	0.00331486	0.00348851	0.00365862	0.00382502	0.00398753	0.00414599	0.00430026	0.00445016	0.00459556	0.00473631	0.00487226	0.00500329	0.00512925	0.00525003	0.00536551	0.00547556	0.00558008	0.00567897	0.00577212	0.00585945	0.00594087	0.00601629	0.00608564	0.00614885	0.00620586	0.00625662	0.00630107	0.00633916	0.00637087	0.00639616	0.00641501	0.00642739	0.0064333	0.00643274	0.00642569	0.00641218	0.00639221	0.00636581	0.00633301	0.00629383	0.00624832	0.00619653	0.00613851	0.00607432	0.00600402	0.00592768	0.00584539	0.00575723	0.00566328	0.00556365	0.00545843	0.00534774	0.00523167	0.00511036	0.00498392	0.00485249	0.0047162	0.00457517	0.00442957	0.00427953	0.00412522	0.00396677	0.00380436	0.00363816	0.00346832	0.00329502	0.00311844	0.00293875	0.00275614	0.00257079	0.00238289	0.00219263	0.00200021	0.0018058	0.00160962	0.00141186	0.00121271	0.00101238	0.000811069	0.000608973	0.000406296	0.000203238	0	
0	0.000210936	0.000421629	0.000631863	0.000841424	0.0010501	0.00125768	0.00146395	0.00166871	0.00187174	0.00207285	0.00227183	0.00246848	0.00266261	0.00285401	0.00304251	0.0032279	0.00341001	0.00358865	0.00376364	0.00393481	0.00410199	0.004265	0.00442369	0.0045779	0.00472748	0.00487226	0.00501212	0.00514691	0.00527649	0.00540073	0.00551952	0.00563274	0.00574026	0.00584198	0.00593781	0.00602765	0.0061114	0.00618898	0.00626033	0.00632535	0.006384	0.00643621	0.00648194	0.00652113	0.00655375	0.00657977	0.00659915	0.00661189	0.00661797	0.00661739	0.00661014	0.00659624	0.0065757	0.00654855	0.0065148	0.0064745	0.00642769	0.00637441	0.00631472	0.00624869	0.00617637	0.00609784	0.00601319	0.0059225	0.00582585	0.00572336	0.00561512	0.00550125	0.00538185	0.00525706	0.00512699	0.00499179	0.00485158	0.00470651	0.00455673	0.00440239	0.00424364	0.00408065	0.00391357	0.0037426	0.00356788	0.00338961	0.00320796	0.00302311	0.00283526	0.00264459	0.0024513	0.00225558	0.00205763	0.00185764	0.00165583	0.00145239	0.00124753	0.00104145	0.000834353	0.000626456	0.00041796	0.000209073	0	
0	0.000216608	0.000432967	0.000648854	0.000864051	0.00107834	0.0012915	0.00150332	0.00171358	0.00192207	0.00212859	0.00233292	0.00253486	0.00273421	0.00293076	0.00312433	0.00331471	0.00350171	0.00368515	0.00386485	0.00404062	0.0042123	0.0043797	0.00454265	0.00470101	0.00485461	0.00500329	0.00514691	0.00528532	0.00541838	0.00554597	0.00566796	0.00578421	0.00589463	0.00599909	0.00609749	0.00618975	0.00627575	0.00635542	0.00642868	0.00649546	0.00655568	0.0066093	0.00665626	0.0066965	0.00673	0.00675671	0.00677662	0.00678971	0.00679595	0.00679535	0.00678791	0.00677364	0.00675255	0.00672466	0.00669	0.00664862	0.00660055	0.00654584	0.00648455	0.00641673	0.00634247	0.00626183	0.00617491	0.00608177	0.00598253	0.00587728	0.00576613	0.0056492	0.00552659	0.00539844	0.00526488	0.00512604	0.00498206	0.00483309	0.00467928	0.00452078	0.00435777	0.00419039	0.00401883	0.00384325	0.00366384	0.00348077	0.00329423	0.00310442	0.00291151	0.00271572	0.00251723	0.00231624	0.00211297	0.0019076	0.00170036	0.00149145	0.00128108	0.00106946	0.000856794	0.000643305	0.000429201	0.000214696	0	
0	0.000222061	0.000443867	0.000665189	0.000885803	0.00110549	0.00132401	0.00154116	0.00175672	0.00197046	0.00218218	0.00239165	0.00259868	0.00280304	0.00300455	0.00320298	0.00339816	0.00358987	0.00377793	0.00396215	0.00414235	0.00431835	0.00448996	0.00465702	0.00481937	0.00497683	0.00512925	0.00527649	0.00541838	0.0055548	0.0056856	0.00581066	0.00592984	0.00604304	0.00615013	0.00625101	0.00634558	0.00643375	0.00651543	0.00659054	0.006659	0.00672074	0.00677571	0.00682384	0.0068651	0.00689944	0.00692683	0.00694724	0.00696065	0.00696705	0.00696644	0.00695881	0.00694418	0.00692256	0.00689397	0.00685844	0.00681602	0.00676674	0.00671065	0.00664781	0.00657829	0.00650216	0.00641949	0.00633038	0.0062349	0.00613316	0.00602526	0.00591131	0.00579143	0.00566574	0.00553437	0.00539744	0.0052551	0.0051075	0.00495478	0.00479709	0.00463461	0.00446749	0.0042959	0.00412002	0.00394002	0.00375609	0.00356841	0.00337718	0.00318258	0.00298482	0.0027841	0.00258061	0.00237456	0.00216617	0.00195564	0.00174318	0.00152901	0.00131334	0.00109638	0.000878368	0.000659503	0.000440008	0.000220102	0	
0	0.00022729	0.000454318	0.000680852	0.00090666	0.00113152	0.00135519	0.00157745	0.00179808	0.00201686	0.00223356	0.00244797	0.00265987	0.00286905	0.00307529	0.0032784	0.00347817	0.0036744	0.00386689	0.00405545	0.00423989	0.00442003	0.00459569	0.00476668	0.00493285	0.00509402	0.00525003	0.00540073	0.00554597	0.0056856	0.00581948	0.00594748	0.00606947	0.00618533	0.00629495	0.00639821	0.00649501	0.00658525	0.00666886	0.00674573	0.0068158	0.006879	0.00693526	0.00698453	0.00702676	0.00706191	0.00708994	0.00711083	0.00712456	0.00713112	0.00713049	0.00712268	0.0071077	0.00708557	0.00705631	0.00701995	0.00697652	0.00692608	0.00686867	0.00680436	0.0067332	0.00665528	0.00657066	0.00647945	0.00638172	0.00627759	0.00616715	0.00605052	0.00592782	0.00579916	0.00566469	0.00552454	0.00537885	0.00522777	0.00507146	0.00491006	0.00474375	0.00457269	0.00439706	0.00421704	0.0040328	0.00384454	0.00365245	0.00345671	0.00325753	0.00305511	0.00284966	0.00264138	0.00243048	0.00221718	0.00200169	0.00178423	0.00156501	0.00134427	0.0011222	0.000899054	0.000675035	0.000450371	0.000225285	0	
0	0.000232289	0.00046431	0.000695826	0.000926601	0.0011564	0.00138499	0.00161215	0.00183763	0.00206122	0.00228269	0.00250181	0.00271837	0.00293215	0.00314293	0.00335051	0.00355467	0.00375522	0.00395194	0.00414465	0.00433315	0.00451725	0.00469677	0.00487152	0.00504135	0.00520606	0.00536551	0.00551952	0.00566796	0.00581066	0.00594748	0.0060783	0.00620297	0.00632138	0.00643341	0.00653894	0.00663787	0.0067301	0.00681554	0.00689411	0.00696572	0.0070303	0.0070878	0.00713816	0.00718132	0.00721724	0.00724589	0.00726724	0.00728127	0.00728797	0.00728733	0.00727935	0.00726404	0.00724143	0.00721152	0.00717436	0.00712998	0.00707843	0.00701976	0.00695403	0.00688131	0.00680167	0.00671519	0.00662197	0.0065221	0.00641567	0.0063028	0.00618361	0.00605821	0.00592672	0.0057893	0.00564606	0.00549717	0.00534277	0.00518301	0.00501807	0.0048481	0.00467328	0.00449379	0.0043098	0.00412151	0.00392911	0.00373279	0.00353275	0.00332919	0.00312232	0.00291235	0.00269948	0.00248395	0.00226596	0.00204573	0.00182348	0.00159944	0.00137384	0.00114689	0.000918831	0.000689884	0.000460278	0.000230241	0	
0	0.000237053	0.000473833	0.000710097	0.000945606	0.00118012	0.0014134	0.00164521	0.00187532	0.00210349	0.0023295	0.00255312	0.00277412	0.00299229	0.0032074	0.00341923	0.00362758	0.00383224	0.004033	0.00422966	0.00442202	0.0046099	0.0047931	0.00497144	0.00514475	0.00531284	0.00547556	0.00563274	0.00578421	0.00592984	0.00606947	0.00620297	0.00633021	0.00645104	0.00656537	0.00667306	0.00677402	0.00686814	0.00695534	0.00703552	0.0071086	0.00717451	0.00723319	0.00728458	0.00732862	0.00736528	0.00739452	0.00741631	0.00743063	0.00743746	0.00743681	0.00742867	0.00741305	0.00738996	0.00735945	0.00732152	0.00727623	0.00722362	0.00716375	0.00709667	0.00702246	0.00694119	0.00685294	0.00675781	0.00665588	0.00654727	0.00643209	0.00631045	0.00618248	0.0060483	0.00590805	0.00576188	0.00560993	0.00545236	0.00528933	0.005121	0.00494755	0.00476914	0.00458597	0.00439821	0.00420606	0.00400971	0.00380936	0.00360522	0.00339748	0.00318637	0.00297209	0.00275486	0.0025349	0.00231244	0.00208769	0.00186089	0.00163225	0.00140202	0.00117042	0.00093768	0.000704037	0.000469721	0.000234964	0	
0	0.000241578	0.000482877	0.000723651	0.000963655	0.00120265	0.00144038	0.00167662	0.00191112	0.00214365	0.00237397	0.00260186	0.00282708	0.00304941	0.00326862	0.0034845	0.00369683	0.00390539	0.00410998	0.0043104	0.00450643	0.0046979	0.0048846	0.00506634	0.00524296	0.00541426	0.00558008	0.00574026	0.00589463	0.00604304	0.00618533	0.00632138	0.00645104	0.00657419	0.00669069	0.00680045	0.00690333	0.00699925	0.00708811	0.00716982	0.0072443	0.00731147	0.00737127	0.00742363	0.00746852	0.00750588	0.00753568	0.00755788	0.00757247	0.00757944	0.00757877	0.00757048	0.00755456	0.00753104	0.00749994	0.00746129	0.00741513	0.00736152	0.00730051	0.00723215	0.00715652	0.0070737	0.00698376	0.00688681	0.00678295	0.00667226	0.00655488	0.00643092	0.0063005	0.00616376	0.00602084	0.00587188	0.00571703	0.00555645	0.00539031	0.00521877	0.005042	0.00486019	0.00467352	0.00448218	0.00428636	0.00408626	0.00388209	0.00367404	0.00346234	0.0032472	0.00302883	0.00280745	0.0025833	0.00235659	0.00212755	0.00189641	0.00166342	0.00142879	0.00119276	0.000955582	0.000717478	0.000478689	0.00023945	0	
0	0.000245859	0.000491434	0.000736475	0.000980732	0.00122396	0.0014659	0.00170633	0.00194498	0.00218163	0.00241604	0.00264796	0.00287718	0.00310344	0.00332654	0.00354625	0.00376234	0.0039746	0.00418282	0.00438678	0.00458629	0.00478115	0.00497116	0.00515613	0.00533587	0.00551021	0.00567897	0.00584198	0.00599909	0.00615013	0.00629495	0.00643341	0.00656537	0.00669069	0.00680927	0.00692096	0.00702567	0.00712329	0.00721373	0.00729688	0.00737268	0.00744104	0.0075019	0.0075552	0.00760088	0.0076389	0.00766923	0.00769183	0.00770668	0.00771377	0.00771309	0.00770464	0.00768844	0.00766451	0.00763285	0.00759352	0.00754655	0.00749199	0.00742989	0.00736032	0.00728335	0.00719906	0.00710753	0.00700887	0.00690316	0.00679052	0.00667105	0.00654489	0.00641217	0.006273	0.00612755	0.00597595	0.00581835	0.00565493	0.00548584	0.00531126	0.00513136	0.00494633	0.00475635	0.00456161	0.00436233	0.00415868	0.00395089	0.00373916	0.00352371	0.00330475	0.00308251	0.00285721	0.00262908	0.00239835	0.00216526	0.00193003	0.0016929	0.00145411	0.0012139	0.000972519	0.000730195	0.000487173	0.000243694	0	
0	0.000249891	0.000499494	0.000748554	0.000996818	0.00124403	0.00148995	0.00173431	0.00197688	0.00221742	0.00245567	0.0026914	0.00292437	0.00315435	0.00338111	0.00360442	0.00382405	0.00403979	0.00425143	0.00445874	0.00466152	0.00485958	0.0050527	0.0052407	0.00542339	0.00560059	0.00577212	0.00593781	0.00609749	0.00625101	0.00639821	0.00653894	0.00667306	0.00680045	0.00692096	0.00703449	0.00714092	0.00724014	0.00733206	0.00741658	0.00749362	0.0075631	0.00762496	0.00767913	0.00772556	0.00776421	0.00779503	0.007818	0.0078331	0.0078403	0.00783961	0.00783103	0.00781457	0.00779024	0.00775806	0.00771809	0.00767035	0.00761489	0.00755177	0.00748106	0.00740283	0.00731716	0.00722413	0.00712384	0.0070164	0.00690191	0.00678049	0.00665226	0.00651736	0.00637591	0.00622807	0.00607398	0.0059138	0.0057477	0.00557584	0.00539839	0.00521554	0.00502747	0.00483438	0.00463645	0.00443389	0.00422691	0.00401571	0.0038005	0.00358152	0.00335897	0.00313308	0.00290409	0.00267222	0.0024377	0.00220078	0.00196169	0.00172067	0.00147797	0.00123382	0.000988474	0.000742175	0.000495166	0.000247693	0	
0	0.000253672	0.000507051	0.000759879	0.0010119	0.00126285	0.00151249	0.00176055	0.00200679	0.00225096	0.00249282	0.00273211	0.00296861	0.00320207	0.00343226	0.00365895	0.0038819	0.00410091	0.00431575	0.00452619	0.00473205	0.0049331	0.00512914	0.00531999	0.00550545	0.00568533	0.00585945	0.00602765	0.00618975	0.00634558	0.00649501	0.00663787	0.00677402	0.00690333	0.00702567	0.00714092	0.00724896	0.00734968	0.00744299	0.00752879	0.00760699	0.00767753	0.00774032	0.00779531	0.00784245	0.00788168	0.00791297	0.00793629	0.00795161	0.00795893	0.00795823	0.00794952	0.0079328	0.0079081	0.00787545	0.00783486	0.0077864	0.0077301	0.00766603	0.00759425	0.00751484	0.00742787	0.00733343	0.00723163	0.00712256	0.00700634	0.00688308	0.00675291	0.00661597	0.00647238	0.0063223	0.00616588	0.00600328	0.00583467	0.0056602	0.00548007	0.00529446	0.00510354	0.00490753	0.0047066	0.00450098	0.00429086	0.00407647	0.00385801	0.00363571	0.00340979	0.00318049	0.00294803	0.00271265	0.00247459	0.00223408	0.00199137	0.00174671	0.00150033	0.00125249	0.00100343	0.000753405	0.000502659	0.000251441	0	
