0	0	0	0	0	0	0	0	0	0	0	0	0	0	0	0	0	0	0	0	0	0	0	0	0	0	0	0	0	0	0	0	0	0	0	0	0	0	0	0	0	0	0	0	0	0	0	0	0	0	0	0	0	0	0	0	0	0	0	0	0	0	0	0	0	0	0	0	0	0	0	0	0	0	0	0	0	0	0	0	0	0	0	0	0	0	0	0	0	0	0	0	0	0	0	0	0	0	0	0	
0	8.43187e-06	1.68538e-05	2.52573e-05	3.36338e-05	4.19747e-05	5.02715e-05	5.8516e-05	6.66998e-05	7.48146e-05	8.28523e-05	9.08049e-05	9.86643e-05	0.000106423	0.000114072	0.000121605	0.000129014	0.000136292	0.000143431	0.000150424	0.000157264	0.000163945	0.000170459	0.0001768	0.000182963	0.00018894	0.000194725	0.000200314	0.000205699	0.000210877	0.000215841	0.000220588	0.000225111	0.000229407	0.000233472	0.0002373	0.000240889	0.000244235	0.000247334	0.000250184	0.000252782	0.000255125	0.00025721	0.000259036	0.000260601	0.000261903	0.000262942	0.000263716	0.000264223	0.000264465	0.000264441	0.00026415	0.000263593	0.000262771	0.000261685	0.000260335	0.000258724	0.000256852	0.000254722	0.000252335	0.000249695	0.000246805	0.000243666	0.000240282	0.000236657	0.000232794	0.000228697	0.000224371	0.00021982	0.000215048	0.00021006	0.000204862	0.000199458	0.000193855	0.000188057	0.000182072	0.000175904	0.00016956	0.000163046	0.00015637	0.000149537	0.000142555	0.000135431	0.000128173	0.000120786	0.00011328	0.000105661	9.79377e-05	9.01173e-05	8.22078e-05	7.42173e-05	6.61538e-05	5.80254e-05	4.98403e-05	4.16067e-05	3.33329e-05	2.5027e-05	1.66974e-05	8.35234e-06	0	
0	1.68538e-05	3.3688e-05	5.04851e-05	6.72282e-05	8.39002e-05	0.000100484	0.000116964	0.000133322	0.000149542	0.000165608	0.000181504	0.000197214	0.000212721	0.000228012	0.000243069	0.000257879	0.000272425	0.000286695	0.000300673	0.000314346	0.000327699	0.00034072	0.000353396	0.000365713	0.00037766	0.000389224	0.000400395	0.00041116	0.000421509	0.000431433	0.00044092	0.000449961	0.000458548	0.000466672	0.000474325	0.000481499	0.000488187	0.000494382	0.000500079	0.000505271	0.000509953	0.000514122	0.000517772	0.0005209	0.000523503	0.000525579	0.000527126	0.000528141	0.000528624	0.000528575	0.000527994	0.000526882	0.000525239	0.000523067	0.000520369	0.000517148	0.000513406	0.000509149	0.000504379	0.000499102	0.000493323	0.000487049	0.000480285	0.000473039	0.000465318	0.00045713	0.000448483	0.000439385	0.000429847	0.000419878	0.000409487	0.000398686	0.000387486	0.000375898	0.000363933	0.000351604	0.000338923	0.000325904	0.000312559	0.000298901	0.000284946	0.000270707	0.000256197	0.000241433	0.000226429	0.000211201	0.000195763	0.000180131	0.000164321	0.000148349	0.000132231	0.000115984	9.96234e-05	8.31657e-05	6.66275e-05	5.00254e-05	3.33757e-05	1.66951e-05	0	
0	2.52573e-05	5.04851e-05	7.56575e-05	0.000100749	0.000125734	0.000150587	0.000175283	0.000199798	0.000224106	0.000248183	0.000272005	0.000295547	0.000318788	0.000341702	0.000364267	0.000386461	0.000408261	0.000429646	0.000450594	0.000471084	0.000491096	0.000510609	0.000529605	0.000548064	0.000565968	0.000583298	0.000600038	0.000616172	0.000631681	0.000646553	0.00066077	0.00067432	0.000687189	0.000699364	0.000710832	0.000721583	0.000731606	0.000740891	0.000749428	0.000757209	0.000764226	0.000770473	0.000775943	0.000780631	0.000784533	0.000787643	0.000789961	0.000791482	0.000792207	0.000792133	0.000791263	0.000789595	0.000787133	0.000783879	0.000779836	0.000775008	0.000769401	0.00076302	0.000755872	0.000747964	0.000739305	0.000729902	0.000719766	0.000708907	0.000697336	0.000685064	0.000672105	0.000658472	0.000644178	0.000629237	0.000613666	0.00059748	0.000580695	0.000563328	0.000545398	0.000526921	0.000507918	0.000488407	0.000468407	0.00044794	0.000427027	0.000405687	0.000383944	0.000361818	0.000339333	0.000316511	0.000293375	0.000269948	0.000246256	0.00022232	0.000198166	0.000173817	0.000149298	0.000124634	9.98499e-05	7.49695e-05	5.00179e-05	2.50198e-05	0	
0	3.36338e-05	6.72282e-05	0.000100749	0.000134162	0.000167433	0.000200529	0.000233415	0.00026606	0.00029843	0.000330492	0.000362214	0.000393565	0.000424513	0.000455027	0.000485076	0.000514631	0.000543661	0.000572138	0.000600033	0.000627319	0.000653968	0.000679953	0.000705249	0.00072983	0.000753671	0.00077675	0.000799042	0.000820526	0.00084118	0.000860983	0.000879916	0.00089796	0.000915097	0.000931309	0.000946581	0.000960898	0.000974245	0.000986608	0.000997977	0.00100834	0.00101768	0.001026	0.00103329	0.00103953	0.00104472	0.00104887	0.00105195	0.00105398	0.00105494	0.00105485	0.00105369	0.00105147	0.00104819	0.00104385	0.00103847	0.00103204	0.00102458	0.00101608	0.00100656	0.000996029	0.000984498	0.000971976	0.000958479	0.000944018	0.00092861	0.000912269	0.000895012	0.000876857	0.000857822	0.000837927	0.000817191	0.000795637	0.000773285	0.000750159	0.000726282	0.000701677	0.000676371	0.000650389	0.000623757	0.000596502	0.000568652	0.000540236	0.000511281	0.000481817	0.000451875	0.000421483	0.000390675	0.000359479	0.000327928	0.000296054	0.000263889	0.000231465	0.000198815	0.000165971	0.000132966	9.98339e-05	6.66069e-05	3.33179e-05	0	
0	4.19747e-05	8.39002e-05	0.000125734	0.000167433	0.000208955	0.000250259	0.000291301	0.000332042	0.000372439	0.000412452	0.000452042	0.000491168	0.00052979	0.000567872	0.000605373	0.000642257	0.000678487	0.000714026	0.00074884	0.000782892	0.00081615	0.00084858	0.000880149	0.000910826	0.00094058	0.000969382	0.000997203	0.00102401	0.00104979	0.00107451	0.00109813	0.00112065	0.00114204	0.00116227	0.00118133	0.0011992	0.00121586	0.00123129	0.00124547	0.00125841	0.00127007	0.00128045	0.00128954	0.00129733	0.00130382	0.00130899	0.00131284	0.00131537	0.00131657	0.00131645	0.001315	0.00131223	0.00130814	0.00130273	0.00129601	0.00128799	0.00127867	0.00126807	0.00125619	0.00124304	0.00122865	0.00121303	0.00119618	0.00117813	0.00115891	0.00113851	0.00111698	0.00109432	0.00107056	0.00104573	0.00101986	0.000992956	0.000965061	0.000936199	0.0009064	0.000875694	0.000844112	0.000811687	0.00077845	0.000744436	0.00070968	0.000674215	0.00063808	0.000601309	0.000563941	0.000526013	0.000487563	0.000448631	0.000409256	0.000369477	0.000329335	0.000288869	0.000248122	0.000207132	0.000165943	0.000124593	8.31258e-05	4.1581e-05	0	
0	5.02715e-05	0.000100484	0.000150587	0.000200529	0.000250259	0.000299726	0.000348882	0.000397675	0.000446058	0.000493981	0.000541396	0.000588256	0.000634513	0.000680122	0.000725036	0.000769211	0.000812603	0.000855167	0.000896862	0.000937646	0.000977478	0.00101632	0.00105413	0.00109087	0.0011265	0.001161	0.00119432	0.00122643	0.0012573	0.0012869	0.0013152	0.00134217	0.00136779	0.00139202	0.00141485	0.00143625	0.0014562	0.00147468	0.00149167	0.00150716	0.00152112	0.00153356	0.00154445	0.00155378	0.00156154	0.00156773	0.00157235	0.00157538	0.00157682	0.00157667	0.00157494	0.00157162	0.00156672	0.00156024	0.0015522	0.00154259	0.00153143	0.00151873	0.0015045	0.00148876	0.00147152	0.00145281	0.00143263	0.00141102	0.00138799	0.00136356	0.00133777	0.00131063	0.00128218	0.00125245	0.00122145	0.00118924	0.00115583	0.00112126	0.00108557	0.0010488	0.00101097	0.000972136	0.000932329	0.000891592	0.000849965	0.00080749	0.000764212	0.000720173	0.000675418	0.000629992	0.000583942	0.000537315	0.000490156	0.000442514	0.000394436	0.000345972	0.00029717	0.000248078	0.000198746	0.000149223	9.95581e-05	4.98007e-05	0	
0	5.8516e-05	0.000116964	0.000175283	0.000233415	0.000291301	0.000348882	0.000406099	0.000462894	0.000519212	0.000574995	0.000630186	0.000684731	0.000738575	0.000791664	0.000843945	0.000895365	0.000945873	0.000995418	0.00104395	0.00109142	0.00113779	0.001183	0.00122701	0.00126978	0.00131126	0.00135141	0.00139019	0.00142757	0.00146351	0.00149796	0.0015309	0.0015623	0.00159211	0.00162032	0.00164689	0.0016718	0.00169502	0.00171653	0.00173631	0.00175434	0.0017706	0.00178507	0.00179774	0.00180861	0.00181764	0.00182485	0.00183022	0.00183375	0.00183543	0.00183526	0.00183324	0.00182938	0.00182367	0.00181613	0.00180677	0.00179558	0.00178259	0.00176781	0.00175125	0.00173293	0.00171286	0.00169108	0.0016676	0.00164244	0.00161563	0.0015872	0.00155717	0.00152559	0.00149247	0.00145786	0.00142178	0.00138428	0.00134539	0.00130516	0.00126361	0.00122081	0.00117678	0.00113157	0.00108524	0.00103782	0.000989367	0.000939926	0.000889549	0.000838288	0.000786193	0.000733317	0.000679715	0.00062544	0.000570546	0.000515091	0.000459128	0.000402715	0.000345909	0.000288766	0.000231343	0.000173697	0.000115887	5.79687e-05	0	
0	6.66998e-05	0.000133322	0.000199798	0.00026606	0.000332042	0.000397675	0.000462894	0.000527634	0.000591828	0.000655412	0.000718323	0.000780497	0.000841871	0.000902385	0.000961978	0.00102059	0.00107816	0.00113464	0.00118996	0.00124407	0.00129692	0.00134845	0.00139862	0.00144737	0.00149465	0.00154042	0.00158463	0.00162723	0.00166819	0.00170747	0.00174502	0.0017808	0.00181479	0.00184694	0.00187723	0.00190562	0.00193209	0.00195661	0.00197915	0.0019997	0.00201824	0.00203473	0.00204918	0.00206156	0.00207186	0.00208008	0.0020862	0.00209022	0.00209213	0.00209194	0.00208964	0.00208524	0.00207874	0.00207014	0.00205947	0.00204672	0.00203191	0.00201506	0.00199618	0.0019753	0.00195243	0.0019276	0.00190083	0.00187215	0.0018416	0.00180919	0.00177497	0.00173896	0.00170121	0.00166176	0.00162064	0.00157789	0.00153356	0.0014877	0.00144035	0.00139155	0.00134137	0.00128984	0.00123703	0.00118297	0.00112774	0.00107139	0.00101397	0.000955535	0.000896154	0.000835883	0.000774784	0.000712917	0.000650347	0.000587135	0.000523345	0.000459042	0.00039429	0.000329155	0.0002637	0.000197992	0.000132096	6.60768e-05	0	
0	7.48146e-05	0.000149542	0.000224106	0.00029843	0.000372439	0.000446058	0.000519212	0.000591828	0.000663832	0.000735153	0.000805718	0.000875456	0.000944298	0.00101217	0.00107902	0.00114476	0.00120934	0.00127268	0.00133474	0.00139543	0.00145471	0.00151251	0.00156878	0.00162346	0.0016765	0.00172784	0.00177742	0.00182521	0.00187116	0.00191521	0.00195733	0.00199747	0.00203559	0.00207165	0.00210562	0.00213747	0.00216716	0.00219466	0.00221995	0.002243	0.00226379	0.0022823	0.0022985	0.00231239	0.00232394	0.00233316	0.00234002	0.00234453	0.00234668	0.00234646	0.00234388	0.00233895	0.00233165	0.00232201	0.00231004	0.00229574	0.00227913	0.00226023	0.00223906	0.00221563	0.00218998	0.00216213	0.0021321	0.00209994	0.00206566	0.00202931	0.00199093	0.00195054	0.0019082	0.00186394	0.00181782	0.00176987	0.00172015	0.00166871	0.00161559	0.00156086	0.00150457	0.00144678	0.00138754	0.00132691	0.00126496	0.00120175	0.00113734	0.0010718	0.00100519	0.000937586	0.000869053	0.000799659	0.000729476	0.000658573	0.000587022	0.000514895	0.000442265	0.000369204	0.000295786	0.000222083	0.000148169	7.41167e-05	0	
0	8.28523e-05	0.000165608	0.000248183	0.000330492	0.000412452	0.000493981	0.000574995	0.000655412	0.000735153	0.000814136	0.000892282	0.000969513	0.00104575	0.00112092	0.00119495	0.00126775	0.00133927	0.00140942	0.00147814	0.00154536	0.001611	0.00167502	0.00173733	0.00179789	0.00185662	0.00191347	0.00196839	0.00202132	0.0020722	0.00212098	0.00216762	0.00221207	0.00225429	0.00229423	0.00233185	0.00236712	0.0024	0.00243046	0.00245847	0.00248399	0.00250701	0.00252751	0.00254545	0.00256083	0.00257363	0.00258384	0.00259144	0.00259643	0.00259881	0.00259857	0.00259571	0.00259024	0.00258217	0.00257149	0.00255823	0.0025424	0.002524	0.00250307	0.00247962	0.00245368	0.00242528	0.00239443	0.00236118	0.00232556	0.0022876	0.00224735	0.00220483	0.00216011	0.00211322	0.00206421	0.00201313	0.00196003	0.00190497	0.001848	0.00178918	0.00172857	0.00166623	0.00160222	0.00153662	0.00146948	0.00140087	0.00133087	0.00125954	0.00118695	0.00111319	0.00103832	0.000962428	0.000885579	0.000807854	0.000729333	0.000650095	0.000570219	0.000489785	0.000408874	0.000327567	0.000245945	0.000164089	8.20803e-05	0	
0	9.08049e-05	0.000181504	0.000272005	0.000362214	0.000452042	0.000541396	0.000630186	0.000718323	0.000805718	0.000892282	0.00097793	0.00106257	0.00114613	0.00122852	0.00130965	0.00138944	0.00146782	0.00154471	0.00162002	0.00169369	0.00176564	0.0018358	0.0019041	0.00197047	0.00203484	0.00209715	0.00215733	0.00221534	0.0022711	0.00232457	0.00237569	0.00242441	0.00247068	0.00251445	0.00255569	0.00259434	0.00263038	0.00266376	0.00269445	0.00272243	0.00274766	0.00277012	0.00278979	0.00280665	0.00282067	0.00283186	0.00284019	0.00284566	0.00284827	0.00284801	0.00284488	0.00283888	0.00283003	0.00281833	0.0028038	0.00278644	0.00276628	0.00274334	0.00271764	0.00268921	0.00265808	0.00262427	0.00258783	0.00254879	0.00250719	0.00246307	0.00241648	0.00236746	0.00231607	0.00226236	0.00220637	0.00214818	0.00208783	0.00202539	0.00196093	0.0018945	0.00182617	0.00175602	0.00168412	0.00161053	0.00153534	0.00145862	0.00138044	0.00130089	0.00122005	0.001138	0.00105481	0.000970589	0.000885403	0.000799345	0.0007125	0.000624956	0.000536801	0.000448124	0.000359012	0.000269554	0.000179841	8.99597e-05	0	
0	9.86643e-05	0.000197214	0.000295547	0.000393565	0.000491168	0.000588256	0.000684731	0.000780497	0.000875456	0.000969513	0.00106257	0.00115455	0.00124533	0.00133485	0.001423	0.00150971	0.00159487	0.00167841	0.00176025	0.00184029	0.00191847	0.0019947	0.00206891	0.00214102	0.00221096	0.00227867	0.00234407	0.00240709	0.00246768	0.00252578	0.00258132	0.00263426	0.00268453	0.0027321	0.0027769	0.0028189	0.00285805	0.00289433	0.00292768	0.00295808	0.00298549	0.0030099	0.00303127	0.00304958	0.00306483	0.00307698	0.00308603	0.00309198	0.00309481	0.00309452	0.00309112	0.00308461	0.00307499	0.00306228	0.00304649	0.00302763	0.00300573	0.0029808	0.00295288	0.00292199	0.00288816	0.00285143	0.00281183	0.00276941	0.00272421	0.00267627	0.00262565	0.00257239	0.00251655	0.00245818	0.00239735	0.00233412	0.00226855	0.00220071	0.00213066	0.00205848	0.00198425	0.00190802	0.0018299	0.00174994	0.00166824	0.00158488	0.00149993	0.0014135	0.00132566	0.0012365	0.00114612	0.0010546	0.000962045	0.000868538	0.000774176	0.000679054	0.000583268	0.000486914	0.000390089	0.000292888	0.000195408	9.77469e-05	0	
0	0.000106423	0.000212721	0.000318788	0.000424513	0.00052979	0.000634513	0.000738575	0.000841871	0.000944298	0.00104575	0.00114613	0.00124533	0.00134326	0.00143982	0.0015349	0.00162842	0.00172028	0.0018104	0.00189867	0.00198501	0.00206933	0.00215156	0.0022316	0.00230939	0.00238483	0.00245786	0.0025284	0.00259638	0.00266174	0.0027244	0.00278431	0.00284141	0.00289564	0.00294694	0.00299527	0.00304057	0.00308281	0.00312193	0.00315791	0.0031907	0.00322027	0.00324659	0.00326964	0.0032894	0.00330584	0.00331895	0.00332872	0.00333513	0.00333818	0.00333788	0.00333421	0.00332718	0.00331681	0.0033031	0.00328606	0.00326572	0.0032421	0.00321521	0.00318509	0.00315177	0.00311528	0.00307566	0.00303295	0.0029872	0.00293844	0.00288673	0.00283213	0.00277468	0.00271445	0.0026515	0.00258588	0.00251768	0.00244695	0.00237377	0.00229822	0.00222036	0.00214029	0.00205807	0.0019738	0.00188756	0.00179943	0.00170951	0.00161789	0.00152466	0.00142991	0.00133374	0.00123625	0.00113754	0.0010377	0.000936842	0.000835059	0.000732457	0.000629138	0.000525207	0.000420767	0.000315922	0.000210776	0.000105434	0	
0	0.000114072	0.000228012	0.000341702	0.000455027	0.000567872	0.000680122	0.000791664	0.000902385	0.00101217	0.00112092	0.00122852	0.00133485	0.00143982	0.00154331	0.00164523	0.00174548	0.00184394	0.00194053	0.00203515	0.00212769	0.00221808	0.00230622	0.00239202	0.00247539	0.00255626	0.00263453	0.00271015	0.00278302	0.00285307	0.00292024	0.00298446	0.00304566	0.00310379	0.00315878	0.00321058	0.00325914	0.00330441	0.00334635	0.00338491	0.00342005	0.00345175	0.00347997	0.00350468	0.00352585	0.00354347	0.00355753	0.003568	0.00357487	0.00357814	0.00357781	0.00357388	0.00356635	0.00355523	0.00354054	0.00352228	0.00350048	0.00347515	0.00344633	0.00341405	0.00337833	0.00333922	0.00329675	0.00325097	0.00320193	0.00314967	0.00309424	0.00303571	0.00297414	0.00290958	0.0028421	0.00277177	0.00269866	0.00262285	0.00254441	0.00246343	0.00237998	0.00229414	0.00220602	0.00211569	0.00202325	0.00192879	0.0018324	0.0017342	0.00163426	0.0015327	0.00142962	0.00132512	0.00121931	0.0011123	0.00100419	0.000895089	0.000785111	0.000674365	0.000562963	0.000451015	0.000338633	0.000225928	0.000113014	0	
0	0.000121605	0.000243069	0.000364267	0.000485076	0.000605373	0.000725036	0.000843945	0.000961978	0.00107902	0.00119495	0.00130965	0.001423	0.0015349	0.00164523	0.00175389	0.00186075	0.00196572	0.00206868	0.00216955	0.00226821	0.00236456	0.00245852	0.00254999	0.00263887	0.00272507	0.00280852	0.00288913	0.00296681	0.00304149	0.0031131	0.00318156	0.0032468	0.00330876	0.00336739	0.00342261	0.00347438	0.00352264	0.00356734	0.00360845	0.00364592	0.00367971	0.00370979	0.00373613	0.00375871	0.00377749	0.00379247	0.00380363	0.00381096	0.00381445	0.0038141	0.00380991	0.00380188	0.00379003	0.00377436	0.0037549	0.00373166	0.00370466	0.00367394	0.00363952	0.00360145	0.00355975	0.00351448	0.00346568	0.00341339	0.00335768	0.0032986	0.0032362	0.00317056	0.00310173	0.0030298	0.00295483	0.00287689	0.00279607	0.00271245	0.00262612	0.00253716	0.00244566	0.00235171	0.00225542	0.00215687	0.00205617	0.00195342	0.00184873	0.00174219	0.00163393	0.00152404	0.00141264	0.00129984	0.00118576	0.00107051	0.000954206	0.000836964	0.000718905	0.000600144	0.000480803	0.000360998	0.00024085	0.000120478	0	
0	0.000129014	0.000257879	0.000386461	0.000514631	0.000642257	0.000769211	0.000895365	0.00102059	0.00114476	0.00126775	0.00138944	0.00150971	0.00162842	0.00174548	0.00186075	0.00197412	0.00208549	0.00219473	0.00230174	0.00240641	0.00250864	0.00260832	0.00270536	0.00279965	0.00289111	0.00297965	0.00306516	0.00314758	0.00322681	0.00330278	0.00337541	0.00344463	0.00351037	0.00357257	0.00363115	0.00368607	0.00373728	0.00378471	0.00382832	0.00386807	0.00390392	0.00393583	0.00396378	0.00398773	0.00400766	0.00402355	0.00403539	0.00404317	0.00404687	0.0040465	0.00404205	0.00403354	0.00402096	0.00400434	0.00398369	0.00395903	0.00393039	0.0038978	0.00386129	0.00382089	0.00377666	0.00372863	0.00367685	0.00362138	0.00356227	0.00349959	0.00343339	0.00336375	0.00329073	0.00321441	0.00313487	0.00305219	0.00296645	0.00287773	0.00278614	0.00269175	0.00259468	0.00249501	0.00239285	0.0022883	0.00218146	0.00207245	0.00196138	0.00184835	0.00173349	0.00161691	0.00149872	0.00137905	0.00125802	0.00113574	0.00101235	0.000887965	0.000762711	0.000636714	0.000510101	0.000382996	0.000255527	0.000127819	0	
0	0.000136292	0.000272425	0.000408261	0.000543661	0.000678487	0.000812603	0.000945873	0.00107816	0.00120934	0.00133927	0.00146782	0.00159487	0.00172028	0.00184394	0.00196572	0.00208549	0.00220313	0.00231854	0.00243158	0.00254216	0.00265015	0.00275546	0.00285797	0.00295759	0.00305421	0.00314774	0.00323808	0.00332514	0.00340884	0.0034891	0.00356583	0.00363895	0.0037084	0.0037741	0.003836	0.00389402	0.00394811	0.00399821	0.00404429	0.00408628	0.00412415	0.00415787	0.00418739	0.00421269	0.00423375	0.00425054	0.00426305	0.00427126	0.00427517	0.00427478	0.00427008	0.00426109	0.0042478	0.00423024	0.00420843	0.00418238	0.00415212	0.00411769	0.00407912	0.00403644	0.00398971	0.00393897	0.00388428	0.00382568	0.00376324	0.00369702	0.00362708	0.00355351	0.00347638	0.00339575	0.00331172	0.00322438	0.0031338	0.00304008	0.00294332	0.00284361	0.00274106	0.00263577	0.00252784	0.00241739	0.00230453	0.00218937	0.00207203	0.00195263	0.00183129	0.00170813	0.00158327	0.00145685	0.00132899	0.00119982	0.00106946	0.000938061	0.000805741	0.000672636	0.000538879	0.000404604	0.000269943	0.000135031	0	
0	0.000143431	0.000286695	0.000429646	0.000572138	0.000714026	0.000855167	0.000995418	0.00113464	0.00127268	0.00140942	0.00154471	0.00167841	0.0018104	0.00194053	0.00206868	0.00219473	0.00231854	0.00243999	0.00255895	0.00267532	0.00278898	0.0028998	0.00300768	0.00311251	0.0032142	0.00331262	0.0034077	0.00349932	0.00358741	0.00367187	0.00375261	0.00382957	0.00390266	0.0039718	0.00403694	0.004098	0.00415492	0.00420765	0.00425614	0.00430033	0.00434019	0.00437567	0.00440674	0.00443337	0.00445553	0.0044732	0.00448636	0.004495	0.00449912	0.00449871	0.00449376	0.0044843	0.00447032	0.00445184	0.00442888	0.00440147	0.00436963	0.00433339	0.0042928	0.00424789	0.00419871	0.00414531	0.00408775	0.00402608	0.00396037	0.00389068	0.00381709	0.00373966	0.00365848	0.00357364	0.00348521	0.00339328	0.00329796	0.00319933	0.0030975	0.00299257	0.00288465	0.00277384	0.00266026	0.00254403	0.00242525	0.00230406	0.00218058	0.00205492	0.00192722	0.00179761	0.00166621	0.00153317	0.00139861	0.00126267	0.00112549	0.000987203	0.000847951	0.000707874	0.000567109	0.0004258	0.000284085	0.000142105	0	
0	0.000150424	0.000300673	0.000450594	0.000600033	0.00074884	0.000896862	0.00104395	0.00118996	0.00133474	0.00147814	0.00162002	0.00176025	0.00189867	0.00203515	0.00216955	0.00230174	0.00243158	0.00255895	0.00268372	0.00280577	0.00292496	0.00304119	0.00315433	0.00326428	0.00337091	0.00347414	0.00357385	0.00366994	0.00376232	0.0038509	0.00393559	0.0040163	0.00409295	0.00416546	0.00423377	0.00429781	0.00435751	0.00441281	0.00446366	0.00451001	0.00455181	0.00458902	0.00462161	0.00464953	0.00467277	0.00469131	0.00470511	0.00471418	0.00471849	0.00471806	0.00471288	0.00470295	0.00468829	0.00466891	0.00464483	0.00461608	0.00458269	0.00454469	0.00450211	0.00445502	0.00440344	0.00434744	0.00428707	0.0042224	0.00415348	0.00408039	0.00400321	0.00392201	0.00383687	0.00374789	0.00365515	0.00355874	0.00345877	0.00335533	0.00324854	0.00313849	0.00302531	0.0029091	0.00278998	0.00266808	0.00254351	0.00241641	0.0022869	0.00215512	0.00202119	0.00188526	0.00174746	0.00160793	0.00146681	0.00132424	0.00118037	0.00103534	0.0008893	0.000742391	0.000594763	0.000446563	0.000297937	0.000149034	0	
0	0.000157264	0.000314346	0.000471084	0.000627319	0.000782892	0.000937646	0.00109142	0.00124407	0.00139543	0.00154536	0.00169369	0.00184029	0.00198501	0.00212769	0.00226821	0.00240641	0.00254216	0.00267532	0.00280577	0.00293336	0.00305797	0.00317949	0.00329777	0.00341272	0.00352421	0.00363213	0.00373637	0.00383684	0.00393342	0.00402603	0.00411456	0.00419894	0.00427908	0.00435489	0.00442631	0.00449326	0.00455567	0.00461349	0.00466666	0.00471511	0.00475881	0.00479772	0.00483178	0.00486098	0.00488528	0.00490465	0.00491908	0.00492856	0.00493308	0.00493262	0.0049272	0.00491683	0.0049015	0.00488124	0.00485606	0.00482601	0.0047911	0.00475137	0.00470686	0.00465762	0.0046037	0.00454515	0.00448204	0.00441442	0.00434237	0.00426596	0.00418527	0.00410037	0.00401137	0.00391834	0.00382138	0.00372059	0.00361607	0.00350793	0.00339628	0.00328123	0.00316289	0.0030414	0.00291686	0.00278942	0.00265919	0.00252631	0.00239091	0.00225313	0.00211312	0.001971	0.00182693	0.00168106	0.00153352	0.00138447	0.00123405	0.00108243	0.000929745	0.000776155	0.000621813	0.000466873	0.000311488	0.000155812	0	
0	0.000163945	0.000327699	0.000491096	0.000653968	0.00081615	0.000977478	0.00113779	0.00129692	0.00145471	0.001611	0.00176564	0.00191847	0.00206933	0.00221808	0.00236456	0.00250864	0.00265015	0.00278898	0.00292496	0.00305797	0.00318788	0.00331456	0.00343787	0.0035577	0.00367393	0.00378643	0.0038951	0.00399983	0.00410052	0.00419706	0.00428936	0.00437732	0.00446086	0.0045399	0.00461435	0.00468415	0.00474921	0.00480949	0.00486491	0.00491542	0.00496098	0.00500154	0.00503705	0.00506749	0.00509282	0.00511302	0.00512806	0.00513794	0.00514265	0.00514218	0.00513653	0.00512571	0.00510973	0.00508861	0.00506237	0.00503103	0.00499464	0.00495322	0.00490682	0.00485549	0.00479928	0.00473825	0.00467245	0.00460196	0.00452685	0.00444719	0.00436307	0.00427457	0.00418179	0.0040848	0.00398372	0.00387865	0.00376969	0.00365696	0.00354057	0.00342063	0.00329727	0.00317061	0.00304079	0.00290792	0.00277216	0.00263364	0.00249249	0.00234886	0.00220289	0.00205474	0.00190455	0.00175248	0.00159867	0.00144329	0.00128648	0.00112842	0.000969246	0.000809131	0.000648232	0.000486709	0.000324722	0.000162432	0	
0	0.000170459	0.00034072	0.000510609	0.000679953	0.00084858	0.00101632	0.001183	0.00134845	0.00151251	0.00167502	0.0018358	0.0019947	0.00215156	0.00230622	0.00245852	0.00260832	0.00275546	0.0028998	0.00304119	0.00317949	0.00331456	0.00344627	0.00357448	0.00369907	0.00381991	0.00393689	0.00404988	0.00415877	0.00426346	0.00436384	0.0044598	0.00455126	0.00463812	0.0047203	0.00479771	0.00487028	0.00493793	0.0050006	0.00505823	0.00511075	0.00515812	0.00520029	0.00523721	0.00526886	0.00529519	0.00531619	0.00533184	0.00534211	0.00534701	0.00534652	0.00534064	0.00532939	0.00531278	0.00529082	0.00526354	0.00523096	0.00519312	0.00515005	0.00510181	0.00504844	0.00498999	0.00492653	0.00485812	0.00478483	0.00470674	0.00462392	0.00453645	0.00444444	0.00434796	0.00424713	0.00414203	0.00403278	0.0039195	0.00380228	0.00368126	0.00355656	0.0034283	0.00329661	0.00316162	0.00302348	0.00288233	0.0027383	0.00259154	0.0024422	0.00229043	0.0021364	0.00198024	0.00182212	0.0016622	0.00150064	0.00133761	0.00117326	0.00100776	0.000841287	0.000673993	0.000506051	0.000337627	0.000168887	0	
0	0.0001768	0.000353396	0.000529605	0.000705249	0.000880149	0.00105413	0.00122701	0.00139862	0.00156878	0.00173733	0.0019041	0.00206891	0.0022316	0.00239202	0.00254999	0.00270536	0.00285797	0.00300768	0.00315433	0.00329777	0.00343787	0.00357448	0.00370746	0.00383669	0.00396203	0.00408336	0.00420055	0.0043135	0.00442208	0.00452619	0.00462573	0.00472059	0.00481068	0.00489592	0.00497621	0.00505148	0.00512165	0.00518665	0.00524642	0.00530089	0.00535002	0.00539376	0.00543206	0.00546488	0.0054922	0.00551398	0.00553021	0.00554087	0.00554594	0.00554543	0.00553934	0.00552767	0.00551044	0.00548766	0.00545937	0.00542557	0.00538633	0.00534166	0.00529162	0.00523627	0.00517565	0.00510983	0.00503887	0.00496286	0.00488186	0.00479595	0.00470524	0.0046098	0.00450973	0.00440514	0.00429614	0.00418283	0.00406533	0.00394375	0.00381823	0.00368888	0.00355585	0.00341926	0.00327926	0.00313598	0.00298957	0.00284018	0.00268796	0.00253307	0.00237565	0.00221588	0.00205392	0.00188992	0.00172405	0.00155648	0.00138738	0.00121691	0.00104526	0.000872589	0.000699071	0.00052488	0.000350189	0.000175171	0	
0	0.000182963	0.000365713	0.000548064	0.00072983	0.000910826	0.00109087	0.00126978	0.00144737	0.00162346	0.00179789	0.00197047	0.00214102	0.00230939	0.00247539	0.00263887	0.00279965	0.00295759	0.00311251	0.00326428	0.00341272	0.0035577	0.00369907	0.00383669	0.00397042	0.00410013	0.00422569	0.00434697	0.00446385	0.00457622	0.00468396	0.00478696	0.00488513	0.00497836	0.00506657	0.00514966	0.00522755	0.00530017	0.00536743	0.00542929	0.00548566	0.00553651	0.00558177	0.0056214	0.00565537	0.00568364	0.00570618	0.00572297	0.005734	0.00573926	0.00573873	0.00573243	0.00572035	0.00570252	0.00567895	0.00564966	0.00561469	0.00557408	0.00552786	0.00547608	0.00541879	0.00535606	0.00528794	0.00521451	0.00513585	0.00505202	0.00496313	0.00486925	0.00477048	0.00466693	0.0045587	0.00444589	0.00432863	0.00420703	0.00408122	0.00395132	0.00381747	0.0036798	0.00353845	0.00339356	0.00324529	0.00309378	0.00293918	0.00278166	0.00262136	0.00245847	0.00229313	0.00212551	0.0019558	0.00178415	0.00161074	0.00143574	0.00125933	0.0010817	0.000903007	0.00072344	0.000543177	0.000362396	0.000181278	0	
0	0.00018894	0.00037766	0.000565968	0.000753671	0.00094058	0.0011265	0.00131126	0.00149465	0.0016765	0.00185662	0.00203484	0.00221096	0.00238483	0.00255626	0.00272507	0.00289111	0.00305421	0.0032142	0.00337091	0.00352421	0.00367393	0.00381991	0.00396203	0.00410013	0.00423408	0.00436374	0.00448898	0.00460968	0.00472572	0.00483698	0.00494335	0.00504472	0.005141	0.00523209	0.0053179	0.00539833	0.00547332	0.00554279	0.00560666	0.00566488	0.00571738	0.00576412	0.00580505	0.00584013	0.00586932	0.0058926	0.00590994	0.00592133	0.00592676	0.00592621	0.0059197	0.00590723	0.00588882	0.00586448	0.00583424	0.00579813	0.00575618	0.00570845	0.00565498	0.00559582	0.00553104	0.0054607	0.00538487	0.00530364	0.00521708	0.00512528	0.00502833	0.00492634	0.0048194	0.00470763	0.00459114	0.00447005	0.00434448	0.00421456	0.00408042	0.00394219	0.00380002	0.00365405	0.00350444	0.00335132	0.00319486	0.00303521	0.00287254	0.00270701	0.00253879	0.00236805	0.00219496	0.0020197	0.00184244	0.00166336	0.00148265	0.00130048	0.00111704	0.00093251	0.000747077	0.000560924	0.000374237	0.000187201	0	
0	0.000194725	0.000389224	0.000583298	0.00077675	0.000969382	0.001161	0.00135141	0.00154042	0.00172784	0.00191347	0.00209715	0.00227867	0.00245786	0.00263453	0.00280852	0.00297965	0.00314774	0.00331262	0.00347414	0.00363213	0.00378643	0.00393689	0.00408336	0.00422569	0.00436374	0.00449737	0.00462644	0.00475084	0.00487043	0.0049851	0.00509473	0.00519921	0.00529844	0.00539231	0.00548075	0.00556365	0.00564093	0.00571252	0.00577835	0.00583835	0.00589247	0.00594064	0.00598282	0.00601897	0.00604906	0.00607305	0.00609093	0.00610266	0.00610826	0.0061077	0.00610099	0.00608814	0.00606916	0.00604407	0.00601291	0.00597569	0.00593246	0.00588327	0.00582816	0.00576719	0.00570043	0.00562793	0.00554978	0.00546606	0.00537685	0.00528223	0.00518232	0.0050772	0.00496699	0.0048518	0.00473175	0.00460695	0.00447753	0.00434363	0.00420538	0.00406292	0.0039164	0.00376596	0.00361176	0.00345395	0.0032927	0.00312816	0.00296051	0.00278991	0.00261654	0.00244057	0.00226218	0.00208155	0.00189886	0.0017143	0.00152806	0.00134031	0.00115125	0.00096107	0.000769957	0.000578103	0.000385699	0.000192934	0	
0	0.000200314	0.000400395	0.000600038	0.000799042	0.000997203	0.00119432	0.00139019	0.00158463	0.00177742	0.00196839	0.00215733	0.00234407	0.0025284	0.00271015	0.00288913	0.00306516	0.00323808	0.0034077	0.00357385	0.00373637	0.0038951	0.00404988	0.00420055	0.00434697	0.00448898	0.00462644	0.00475923	0.00488719	0.00501022	0.00512818	0.00524095	0.00534843	0.00545051	0.00554708	0.00563805	0.00572333	0.00580283	0.00587648	0.0059442	0.00600592	0.00606159	0.00611114	0.00615454	0.00619173	0.00622268	0.00624736	0.00626575	0.00627782	0.00628357	0.006283	0.0062761	0.00626288	0.00624335	0.00621755	0.00618549	0.0061472	0.00610274	0.00605213	0.00599544	0.00593272	0.00586404	0.00578947	0.00570907	0.00562295	0.00553117	0.00543385	0.00533106	0.00522293	0.00510956	0.00499106	0.00486756	0.00473918	0.00460605	0.0044683	0.00432609	0.00417954	0.00402881	0.00387405	0.00371543	0.00355309	0.00338721	0.00321795	0.00304549	0.00286999	0.00269164	0.00251062	0.00232711	0.0021413	0.00195337	0.00176351	0.00157192	0.00137878	0.0011843	0.000988656	0.000792058	0.000594697	0.00039677	0.000198472	0	
0	0.000205699	0.00041116	0.000616172	0.000820526	0.00102401	0.00122643	0.00142757	0.00162723	0.00182521	0.00202132	0.00221534	0.00240709	0.00259638	0.00278302	0.00296681	0.00314758	0.00332514	0.00349932	0.00366994	0.00383684	0.00399983	0.00415877	0.0043135	0.00446385	0.00460968	0.00475084	0.00488719	0.0050186	0.00514494	0.00526607	0.00538187	0.00549224	0.00559707	0.00569623	0.00578965	0.00587722	0.00595886	0.00603449	0.00610403	0.00616742	0.00622458	0.00627547	0.00632003	0.00635822	0.00639	0.00641534	0.00643423	0.00644663	0.00645253	0.00645194	0.00644486	0.00643128	0.00641123	0.00638473	0.00635181	0.0063125	0.00626683	0.00621487	0.00615665	0.00609225	0.00602172	0.00594514	0.00586259	0.00577415	0.00567991	0.00557996	0.00547442	0.00536338	0.00524695	0.00512527	0.00499845	0.00486661	0.0047299	0.00458846	0.00444241	0.00429193	0.00413715	0.00397823	0.00381534	0.00364864	0.00347829	0.00330448	0.00312738	0.00294717	0.00276402	0.00257814	0.00238969	0.00219888	0.0020059	0.00181093	0.00161419	0.00141586	0.00121614	0.00101524	0.000813358	0.00061069	0.00040744	0.000203809	0	
0	0.000210877	0.000421509	0.000631681	0.00084118	0.00104979	0.0012573	0.00146351	0.00166819	0.00187116	0.0020722	0.0022711	0.00246768	0.00266174	0.00285307	0.00304149	0.00322681	0.00340884	0.00358741	0.00376232	0.00393342	0.00410052	0.00426346	0.00442208	0.00457622	0.00472572	0.00487043	0.00501022	0.00514494	0.00527445	0.00539863	0.00551735	0.0056305	0.00573796	0.00583963	0.00593539	0.00602517	0.00610887	0.0061864	0.00625769	0.00632267	0.00638127	0.00643344	0.00647912	0.00651828	0.00655086	0.00657684	0.0065962	0.00660891	0.00661497	0.00661436	0.0066071	0.00659318	0.00657263	0.00654546	0.00651171	0.00647141	0.0064246	0.00637132	0.00631164	0.00624562	0.00617331	0.00609481	0.00601017	0.00591951	0.00582289	0.00572043	0.00561223	0.0054984	0.00537904	0.0052543	0.00512428	0.00498913	0.00484898	0.00470397	0.00455425	0.00439997	0.0042413	0.00407838	0.00391139	0.00374049	0.00356586	0.00338767	0.00320611	0.00302136	0.00283361	0.00264304	0.00244985	0.00225424	0.0020564	0.00185652	0.00165483	0.0014515	0.00124676	0.0010408	0.000833835	0.000626064	0.000417697	0.000208941	0	
0	0.000215841	0.000431433	0.000646553	0.000860983	0.00107451	0.0012869	0.00149796	0.00170747	0.00191521	0.00212098	0.00232457	0.00252578	0.0027244	0.00292024	0.0031131	0.00330278	0.0034891	0.00367187	0.0038509	0.00402603	0.00419706	0.00436384	0.00452619	0.00468396	0.00483698	0.0049851	0.00512818	0.00526607	0.00539863	0.00552573	0.00564725	0.00576306	0.00587305	0.00597711	0.00607514	0.00616703	0.0062527	0.00633205	0.00640502	0.00647153	0.00653151	0.00658491	0.00663167	0.00667174	0.0067051	0.00673169	0.0067515	0.00676451	0.00677071	0.00677009	0.00676266	0.00674842	0.00672738	0.00669957	0.00666503	0.00662378	0.00657586	0.00652133	0.00646025	0.00639267	0.00631866	0.00623831	0.00615168	0.00605888	0.00595999	0.00585512	0.00574437	0.00562786	0.00550569	0.00537801	0.00524493	0.0051066	0.00496315	0.00481473	0.00466148	0.00450357	0.00434116	0.00417441	0.00400348	0.00382856	0.00364982	0.00346744	0.0032816	0.0030925	0.00290033	0.00270527	0.00250754	0.00230732	0.00210482	0.00190024	0.00169379	0.00148568	0.00127612	0.00106531	0.000853469	0.000640806	0.000427533	0.00021386	0	
0	0.000220588	0.00044092	0.00066077	0.000879916	0.00109813	0.0013152	0.0015309	0.00174502	0.00195733	0.00216762	0.00237569	0.00258132	0.00278431	0.00298446	0.00318156	0.00337541	0.00356583	0.00375261	0.00393559	0.00411456	0.00428936	0.0044598	0.00462573	0.00478696	0.00494335	0.00509473	0.00524095	0.00538187	0.00551735	0.00564725	0.00577144	0.0058898	0.00600221	0.00610856	0.00620874	0.00630265	0.0063902	0.00647131	0.00654588	0.00661385	0.00667516	0.00672973	0.00677751	0.00681847	0.00685255	0.00687973	0.00689998	0.00691328	0.00691962	0.00691898	0.00691138	0.00689683	0.00687533	0.00684691	0.00681161	0.00676945	0.00672048	0.00666475	0.00660232	0.00653326	0.00645763	0.0063755	0.00628698	0.00619213	0.00609107	0.00598389	0.00587071	0.00575163	0.00562678	0.00549629	0.00536028	0.00521891	0.0050723	0.00492062	0.004764	0.00460262	0.00443664	0.00426622	0.00409153	0.00391277	0.00373009	0.0035437	0.00335378	0.00316052	0.00296412	0.00276477	0.00256269	0.00235806	0.00215111	0.00194203	0.00173104	0.00151836	0.00130418	0.00108874	0.00087224	0.0006549	0.000436936	0.000218564	0	
0	0.000225111	0.000449961	0.00067432	0.00089796	0.00112065	0.00134217	0.0015623	0.0017808	0.00199747	0.00221207	0.00242441	0.00263426	0.00284141	0.00304566	0.0032468	0.00344463	0.00363895	0.00382957	0.0040163	0.00419894	0.00437732	0.00455126	0.00472059	0.00488513	0.00504472	0.00519921	0.00534843	0.00549224	0.0056305	0.00576306	0.0058898	0.00601059	0.00612531	0.00623383	0.00633607	0.00643191	0.00652125	0.00660402	0.00668012	0.00674949	0.00681205	0.00686774	0.00691651	0.0069583	0.00699309	0.00702083	0.00704149	0.00705506	0.00706153	0.00706088	0.00705313	0.00703827	0.00701633	0.00698733	0.0069513	0.00690828	0.00685831	0.00680144	0.00673773	0.00666725	0.00659006	0.00650626	0.00641591	0.00631913	0.00621599	0.00610661	0.00599111	0.00586959	0.00574218	0.00560901	0.00547022	0.00532594	0.00517633	0.00502153	0.00486171	0.00469702	0.00452763	0.00435372	0.00417545	0.00399301	0.0038066	0.00361638	0.00342256	0.00322534	0.00302491	0.00282148	0.00261525	0.00240643	0.00219523	0.00198186	0.00176655	0.0015495	0.00133093	0.00111107	0.000890131	0.000668333	0.000445898	0.000223047	0	
0	0.000229407	0.000458548	0.000687189	0.000915097	0.00114204	0.00136779	0.00159211	0.00181479	0.00203559	0.00225429	0.00247068	0.00268453	0.00289564	0.00310379	0.00330876	0.00351037	0.0037084	0.00390266	0.00409295	0.00427908	0.00446086	0.00463812	0.00481068	0.00497836	0.005141	0.00529844	0.00545051	0.00559707	0.00573796	0.00587305	0.00600221	0.00612531	0.00624221	0.00635281	0.006457	0.00655466	0.00664572	0.00673006	0.00680762	0.00687831	0.00694206	0.00699882	0.00704852	0.00709111	0.00712656	0.00715482	0.00717588	0.00718971	0.0071963	0.00719565	0.00718774	0.00717261	0.00715025	0.0071207	0.00708398	0.00704013	0.00698921	0.00693125	0.00686633	0.0067945	0.00671585	0.00663044	0.00653837	0.00643974	0.00633463	0.00622317	0.00610546	0.00598162	0.00585178	0.00571607	0.00557463	0.0054276	0.00527513	0.00511738	0.00495451	0.00478667	0.00461405	0.00443682	0.00425515	0.00406923	0.00387925	0.00368541	0.00348789	0.0032869	0.00308265	0.00287533	0.00266517	0.00245236	0.00223713	0.00201969	0.00180027	0.00157908	0.00135634	0.00113228	0.000907122	0.00068109	0.00045441	0.000227305	0	
0	0.000233472	0.000466672	0.000699364	0.000931309	0.00116227	0.00139202	0.00162032	0.00184694	0.00207165	0.00229423	0.00251445	0.0027321	0.00294694	0.00315878	0.00336739	0.00357257	0.0037741	0.0039718	0.00416546	0.00435489	0.0045399	0.0047203	0.00489592	0.00506657	0.00523209	0.00539231	0.00554708	0.00569623	0.00583963	0.00597711	0.00610856	0.00623383	0.00635281	0.00646537	0.0065714	0.0066708	0.00676347	0.00684931	0.00692824	0.00700018	0.00706507	0.00712283	0.00717341	0.00721675	0.00725283	0.0072816	0.00730303	0.00731711	0.00732381	0.00732314	0.0073151	0.0072997	0.00727694	0.00724687	0.0072095	0.00716488	0.00711305	0.00705407	0.00698799	0.00691489	0.00683484	0.00674793	0.00665423	0.00655384	0.00644688	0.00633344	0.00621364	0.00608761	0.00595547	0.00581736	0.00567341	0.00552377	0.00536861	0.00520806	0.0050423	0.00487149	0.00469581	0.00451543	0.00433055	0.00414134	0.00394799	0.00375071	0.0035497	0.00334515	0.00313727	0.00292629	0.00271239	0.00249582	0.00227677	0.00205548	0.00183217	0.00160706	0.00138037	0.00115234	0.000923197	0.00069316	0.000462462	0.000231333	0	
0	0.0002373	0.000474325	0.000710832	0.000946581	0.00118133	0.00141485	0.00164689	0.00187723	0.00210562	0.00233185	0.00255569	0.0027769	0.00299527	0.00321058	0.00342261	0.00363115	0.003836	0.00403694	0.00423377	0.00442631	0.00461435	0.00479771	0.00497621	0.00514966	0.0053179	0.00548075	0.00563805	0.00578965	0.00593539	0.00607514	0.00620874	0.00633607	0.006457	0.0065714	0.00667917	0.0067802	0.00687439	0.00696164	0.00704186	0.00711499	0.00718094	0.00723964	0.00729105	0.00733511	0.00737178	0.00740102	0.0074228	0.00743711	0.00744393	0.00744325	0.00743507	0.00741941	0.00739629	0.00736572	0.00732774	0.00728239	0.00722971	0.00716976	0.0071026	0.0070283	0.00694694	0.0068586	0.00676336	0.00666133	0.00655261	0.00643731	0.00631555	0.00618745	0.00605315	0.00591277	0.00576646	0.00561437	0.00545666	0.00529348	0.005125	0.00495139	0.00477283	0.00458949	0.00440158	0.00420926	0.00401275	0.00381223	0.00360792	0.00340002	0.00318873	0.00297428	0.00275688	0.00253675	0.00231412	0.0020892	0.00186222	0.00163342	0.00140302	0.00117125	0.000938339	0.000704529	0.000470048	0.000235127	0	
0	0.000240889	0.000481499	0.000721583	0.000960898	0.0011992	0.00143625	0.0016718	0.00190562	0.00213747	0.00236712	0.00259434	0.0028189	0.00304057	0.00325914	0.00347438	0.00368607	0.00389402	0.004098	0.00429781	0.00449326	0.00468415	0.00487028	0.00505148	0.00522755	0.00539833	0.00556365	0.00572333	0.00587722	0.00602517	0.00616703	0.00630265	0.00643191	0.00655466	0.0066708	0.0067802	0.00688276	0.00697837	0.00706694	0.00714838	0.00722261	0.00728955	0.00734915	0.00740134	0.00744606	0.00748329	0.00751297	0.00753508	0.00754961	0.00755653	0.00755584	0.00754754	0.00753164	0.00750817	0.00747714	0.00743858	0.00739254	0.00733907	0.00727822	0.00721004	0.00713462	0.00705203	0.00696235	0.00686567	0.0067621	0.00665173	0.00653469	0.00641109	0.00628105	0.00614471	0.00600221	0.00585369	0.0056993	0.0055392	0.00537355	0.00520253	0.00502629	0.00484503	0.00465892	0.00446816	0.00427294	0.00407345	0.0038699	0.0036625	0.00345145	0.00323697	0.00301928	0.00279859	0.00257513	0.00234913	0.0021208	0.00189039	0.00165813	0.00142424	0.00118896	0.000952535	0.000715188	0.000477159	0.000238684	0	
