0	0	0	0	0	0	0	0	0	0	0	0	0	0	0	0	0	0	0	0	0	0	0	0	0	0	0	0	0	0	0	0	0	0	0	0	0	0	0	0	0	0	0	0	0	0	0	0	0	0	0	0	0	0	0	0	0	0	0	0	0	0	0	0	0	0	0	0	0	0	0	0	0	0	0	0	0	0	0	0	0	0	0	0	0	0	0	0	0	0	0	0	0	0	0	0	0	0	0	0	
0	7.24008e-06	1.44715e-05	2.16868e-05	2.88788e-05	3.60399e-05	4.31632e-05	5.02412e-05	5.72669e-05	6.42332e-05	7.11332e-05	7.79598e-05	8.47063e-05	9.13659e-05	9.79319e-05	0.000104398	0.000110757	0.000117003	0.00012313	0.000129132	0.000135002	0.000140736	0.000146326	0.000151768	0.000157055	0.000162184	0.000167148	0.000171943	0.000176564	0.000181007	0.000185266	0.000189338	0.000193218	0.000196903	0.00020039	0.000203673	0.000206752	0.000209621	0.000212279	0.000214723	0.00021695	0.000218958	0.000220745	0.00022231	0.000223651	0.000224766	0.000225655	0.000226316	0.00022675	0.000226955	0.000226931	0.000226679	0.000226199	0.000225492	0.000224557	0.000223396	0.000222011	0.000220402	0.000218572	0.000216522	0.000214255	0.000211772	0.000209076	0.00020617	0.000203057	0.000199741	0.000196224	0.00019251	0.000188603	0.000184506	0.000180225	0.000175763	0.000171125	0.000166316	0.00016134	0.000156203	0.000150909	0.000145465	0.000139875	0.000134146	0.000128283	0.000122292	0.000116179	0.000109951	0.000103613	9.71727e-05	9.0636e-05	8.40097e-05	7.73003e-05	7.05148e-05	6.366e-05	5.67427e-05	4.977e-05	4.27488e-05	3.56863e-05	2.85894e-05	2.14653e-05	1.43209e-05	7.16349e-06	0	
0	1.44715e-05	2.89257e-05	4.33477e-05	5.7723e-05	7.20369e-05	8.62749e-05	0.000100423	0.000114466	0.00012839	0.000142182	0.000155827	0.000169312	0.000182623	0.000195747	0.000208672	0.000221383	0.000233868	0.000246115	0.000258111	0.000269845	0.000281304	0.000292478	0.000303355	0.000313925	0.000324176	0.000334099	0.000343683	0.00035292	0.000361799	0.000370312	0.000378451	0.000386208	0.000393574	0.000400542	0.000407106	0.000413258	0.000418994	0.000424307	0.000429191	0.000433642	0.000437657	0.000441229	0.000444357	0.000447037	0.000449266	0.000451043	0.000452365	0.000453231	0.000453641	0.000453595	0.000453091	0.000452131	0.000450717	0.000448848	0.000446529	0.00044376	0.000440544	0.000436886	0.000432789	0.000428256	0.000423293	0.000417905	0.000412097	0.000405875	0.000399246	0.000392216	0.000384792	0.000376983	0.000368795	0.000360237	0.000351319	0.000342048	0.000332435	0.000322489	0.000312221	0.00030164	0.000290758	0.000279585	0.000268133	0.000256414	0.000244439	0.000232221	0.000219772	0.000207104	0.000194231	0.000181165	0.000167921	0.00015451	0.000140947	0.000127245	0.000113419	9.94817e-05	8.54476e-05	7.13308e-05	5.71454e-05	4.29054e-05	2.86251e-05	1.43186e-05	0	
0	2.16868e-05	4.33477e-05	6.49606e-05	8.65033e-05	0.000107954	0.000129291	0.000150493	0.000171538	0.000192405	0.000213073	0.000233522	0.00025373	0.000273679	0.000293347	0.000312715	0.000331763	0.000350474	0.000368827	0.000386805	0.000404389	0.000421562	0.000438308	0.000454608	0.000470448	0.00048581	0.00050068	0.000515044	0.000528885	0.000542192	0.00055495	0.000567147	0.000578771	0.00058981	0.000600252	0.000610089	0.000619309	0.000627905	0.000635866	0.000643186	0.000649857	0.000655872	0.000661227	0.000665914	0.00066993	0.000673271	0.000675933	0.000677915	0.000679213	0.000679828	0.000679757	0.000679003	0.000677565	0.000675445	0.000672645	0.000669169	0.000665019	0.000660201	0.000654718	0.000648578	0.000641785	0.000634348	0.000626273	0.00061757	0.000608246	0.000598311	0.000587776	0.000576651	0.000564947	0.000552677	0.000539853	0.000526487	0.000512595	0.000498188	0.000483284	0.000467895	0.000452039	0.000435731	0.000418987	0.000401826	0.000384263	0.000366318	0.000348008	0.000329351	0.000310368	0.000291076	0.000271496	0.000251647	0.00023155	0.000211224	0.000190691	0.00016997	0.000149084	0.000128053	0.000106897	8.56387e-05	6.42986e-05	4.2898e-05	2.14581e-05	0	
0	2.88788e-05	5.7723e-05	8.65033e-05	0.00011519	0.000143755	0.000172168	0.0002004	0.000228425	0.000256212	0.000283735	0.000310965	0.000337875	0.000364439	0.00039063	0.000416421	0.000441787	0.000466702	0.000491142	0.000515082	0.000538498	0.000561367	0.000583665	0.000605372	0.000626464	0.000646921	0.000666723	0.00068585	0.000704282	0.000722002	0.000738991	0.000755233	0.000770711	0.000785411	0.000799317	0.000812416	0.000824694	0.00083614	0.000846742	0.000856489	0.000865373	0.000873383	0.000880513	0.000886755	0.000892103	0.000896551	0.000900097	0.000902735	0.000904465	0.000905283	0.000905189	0.000904185	0.00090227	0.000899447	0.000895719	0.000891089	0.000885564	0.000879147	0.000871847	0.00086367	0.000854625	0.000844721	0.000833969	0.000822378	0.000809962	0.000796733	0.000782704	0.000767889	0.000752304	0.000735965	0.000718888	0.00070109	0.00068259	0.000663407	0.000643559	0.000623067	0.000601952	0.000580236	0.00055794	0.000535087	0.0005117	0.000487803	0.000463421	0.000438577	0.000413298	0.000387608	0.000361535	0.000335103	0.000308341	0.000281274	0.000253932	0.00022634	0.000198527	0.00017052	0.000142349	0.00011404	8.56228e-05	5.71249e-05	2.85746e-05	0	
0	3.60399e-05	7.20369e-05	0.000107954	0.000143755	0.000179402	0.000214861	0.000250095	0.000285069	0.000319747	0.000354095	0.000388078	0.000421661	0.000454813	0.000487498	0.000519685	0.000551341	0.000582435	0.000612936	0.000642812	0.000672035	0.000700575	0.000728403	0.000755493	0.000781815	0.000807346	0.000832058	0.000855928	0.000878931	0.000901045	0.000922247	0.000942517	0.000961834	0.000980179	0.000997533	0.00101388	0.0010292	0.00104349	0.00105672	0.00106888	0.00107997	0.00108997	0.00109886	0.00110665	0.00111333	0.00111888	0.00112331	0.0011266	0.00112876	0.00112978	0.00112966	0.00112841	0.00112602	0.00112249	0.00111784	0.00111206	0.00110517	0.00109716	0.00108805	0.00107785	0.00106656	0.0010542	0.00104078	0.00102632	0.00101082	0.00099431	0.000976802	0.000958314	0.000938864	0.000918473	0.000897161	0.00087495	0.000851862	0.000827921	0.000803152	0.000777578	0.000751228	0.000724126	0.000696301	0.000667781	0.000638594	0.000608772	0.000578343	0.000547338	0.00051579	0.00048373	0.000451191	0.000418205	0.000384806	0.000351027	0.000316904	0.00028247	0.000247759	0.000212808	0.00017765	0.000142321	0.000106857	7.12914e-05	3.56608e-05	0	
0	4.31632e-05	8.62749e-05	0.000129291	0.000172168	0.000214861	0.000257329	0.000299527	0.000341413	0.000382945	0.000424082	0.000464782	0.000505004	0.000544707	0.000583853	0.000622402	0.000660315	0.000697555	0.000734084	0.000769866	0.000804865	0.000839046	0.000872375	0.000904819	0.000936344	0.000966921	0.000996518	0.00102511	0.00105266	0.00107914	0.00110453	0.00112881	0.00115195	0.00117392	0.0011947	0.00121428	0.00123263	0.00124974	0.00126558	0.00128015	0.00129343	0.0013054	0.00131606	0.00132539	0.00133338	0.00134003	0.00134533	0.00134928	0.00135186	0.00135308	0.00135295	0.00135144	0.00134858	0.00134436	0.00133879	0.00133187	0.00132361	0.00131402	0.00130311	0.00129089	0.00127737	0.00126257	0.0012465	0.00122917	0.00121062	0.00119084	0.00116987	0.00114773	0.00112444	0.00110002	0.00107449	0.00104789	0.00102024	0.000991566	0.000961901	0.000931273	0.000899714	0.000867255	0.00083393	0.000799773	0.000764818	0.0007291	0.000692657	0.000655525	0.000617741	0.000579344	0.000540373	0.000500867	0.000460866	0.000420411	0.000379543	0.000338303	0.000296732	0.000254872	0.000212765	0.000170453	0.000127978	8.53831e-05	4.27097e-05	0	
0	5.02412e-05	0.000100423	0.000150493	0.0002004	0.000250095	0.000299527	0.000348645	0.0003974	0.000445743	0.000493626	0.000541	0.000587818	0.000634033	0.000679598	0.000724469	0.000768599	0.000811946	0.000854466	0.000896115	0.000936854	0.00097664	0.00101543	0.0010532	0.00108989	0.00112549	0.00115994	0.00119321	0.00122528	0.00125611	0.00128567	0.00131392	0.00134085	0.00136643	0.00139062	0.00141341	0.00143477	0.00145468	0.00147313	0.00149009	0.00150554	0.00151948	0.00153188	0.00154274	0.00155205	0.00155979	0.00156596	0.00157055	0.00157355	0.00157498	0.00157482	0.00157307	0.00156974	0.00156483	0.00155834	0.00155029	0.00154067	0.00152951	0.00151681	0.00150258	0.00148685	0.00146962	0.00145091	0.00143075	0.00140915	0.00138613	0.00136172	0.00133595	0.00130884	0.00128041	0.0012507	0.00121974	0.00118755	0.00115418	0.00111965	0.00108399	0.00104726	0.00100948	0.000970689	0.00093093	0.000890243	0.000848668	0.000806248	0.000763026	0.000719046	0.000674353	0.000628991	0.000583006	0.000536446	0.000489357	0.000441787	0.000393783	0.000345394	0.00029667	0.000247657	0.000198406	0.000148966	9.93858e-05	4.9714e-05	0	
0	5.72669e-05	0.000114466	0.000171538	0.000228425	0.000285069	0.000341413	0.0003974	0.000452973	0.000508077	0.000562656	0.000616655	0.00067002	0.000722698	0.000774636	0.000825781	0.000876083	0.000925492	0.000973958	0.00102143	0.00106787	0.00111322	0.00115744	0.00120048	0.00124231	0.00128288	0.00132215	0.00136008	0.00139663	0.00143177	0.00146546	0.00149767	0.00152836	0.00155752	0.00158509	0.00161107	0.00163542	0.00165812	0.00167914	0.00169847	0.00171609	0.00173197	0.00174611	0.00175849	0.0017691	0.00177792	0.00178495	0.00179018	0.00179361	0.00179523	0.00179505	0.00179306	0.00178926	0.00178366	0.00177627	0.00176709	0.00175613	0.00174341	0.00172893	0.00171272	0.00169478	0.00167514	0.00165382	0.00163083	0.00160621	0.00157998	0.00155216	0.00152278	0.00149187	0.00145947	0.00142561	0.00139031	0.00135363	0.00131558	0.00127623	0.00123559	0.00119372	0.00115065	0.00110644	0.00106112	0.00101474	0.000967354	0.000919002	0.000869736	0.000819605	0.000768661	0.000716955	0.00066454	0.000611468	0.000557794	0.000503571	0.000448854	0.000393699	0.00033816	0.000282293	0.000226154	0.0001698	0.000113285	5.66667e-05	0	
0	6.42332e-05	0.00012839	0.000192405	0.000256212	0.000319747	0.000382945	0.000445743	0.000508077	0.000569884	0.000631103	0.000691671	0.000751528	0.000810614	0.00086887	0.000926238	0.00098266	0.00103808	0.00109244	0.00114569	0.00119778	0.00124864	0.00129824	0.00134652	0.00139344	0.00143894	0.00148299	0.00152553	0.00156653	0.00160595	0.00164374	0.00167987	0.00171429	0.00174699	0.00177792	0.00180706	0.00183437	0.00185983	0.00188341	0.00190509	0.00192485	0.00194267	0.00195853	0.00197242	0.00198431	0.00199421	0.00200209	0.00200796	0.00201181	0.00201363	0.00201342	0.00201119	0.00200693	0.00200065	0.00199236	0.00198206	0.00196977	0.0019555	0.00193926	0.00192108	0.00190096	0.00187893	0.00185501	0.00182923	0.00180161	0.00177219	0.00174098	0.00170803	0.00167337	0.00163702	0.00159904	0.00155945	0.0015183	0.00147563	0.00143148	0.00138591	0.00133894	0.00129064	0.00124104	0.00119021	0.00113819	0.00108504	0.0010308	0.000975544	0.000919315	0.000862174	0.000804178	0.000745386	0.000685858	0.000625654	0.000564834	0.000503461	0.000441595	0.0003793	0.000316636	0.000253668	0.000190457	0.000127068	6.35608e-05	0	
0	7.11332e-05	0.000142182	0.000213073	0.000283735	0.000354095	0.000424082	0.000493626	0.000562656	0.000631103	0.000698898	0.000765972	0.00083226	0.000897693	0.000962208	0.00102574	0.00108822	0.00114959	0.0012098	0.00126877	0.00132645	0.00138278	0.00143771	0.00149117	0.00154313	0.00159352	0.0016423	0.00168941	0.00173482	0.00177847	0.00182032	0.00186033	0.00189845	0.00193466	0.00196892	0.00200118	0.00203143	0.00205962	0.00208574	0.00210975	0.00213163	0.00215137	0.00216893	0.0021843	0.00219748	0.00220844	0.00221717	0.00222367	0.00222793	0.00222995	0.00222972	0.00222724	0.00222253	0.00221557	0.00220639	0.00219499	0.00218138	0.00216557	0.00214759	0.00212745	0.00210517	0.00208078	0.00205429	0.00202574	0.00199516	0.00196257	0.00192801	0.00189152	0.00185313	0.00181289	0.00177082	0.00172698	0.00168141	0.00163416	0.00158527	0.00153479	0.00148278	0.00142929	0.00137437	0.00131807	0.00126047	0.0012016	0.00114154	0.00108035	0.00101808	0.000954796	0.00089057	0.000825463	0.00075954	0.000692868	0.000625515	0.000557548	0.000489036	0.000420048	0.000350653	0.00028092	0.000210919	0.000140719	7.03893e-05	0	
0	7.79598e-05	0.000155827	0.000233522	0.000310965	0.000388078	0.000464782	0.000541	0.000616655	0.000691671	0.000765972	0.000839485	0.000912134	0.000983847	0.00105455	0.00112418	0.00119266	0.00125992	0.0013259	0.00139053	0.00145375	0.00151549	0.00157569	0.00163429	0.00169123	0.00174646	0.00179992	0.00185156	0.00190132	0.00194915	0.00199502	0.00203887	0.00208066	0.00212034	0.00215788	0.00219325	0.0022264	0.0022573	0.00228592	0.00231223	0.00233622	0.00235784	0.00237709	0.00239394	0.00240838	0.00242039	0.00242997	0.00243709	0.00244176	0.00244397	0.00244372	0.00244101	0.00243584	0.00242822	0.00241815	0.00240566	0.00239074	0.00237342	0.00235371	0.00233164	0.00230722	0.00228048	0.00225145	0.00222016	0.00218665	0.00215093	0.00211306	0.00207306	0.00203099	0.00198688	0.00194078	0.00189273	0.00184279	0.001791	0.00173742	0.0016821	0.00162509	0.00156647	0.00150627	0.00144458	0.00138144	0.00131693	0.0012511	0.00118404	0.00111579	0.00104644	0.000976046	0.00090469	0.000832439	0.000759369	0.000685551	0.000611061	0.000535974	0.000460365	0.000384309	0.000307883	0.000231163	0.000154225	7.71454e-05	0	
0	8.47063e-05	0.000169312	0.00025373	0.000337875	0.000421661	0.000505004	0.000587818	0.00067002	0.000751528	0.00083226	0.000912134	0.00099107	0.00106899	0.00114582	0.00122147	0.00129588	0.00136896	0.00144065	0.00151087	0.00157956	0.00164664	0.00171205	0.00177572	0.00183759	0.0018976	0.00195569	0.00201179	0.00206586	0.00211784	0.00216767	0.00221532	0.00226072	0.00230384	0.00234463	0.00238306	0.00241907	0.00245265	0.00248375	0.00251234	0.0025384	0.0025619	0.00258281	0.00260112	0.00261681	0.00262986	0.00264026	0.002648	0.00265308	0.00265548	0.00265521	0.00265226	0.00264664	0.00263836	0.00262743	0.00261385	0.00259764	0.00257882	0.00255741	0.00253342	0.00250689	0.00247784	0.0024463	0.00241231	0.00237589	0.00233708	0.00229593	0.00225248	0.00220676	0.00215883	0.00210874	0.00205654	0.00200227	0.001946	0.00188778	0.00182767	0.00176574	0.00170204	0.00163664	0.0015696	0.001501	0.0014309	0.00135938	0.00128651	0.00121236	0.001137	0.00106052	0.000982987	0.000904484	0.00082509	0.000744884	0.000663947	0.000582361	0.000500208	0.00041757	0.00033453	0.00025117	0.000167573	8.38223e-05	0	
0	9.13659e-05	0.000182623	0.000273679	0.000364439	0.000454813	0.000544707	0.000634033	0.000722698	0.000810614	0.000897693	0.000983847	0.00106899	0.00115304	0.0012359	0.0013175	0.00139776	0.00147659	0.00155392	0.00162966	0.00170375	0.00177611	0.00184666	0.00191534	0.00198207	0.0020468	0.00210945	0.00216997	0.00222829	0.00228435	0.00233811	0.0023895	0.00243847	0.00248498	0.00252898	0.00257042	0.00260927	0.00264549	0.00267903	0.00270987	0.00273798	0.00276333	0.00278589	0.00280564	0.00282256	0.00283663	0.00284785	0.0028562	0.00286167	0.00286426	0.00286397	0.00286079	0.00285473	0.0028458	0.00283401	0.00281936	0.00280188	0.00278158	0.00275848	0.00273261	0.002704	0.00267266	0.00263864	0.00260197	0.00256269	0.00252084	0.00247645	0.00242958	0.00238027	0.00232857	0.00227454	0.00221823	0.0021597	0.00209901	0.00203621	0.00197138	0.00190457	0.00183586	0.00176532	0.00169301	0.00161902	0.00154341	0.00146627	0.00138766	0.00130768	0.0012264	0.00114391	0.00106028	0.000975602	0.000889965	0.000803453	0.000716152	0.000628152	0.000539539	0.000450403	0.000360834	0.000270919	0.000180749	9.04133e-05	0	
0	9.79319e-05	0.000195747	0.000293347	0.00039063	0.000487498	0.000583853	0.000679598	0.000774636	0.00086887	0.000962208	0.00105455	0.00114582	0.0012359	0.00132472	0.00141219	0.00149821	0.00158271	0.00166559	0.00174678	0.00182619	0.00190375	0.00197937	0.00205299	0.00212452	0.0021939	0.00226105	0.00232592	0.00238843	0.00244853	0.00250614	0.00256123	0.00261372	0.00266357	0.00271073	0.00275516	0.0027968	0.00283562	0.00287157	0.00290463	0.00293476	0.00296192	0.00298611	0.00300727	0.00302541	0.0030405	0.00305253	0.00306148	0.00306734	0.00307012	0.0030698	0.0030664	0.0030599	0.00305033	0.00303769	0.00302199	0.00300325	0.00298149	0.00295674	0.00292901	0.00289834	0.00286475	0.00282828	0.00278898	0.00274687	0.00270201	0.00265443	0.00260419	0.00255134	0.00249593	0.00243802	0.00237766	0.00231492	0.00224986	0.00218255	0.00211306	0.00204145	0.00196781	0.00189219	0.00181469	0.00173538	0.00165434	0.00157165	0.0014874	0.00140167	0.00131454	0.00122612	0.00113648	0.00104572	0.000953929	0.000861199	0.000767625	0.000673299	0.000578318	0.000482776	0.000386768	0.000290391	0.000193741	9.69117e-05	0	
0	0.000104398	0.000208672	0.000312715	0.000416421	0.000519685	0.000622402	0.000724469	0.000825781	0.000926238	0.00102574	0.00112418	0.00122147	0.0013175	0.00141219	0.00150543	0.00159714	0.00168721	0.00177557	0.00186212	0.00194677	0.00202945	0.00211007	0.00218854	0.0022648	0.00233876	0.00241035	0.00247949	0.00254613	0.0026102	0.00267162	0.00273034	0.0027863	0.00283944	0.00288972	0.00293707	0.00298146	0.00302285	0.00306118	0.00309642	0.00312853	0.00315749	0.00318327	0.00320584	0.00322518	0.00324126	0.00325408	0.00326362	0.00326987	0.00327283	0.0032725	0.00326887	0.00326195	0.00325174	0.00323826	0.00322153	0.00320155	0.00317836	0.00315197	0.00312241	0.00308971	0.00305391	0.00301503	0.00297313	0.00292825	0.00288042	0.0028297	0.00277615	0.0027198	0.00266073	0.002599	0.00253466	0.00246777	0.00239842	0.00232667	0.00225259	0.00217625	0.00209774	0.00201714	0.00193452	0.00184997	0.00176358	0.00167543	0.00158561	0.00149422	0.00140135	0.00130708	0.00121153	0.00111477	0.00101692	0.000918066	0.000818312	0.000717758	0.000616505	0.000514655	0.000412308	0.000309567	0.000206534	0.000103311	0	
0	0.000110757	0.000221383	0.000331763	0.000441787	0.000551341	0.000660315	0.000768599	0.000876083	0.00098266	0.00108822	0.00119266	0.00129588	0.00139776	0.00149821	0.00159714	0.00169443	0.00178999	0.00188373	0.00197555	0.00206536	0.00215308	0.0022386	0.00232186	0.00240276	0.00248123	0.00255718	0.00263054	0.00270124	0.0027692	0.00283436	0.00289666	0.00295603	0.00301241	0.00306575	0.00311599	0.00316309	0.00320699	0.00324765	0.00328504	0.00331912	0.00334984	0.00337719	0.00340113	0.00342165	0.00343871	0.00345231	0.00346243	0.00346907	0.00347221	0.00347185	0.003468	0.00346066	0.00344983	0.00343553	0.00341778	0.00339659	0.00337198	0.00334398	0.00331262	0.00327793	0.00323994	0.00319871	0.00315425	0.00310663	0.00305589	0.00300209	0.00294527	0.00288549	0.00282282	0.00275733	0.00268906	0.00261811	0.00254453	0.00246841	0.00238981	0.00230883	0.00222553	0.00214002	0.00205237	0.00196267	0.00187101	0.00177749	0.00168221	0.00158525	0.00148672	0.00138671	0.00128533	0.00118268	0.00107887	0.000973995	0.000868165	0.000761485	0.000654064	0.000546008	0.000437426	0.000328426	0.000219116	0.000109605	0	
0	0.000117003	0.000233868	0.000350474	0.000466702	0.000582435	0.000697555	0.000811946	0.000925492	0.00103808	0.00114959	0.00125992	0.00136896	0.00147659	0.00158271	0.00168721	0.00178999	0.00189094	0.00198997	0.00208697	0.00218185	0.00227451	0.00236486	0.00245281	0.00253827	0.00262116	0.0027014	0.0027789	0.00285358	0.00292538	0.00299422	0.00306003	0.00312275	0.00318231	0.00323866	0.00329173	0.00334148	0.00338786	0.00343082	0.00347032	0.00350631	0.00353877	0.00356766	0.00359296	0.00361463	0.00363265	0.00364702	0.00365772	0.00366472	0.00366804	0.00366766	0.0036636	0.00365584	0.0036444	0.0036293	0.00361054	0.00358816	0.00356216	0.00353258	0.00349945	0.00346281	0.00342268	0.00337911	0.00333215	0.00328185	0.00322825	0.00317141	0.00311138	0.00304824	0.00298203	0.00291284	0.00284073	0.00276577	0.00268805	0.00260763	0.0025246	0.00243905	0.00235106	0.00226072	0.00216812	0.00207337	0.00197654	0.00187775	0.00177709	0.00167466	0.00157057	0.00146492	0.00135783	0.00124939	0.00113972	0.00102893	0.000917132	0.000804436	0.000690955	0.000576805	0.000462099	0.000346951	0.000231476	0.000115787	0	
0	0.00012313	0.000246115	0.000368827	0.000491142	0.000612936	0.000734084	0.000854466	0.000973958	0.00109244	0.0012098	0.0013259	0.00144065	0.00155392	0.00166559	0.00177557	0.00188373	0.00198997	0.00209418	0.00219626	0.00229611	0.00239362	0.0024887	0.00258126	0.0026712	0.00275843	0.00284287	0.00292443	0.00300302	0.00307858	0.00315103	0.00322028	0.00328629	0.00334897	0.00340826	0.00346412	0.00351648	0.00356528	0.00361049	0.00365206	0.00368994	0.0037241	0.0037545	0.00378112	0.00380393	0.0038229	0.00383802	0.00384927	0.00385665	0.00386014	0.00385974	0.00385546	0.0038473	0.00383526	0.00381937	0.00379963	0.00377607	0.00374871	0.00371759	0.00368272	0.00364416	0.00360193	0.00355608	0.00350666	0.00345372	0.00339731	0.0033375	0.00327433	0.00320788	0.00313821	0.00306539	0.0029895	0.00291062	0.00282882	0.00274419	0.00265682	0.00256678	0.00247419	0.00237912	0.00228167	0.00218195	0.00208006	0.00197609	0.00187016	0.00176237	0.00165282	0.00154165	0.00142894	0.00131483	0.00119941	0.00108282	0.000965165	0.000846567	0.000727143	0.000607015	0.000486301	0.000365122	0.000243599	0.000121852	0	
0	0.000129132	0.000258111	0.000386805	0.000515082	0.000642812	0.000769866	0.000896115	0.00102143	0.00114569	0.00126877	0.00139053	0.00151087	0.00162966	0.00174678	0.00186212	0.00197555	0.00208697	0.00219626	0.00230332	0.00240803	0.0025103	0.00261002	0.00270709	0.00280141	0.00289289	0.00298145	0.00306698	0.00314941	0.00322865	0.00330462	0.00337726	0.00344648	0.00351222	0.0035744	0.00363298	0.00368789	0.00373908	0.00378649	0.00383008	0.00386981	0.00390563	0.00393752	0.00396543	0.00398935	0.00400925	0.00402511	0.00403691	0.00404464	0.00404831	0.00404789	0.0040434	0.00403484	0.00402222	0.00400555	0.00398485	0.00396014	0.00393145	0.00389881	0.00386224	0.0038218	0.00377751	0.00372943	0.0036776	0.00362208	0.00356292	0.00350019	0.00343394	0.00336425	0.00329119	0.00321482	0.00313523	0.00305251	0.00296672	0.00287797	0.00278633	0.00269191	0.0025948	0.00249509	0.0023929	0.00228832	0.00218146	0.00207242	0.00196132	0.00184828	0.0017334	0.0016168	0.0014986	0.00137892	0.00125788	0.00113561	0.00101222	0.000887836	0.000762591	0.000636606	0.000510008	0.000382922	0.000255474	0.000127792	0	
0	0.000135002	0.000269845	0.000404389	0.000538498	0.000672035	0.000804865	0.000936854	0.00106787	0.00119778	0.00132645	0.00145375	0.00157956	0.00170375	0.00182619	0.00194677	0.00206536	0.00218185	0.00229611	0.00240803	0.00251751	0.00262442	0.00272867	0.00283016	0.00292877	0.00302441	0.00311699	0.00320641	0.00329259	0.00337543	0.00345486	0.0035308	0.00360317	0.00367189	0.00373691	0.00379815	0.00385555	0.00390907	0.00395864	0.00400421	0.00404574	0.0040832	0.00411653	0.00414572	0.00417072	0.00419152	0.0042081	0.00422044	0.00422853	0.00423236	0.00423192	0.00422723	0.00421828	0.00420508	0.00418766	0.00416602	0.00414019	0.00411019	0.00407606	0.00403784	0.00399555	0.00394925	0.00389899	0.0038448	0.00378676	0.00372491	0.00365932	0.00359007	0.00351721	0.00344082	0.00336098	0.00327778	0.00319129	0.0031016	0.00300881	0.00291301	0.0028143	0.00271277	0.00260853	0.00250169	0.00239236	0.00228064	0.00216664	0.0020505	0.00193231	0.00181221	0.00169031	0.00156674	0.00144162	0.00131507	0.00118724	0.00105824	0.000928203	0.000797264	0.000665551	0.000533196	0.000400332	0.00026709	0.000133602	0	
0	0.000140736	0.000281304	0.000421562	0.000561367	0.000700575	0.000839046	0.00097664	0.00111322	0.00124864	0.00138278	0.00151549	0.00164664	0.00177611	0.00190375	0.00202945	0.00215308	0.00227451	0.00239362	0.0025103	0.00262442	0.00273588	0.00284456	0.00295035	0.00305315	0.00315286	0.00324937	0.00334259	0.00343242	0.00351879	0.00360159	0.00368075	0.00375619	0.00382784	0.00389561	0.00395946	0.0040193	0.00407509	0.00412676	0.00417427	0.00421757	0.00425661	0.00429136	0.00432179	0.00434786	0.00436954	0.00438682	0.00439969	0.00440812	0.00441211	0.00441166	0.00440676	0.00439743	0.00438368	0.00436551	0.00434295	0.00431602	0.00428475	0.00424918	0.00420933	0.00416525	0.00411698	0.00406458	0.0040081	0.00394759	0.00388311	0.00381474	0.00374254	0.00366659	0.00358696	0.00350373	0.00341699	0.00332683	0.00323333	0.0031366	0.00303673	0.00293383	0.00282799	0.00271932	0.00260795	0.00249397	0.0023775	0.00225867	0.00213759	0.00201438	0.00188918	0.0017621	0.00163328	0.00150285	0.00137093	0.00123766	0.00110319	0.000967627	0.000831126	0.000693819	0.000555843	0.000417336	0.000278435	0.000139277	0	
0	0.000146326	0.000292478	0.000438308	0.000583665	0.000728403	0.000872375	0.00101543	0.00115744	0.00129824	0.00143771	0.00157569	0.00171205	0.00184666	0.00197937	0.00211007	0.0022386	0.00236486	0.0024887	0.00261002	0.00272867	0.00284456	0.00295756	0.00306755	0.00317444	0.0032781	0.00337845	0.00347537	0.00356877	0.00365857	0.00374466	0.00382697	0.0039054	0.00397989	0.00405036	0.00411674	0.00417896	0.00423697	0.00429069	0.00434009	0.00438511	0.0044257	0.00446184	0.00449347	0.00452057	0.00454312	0.00456109	0.00457446	0.00458323	0.00458738	0.00458691	0.00458182	0.00457212	0.00455782	0.00453893	0.00451547	0.00448748	0.00445497	0.00441798	0.00437655	0.00433071	0.00428053	0.00422605	0.00416732	0.0041044	0.00403737	0.00396628	0.00389122	0.00381224	0.00372945	0.00364292	0.00355273	0.00345899	0.00336178	0.00326121	0.00315737	0.00305038	0.00294033	0.00282735	0.00271155	0.00259304	0.00247195	0.0023484	0.00222251	0.00209441	0.00196423	0.0018321	0.00169816	0.00156255	0.00142539	0.00128683	0.00114701	0.00100607	0.000864145	0.000721383	0.000577926	0.000433916	0.000289496	0.00014481	0	
0	0.000151768	0.000303355	0.000454608	0.000605372	0.000755493	0.000904819	0.0010532	0.00120048	0.00134652	0.00149117	0.00163429	0.00177572	0.00191534	0.00205299	0.00218854	0.00232186	0.00245281	0.00258126	0.00270709	0.00283016	0.00295035	0.00306755	0.00318164	0.0032925	0.00340002	0.0035041	0.00360462	0.0037015	0.00379464	0.00388393	0.0039693	0.00405065	0.00412791	0.004201	0.00426985	0.00433439	0.00439455	0.00445027	0.00450151	0.0045482	0.00459031	0.00462778	0.00466059	0.0046887	0.00471209	0.00473073	0.0047446	0.00475369	0.00475799	0.00475751	0.00475223	0.00474217	0.00472734	0.00470774	0.00468342	0.00465438	0.00462066	0.00458229	0.00453932	0.00449179	0.00443974	0.00438323	0.00432231	0.00425706	0.00418753	0.0041138	0.00403594	0.00395403	0.00386816	0.00377841	0.00368487	0.00358764	0.00348682	0.0033825	0.0032748	0.00316383	0.00304969	0.00293251	0.0028124	0.00268949	0.00256389	0.00243574	0.00230517	0.00217231	0.00203729	0.00190025	0.00176133	0.00162067	0.00147841	0.0013347	0.00118967	0.00104349	0.000896287	0.000748215	0.000599422	0.000450055	0.000300264	0.000150196	0	
0	0.000157055	0.000313925	0.000470448	0.000626464	0.000781815	0.000936344	0.00108989	0.00124231	0.00139344	0.00154313	0.00169123	0.00183759	0.00198207	0.00212452	0.0022648	0.00240276	0.00253827	0.0026712	0.00280141	0.00292877	0.00305315	0.00317444	0.0032925	0.00340722	0.00351849	0.00362619	0.00373022	0.00383048	0.00392686	0.00401926	0.0041076	0.00419179	0.00427175	0.00434738	0.00441863	0.00448542	0.00454767	0.00460534	0.00465836	0.00470668	0.00475025	0.00478903	0.00482299	0.00485208	0.00487628	0.00489557	0.00490992	0.00491933	0.00492378	0.00492328	0.00491782	0.00490741	0.00489206	0.00487178	0.00484661	0.00481656	0.00478167	0.00474196	0.00469749	0.0046483	0.00459444	0.00453596	0.00447292	0.0044054	0.00433345	0.00425715	0.00417657	0.00409181	0.00400295	0.00391007	0.00381327	0.00371265	0.00360832	0.00350037	0.00338892	0.00327408	0.00315596	0.0030347	0.0029104	0.0027832	0.00265323	0.00252062	0.0023855	0.002248	0.00210828	0.00196646	0.0018227	0.00167714	0.00152993	0.00138121	0.00123113	0.00107985	0.00092752	0.000774288	0.00062031	0.000465739	0.000310728	0.00015543	0	
0	0.000162184	0.000324176	0.00048581	0.000646921	0.000807346	0.000966921	0.00112549	0.00128288	0.00143894	0.00159352	0.00174646	0.0018976	0.0020468	0.0021939	0.00233876	0.00248123	0.00262116	0.00275843	0.00289289	0.00302441	0.00315286	0.0032781	0.00340002	0.00351849	0.00363339	0.00374461	0.00385204	0.00395557	0.00405509	0.00415052	0.00424175	0.00432868	0.00441125	0.00448936	0.00456293	0.0046319	0.00469619	0.00475574	0.00481049	0.00486039	0.00490538	0.00494543	0.00498049	0.00501053	0.00503553	0.00505544	0.00507027	0.00507998	0.00508458	0.00508406	0.00507842	0.00506767	0.00505182	0.00503089	0.00500489	0.00497386	0.00493782	0.00489683	0.0048509	0.00480011	0.00474448	0.0046841	0.004619	0.00454927	0.00447497	0.00439618	0.00431297	0.00422544	0.00413368	0.00403776	0.00393781	0.0038339	0.00372616	0.00361468	0.00349959	0.003381	0.00325903	0.00313381	0.00300545	0.0028741	0.00273988	0.00260294	0.0024634	0.00232142	0.00217713	0.00203069	0.00188223	0.00173192	0.00157989	0.00142632	0.00127134	0.00111512	0.000957813	0.000799577	0.00064057	0.00048095	0.000320876	0.000160507	0	
0	0.000167148	0.000334099	0.00050068	0.000666723	0.000832058	0.000996518	0.00115994	0.00132215	0.00148299	0.0016423	0.00179992	0.00195569	0.00210945	0.00226105	0.00241035	0.00255718	0.0027014	0.00284287	0.00298145	0.00311699	0.00324937	0.00337845	0.0035041	0.00362619	0.00374461	0.00385924	0.00396995	0.00407665	0.00417922	0.00427757	0.00437159	0.00446119	0.00454628	0.00462678	0.00470261	0.00477369	0.00483994	0.00490132	0.00495774	0.00500917	0.00505554	0.00509682	0.00513295	0.00516391	0.00518967	0.0052102	0.00522548	0.00523549	0.00524023	0.00523969	0.00523388	0.0052228	0.00520647	0.00518489	0.0051581	0.00512612	0.00508898	0.00504673	0.0049994	0.00494705	0.00488972	0.00482749	0.0047604	0.00468853	0.00461196	0.00453076	0.00444501	0.0043548	0.00426022	0.00416137	0.00405835	0.00395127	0.00384022	0.00372534	0.00360673	0.0034845	0.0033588	0.00322974	0.00309746	0.00296209	0.00282376	0.00268262	0.00253882	0.00239249	0.00224378	0.00209285	0.00193985	0.00178494	0.00162826	0.00146998	0.00131026	0.00114926	0.000987135	0.000824055	0.00066018	0.000495674	0.0003307	0.000165421	0	
0	0.000171943	0.000343683	0.000515044	0.00068585	0.000855928	0.00102511	0.00119321	0.00136008	0.00152553	0.00168941	0.00185156	0.00201179	0.00216997	0.00232592	0.00247949	0.00263054	0.0027789	0.00292443	0.00306698	0.00320641	0.00334259	0.00347537	0.00360462	0.00373022	0.00385204	0.00396995	0.00408385	0.00419361	0.00429912	0.00440029	0.00449701	0.00458918	0.00467671	0.00475952	0.00483752	0.00491064	0.0049788	0.00504193	0.00509998	0.00515288	0.00520058	0.00524304	0.00528021	0.00531206	0.00533856	0.00535968	0.00537539	0.00538569	0.00539057	0.00539002	0.00538404	0.00537264	0.00535584	0.00533365	0.00530608	0.00527319	0.00523498	0.00519152	0.00514283	0.00508898	0.00503001	0.00496599	0.00489698	0.00482305	0.00474428	0.00466074	0.00457253	0.00447974	0.00438245	0.00428076	0.00417479	0.00406463	0.0039504	0.00383222	0.0037102	0.00358448	0.00345517	0.00332241	0.00318633	0.00304707	0.00290478	0.00275959	0.00261166	0.00246113	0.00230816	0.0021529	0.00199551	0.00183615	0.00167498	0.00151216	0.00134785	0.00118223	0.00101546	0.000847699	0.000679122	0.000509896	0.000340188	0.000170167	0	
0	0.000176564	0.00035292	0.000528885	0.000704282	0.000878931	0.00105266	0.00122528	0.00139663	0.00156653	0.00173482	0.00190132	0.00206586	0.00222829	0.00238843	0.00254613	0.00270124	0.00285358	0.00300302	0.00314941	0.00329259	0.00343242	0.00356877	0.0037015	0.00383048	0.00395557	0.00407665	0.00419361	0.00430632	0.00441467	0.00451855	0.00461787	0.00471252	0.00480241	0.00488744	0.00496754	0.00504262	0.00511261	0.00517744	0.00523705	0.00529137	0.00534036	0.00538396	0.00542213	0.00545484	0.00548205	0.00550373	0.00551987	0.00553045	0.00553546	0.00553489	0.00552875	0.00551705	0.00549979	0.005477	0.0054487	0.00541492	0.00537569	0.00533105	0.00528106	0.00522576	0.00516521	0.00509946	0.0050286	0.00495268	0.00487179	0.00478602	0.00469543	0.00460014	0.00450024	0.00439582	0.004287	0.00417388	0.00405658	0.00393522	0.00380993	0.00368082	0.00354804	0.00341171	0.00327197	0.00312897	0.00298285	0.00283376	0.00268186	0.00252728	0.0023702	0.00221077	0.00204915	0.0018855	0.00172	0.0015528	0.00138408	0.00121401	0.00104275	0.000870485	0.000697377	0.000523602	0.000349332	0.000174741	0	
0	0.000181007	0.000361799	0.000542192	0.000722002	0.000901045	0.00107914	0.00125611	0.00143177	0.00160595	0.00177847	0.00194915	0.00211784	0.00228435	0.00244853	0.0026102	0.0027692	0.00292538	0.00307858	0.00322865	0.00337543	0.00351879	0.00365857	0.00379464	0.00392686	0.00405509	0.00417922	0.00429912	0.00441467	0.00452575	0.00463225	0.00473406	0.00483109	0.00492324	0.00501042	0.00509253	0.0051695	0.00524125	0.00530772	0.00536882	0.00542451	0.00547473	0.00551943	0.00555856	0.00559209	0.00561998	0.00564221	0.00565876	0.0056696	0.00567474	0.00567416	0.00566787	0.00565587	0.00563818	0.00561481	0.0055858	0.00555117	0.00551095	0.00546519	0.00541394	0.00535725	0.00529517	0.00522778	0.00515513	0.0050773	0.00499438	0.00490644	0.00481358	0.00471589	0.00461348	0.00450643	0.00439487	0.00427891	0.00415866	0.00403425	0.0039058	0.00377344	0.00363732	0.00349756	0.0033543	0.00320771	0.00305791	0.00290507	0.00274934	0.00259088	0.00242984	0.0022664	0.00210071	0.00193295	0.00176328	0.00159188	0.00141891	0.00124456	0.00106899	0.00089239	0.000714926	0.000536778	0.000358123	0.000179138	0	
0	0.000185266	0.000370312	0.00055495	0.000738991	0.000922247	0.00110453	0.00128567	0.00146546	0.00164374	0.00182032	0.00199502	0.00216767	0.00233811	0.00250614	0.00267162	0.00283436	0.00299422	0.00315103	0.00330462	0.00345486	0.00360159	0.00374466	0.00388393	0.00401926	0.00415052	0.00427757	0.00440029	0.00451855	0.00463225	0.00474125	0.00484547	0.00494478	0.0050391	0.00512832	0.00521237	0.00529115	0.00536459	0.00543262	0.00549516	0.00555217	0.00560357	0.00564932	0.00568937	0.00572369	0.00575224	0.00577499	0.00579193	0.00580303	0.00580828	0.00580769	0.00580125	0.00578897	0.00577086	0.00574695	0.00571725	0.0056818	0.00564064	0.00559381	0.00554135	0.00548332	0.00541979	0.0053508	0.00527645	0.00519679	0.00511191	0.00502191	0.00492686	0.00482688	0.00472205	0.00461248	0.0044983	0.00437961	0.00425653	0.00412919	0.00399772	0.00386225	0.00372292	0.00357987	0.00343324	0.0032832	0.00312988	0.00297344	0.00281404	0.00265185	0.00248703	0.00231974	0.00215015	0.00197844	0.00180478	0.00162934	0.00145231	0.00127385	0.00109415	0.000913392	0.000731751	0.000549411	0.000366552	0.000183354	0	
0	0.000189338	0.000378451	0.000567147	0.000755233	0.000942517	0.00112881	0.00131392	0.00149767	0.00167987	0.00186033	0.00203887	0.00221532	0.0023895	0.00256123	0.00273034	0.00289666	0.00306003	0.00322028	0.00337726	0.0035308	0.00368075	0.00382697	0.0039693	0.0041076	0.00424175	0.00437159	0.00449701	0.00461787	0.00473406	0.00484547	0.00495197	0.00505347	0.00514986	0.00524104	0.00532694	0.00540745	0.00548251	0.00555203	0.00561595	0.0056742	0.00572673	0.00577349	0.00581442	0.0058495	0.00587867	0.00590193	0.00591923	0.00593058	0.00593595	0.00593534	0.00592876	0.00591621	0.00589771	0.00587327	0.00584292	0.00580669	0.00576463	0.00571676	0.00566315	0.00560385	0.00553892	0.00546842	0.00539243	0.00531102	0.00522428	0.0051323	0.00503516	0.00493298	0.00482584	0.00471387	0.00459718	0.00447587	0.00435009	0.00421995	0.00408559	0.00394714	0.00380475	0.00365856	0.00350871	0.00335537	0.00319868	0.0030388	0.0028759	0.00271014	0.0025417	0.00237073	0.00219742	0.00202193	0.00184445	0.00166516	0.00148423	0.00130185	0.0011182	0.000933471	0.000747837	0.000561489	0.00037461	0.000187385	0	
0	0.000193218	0.000386208	0.000578771	0.000770711	0.000961834	0.00115195	0.00134085	0.00152836	0.00171429	0.00189845	0.00208066	0.00226072	0.00243847	0.00261372	0.0027863	0.00295603	0.00312275	0.00328629	0.00344648	0.00360317	0.00375619	0.0039054	0.00405065	0.00419179	0.00432868	0.00446119	0.00458918	0.00471252	0.00483109	0.00494478	0.00505347	0.00515704	0.00525541	0.00534847	0.00543612	0.00551829	0.00559488	0.00566583	0.00573106	0.00579051	0.00584411	0.00589183	0.0059336	0.00596939	0.00599917	0.0060229	0.00604056	0.00605214	0.00605762	0.006057	0.00605028	0.00603748	0.00601859	0.00599365	0.00596268	0.00592571	0.00588279	0.00583394	0.00577923	0.00571872	0.00565245	0.00558051	0.00550296	0.00541988	0.00533136	0.00523749	0.00513837	0.00503409	0.00492476	0.0048105	0.00469141	0.00456762	0.00443926	0.00430645	0.00416934	0.00402805	0.00388274	0.00373355	0.00358063	0.00342415	0.00326424	0.00310109	0.00293485	0.0027657	0.0025938	0.00241933	0.00224246	0.00206338	0.00188226	0.00169929	0.00151466	0.00132854	0.00114113	0.000952606	0.000763167	0.000572999	0.000382289	0.000191226	0	
0	0.000196903	0.000393574	0.00058981	0.000785411	0.000980179	0.00117392	0.00136643	0.00155752	0.00174699	0.00193466	0.00212034	0.00230384	0.00248498	0.00266357	0.00283944	0.00301241	0.00318231	0.00334897	0.00351222	0.00367189	0.00382784	0.00397989	0.00412791	0.00427175	0.00441125	0.00454628	0.00467671	0.00480241	0.00492324	0.0050391	0.00514986	0.00525541	0.00535565	0.00545048	0.00553981	0.00562354	0.0057016	0.0057739	0.00584037	0.00590096	0.00595559	0.00600421	0.00604678	0.00608326	0.0061136	0.00613778	0.00615578	0.00616758	0.00617317	0.00617254	0.00616569	0.00615264	0.0061334	0.00610798	0.00607642	0.00603875	0.005995	0.00594522	0.00588947	0.0058278	0.00576027	0.00568696	0.00560793	0.00552327	0.00543306	0.0053374	0.00523639	0.00513012	0.0050187	0.00490226	0.0047809	0.00465475	0.00452394	0.0043886	0.00424887	0.00410489	0.00395681	0.00380477	0.00364894	0.00348946	0.00332651	0.00316025	0.00299084	0.00281846	0.00264328	0.00246548	0.00228524	0.00210274	0.00191817	0.00173171	0.00154355	0.00135388	0.00116289	0.000970778	0.000777726	0.00058393	0.000389582	0.000194874	0	
0	0.00020039	0.000400542	0.000600252	0.000799317	0.000997533	0.0011947	0.00139062	0.00158509	0.00177792	0.00196892	0.00215788	0.00234463	0.00252898	0.00271073	0.00288972	0.00306575	0.00323866	0.00340826	0.0035744	0.00373691	0.00389561	0.00405036	0.004201	0.00434738	0.00448936	0.00462678	0.00475952	0.00488744	0.00501042	0.00512832	0.00524104	0.00534847	0.00545048	0.005547	0.0056379	0.00572312	0.00580256	0.00587614	0.00594379	0.00600544	0.00606104	0.00611053	0.00615385	0.00619097	0.00622185	0.00624647	0.00626478	0.00627679	0.00628248	0.00628184	0.00627487	0.00626159	0.006242	0.00621614	0.00618402	0.00614568	0.00610116	0.0060505	0.00599376	0.005931	0.00586227	0.00578766	0.00570723	0.00562107	0.00552927	0.00543192	0.00532911	0.00522096	0.00510757	0.00498907	0.00486556	0.00473718	0.00460405	0.00446631	0.00432411	0.00417758	0.00402688	0.00387215	0.00371355	0.00355126	0.00338542	0.00321621	0.0030438	0.00286837	0.00269009	0.00250914	0.00232571	0.00213998	0.00195214	0.00176238	0.00157089	0.00137786	0.00118349	0.00098797	0.000791499	0.000594271	0.000396481	0.000198326	0	
0	0.000203673	0.000407106	0.000610089	0.000812416	0.00101388	0.00121428	0.00141341	0.00161107	0.00180706	0.00200118	0.00219325	0.00238306	0.00257042	0.00275516	0.00293707	0.00311599	0.00329173	0.00346412	0.00363298	0.00379815	0.00395946	0.00411674	0.00426985	0.00441863	0.00456293	0.00470261	0.00483752	0.00496754	0.00509253	0.00521237	0.00532694	0.00543612	0.00553981	0.0056379	0.0057303	0.00581691	0.00589765	0.00597244	0.0060412	0.00610387	0.00616038	0.00621067	0.00625471	0.00629244	0.00632383	0.00634884	0.00636746	0.00637966	0.00638544	0.00638479	0.00637771	0.00636421	0.00634431	0.00631802	0.00628537	0.0062464	0.00620115	0.00614967	0.006092	0.0060282	0.00595835	0.00588252	0.00580077	0.0057132	0.00561989	0.00552094	0.00541645	0.00530653	0.00519129	0.00507084	0.00494531	0.00481482	0.00467951	0.00453952	0.00439498	0.00424605	0.00409288	0.00393561	0.00377442	0.00360946	0.00344091	0.00326893	0.00309369	0.00291538	0.00273418	0.00255026	0.00236383	0.00217505	0.00198413	0.00179126	0.00159663	0.00140044	0.00120289	0.00100416	0.000804473	0.000604011	0.00040298	0.000201576	0	
0	0.000206752	0.000413258	0.000619309	0.000824694	0.0010292	0.00123263	0.00143477	0.00163542	0.00183437	0.00203143	0.0022264	0.00241907	0.00260927	0.0027968	0.00298146	0.00316309	0.00334148	0.00351648	0.00368789	0.00385555	0.0040193	0.00417896	0.00433439	0.00448542	0.0046319	0.00477369	0.00491064	0.00504262	0.0051695	0.00529115	0.00540745	0.00551829	0.00562354	0.00572312	0.00581691	0.00590484	0.0059868	0.00606271	0.00613251	0.00619613	0.00625349	0.00630455	0.00634925	0.00638755	0.00641941	0.0064448	0.0064637	0.00647609	0.00648196	0.0064813	0.00647411	0.00646041	0.0064402	0.00641352	0.00638038	0.00634082	0.00629488	0.00624262	0.00618408	0.00611932	0.00604842	0.00597143	0.00588845	0.00579956	0.00570484	0.0056044	0.00549833	0.00538674	0.00526976	0.00514749	0.00502006	0.0048876	0.00475025	0.00460814	0.00446142	0.00431024	0.00415475	0.0039951	0.00383148	0.00366402	0.00349292	0.00331834	0.00314046	0.00295945	0.00277551	0.00258881	0.00239956	0.00220793	0.00201413	0.00181834	0.00162077	0.00142161	0.00122107	0.00101934	0.000816634	0.000613142	0.000409072	0.000204624	0	
