0	0	0	0	0	0	0	0	0	0	0	0	0	0	0	0	0	0	0	0	0	0	0	0	0	0	0	0	0	0	0	0	0	0	0	0	0	0	0	0	0	0	0	0	0	0	0	0	0	0	0	0	0	0	0	0	0	0	0	0	0	0	0	0	0	0	0	0	0	0	0	0	0	0	0	0	0	0	0	0	0	0	0	0	0	0	0	0	0	0	0	0	0	0	0	0	0	0	0	0	
0	6.55469e-06	1.31014e-05	1.96335e-05	2.61442e-05	3.2627e-05	3.90752e-05	4.54824e-05	5.18422e-05	5.8148e-05	6.43937e-05	7.05728e-05	7.66793e-05	8.27071e-05	8.865e-05	9.45021e-05	0.000100258	0.000105911	0.000111456	0.000116888	0.0001222	0.000127389	0.000132448	0.000137372	0.000142157	0.000146798	0.00015129	0.000155629	0.00015981	0.00016383	0.000167683	0.000171367	0.000174878	0.000178212	0.000181366	0.000184337	0.000187121	0.000189717	0.000192121	0.000194331	0.000196345	0.000198161	0.000199777	0.000201192	0.000202403	0.000203411	0.000204214	0.000204811	0.000205202	0.000205386	0.000205363	0.000205134	0.000204698	0.000204056	0.000203208	0.000202157	0.000200901	0.000199444	0.000197786	0.00019593	0.000193877	0.000191628	0.000189188	0.000186557	0.000183739	0.000180736	0.000177552	0.00017419	0.000170654	0.000166946	0.000163071	0.000159032	0.000154834	0.000150482	0.000145978	0.000141329	0.000136538	0.000131611	0.000126553	0.000121368	0.000116063	0.000110641	0.00010511	9.94741e-05	9.37395e-05	8.7912e-05	8.19975e-05	7.6002e-05	6.99315e-05	6.37922e-05	5.75903e-05	5.1332e-05	4.50237e-05	3.86718e-05	3.22825e-05	2.58623e-05	1.94175e-05	1.29546e-05	6.47999e-06	0	
0	1.31014e-05	2.61869e-05	3.92431e-05	5.22567e-05	6.52144e-05	7.81031e-05	9.09099e-05	0.000103622	0.000116226	0.00012871	0.000141061	0.000153266	0.000165314	0.000177193	0.00018889	0.000200395	0.000211694	0.000222778	0.000233635	0.000244254	0.000254624	0.000264736	0.000274579	0.000284144	0.00029342	0.000302399	0.000311071	0.000319429	0.000327463	0.000335165	0.000342529	0.000349546	0.00035621	0.000362514	0.000368452	0.000374018	0.000379206	0.000384011	0.000388429	0.000392454	0.000396084	0.000399314	0.000402142	0.000404564	0.000406579	0.000408183	0.000409377	0.000410158	0.000410526	0.00041048	0.000410021	0.00040915	0.000407867	0.000406173	0.000404071	0.000401562	0.000398649	0.000395336	0.000391625	0.000387521	0.000383027	0.000378148	0.00037289	0.000367257	0.000361256	0.000354892	0.000348172	0.000341103	0.000333692	0.000325946	0.000317874	0.000309483	0.000300783	0.000291782	0.000282489	0.000272913	0.000263065	0.000252954	0.000242591	0.000231986	0.00022115	0.000210094	0.000198829	0.000187367	0.000175719	0.000163897	0.000151913	0.00013978	0.000127508	0.000115112	0.000102603	8.99939e-05	7.72976e-05	6.45266e-05	5.16938e-05	3.8812e-05	2.58939e-05	1.29523e-05	0	
0	1.96335e-05	3.92431e-05	5.88089e-05	7.83107e-05	9.77289e-05	0.000117044	0.000136236	0.000155286	0.000174174	0.000192882	0.000211391	0.000229682	0.000247737	0.000265539	0.000283068	0.000300308	0.000317241	0.000333851	0.000350121	0.000366035	0.000381576	0.00039673	0.00041148	0.000425814	0.000439715	0.000453171	0.000466167	0.000478691	0.000490731	0.000502274	0.000513309	0.000523826	0.000533812	0.000543259	0.000552158	0.000560498	0.000568273	0.000575474	0.000582094	0.000588127	0.000593566	0.000598407	0.000602645	0.000606275	0.000609293	0.000611698	0.000613487	0.000614657	0.000615209	0.00061514	0.000614453	0.000613147	0.000611224	0.000608686	0.000605535	0.000601776	0.000597411	0.000592446	0.000586885	0.000580734	0.000574	0.000566689	0.000558809	0.000550368	0.000541374	0.000531837	0.000521767	0.000511173	0.000500067	0.000488459	0.000476363	0.000463789	0.00045075	0.000437261	0.000423335	0.000408985	0.000394227	0.000379075	0.000363545	0.000347653	0.000331414	0.000314845	0.000297964	0.000280787	0.000263331	0.000245615	0.000227656	0.000209473	0.000191083	0.000172506	0.00015376	0.000134864	0.000115838	9.66994e-05	7.74682e-05	5.81636e-05	3.88045e-05	1.94103e-05	0	
0	2.61442e-05	5.22567e-05	7.83107e-05	0.00010428	0.000130137	0.000155857	0.000181414	0.000206781	0.000231933	0.000256845	0.000281492	0.000305849	0.000329892	0.000353596	0.000376939	0.000399896	0.000422445	0.000444563	0.000466229	0.00048742	0.000508115	0.000528294	0.000547936	0.000567023	0.000585534	0.000603452	0.000620758	0.000637436	0.000653468	0.00066884	0.000683534	0.000697538	0.000710836	0.000723416	0.000735265	0.000746372	0.000756725	0.000766314	0.00077513	0.000783163	0.000790407	0.000796853	0.000802496	0.000807329	0.000811349	0.000814552	0.000816933	0.000818492	0.000819226	0.000819135	0.00081822	0.000816481	0.00081392	0.000810541	0.000806345	0.000801339	0.000795527	0.000788915	0.00078151	0.000773319	0.000764352	0.000754617	0.000744123	0.000732883	0.000720907	0.000708207	0.000694797	0.000680691	0.000665901	0.000650445	0.000634336	0.000617593	0.000600231	0.000582268	0.000563723	0.000544615	0.000524963	0.000504786	0.000484106	0.000462943	0.000441319	0.000419257	0.000396777	0.000373903	0.000350659	0.000327068	0.000303153	0.00027894	0.000254452	0.000229714	0.000204752	0.00017959	0.000154253	0.000128768	0.000103159	7.74525e-05	5.16734e-05	2.58474e-05	0	
0	3.2627e-05	6.52144e-05	9.77289e-05	0.000130137	0.000162407	0.000194505	0.000226398	0.000258055	0.000289445	0.000320534	0.000351293	0.00038169	0.000411694	0.000441277	0.000470408	0.000499058	0.000527198	0.000554801	0.000581839	0.000608284	0.000634112	0.000659294	0.000683807	0.000707627	0.000730729	0.000753089	0.000774687	0.000795501	0.000815509	0.000834692	0.00085303	0.000870506	0.000887102	0.000902802	0.000917589	0.00093145	0.00094437	0.000956337	0.000967339	0.000977365	0.000986404	0.000994449	0.00100149	0.00100752	0.00101254	0.00101654	0.00101951	0.00102145	0.00102237	0.00102226	0.00102112	0.00101895	0.00101575	0.00101153	0.0010063	0.00100005	0.000992795	0.000984544	0.000975302	0.000965081	0.00095389	0.00094174	0.000928645	0.000914618	0.000899672	0.000883823	0.000867088	0.000849483	0.000831027	0.000811737	0.000791634	0.000770739	0.000749072	0.000726655	0.000703512	0.000679665	0.000655139	0.00062996	0.000604151	0.000577741	0.000550755	0.000523221	0.000495168	0.000466622	0.000437614	0.000408173	0.000378328	0.00034811	0.00031755	0.000286678	0.000255525	0.000224124	0.000192505	0.0001607	0.00012874	9.66591e-05	6.44874e-05	3.22571e-05	0	
0	3.90752e-05	7.81031e-05	0.000117044	0.000155857	0.000194505	0.000232946	0.000271143	0.000309057	0.00034665	0.000383884	0.000420722	0.000457127	0.000493062	0.000528491	0.00056338	0.000597692	0.000631394	0.000664453	0.000696835	0.000728507	0.000759439	0.000789599	0.000818957	0.000847484	0.000875152	0.000901932	0.000927799	0.000952726	0.000976689	0.000999663	0.00102163	0.00104256	0.00106243	0.00108123	0.00109895	0.00111555	0.00113102	0.00114535	0.00115853	0.00117053	0.00118136	0.001191	0.00119943	0.00120665	0.00121266	0.00121745	0.00122101	0.00122334	0.00122444	0.0012243	0.00122293	0.00122033	0.00121651	0.00121146	0.00120519	0.0011977	0.00118902	0.00117913	0.00116807	0.00115582	0.00114242	0.00112787	0.00111219	0.00109539	0.00107749	0.00105851	0.00103846	0.00101738	0.000995275	0.000972173	0.000948097	0.000923072	0.000897123	0.000870275	0.000842558	0.000813998	0.000784625	0.000754469	0.00072356	0.00069193	0.00065961	0.000626635	0.000593036	0.000558849	0.000524107	0.000488847	0.000453104	0.000416914	0.000380313	0.00034334	0.00030603	0.000268422	0.000230553	0.000192462	0.000154186	0.000115764	7.72335e-05	3.86328e-05	0	
0	4.54824e-05	9.09099e-05	0.000136236	0.000181414	0.000226398	0.000271143	0.000315604	0.000359735	0.000403492	0.000446832	0.00048971	0.000532085	0.000573912	0.000615151	0.000655761	0.0006957	0.000734929	0.000773408	0.0008111	0.000847966	0.000883969	0.000919075	0.000953247	0.000986453	0.00101866	0.00104983	0.00107994	0.00110895	0.00113684	0.00116359	0.00118915	0.00121351	0.00123665	0.00125853	0.00127915	0.00129847	0.00131648	0.00133316	0.0013485	0.00136248	0.00137508	0.00138629	0.00139611	0.00140452	0.00141151	0.00141709	0.00142123	0.00142394	0.00142522	0.00142506	0.00142347	0.00142044	0.00141599	0.00141011	0.00140281	0.0013941	0.00138399	0.00137249	0.00135961	0.00134536	0.00132976	0.00131282	0.00129456	0.00127501	0.00125417	0.00123208	0.00120875	0.00118421	0.00115848	0.00113159	0.00110357	0.00107444	0.00104423	0.00101298	0.000980721	0.000947479	0.000913289	0.000878188	0.000842211	0.000805394	0.000767775	0.000729391	0.000690283	0.00065049	0.000610052	0.00056901	0.000527405	0.000485281	0.000442679	0.000399642	0.000356214	0.000312439	0.000268361	0.000224023	0.000179471	0.000134748	8.98988e-05	4.49681e-05	0	
0	5.18422e-05	0.000103622	0.000155286	0.000206781	0.000258055	0.000309057	0.000359735	0.000410037	0.000459913	0.000509313	0.000558188	0.000606487	0.000654164	0.00070117	0.000747458	0.000792982	0.000837696	0.000881556	0.000924519	0.00096654	0.00100758	0.00104759	0.00108654	0.00112439	0.0011611	0.00119663	0.00123095	0.00126402	0.00129581	0.0013263	0.00135544	0.0013832	0.00140958	0.00143452	0.00145802	0.00148004	0.00150057	0.00151959	0.00153707	0.001553	0.00156736	0.00158015	0.00159134	0.00160092	0.00160889	0.00161525	0.00161997	0.00162306	0.00162452	0.00162434	0.00162252	0.00161907	0.001614	0.00160729	0.00159897	0.00158905	0.00157752	0.00156441	0.00154973	0.00153349	0.0015157	0.0014964	0.00147559	0.0014533	0.00142955	0.00140437	0.00137778	0.00134981	0.00132048	0.00128983	0.00125789	0.00122468	0.00119026	0.00115464	0.00111786	0.00107997	0.001041	0.00100099	0.000959984	0.000918018	0.000875139	0.000831388	0.000786812	0.000741454	0.000695361	0.00064858	0.000601157	0.000553142	0.000504583	0.000455528	0.000406027	0.000356131	0.000305889	0.000255351	0.000204568	0.000153591	0.00010247	5.12566e-05	0	
0	5.8148e-05	0.000116226	0.000174174	0.000231933	0.000289445	0.00034665	0.000403492	0.000459913	0.000515856	0.000571265	0.000626085	0.00068026	0.000733736	0.00078646	0.000838378	0.00088944	0.000939593	0.000988789	0.00103698	0.00108411	0.00113014	0.00117502	0.00121871	0.00126116	0.00130234	0.00134219	0.00138068	0.00141778	0.00145344	0.00148763	0.00152031	0.00155146	0.00158104	0.00160902	0.00163537	0.00166008	0.00168311	0.00170443	0.00172404	0.00174191	0.00175802	0.00177236	0.00178491	0.00179566	0.0018046	0.00181173	0.00181702	0.00182049	0.00182213	0.00182192	0.00181989	0.00181602	0.00181033	0.00180281	0.00179348	0.00178234	0.00176942	0.00175471	0.00173824	0.00172002	0.00170008	0.00167843	0.00165509	0.00163009	0.00160345	0.0015752	0.00154538	0.001514	0.00148111	0.00144673	0.0014109	0.00137366	0.00133504	0.00129509	0.00125384	0.00121134	0.00116763	0.00112276	0.00107676	0.00102969	0.000981595	0.000932523	0.000882524	0.000831648	0.000779948	0.000727477	0.000674286	0.00062043	0.000565963	0.000510941	0.000455419	0.000399453	0.000343099	0.000286414	0.000229454	0.000172275	0.000114936	5.7492e-05	0	
0	6.43937e-05	0.00012871	0.000192882	0.000256845	0.000320534	0.000383884	0.000446832	0.000509313	0.000571265	0.000632626	0.000693334	0.000753328	0.000812548	0.000870935	0.000928431	0.000984977	0.00104052	0.001095	0.00114836	0.00120056	0.00125153	0.00130124	0.00134962	0.00139663	0.00144223	0.00148636	0.00152899	0.00157007	0.00160956	0.00164742	0.00168362	0.00171811	0.00175087	0.00178185	0.00181104	0.0018384	0.0018639	0.00188752	0.00190923	0.00192902	0.00194686	0.00196274	0.00197664	0.00198854	0.00199845	0.00200634	0.0020122	0.00201604	0.00201785	0.00201763	0.00201537	0.00201109	0.00200478	0.00199646	0.00198613	0.0019738	0.00195948	0.0019432	0.00192496	0.00190478	0.00188269	0.00185872	0.00183287	0.00180518	0.00177569	0.00174441	0.00171138	0.00167663	0.0016402	0.00160213	0.00156246	0.00152121	0.00147845	0.00143421	0.00138853	0.00134146	0.00129306	0.00124336	0.00119242	0.0011403	0.00108704	0.00103269	0.000977323	0.000920983	0.000863729	0.000805621	0.000746717	0.000687076	0.000626759	0.000565827	0.000504341	0.000442363	0.000379955	0.000317181	0.000254102	0.000190781	0.000127283	6.36679e-05	0	
0	7.05728e-05	0.000141061	0.000211391	0.000281492	0.000351293	0.000420722	0.00048971	0.000558188	0.000626085	0.000693334	0.000759868	0.000825619	0.000890522	0.000954513	0.00101753	0.0010795	0.00114037	0.00120008	0.00125856	0.00131577	0.00137163	0.00142611	0.00147913	0.00153066	0.00158063	0.001629	0.00167572	0.00172074	0.00176402	0.00180551	0.00184518	0.00188299	0.00191889	0.00195285	0.00198483	0.00201482	0.00204276	0.00206865	0.00209245	0.00211414	0.00213369	0.00215109	0.00216633	0.00217938	0.00219023	0.00219887	0.0022053	0.00220951	0.00221149	0.00221125	0.00220878	0.00220409	0.00219717	0.00218805	0.00217673	0.00216321	0.00214752	0.00212967	0.00210969	0.00208758	0.00206337	0.00203709	0.00200876	0.00197842	0.00194609	0.00191181	0.00187561	0.00183753	0.00179761	0.00175588	0.0017124	0.0016672	0.00162033	0.00157184	0.00152178	0.0014702	0.00141715	0.00136268	0.00130686	0.00124973	0.00119136	0.0011318	0.00107111	0.00100937	0.00094662	0.000882935	0.000818378	0.000753014	0.000686908	0.000620128	0.000552742	0.000484816	0.000416419	0.00034762	0.000278488	0.000209091	0.000139498	6.97782e-05	0	
0	7.66793e-05	0.000153266	0.000229682	0.000305849	0.00038169	0.000457127	0.000532085	0.000606487	0.00068026	0.000753328	0.000825619	0.00089706	0.00096758	0.00103711	0.00110557	0.00117291	0.00123905	0.00130392	0.00136747	0.00142962	0.00149032	0.00154951	0.00160712	0.00166311	0.0017174	0.00176996	0.00182072	0.00186964	0.00191666	0.00196175	0.00200485	0.00204593	0.00208493	0.00212183	0.00215659	0.00218916	0.00221953	0.00224766	0.00227351	0.00229708	0.00231832	0.00233723	0.00235378	0.00236796	0.00237975	0.00238915	0.00239613	0.00240071	0.00240286	0.0024026	0.00239991	0.00239481	0.0023873	0.00237739	0.00236509	0.0023504	0.00233336	0.00231396	0.00229224	0.00226822	0.00224192	0.00221337	0.00218259	0.00214962	0.0021145	0.00207725	0.00203792	0.00199654	0.00195316	0.00190783	0.00186058	0.00181147	0.00176055	0.00170786	0.00165347	0.00159742	0.00153978	0.0014806	0.00141995	0.00135787	0.00129445	0.00122974	0.0011638	0.00109671	0.00102854	0.000959341	0.000889197	0.000818177	0.000746351	0.000673792	0.000600574	0.000526771	0.000452455	0.000377703	0.000302588	0.000227185	0.00015157	7.58167e-05	0	
0	8.27071e-05	0.000165314	0.000247737	0.000329892	0.000411694	0.000493062	0.000573912	0.000654164	0.000733736	0.000812548	0.000890522	0.00096758	0.00104364	0.00111864	0.00119248	0.00126511	0.00133645	0.00140643	0.00147497	0.00154201	0.00160748	0.00167132	0.00173347	0.00179385	0.00185241	0.0019091	0.00196385	0.00201662	0.00206734	0.00211597	0.00216246	0.00220676	0.00224884	0.00228864	0.00232612	0.00236126	0.00239402	0.00242435	0.00245224	0.00247766	0.00250058	0.00252097	0.00253882	0.00255412	0.00256684	0.00257697	0.0025845	0.00258944	0.00259176	0.00259148	0.00258858	0.00258308	0.00257498	0.00256429	0.00255102	0.00253518	0.00251679	0.00249587	0.00247245	0.00244654	0.00241817	0.00238737	0.00235417	0.00231861	0.00228073	0.00224055	0.00219813	0.0021535	0.00210671	0.00205781	0.00200685	0.00195388	0.00189895	0.00184213	0.00178346	0.00172301	0.00166083	0.001597	0.00153158	0.00146463	0.00139621	0.00132642	0.0012553	0.00118293	0.0011094	0.00103476	0.000959104	0.0008825	0.000805027	0.000726764	0.00064779	0.000568184	0.000488027	0.000407397	0.000326377	0.000245046	0.000163486	8.17774e-05	0	
0	8.865e-05	0.000177193	0.000265539	0.000353596	0.000441277	0.000528491	0.000615151	0.00070117	0.00078646	0.000870935	0.000954513	0.00103711	0.00111864	0.00119902	0.00127817	0.00135602	0.00143249	0.00150749	0.00158096	0.00165282	0.00172299	0.00179142	0.00185803	0.00192275	0.00198553	0.00204629	0.00210497	0.00216153	0.0022159	0.00226802	0.00231785	0.00236534	0.00241043	0.00245309	0.00249328	0.00253094	0.00256605	0.00259857	0.00262846	0.0026557	0.00268027	0.00270213	0.00272126	0.00273766	0.00275129	0.00276215	0.00277023	0.00277551	0.002778	0.0027777	0.00277459	0.0027687	0.00276002	0.00274856	0.00273433	0.00271736	0.00269765	0.00267523	0.00265012	0.00262235	0.00259194	0.00255893	0.00252335	0.00248523	0.00244462	0.00240156	0.00235609	0.00230825	0.0022581	0.00220569	0.00215106	0.00209429	0.00203541	0.0019745	0.00191162	0.00184682	0.00178018	0.00171176	0.00164164	0.00156988	0.00149655	0.00142173	0.00134551	0.00126794	0.00118912	0.00110912	0.00102803	0.000945918	0.000862879	0.000778992	0.000694343	0.000609016	0.000523098	0.000436674	0.000349832	0.000262657	0.000175235	8.76544e-05	0	
0	9.45021e-05	0.00018889	0.000283068	0.000376939	0.000470408	0.00056338	0.000655761	0.000747458	0.000838378	0.000928431	0.00101753	0.00110557	0.00119248	0.00127817	0.00136255	0.00144554	0.00152705	0.00160701	0.00168533	0.00176193	0.00183674	0.00190969	0.00198069	0.00204969	0.0021166	0.00218138	0.00224394	0.00230423	0.00236218	0.00241775	0.00247087	0.00252149	0.00256957	0.00261504	0.00265788	0.00269803	0.00273545	0.00277012	0.00280199	0.00283103	0.00285721	0.00288052	0.00290092	0.00291839	0.00293292	0.0029445	0.00295311	0.00295875	0.0029614	0.00296108	0.00295777	0.00295148	0.00294223	0.00293001	0.00291485	0.00289675	0.00287574	0.00285184	0.00282508	0.00279547	0.00276306	0.00272787	0.00268993	0.0026493	0.00260601	0.00256011	0.00251163	0.00246064	0.00240718	0.00235131	0.00229308	0.00223255	0.00216979	0.00210486	0.00203782	0.00196875	0.00189771	0.00182477	0.00175002	0.00167352	0.00159535	0.0015156	0.00143434	0.00135165	0.00126763	0.00118235	0.0010959	0.00100837	0.000919847	0.000830422	0.000740184	0.000649225	0.000557634	0.000465505	0.000372929	0.000279998	0.000186805	9.34416e-05	0	
0	0.000100258	0.000200395	0.000300308	0.000399896	0.000499058	0.000597692	0.0006957	0.000792982	0.00088944	0.000984977	0.0010795	0.00117291	0.00126511	0.00135602	0.00144554	0.00153358	0.00162006	0.00170489	0.00178797	0.00186924	0.00194861	0.002026	0.00210133	0.00217453	0.00224552	0.00231424	0.00238061	0.00244457	0.00250606	0.00256501	0.00262136	0.00267507	0.00272607	0.00277432	0.00281976	0.00286236	0.00290206	0.00293884	0.00297265	0.00300346	0.00303124	0.00305596	0.00307761	0.00309614	0.00311156	0.00312385	0.00313298	0.00313896	0.00314178	0.00314143	0.00313792	0.00313125	0.00312144	0.00310848	0.00309239	0.00307319	0.0030509	0.00302555	0.00299715	0.00296574	0.00293135	0.00289402	0.00285378	0.00281067	0.00276474	0.00271604	0.00266461	0.00261051	0.0025538	0.00249452	0.00243275	0.00236853	0.00230195	0.00223307	0.00216195	0.00208866	0.0020133	0.00193592	0.00185661	0.00177545	0.00169252	0.00160791	0.0015217	0.00143398	0.00134484	0.00125436	0.00116265	0.00106979	0.000975876	0.000881004	0.00078527	0.00068877	0.000591601	0.000493859	0.000395644	0.000297053	0.000198184	9.91334e-05	0	
0	0.000105911	0.000211694	0.000317241	0.000422445	0.000527198	0.000631394	0.000734929	0.000837696	0.000939593	0.00104052	0.00114037	0.00123905	0.00133645	0.00143249	0.00152705	0.00162006	0.00171141	0.00180102	0.0018888	0.00197465	0.00205849	0.00214024	0.00221982	0.00229715	0.00237214	0.00244474	0.00251485	0.00258242	0.00264737	0.00270965	0.00276918	0.00282592	0.00287979	0.00293076	0.00297877	0.00302377	0.00306571	0.00310456	0.00314028	0.00317283	0.00320217	0.00322829	0.00325115	0.00327074	0.00328703	0.0033	0.00330965	0.00331597	0.00331894	0.00331858	0.00331487	0.00330783	0.00329746	0.00328376	0.00326677	0.00324649	0.00322294	0.00319616	0.00316616	0.00313298	0.00309665	0.00305721	0.0030147	0.00296917	0.00292065	0.0028692	0.00281487	0.00275772	0.00269781	0.00263519	0.00256993	0.0025021	0.00243176	0.00235899	0.00228386	0.00220645	0.00212683	0.00204509	0.00196131	0.00187557	0.00178797	0.00169859	0.00160752	0.00151485	0.00142068	0.0013251	0.00122822	0.00113012	0.00103091	0.000930687	0.000829554	0.000727612	0.000624963	0.00052171	0.000417957	0.000313805	0.00020936	0.000104724	0	
0	0.000111456	0.000222778	0.000333851	0.000444563	0.000554801	0.000664453	0.000773408	0.000881556	0.000988789	0.001095	0.00120008	0.00130392	0.00140643	0.00150749	0.00160701	0.00170489	0.00180102	0.00189532	0.00198769	0.00207804	0.00216627	0.00225231	0.00233605	0.00241743	0.00249635	0.00257274	0.00264653	0.00271764	0.00278599	0.00285153	0.00291418	0.00297388	0.00303058	0.00308422	0.00313474	0.00318209	0.00322623	0.00326712	0.0033047	0.00333896	0.00336984	0.00339733	0.00342138	0.003442	0.00345914	0.00347279	0.00348295	0.00348959	0.00349273	0.00349234	0.00348844	0.00348103	0.00347011	0.00345571	0.00343782	0.00341648	0.0033917	0.00336351	0.00333195	0.00329703	0.0032588	0.00321729	0.00317256	0.00312464	0.00307358	0.00301944	0.00296227	0.00290212	0.00283907	0.00277317	0.0027045	0.00263311	0.00255909	0.00248251	0.00240345	0.00232198	0.0022382	0.00215218	0.00206401	0.00197378	0.00188159	0.00178753	0.00169169	0.00159417	0.00149507	0.00139449	0.00129253	0.0011893	0.00108489	0.000979421	0.000872993	0.000765713	0.000657689	0.000549029	0.000439843	0.000330238	0.000220323	0.000110208	0	
0	0.000116888	0.000233635	0.000350121	0.000466229	0.000581839	0.000696835	0.0008111	0.000924519	0.00103698	0.00114836	0.00125856	0.00136747	0.00147497	0.00158096	0.00168533	0.00178797	0.0018888	0.00198769	0.00208456	0.00217931	0.00227185	0.00236207	0.0024499	0.00253524	0.00261801	0.00269813	0.00277551	0.00285008	0.00292177	0.0029905	0.0030562	0.00311882	0.00317828	0.00323453	0.00328751	0.00333718	0.00338347	0.00342634	0.00346576	0.00350169	0.00353408	0.0035629	0.00358813	0.00360975	0.00362772	0.00364204	0.0036527	0.00365967	0.00366295	0.00366255	0.00365846	0.00365068	0.00363924	0.00362413	0.00360537	0.00358299	0.003557	0.00352744	0.00349434	0.00345772	0.00341762	0.0033741	0.00332718	0.00327692	0.00322338	0.0031666	0.00310664	0.00304357	0.00297744	0.00290833	0.00283631	0.00276145	0.00268382	0.00260351	0.00252059	0.00243515	0.00234728	0.00225707	0.00216461	0.00206998	0.0019733	0.00187465	0.00177414	0.00167187	0.00156794	0.00146245	0.00135553	0.00124726	0.00113777	0.00102716	0.000915542	0.000803034	0.000689745	0.000575789	0.000461281	0.000346334	0.000231062	0.00011558	0	
0	0.0001222	0.000244254	0.000366035	0.00048742	0.000608284	0.000728507	0.000847966	0.00096654	0.00108411	0.00120056	0.00131577	0.00142962	0.00154201	0.00165282	0.00176193	0.00186924	0.00197465	0.00207804	0.00217931	0.00227837	0.00237511	0.00246944	0.00256126	0.00265048	0.00273701	0.00282077	0.00290167	0.00297963	0.00305457	0.00312643	0.00319512	0.00326058	0.00332275	0.00338155	0.00343694	0.00348886	0.00353726	0.00358209	0.0036233	0.00366085	0.00369471	0.00372485	0.00375123	0.00377383	0.00379262	0.00380759	0.00381873	0.00382602	0.00382945	0.00382903	0.00382475	0.00381663	0.00380466	0.00378886	0.00376925	0.00374585	0.00371869	0.00368778	0.00365317	0.00361489	0.00357297	0.00352747	0.00347842	0.00342588	0.0033699	0.00331054	0.00324785	0.00318191	0.00311278	0.00304053	0.00296524	0.00288697	0.00280581	0.00272185	0.00263516	0.00254584	0.00245398	0.00235967	0.002263	0.00216408	0.002063	0.00195987	0.00185479	0.00174786	0.00163921	0.00152893	0.00141714	0.00130396	0.00118949	0.00107385	0.00095716	0.000839537	0.000721099	0.000601963	0.00048225	0.000362077	0.000241566	0.000120834	0	
0	0.000127389	0.000254624	0.000381576	0.000508115	0.000634112	0.000759439	0.000883969	0.00100758	0.00113014	0.00125153	0.00137163	0.00149032	0.00160748	0.00172299	0.00183674	0.00194861	0.00205849	0.00216627	0.00227185	0.00237511	0.00247596	0.00257429	0.00267001	0.00276302	0.00285322	0.00294054	0.00302487	0.00310615	0.00318427	0.00325918	0.00333079	0.00339903	0.00346383	0.00352514	0.00358288	0.003637	0.00368746	0.00373419	0.00377715	0.0038163	0.0038516	0.00388301	0.00391051	0.00393407	0.00395366	0.00396927	0.00398088	0.00398847	0.00399205	0.00399162	0.00398716	0.00397869	0.00396621	0.00394974	0.0039293	0.00390491	0.00387659	0.00384437	0.00380829	0.00376838	0.00372469	0.00367725	0.00362612	0.00357135	0.00351299	0.00345111	0.00338576	0.00331702	0.00324496	0.00316964	0.00309115	0.00300956	0.00292496	0.00283743	0.00274706	0.00265395	0.00255818	0.00245987	0.00235909	0.00225597	0.0021506	0.00204309	0.00193355	0.00182208	0.00170882	0.00159386	0.00147732	0.00135933	0.00124	0.00111945	0.000997805	0.000875188	0.00075172	0.000627525	0.000502728	0.000377453	0.000251824	0.000125965	0	
0	0.000132448	0.000264736	0.00039673	0.000528294	0.000659294	0.000789599	0.000919075	0.00104759	0.00117502	0.00130124	0.00142611	0.00154951	0.00167132	0.00179142	0.00190969	0.002026	0.00214024	0.00225231	0.00236207	0.00246944	0.00257429	0.00267653	0.00277605	0.00287275	0.00296654	0.00305732	0.00314501	0.00322951	0.00331074	0.00338862	0.00346307	0.00353402	0.0036014	0.00366514	0.00372518	0.00378145	0.00383391	0.00388249	0.00392716	0.00396786	0.00400456	0.00403723	0.00406582	0.00409031	0.00411068	0.00412691	0.00413898	0.00414688	0.0041506	0.00415015	0.00414551	0.0041367	0.00412373	0.00410661	0.00408536	0.00406	0.00403055	0.00399706	0.00395954	0.00391805	0.00387262	0.0038233	0.00377013	0.00371319	0.00365251	0.00358817	0.00352024	0.00344877	0.00337384	0.00329553	0.00321392	0.00312909	0.00304113	0.00295012	0.00285617	0.00275936	0.00265979	0.00255756	0.00245279	0.00234557	0.00223602	0.00212423	0.00201034	0.00189445	0.00177669	0.00165716	0.001536	0.00141332	0.00128925	0.00116391	0.00103744	0.000909949	0.000781577	0.00065245	0.000522696	0.000392445	0.000261826	0.000130968	0	
0	0.000137372	0.000274579	0.00041148	0.000547936	0.000683807	0.000818957	0.000953247	0.00108654	0.00121871	0.00134962	0.00147913	0.00160712	0.00173347	0.00185803	0.00198069	0.00210133	0.00221982	0.00233605	0.0024499	0.00256126	0.00267001	0.00277605	0.00287927	0.00297957	0.00307684	0.003171	0.00326195	0.00334959	0.00343384	0.00351462	0.00359184	0.00366543	0.00373531	0.00380142	0.00386369	0.00392206	0.00397646	0.00402685	0.00407318	0.0041154	0.00415347	0.00418735	0.004217	0.0042424	0.00426353	0.00428036	0.00429288	0.00430108	0.00430494	0.00430446	0.00429966	0.00429052	0.00427707	0.00425931	0.00423727	0.00421096	0.00418043	0.00414568	0.00410677	0.00406374	0.00401662	0.00396546	0.00391032	0.00385126	0.00378833	0.0037216	0.00365113	0.00357701	0.00349929	0.00341807	0.00333343	0.00324544	0.00315421	0.00305982	0.00296237	0.00286196	0.00275869	0.00265267	0.002544	0.00243279	0.00231916	0.00220322	0.0020851	0.0019649	0.00184275	0.00171878	0.00159311	0.00146587	0.00133719	0.00120719	0.00107601	0.000943786	0.000810641	0.000676712	0.000542133	0.000407038	0.000271562	0.000135838	0	
0	0.000142157	0.000284144	0.000425814	0.000567023	0.000707627	0.000847484	0.000986453	0.00112439	0.00126116	0.00139663	0.00153066	0.00166311	0.00179385	0.00192275	0.00204969	0.00217453	0.00229715	0.00241743	0.00253524	0.00265048	0.00276302	0.00287275	0.00297957	0.00308336	0.00318403	0.00328146	0.00337558	0.00346627	0.00355346	0.00363705	0.00371696	0.00379311	0.00386543	0.00393384	0.00399828	0.00405868	0.00411498	0.00416713	0.00421507	0.00425876	0.00429816	0.00433321	0.0043639	0.00439019	0.00441205	0.00442947	0.00444243	0.00445091	0.0044549	0.00445441	0.00444944	0.00443999	0.00442606	0.00440769	0.00438488	0.00435766	0.00432606	0.0042901	0.00424984	0.0042053	0.00415654	0.0041036	0.00404654	0.00398542	0.0039203	0.00385125	0.00377833	0.00370162	0.0036212	0.00353715	0.00344955	0.0033585	0.00326409	0.00316641	0.00306557	0.00296166	0.0028548	0.00274508	0.00263262	0.00251754	0.00239995	0.00227998	0.00215774	0.00203335	0.00190695	0.00177866	0.00164861	0.00151694	0.00138377	0.00124925	0.0011135	0.000976666	0.000838882	0.000700287	0.00056102	0.000421219	0.000281023	0.000140571	0	
0	0.000146798	0.00029342	0.000439715	0.000585534	0.000730729	0.000875152	0.00101866	0.0011611	0.00130234	0.00144223	0.00158063	0.0017174	0.00185241	0.00198553	0.0021166	0.00224552	0.00237214	0.00249635	0.00261801	0.00273701	0.00285322	0.00296654	0.00307684	0.00318403	0.00328798	0.0033886	0.00348578	0.00357944	0.00366947	0.00375579	0.00383831	0.00391695	0.00399163	0.00406228	0.00412882	0.00419119	0.00424933	0.00430318	0.00435269	0.00439781	0.00443849	0.00447469	0.00450638	0.00453353	0.0045561	0.00457409	0.00458747	0.00459622	0.00460035	0.00459985	0.00459471	0.00458495	0.00457057	0.0045516	0.00452804	0.00449993	0.0044673	0.00443017	0.00438859	0.0043426	0.00429225	0.00423758	0.00417866	0.00411555	0.0040483	0.00397699	0.00390169	0.00382247	0.00373943	0.00365263	0.00356218	0.00346816	0.00337066	0.0032698	0.00316566	0.00305836	0.002948	0.00283471	0.00271858	0.00259974	0.00247831	0.00235442	0.00222819	0.00209974	0.00196921	0.00183674	0.00170244	0.00156647	0.00142896	0.00129004	0.00114986	0.00100856	0.000866273	0.000723153	0.000579338	0.000434973	0.000290199	0.000145161	0	
0	0.00015129	0.000302399	0.000453171	0.000603452	0.000753089	0.000901932	0.00104983	0.00119663	0.00134219	0.00148636	0.001629	0.00176996	0.0019091	0.00204629	0.00218138	0.00231424	0.00244474	0.00257274	0.00269813	0.00282077	0.00294054	0.00305732	0.003171	0.00328146	0.0033886	0.0034923	0.00359246	0.00368898	0.00378177	0.00387073	0.00395577	0.00403682	0.00411379	0.00418659	0.00425517	0.00431945	0.00437937	0.00443487	0.00448589	0.00453239	0.00457432	0.00461163	0.00464429	0.00467226	0.00469553	0.00471407	0.00472786	0.00473688	0.00474114	0.00474061	0.00473532	0.00472526	0.00471044	0.00469089	0.00466661	0.00463764	0.00460401	0.00456575	0.0045229	0.0044755	0.00442361	0.00436727	0.00430654	0.0042415	0.00417219	0.0040987	0.00402109	0.00393945	0.00385387	0.00376442	0.00367119	0.0035743	0.00347382	0.00336987	0.00326254	0.00315196	0.00303823	0.00292146	0.00280178	0.0026793	0.00255416	0.00242648	0.00229638	0.002164	0.00202948	0.00189295	0.00175455	0.00161441	0.00147269	0.00132952	0.00118505	0.00103942	0.000892785	0.000745285	0.000597069	0.000448285	0.000299081	0.000149603	0	
0	0.000155629	0.000311071	0.000466167	0.000620758	0.000774687	0.000927799	0.00107994	0.00123095	0.00138068	0.00152899	0.00167572	0.00182072	0.00196385	0.00210497	0.00224394	0.00238061	0.00251485	0.00264653	0.00277551	0.00290167	0.00302487	0.00314501	0.00326195	0.00337558	0.00348578	0.00359246	0.00369549	0.00379478	0.00389023	0.00398174	0.00406923	0.0041526	0.00423177	0.00430667	0.00437721	0.00444334	0.00450498	0.00456207	0.00461455	0.00466238	0.00470551	0.00474389	0.00477749	0.00480627	0.00483021	0.00484928	0.00486346	0.00487274	0.00487712	0.00487658	0.00487114	0.00486079	0.00484555	0.00482543	0.00480046	0.00477066	0.00473606	0.0046967	0.00465262	0.00460387	0.00455048	0.00449253	0.00443006	0.00436315	0.00429186	0.00421626	0.00413642	0.00405245	0.0039644	0.00387239	0.00377649	0.00367681	0.00357346	0.00346652	0.00335612	0.00324236	0.00312537	0.00300525	0.00288214	0.00275615	0.00262742	0.00249607	0.00236225	0.00222607	0.00208769	0.00194724	0.00180487	0.00166072	0.00151493	0.00136765	0.00121904	0.00106924	0.000918393	0.000766662	0.000614195	0.000461144	0.00030766	0.000153895	0	
0	0.00015981	0.000319429	0.000478691	0.000637436	0.000795501	0.000952726	0.00110895	0.00126402	0.00141778	0.00157007	0.00172074	0.00186964	0.00201662	0.00216153	0.00230423	0.00244457	0.00258242	0.00271764	0.00285008	0.00297963	0.00310615	0.00322951	0.00334959	0.00346627	0.00357944	0.00368898	0.00379478	0.00389674	0.00399475	0.00408873	0.00417856	0.00426417	0.00434547	0.00442238	0.00449482	0.00456273	0.00462602	0.00468464	0.00473854	0.00478766	0.00483194	0.00487135	0.00490585	0.00493541	0.00495999	0.00497957	0.00499413	0.00500367	0.00500816	0.00500761	0.00500202	0.00499139	0.00497574	0.00495508	0.00492944	0.00489884	0.00486332	0.0048229	0.00477763	0.00472757	0.00467275	0.00461324	0.0045491	0.00448038	0.00440718	0.00432954	0.00424757	0.00416133	0.00407092	0.00397644	0.00387796	0.00377561	0.00366947	0.00355967	0.0034463	0.00332949	0.00320935	0.003086	0.00295958	0.00283021	0.00269802	0.00256314	0.00242572	0.00228589	0.00214379	0.00199957	0.00185337	0.00170534	0.00155564	0.0014044	0.0012518	0.00109797	0.000943072	0.000787264	0.000630699	0.000473535	0.000315927	0.00015803	0	
0	0.00016383	0.000327463	0.000490731	0.000653468	0.000815509	0.000976689	0.00113684	0.00129581	0.00145344	0.00160956	0.00176402	0.00191666	0.00206734	0.0022159	0.00236218	0.00250606	0.00264737	0.00278599	0.00292177	0.00305457	0.00318427	0.00331074	0.00343384	0.00355346	0.00366947	0.00378177	0.00389023	0.00399475	0.00409523	0.00419157	0.00428367	0.00437143	0.00445478	0.00453362	0.00460788	0.00467749	0.00474238	0.00480248	0.00485773	0.00490808	0.00495348	0.00499389	0.00502925	0.00505955	0.00508475	0.00510482	0.00511975	0.00512953	0.00513413	0.00513357	0.00512784	0.00511694	0.0051009	0.00507972	0.00505344	0.00502207	0.00498565	0.00494421	0.00489781	0.00484648	0.00479029	0.00472928	0.00466352	0.00459308	0.00451803	0.00443845	0.00435441	0.00426601	0.00417333	0.00407646	0.00397551	0.00387058	0.00376178	0.00364921	0.00353299	0.00341324	0.00329008	0.00316363	0.00303403	0.0029014	0.00276589	0.00262762	0.00248674	0.00234339	0.00219772	0.00204987	0.00189999	0.00174824	0.00159477	0.00143973	0.00128329	0.00112559	0.000966795	0.000807068	0.000646565	0.000485447	0.000323874	0.000162005	0	
0	0.000167683	0.000335165	0.000502274	0.00066884	0.000834692	0.000999663	0.00116359	0.0013263	0.00148763	0.00164742	0.00180551	0.00196175	0.00211597	0.00226802	0.00241775	0.00256501	0.00270965	0.00285153	0.0029905	0.00312643	0.00325918	0.00338862	0.00351462	0.00363705	0.00375579	0.00387073	0.00398174	0.00408873	0.00419157	0.00429017	0.00438443	0.00447426	0.00455957	0.00464027	0.00471628	0.00478753	0.00485394	0.00491545	0.004972	0.00502354	0.00507001	0.00511136	0.00514756	0.00517857	0.00520437	0.00522491	0.00524019	0.0052502	0.00525491	0.00525433	0.00524847	0.00523732	0.0052209	0.00519922	0.00517232	0.00514021	0.00510293	0.00506053	0.00501303	0.0049605	0.00490298	0.00484054	0.00477323	0.00470114	0.00462432	0.00454286	0.00445685	0.00436637	0.0042715	0.00417236	0.00406904	0.00396164	0.00385027	0.00373506	0.0036161	0.00349354	0.00336748	0.00323806	0.00310541	0.00296966	0.00283096	0.00268944	0.00254524	0.00239852	0.00224942	0.00209809	0.00194469	0.00178937	0.00163229	0.0014736	0.00131348	0.00115207	0.00098954	0.000826055	0.000661777	0.000496868	0.000331494	0.000165817	0	
0	0.000171367	0.000342529	0.000513309	0.000683534	0.00085303	0.00102163	0.00118915	0.00135544	0.00152031	0.00168362	0.00184518	0.00200485	0.00216246	0.00231785	0.00247087	0.00262136	0.00276918	0.00291418	0.0030562	0.00319512	0.00333079	0.00346307	0.00359184	0.00371696	0.00383831	0.00395577	0.00406923	0.00417856	0.00428367	0.00438443	0.00448077	0.00457257	0.00465975	0.00474222	0.0048199	0.00489272	0.00496059	0.00502345	0.00508125	0.00513392	0.00518141	0.00522367	0.00526067	0.00529236	0.00531872	0.00533971	0.00535533	0.00536556	0.00537037	0.00536979	0.00536379	0.00535239	0.00533561	0.00531346	0.00528597	0.00525315	0.00521506	0.00517172	0.00512318	0.00506949	0.00501071	0.0049469	0.00487811	0.00480443	0.00472593	0.00464268	0.00455478	0.00446231	0.00436536	0.00426404	0.00415845	0.00404869	0.00393488	0.00381713	0.00369556	0.0035703	0.00344147	0.00330921	0.00317364	0.00303492	0.00289316	0.00274853	0.00260117	0.00245122	0.00229885	0.00214419	0.00198742	0.00182869	0.00166816	0.00150599	0.00134234	0.00117738	0.00101128	0.000844207	0.000676319	0.000507787	0.000338778	0.000169461	0	
0	0.000174878	0.000349546	0.000523826	0.000697538	0.000870506	0.00104256	0.00121351	0.0013832	0.00155146	0.00171811	0.00188299	0.00204593	0.00220676	0.00236534	0.00252149	0.00267507	0.00282592	0.00297388	0.00311882	0.00326058	0.00339903	0.00353402	0.00366543	0.00379311	0.00391695	0.00403682	0.0041526	0.00426417	0.00437143	0.00447426	0.00457257	0.00466625	0.00475522	0.00483938	0.00491866	0.00499296	0.00506222	0.00512638	0.00518536	0.0052391	0.00528757	0.0053307	0.00536845	0.00540079	0.00542769	0.00544912	0.00546506	0.00547549	0.00548041	0.00547981	0.00547369	0.00546206	0.00544493	0.00542233	0.00539427	0.00536079	0.00532191	0.00527768	0.00522815	0.00517336	0.00511338	0.00504826	0.00497806	0.00490287	0.00482276	0.00473781	0.0046481	0.00455374	0.00445481	0.00435141	0.00424365	0.00413164	0.0040155	0.00389534	0.00377128	0.00364345	0.00351199	0.00337701	0.00323867	0.0030971	0.00295244	0.00280485	0.00265447	0.00250145	0.00234595	0.00218813	0.00202815	0.00186616	0.00170234	0.00153684	0.00136985	0.00120151	0.00103201	0.000861506	0.000690177	0.000518192	0.00034572	0.000172933	0	
0	0.000178212	0.00035621	0.000533812	0.000710836	0.000887102	0.00106243	0.00123665	0.00140958	0.00158104	0.00175087	0.00191889	0.00208493	0.00224884	0.00241043	0.00256957	0.00272607	0.00287979	0.00303058	0.00317828	0.00332275	0.00346383	0.0036014	0.00373531	0.00386543	0.00399163	0.00411379	0.00423177	0.00434547	0.00445478	0.00455957	0.00465975	0.00475522	0.00484589	0.00493165	0.00501244	0.00508816	0.00515874	0.00522412	0.00528422	0.00533899	0.00538838	0.00543233	0.00547081	0.00550377	0.00553118	0.00555301	0.00556926	0.00557989	0.0055849	0.00558429	0.00557805	0.0055662	0.00554875	0.00552572	0.00549712	0.005463	0.00542338	0.00537831	0.00532783	0.005272	0.00521087	0.00514451	0.00507298	0.00499636	0.00491472	0.00482815	0.00473673	0.00464057	0.00453975	0.00443438	0.00432457	0.00421042	0.00409207	0.00396961	0.00384319	0.00371293	0.00357895	0.00344141	0.00330043	0.00315615	0.00300874	0.00285833	0.00270508	0.00254915	0.00239068	0.00222985	0.00206682	0.00190174	0.0017348	0.00156615	0.00139597	0.00122442	0.00105169	0.000877933	0.000703338	0.000528073	0.000352313	0.000176231	0	
0	0.000181366	0.000362514	0.000543259	0.000723416	0.000902802	0.00108123	0.00125853	0.00143452	0.00160902	0.00178185	0.00195285	0.00212183	0.00228864	0.00245309	0.00261504	0.00277432	0.00293076	0.00308422	0.00323453	0.00338155	0.00352514	0.00366514	0.00380142	0.00393384	0.00406228	0.00418659	0.00430667	0.00442238	0.00453362	0.00464027	0.00474222	0.00483938	0.00493165	0.00501894	0.00510115	0.00517821	0.00525005	0.00531658	0.00537775	0.00543349	0.00548375	0.00552848	0.00556764	0.00560118	0.00562907	0.0056513	0.00566783	0.00567865	0.00568375	0.00568313	0.00567678	0.00566472	0.00564696	0.00562352	0.00559442	0.00555969	0.00551937	0.0054735	0.00542213	0.00536532	0.0053031	0.00523557	0.00516277	0.00508479	0.00500171	0.0049136	0.00482057	0.0047227	0.0046201	0.00451287	0.00440111	0.00428495	0.0041645	0.00403988	0.00391122	0.00377865	0.0036423	0.00350232	0.00335884	0.00321202	0.003062	0.00290893	0.00275296	0.00259427	0.002433	0.00226932	0.0021034	0.00193541	0.00176551	0.00159387	0.00142068	0.00124609	0.0010703	0.000893474	0.000715788	0.000537421	0.000358549	0.00017935	0	
0	0.000184337	0.000368452	0.000552158	0.000735265	0.000917589	0.00109895	0.00127915	0.00145802	0.00163537	0.00181104	0.00198483	0.00215659	0.00232612	0.00249328	0.00265788	0.00281976	0.00297877	0.00313474	0.00328751	0.00343694	0.00358288	0.00372518	0.00386369	0.00399828	0.00412882	0.00425517	0.00437721	0.00449482	0.00460788	0.00471628	0.0048199	0.00491866	0.00501244	0.00510115	0.00518471	0.00526304	0.00533605	0.00540367	0.00546584	0.0055225	0.00557358	0.00561904	0.00565884	0.00569293	0.00572128	0.00574387	0.00576067	0.00577167	0.00577685	0.00577622	0.00576977	0.00575752	0.00573947	0.00571564	0.00568606	0.00565077	0.00560979	0.00556317	0.00551096	0.00545321	0.00538998	0.00532133	0.00524735	0.00516809	0.00508364	0.0049941	0.00489954	0.00480007	0.00469579	0.0045868	0.00447321	0.00435514	0.00423272	0.00410606	0.00397529	0.00384055	0.00370197	0.0035597	0.00341387	0.00326464	0.00311216	0.00295658	0.00279806	0.00263677	0.00247286	0.0023065	0.00213786	0.00196711	0.00179443	0.00161998	0.00144395	0.00126651	0.00108784	0.000908112	0.000727515	0.000546225	0.000364423	0.000182288	0	
0	0.000187121	0.000374018	0.000560498	0.000746372	0.00093145	0.00111555	0.00129847	0.00148004	0.00166008	0.0018384	0.00201482	0.00218916	0.00236126	0.00253094	0.00269803	0.00286236	0.00302377	0.00318209	0.00333718	0.00348886	0.003637	0.00378145	0.00392206	0.00405868	0.00419119	0.00431945	0.00444334	0.00456273	0.00467749	0.00478753	0.00489272	0.00499296	0.00508816	0.00517821	0.00526304	0.00534254	0.00541666	0.0054853	0.00554841	0.00560592	0.00565778	0.00570393	0.00574433	0.00577893	0.00580772	0.00583065	0.0058477	0.00585886	0.00586413	0.00586348	0.00585694	0.0058445	0.00582617	0.00580199	0.00577196	0.00573614	0.00569454	0.00564721	0.00559421	0.00553559	0.00547141	0.00540173	0.00532662	0.00524617	0.00516045	0.00506955	0.00497356	0.00487259	0.00476673	0.00465609	0.00454079	0.00442094	0.00429667	0.00416809	0.00403535	0.00389857	0.0037579	0.00361348	0.00346545	0.00331396	0.00315918	0.00300125	0.00284034	0.00267661	0.00251022	0.00234135	0.00217016	0.00199683	0.00182154	0.00164446	0.00146577	0.00128564	0.00110427	0.000921832	0.000738507	0.000554478	0.000369929	0.000185043	0	
