0	0	0	0	0	0	0	0	0	0	0	0	0	0	0	0	0	0	0	0	0	0	0	0	0	0	0	0	0	0	0	0	0	0	0	0	0	0	0	0	0	0	0	0	0	0	0	0	0	0	0	0	0	0	0	0	0	0	0	0	0	0	0	0	0	0	0	0	0	0	0	0	0	0	0	0	0	0	0	0	0	0	0	0	0	0	0	0	0	0	0	0	0	0	0	0	0	0	0	0	
0	6.24116e-06	1.24747e-05	1.86941e-05	2.48932e-05	3.10657e-05	3.72052e-05	4.33055e-05	4.93606e-05	5.53644e-05	6.13107e-05	6.71937e-05	7.30074e-05	7.87461e-05	8.4404e-05	8.99754e-05	9.54548e-05	0.000100837	0.000106116	0.000111287	0.000116344	0.000121283	0.000126099	0.000130787	0.000135342	0.00013976	0.000144036	0.000148166	0.000152147	0.000155973	0.000159641	0.000163147	0.000166489	0.000169662	0.000172664	0.000175492	0.000178142	0.000180612	0.0001829	0.000185003	0.00018692	0.000188648	0.000190186	0.000191532	0.000192685	0.000193643	0.000194407	0.000194974	0.000195346	0.00019552	0.000195498	0.000195278	0.000194863	0.000194251	0.000193443	0.000192441	0.000191246	0.000189858	0.000188279	0.000186511	0.000184556	0.000182415	0.000180091	0.000177586	0.000174902	0.000172044	0.000169012	0.000165811	0.000162444	0.000158914	0.000155224	0.00015138	0.000147383	0.000143239	0.000138952	0.000134526	0.000129965	0.000125275	0.00012046	0.000115524	0.000110473	0.000105313	0.000100047	9.46824e-05	8.92236e-05	8.36764e-05	7.80465e-05	7.23394e-05	6.65611e-05	6.07174e-05	5.48141e-05	4.88573e-05	4.28529e-05	3.6807e-05	3.07257e-05	2.46149e-05	1.84809e-05	1.23297e-05	6.16737e-06	0	
0	1.24747e-05	2.49341e-05	3.73654e-05	4.97561e-05	6.20934e-05	7.4365e-05	8.65583e-05	9.86611e-05	0.000110661	0.000122547	0.000134306	0.000145926	0.000157396	0.000168705	0.000179841	0.000190794	0.000201551	0.000212103	0.000222438	0.000232547	0.00024242	0.000252046	0.000261416	0.000270521	0.000279351	0.000287898	0.000296153	0.000304109	0.000311756	0.000319088	0.000326097	0.000332777	0.000339119	0.00034512	0.000350771	0.000356068	0.000361006	0.000365579	0.000369783	0.000373614	0.000377068	0.000380142	0.000382832	0.000385136	0.000387052	0.000388579	0.000389713	0.000390455	0.000390804	0.000390759	0.000390321	0.00038949	0.000388267	0.000386653	0.00038465	0.00038226	0.000379486	0.000376331	0.000372797	0.000368888	0.000364609	0.000359964	0.000354957	0.000349594	0.000343879	0.00033782	0.000331422	0.000324692	0.000317636	0.000310262	0.000302577	0.000294589	0.000286306	0.000277737	0.00026889	0.000259774	0.000250399	0.000240774	0.000230909	0.000220813	0.000210498	0.000199974	0.000189251	0.00017834	0.000167252	0.000155999	0.000144592	0.000133042	0.000121362	0.000109562	9.7656e-05	8.56545e-05	7.357e-05	6.14146e-05	4.92004e-05	3.69397e-05	2.46447e-05	1.23274e-05	0	
0	1.86941e-05	3.73654e-05	5.59947e-05	7.4563e-05	9.30514e-05	0.000111441	0.000129714	0.000147851	0.000165834	0.000183646	0.000201267	0.000218681	0.000235871	0.000252818	0.000269506	0.000285919	0.00030204	0.000317852	0.000333341	0.00034849	0.000363285	0.00037771	0.000391752	0.000405396	0.000418629	0.000431438	0.000443809	0.000455731	0.000467191	0.000478179	0.000488682	0.000498692	0.000508197	0.000517189	0.000525658	0.000533596	0.000540996	0.000547849	0.000554149	0.00055989	0.000565066	0.000569672	0.000573704	0.000577158	0.000580029	0.000582316	0.000584016	0.000585128	0.000585651	0.000585584	0.000584927	0.000583682	0.000581849	0.00057943	0.000576429	0.000572848	0.000568691	0.000563962	0.000558666	0.000552809	0.000546396	0.000539435	0.000531932	0.000523894	0.000515331	0.000506251	0.000496663	0.000486577	0.000476003	0.000464952	0.000453436	0.000441465	0.000429053	0.000416211	0.000402953	0.000389293	0.000375243	0.00036082	0.000346036	0.000330907	0.000315449	0.000299678	0.000283608	0.000267257	0.000250642	0.000233778	0.000216683	0.000199375	0.000181871	0.000164189	0.000146346	0.000128361	0.000110251	9.20352e-05	7.37313e-05	5.53576e-05	3.69323e-05	1.84737e-05	0	
0	2.48932e-05	4.97561e-05	7.4563e-05	9.92888e-05	0.000123908	0.000148396	0.000172728	0.00019688	0.000220827	0.000244544	0.00026801	0.000291199	0.000314088	0.000336656	0.000358878	0.000380733	0.0004022	0.000423256	0.000443881	0.000464054	0.000483755	0.000502964	0.000521663	0.000539832	0.000557453	0.000574509	0.000590983	0.000606858	0.000622119	0.00063675	0.000650737	0.000664066	0.000676724	0.000688697	0.000699975	0.000710545	0.000720399	0.000729524	0.000737914	0.000745559	0.000752451	0.000758585	0.000763954	0.000768553	0.000772376	0.000775422	0.000777686	0.000779167	0.000779863	0.000779773	0.000778899	0.00077724	0.0007748	0.000771579	0.000767583	0.000762814	0.000757279	0.000750981	0.00074393	0.00073613	0.000727591	0.000718321	0.00070833	0.000697627	0.000686224	0.000674133	0.000661366	0.000647935	0.000633855	0.000619139	0.000603804	0.000587863	0.000571335	0.000554235	0.00053658	0.00051839	0.000499681	0.000480474	0.000460788	0.000440643	0.000420059	0.000399057	0.000377658	0.000355885	0.000333759	0.000311304	0.00028854	0.000265493	0.000242184	0.000218638	0.000194878	0.000170928	0.000146813	0.000122556	9.81824e-05	7.37156e-05	4.918e-05	2.46001e-05	0	
0	3.10657e-05	6.20934e-05	9.30514e-05	0.000123908	0.000154632	0.000185192	0.000215558	0.000245698	0.000275583	0.000305182	0.000334465	0.000363405	0.00039197	0.000420133	0.000447866	0.000475141	0.00050193	0.000528208	0.000553947	0.000579122	0.000603708	0.000627681	0.000651016	0.00067369	0.000695681	0.000716966	0.000737525	0.000757337	0.000776382	0.000794641	0.000812096	0.00082873	0.000844527	0.000859469	0.000873543	0.000886735	0.000899032	0.00091042	0.00092089	0.000930431	0.000939033	0.000946687	0.000953388	0.000959126	0.000963899	0.000967699	0.000970525	0.000972373	0.000973241	0.00097313	0.000972039	0.000969969	0.000966923	0.000962904	0.000957917	0.000951966	0.000945057	0.000937199	0.000928398	0.000918665	0.000908008	0.00089644	0.000883971	0.000870615	0.000856385	0.000841295	0.000825362	0.000808601	0.000791029	0.000772665	0.000753527	0.000733634	0.000713007	0.000691666	0.000669634	0.000646933	0.000623586	0.000599616	0.000575049	0.000549908	0.00052422	0.00049801	0.000471306	0.000444134	0.000416521	0.000388497	0.000360089	0.000331327	0.000302238	0.000272853	0.000243202	0.000213314	0.000183219	0.000152947	0.000122529	9.19951e-05	6.13754e-05	3.07003e-05	0	
0	3.72052e-05	7.4365e-05	0.000111441	0.000148396	0.000185192	0.000221792	0.000258159	0.000294256	0.000330047	0.000365496	0.000400567	0.000435226	0.000469437	0.000503166	0.00053638	0.000569045	0.00060113	0.000632601	0.000663427	0.000693578	0.000723023	0.000751733	0.00077968	0.000806836	0.000833173	0.000858665	0.000883287	0.000907015	0.000929824	0.000951692	0.000972597	0.000992518	0.00101144	0.00102933	0.00104619	0.00106199	0.00107671	0.00109035	0.00110289	0.00111432	0.00112462	0.00113379	0.00114181	0.00114869	0.0011544	0.00115895	0.00116234	0.00116455	0.00116559	0.00116546	0.00116415	0.00116167	0.00115802	0.00115321	0.00114724	0.00114011	0.00113184	0.00112243	0.00111189	0.00110023	0.00108747	0.00107361	0.00105868	0.00104268	0.00102564	0.00100757	0.000988486	0.000968412	0.000947368	0.000925374	0.000902453	0.000878629	0.000853925	0.000828367	0.000801981	0.000774793	0.000746831	0.000718125	0.000688701	0.000658592	0.000627827	0.000596437	0.000564455	0.000531913	0.000498843	0.00046528	0.000431258	0.000396811	0.000361973	0.000326781	0.000291269	0.000255474	0.000219431	0.000183176	0.000146746	0.000110177	7.35061e-05	3.67682e-05	0	
0	4.33055e-05	8.65583e-05	0.000129714	0.000172728	0.000215558	0.000258159	0.000300489	0.000342505	0.000384165	0.000425426	0.000466248	0.00050659	0.00054641	0.00058567	0.000624331	0.000662352	0.000699697	0.000736329	0.00077221	0.000807305	0.000841578	0.000874996	0.000907526	0.000939134	0.00096979	0.000999462	0.00102812	0.00105574	0.00108229	0.00110774	0.00113208	0.00115526	0.00117728	0.00119811	0.00121773	0.00123612	0.00125327	0.00126914	0.00128374	0.00129704	0.00130903	0.0013197	0.00132904	0.00133704	0.00134369	0.00134899	0.00135293	0.00135551	0.00135672	0.00135656	0.00135504	0.00135216	0.00134791	0.00134231	0.00133535	0.00132706	0.00131743	0.00130647	0.00129421	0.00128064	0.00126578	0.00124966	0.00123227	0.00121366	0.00119382	0.00117278	0.00115057	0.00112721	0.00110271	0.00107711	0.00105043	0.0010227	0.000993947	0.000964199	0.000933486	0.00090184	0.000869293	0.000835879	0.000801632	0.000766585	0.000730775	0.000694239	0.000657012	0.000619134	0.000580642	0.000541576	0.000501975	0.000461879	0.000421329	0.000380366	0.000339031	0.000297366	0.000255413	0.000213213	0.00017081	0.000128244	8.55597e-05	4.27975e-05	0	
0	4.93606e-05	9.86611e-05	0.000147851	0.00019688	0.000245698	0.000294256	0.000342505	0.000390396	0.000437881	0.000484912	0.000531442	0.000577424	0.000622813	0.000667563	0.000711629	0.000754967	0.000797534	0.000839288	0.000880186	0.000920188	0.000959254	0.000997346	0.00103442	0.00107045	0.00110539	0.00113922	0.00117188	0.00120336	0.00123362	0.00126264	0.00129037	0.0013168	0.0013419	0.00136565	0.00138801	0.00140897	0.00142851	0.00144661	0.00146324	0.0014784	0.00149207	0.00150423	0.00151488	0.001524	0.00153158	0.00153762	0.00154211	0.00154505	0.00154643	0.00154625	0.00154452	0.00154123	0.00153639	0.00153	0.00152208	0.00151262	0.00150165	0.00148916	0.00147518	0.00145971	0.00144278	0.0014244	0.00140458	0.00138336	0.00136075	0.00133677	0.00131146	0.00128483	0.00125691	0.00122773	0.00119732	0.00116571	0.00113293	0.00109902	0.00106402	0.00102795	0.000990848	0.000952762	0.000913725	0.000873778	0.000832961	0.000791316	0.000748884	0.000705709	0.000661835	0.000617306	0.000572168	0.000526465	0.000480245	0.000433554	0.000386439	0.000338948	0.000291129	0.000243028	0.000194695	0.000146178	9.75241e-05	4.87822e-05	0	
0	5.53644e-05	0.000110661	0.000165834	0.000220827	0.000275583	0.000330047	0.000384165	0.000437881	0.000491141	0.000543893	0.000596083	0.000647658	0.000698568	0.000748761	0.000798187	0.000846797	0.000894542	0.000941374	0.000987247	0.00103212	0.00107593	0.00111866	0.00116025	0.00120066	0.00123985	0.00127778	0.00131442	0.00134973	0.00138368	0.00141622	0.00144733	0.00147697	0.00150513	0.00153176	0.00155684	0.00158035	0.00160227	0.00162256	0.00164122	0.00165823	0.00167356	0.0016872	0.00169914	0.00170937	0.00171788	0.00172465	0.00172969	0.00173298	0.00173453	0.00173433	0.00173239	0.0017287	0.00172327	0.00171611	0.00170722	0.00169661	0.0016843	0.0016703	0.00165461	0.00163726	0.00161827	0.00159766	0.00157543	0.00155163	0.00152627	0.00149938	0.00147098	0.00144111	0.00140979	0.00137706	0.00134296	0.0013075	0.00127074	0.00123271	0.00119344	0.00115298	0.00111137	0.00106865	0.00102487	0.000980064	0.000934282	0.000887571	0.000839978	0.000791551	0.000742341	0.000692395	0.000641766	0.000590505	0.000538663	0.000486292	0.000433446	0.000380178	0.000326542	0.000272591	0.000218378	0.000163959	0.000109387	5.47162e-05	0	
0	6.13107e-05	0.000122547	0.000183646	0.000244544	0.000305182	0.000365496	0.000425426	0.000484912	0.000543893	0.000602311	0.000660106	0.000717221	0.000773599	0.000829184	0.000883918	0.000937749	0.000990623	0.00104249	0.00109329	0.00114297	0.0011915	0.00123881	0.00128487	0.00132962	0.00137302	0.00141503	0.00145561	0.00149471	0.0015323	0.00156833	0.00160278	0.00163561	0.00166679	0.00169628	0.00172406	0.0017501	0.00177437	0.00179684	0.00181751	0.00183634	0.00185332	0.00186842	0.00188165	0.00189297	0.00190239	0.0019099	0.00191547	0.00191912	0.00192083	0.00192062	0.00191846	0.00191438	0.00190837	0.00190043	0.00189059	0.00187885	0.00186521	0.0018497	0.00183233	0.00181312	0.00179209	0.00176926	0.00174465	0.00171829	0.00169021	0.00166043	0.00162898	0.0015959	0.00156122	0.00152498	0.0014872	0.00144794	0.00140723	0.00136511	0.00132163	0.00127683	0.00123075	0.00118344	0.00113495	0.00108533	0.00103464	0.000982907	0.000930202	0.000876574	0.000822078	0.000766768	0.0007107	0.000653933	0.000596522	0.000538527	0.000480005	0.000421015	0.000361617	0.000301871	0.000241836	0.000181571	0.000121137	6.05937e-05	0	
0	6.71937e-05	0.000134306	0.000201267	0.00026801	0.000334465	0.000400567	0.000466248	0.000531442	0.000596083	0.000660106	0.000723447	0.000786043	0.000847831	0.000908749	0.000968737	0.00102773	0.00108568	0.00114252	0.00119819	0.00125265	0.00130583	0.00135768	0.00140816	0.0014572	0.00150477	0.00155081	0.00159528	0.00163814	0.00167933	0.00171883	0.00175659	0.00179257	0.00182673	0.00185906	0.0018895	0.00191803	0.00194463	0.00196927	0.00199191	0.00201255	0.00203116	0.00204772	0.00206221	0.00207462	0.00208495	0.00209317	0.00209928	0.00210328	0.00210516	0.00210492	0.00210256	0.00209808	0.00209149	0.0020828	0.00207201	0.00205914	0.0020442	0.0020272	0.00200817	0.00198711	0.00196406	0.00193904	0.00191207	0.00188318	0.0018524	0.00181976	0.0017853	0.00174904	0.00171104	0.00167131	0.00162992	0.00158689	0.00154227	0.00149611	0.00144846	0.00139935	0.00134885	0.00129701	0.00124387	0.00118949	0.00113392	0.00107723	0.00101947	0.000960692	0.000900966	0.000840349	0.000778901	0.000716686	0.000653767	0.000590206	0.000526068	0.000461418	0.00039632	0.00033084	0.000265043	0.000198996	0.000132762	6.64086e-05	0	
0	7.30074e-05	0.000145926	0.000218681	0.000291199	0.000363405	0.000435226	0.00050659	0.000577424	0.000647658	0.000717221	0.000786043	0.000854056	0.00092119	0.000987379	0.00105256	0.00111666	0.00117962	0.00124138	0.00130187	0.00136104	0.00141882	0.00147516	0.00153	0.00158329	0.00163497	0.001685	0.00173332	0.00177988	0.00182464	0.00186755	0.00190858	0.00194767	0.0019848	0.00201991	0.00205299	0.002084	0.0021129	0.00213966	0.00216427	0.00218669	0.00220691	0.0022249	0.00224065	0.00225414	0.00226535	0.00227428	0.00228093	0.00228527	0.00228731	0.00228705	0.00228449	0.00227962	0.00227246	0.00226302	0.0022513	0.00223731	0.00222108	0.00220261	0.00218193	0.00215905	0.00213401	0.00210682	0.00207752	0.00204613	0.00201269	0.00197722	0.00193978	0.00190039	0.00185909	0.00181593	0.00177095	0.0017242	0.00167572	0.00162557	0.00157379	0.00152044	0.00146557	0.00140923	0.0013515	0.00129241	0.00123204	0.00117044	0.00110768	0.00104382	0.000978927	0.000913064	0.0008463	0.000778702	0.000710338	0.000641277	0.000571589	0.000501345	0.000430614	0.000359468	0.000287978	0.000216215	0.000144251	7.21552e-05	0	
0	7.87461e-05	0.000157396	0.000235871	0.000314088	0.00039197	0.000469437	0.00054641	0.000622813	0.000698568	0.000773599	0.000847831	0.00092119	0.000993602	0.00106499	0.0011353	0.00120444	0.00127235	0.00133896	0.00140421	0.00146802	0.00153035	0.00159112	0.00165027	0.00170775	0.0017635	0.00181745	0.00186957	0.00191979	0.00196807	0.00201436	0.00205861	0.00210077	0.00214082	0.0021787	0.00221437	0.00224782	0.00227899	0.00230786	0.0023344	0.00235859	0.00238039	0.0023998	0.00241678	0.00243133	0.00244343	0.00245306	0.00246023	0.00246491	0.00246712	0.00246683	0.00246407	0.00245882	0.0024511	0.00244092	0.00242827	0.00241319	0.00239568	0.00237576	0.00235345	0.00232878	0.00230176	0.00227244	0.00224083	0.00220697	0.0021709	0.00213265	0.00209226	0.00204977	0.00200523	0.00195868	0.00191017	0.00185974	0.00180745	0.00175336	0.00169751	0.00163996	0.00158078	0.00152002	0.00145774	0.00139401	0.00132889	0.00126245	0.00119476	0.00112588	0.00105588	0.000984842	0.000912829	0.000839917	0.000766179	0.000691689	0.000616523	0.000540757	0.000464466	0.000387727	0.000310617	0.000233213	0.000155591	7.78276e-05	0	
0	8.4404e-05	0.000168705	0.000252818	0.000336656	0.000420133	0.000503166	0.00058567	0.000667563	0.000748761	0.000829184	0.000908749	0.000987379	0.00106499	0.00114152	0.00121687	0.00129098	0.00136377	0.00143517	0.0015051	0.00157351	0.00164031	0.00170545	0.00176885	0.00183046	0.00189021	0.00194804	0.00200391	0.00205774	0.00210948	0.0021591	0.00220653	0.00225172	0.00229464	0.00233524	0.00237349	0.00240933	0.00244274	0.00247369	0.00250214	0.00252806	0.00255143	0.00257223	0.00259044	0.00260603	0.002619	0.00262933	0.00263701	0.00264203	0.00264439	0.00264409	0.00264112	0.0026355	0.00262722	0.00261631	0.00260276	0.00258659	0.00256782	0.00254647	0.00252256	0.00249611	0.00246716	0.00243572	0.00240185	0.00236556	0.00232689	0.00228589	0.0022426	0.00219706	0.00214932	0.00209942	0.00204742	0.00199337	0.00193733	0.00187934	0.00181948	0.0017578	0.00169437	0.00162924	0.00156249	0.00149418	0.00142438	0.00135317	0.00128061	0.00120678	0.00113175	0.00105561	0.000978423	0.000900271	0.000821235	0.000741393	0.000660826	0.000579615	0.000497842	0.000415589	0.000332938	0.000249971	0.000166771	8.34203e-05	0	
0	8.99754e-05	0.000179841	0.000269506	0.000358878	0.000447866	0.00053638	0.000624331	0.000711629	0.000798187	0.000883918	0.000968737	0.00105256	0.0011353	0.00121687	0.0012972	0.0013762	0.00145379	0.0015299	0.00160446	0.00167738	0.00174859	0.00181803	0.00188561	0.00195129	0.00201499	0.00207664	0.00213619	0.00219357	0.00224874	0.00230162	0.00235218	0.00240036	0.00244612	0.0024894	0.00253017	0.00256838	0.00260399	0.00263698	0.00266731	0.00269494	0.00271986	0.00274203	0.00276144	0.00277806	0.00279189	0.0028029	0.00281108	0.00281644	0.00281895	0.00281863	0.00281547	0.00280948	0.00280066	0.00278902	0.00277457	0.00275734	0.00273733	0.00271457	0.00268908	0.00266089	0.00263002	0.00259652	0.0025604	0.00252172	0.0024805	0.0024368	0.00239065	0.0023421	0.0022912	0.00223801	0.00218258	0.00212496	0.00206522	0.00200341	0.00193959	0.00187384	0.00180622	0.00173679	0.00166563	0.00159281	0.00151841	0.0014425	0.00136515	0.00128645	0.00120647	0.0011253	0.00104301	0.000959704	0.00087545	0.000790337	0.000704451	0.000617879	0.000530708	0.000443025	0.000354918	0.000266474	0.000177781	8.89276e-05	0	
0	9.54548e-05	0.000190794	0.000285919	0.000380733	0.000475141	0.000569045	0.000662352	0.000754967	0.000846797	0.000937749	0.00102773	0.00111666	0.00120444	0.00129098	0.0013762	0.00146001	0.00154233	0.00162308	0.00170217	0.00177953	0.00185508	0.00192875	0.00200045	0.00207013	0.0021377	0.00220311	0.00226629	0.00232717	0.00238569	0.0024418	0.00249544	0.00254655	0.00259509	0.00264101	0.00268426	0.0027248	0.00276258	0.00279758	0.00282975	0.00285907	0.00288551	0.00290903	0.00292962	0.00294726	0.00296192	0.0029736	0.00298229	0.00298797	0.00299064	0.00299029	0.00298694	0.00298058	0.00297123	0.00295888	0.00294355	0.00292527	0.00290404	0.00287989	0.00285285	0.00282294	0.0027902	0.00275465	0.00271634	0.0026753	0.00263157	0.00258521	0.00253625	0.00248474	0.00243075	0.00237432	0.00231551	0.00225438	0.002191	0.00212542	0.00205772	0.00198797	0.00191622	0.00184257	0.00176708	0.00168982	0.00161089	0.00153035	0.00144829	0.0013648	0.00127995	0.00119383	0.00110654	0.00101816	0.000928769	0.000838473	0.000747356	0.000655512	0.000563032	0.000470008	0.000376535	0.000282704	0.00018861	9.43439e-05	0	
0	0.000100837	0.000201551	0.00030204	0.0004022	0.00050193	0.00060113	0.000699697	0.000797534	0.000894542	0.000990623	0.00108568	0.00117962	0.00127235	0.00136377	0.00145379	0.00154233	0.00162929	0.00171459	0.00179815	0.00187987	0.00195968	0.0020375	0.00211325	0.00218685	0.00225824	0.00232733	0.00239407	0.00245838	0.00252021	0.00257948	0.00263614	0.00269014	0.00274142	0.00278992	0.00283561	0.00287844	0.00291835	0.00295532	0.00298931	0.00302028	0.00304821	0.00307306	0.00309481	0.00311344	0.00312893	0.00314127	0.00315044	0.00315644	0.00315926	0.0031589	0.00315536	0.00314865	0.00313876	0.00312572	0.00310953	0.00309021	0.00306779	0.00304228	0.00301371	0.00298212	0.00294753	0.00290998	0.0028695	0.00282615	0.00277996	0.00273098	0.00267925	0.00262485	0.00256781	0.0025082	0.00244607	0.0023815	0.00231454	0.00224527	0.00217375	0.00210006	0.00202428	0.00194647	0.00186672	0.00178511	0.00170172	0.00161664	0.00152996	0.00144175	0.00135212	0.00126115	0.00116894	0.00107557	0.000981141	0.000885753	0.000789499	0.000692475	0.00059478	0.000496512	0.000397767	0.000298646	0.000199245	9.9664e-05	0	
0	0.000106116	0.000212103	0.000317852	0.000423256	0.000528208	0.000632601	0.000736329	0.000839288	0.000941374	0.00104249	0.00114252	0.00124138	0.00133896	0.00143517	0.0015299	0.00162308	0.00171459	0.00180436	0.00189229	0.00197829	0.00206228	0.00214417	0.00222388	0.00230134	0.00237647	0.00244918	0.00251941	0.00258709	0.00265215	0.00271453	0.00277416	0.00283098	0.00288494	0.00293599	0.00298407	0.00302914	0.00307114	0.00311005	0.00314582	0.00317841	0.0032078	0.00323395	0.00325684	0.00327644	0.00329275	0.00330573	0.00331539	0.0033217	0.00332467	0.00332429	0.00332057	0.0033135	0.00330309	0.00328937	0.00327233	0.003252	0.00322841	0.00320156	0.0031715	0.00313825	0.00310185	0.00306233	0.00301974	0.00297411	0.00292551	0.00287396	0.00281953	0.00276228	0.00270225	0.00263952	0.00257414	0.00250619	0.00243573	0.00236283	0.00228756	0.00221002	0.00213026	0.00204838	0.00196445	0.00187857	0.00179082	0.00170129	0.00161006	0.00151724	0.00142292	0.00132718	0.00123014	0.00113188	0.00103251	0.00093213	0.000830836	0.000728733	0.000625923	0.000522509	0.000418594	0.000314283	0.000209678	0.000104882	0	
0	0.000111287	0.000222438	0.000333341	0.000443881	0.000553947	0.000663427	0.00077221	0.000880186	0.000987247	0.00109329	0.00119819	0.00130187	0.00140421	0.0015051	0.00160446	0.00170217	0.00179815	0.00189229	0.0019845	0.00207469	0.00216277	0.00224866	0.00233226	0.00241349	0.00249227	0.00256853	0.00264219	0.00271316	0.00278139	0.00284681	0.00290935	0.00296894	0.00302553	0.00307907	0.00312949	0.00317675	0.00322081	0.00326161	0.00329912	0.0033333	0.00336412	0.00339155	0.00341555	0.00343611	0.00345321	0.00346683	0.00347695	0.00348358	0.00348669	0.00348629	0.00348238	0.00347497	0.00346406	0.00344967	0.0034318	0.00341048	0.00338573	0.00335758	0.00332606	0.00329119	0.00325301	0.00321157	0.0031669	0.00311905	0.00306807	0.00301402	0.00295694	0.00289689	0.00283394	0.00276815	0.00269959	0.00262832	0.00255443	0.00247797	0.00239904	0.00231772	0.00223408	0.0021482	0.00206019	0.00197012	0.00187809	0.0017842	0.00168853	0.00159118	0.00149226	0.00139186	0.00129009	0.00118704	0.00108283	0.000977557	0.000871327	0.000764248	0.000656427	0.000547973	0.000438995	0.000329599	0.000219896	0.000109994	0	
0	0.000116344	0.000232547	0.00034849	0.000464054	0.000579122	0.000693578	0.000807305	0.000920188	0.00103212	0.00114297	0.00125265	0.00136104	0.00146802	0.00157351	0.00167738	0.00177953	0.00187987	0.00197829	0.00207469	0.00216898	0.00226107	0.00235086	0.00243825	0.00252318	0.00260554	0.00268527	0.00276227	0.00283647	0.00290781	0.0029762	0.00304157	0.00310388	0.00316304	0.00321901	0.00327172	0.00332113	0.00336719	0.00340985	0.00344906	0.0034848	0.00351702	0.00354569	0.00357079	0.00359228	0.00361016	0.0036244	0.00363498	0.0036419	0.00364516	0.00364474	0.00364066	0.00363291	0.0036215	0.00360645	0.00358778	0.00356549	0.00353962	0.00351019	0.00347723	0.00344077	0.00340086	0.00335754	0.00331084	0.00326081	0.00320752	0.003151	0.00309133	0.00302856	0.00296274	0.00289396	0.00282229	0.00274778	0.00267053	0.0025906	0.00250808	0.00242306	0.00233562	0.00224584	0.00215383	0.00205967	0.00196346	0.00186529	0.00176527	0.0016635	0.00156009	0.00145512	0.00134873	0.001241	0.00113205	0.00102199	0.000910931	0.000798985	0.000686263	0.00057288	0.000458948	0.000344581	0.000229891	0.000114994	0	
0	0.000121283	0.00024242	0.000363285	0.000483755	0.000603708	0.000723023	0.000841578	0.000959254	0.00107593	0.0011915	0.00130583	0.00141882	0.00153035	0.00164031	0.00174859	0.00185508	0.00195968	0.00206228	0.00216277	0.00226107	0.00235706	0.00245066	0.00254177	0.0026303	0.00271616	0.00279927	0.00287954	0.0029569	0.00303126	0.00310255	0.00317071	0.00323566	0.00329733	0.00335568	0.00341063	0.00346214	0.00351015	0.00355462	0.0035955	0.00363275	0.00366634	0.00369623	0.00372239	0.0037448	0.00376343	0.00377827	0.00378931	0.00379653	0.00379992	0.00379949	0.00379523	0.00378715	0.00377526	0.00375957	0.0037401	0.00371687	0.0036899	0.00365922	0.00362486	0.00358686	0.00354525	0.00350009	0.00345141	0.00339926	0.0033437	0.00328479	0.00322258	0.00315714	0.00308854	0.00301684	0.00294211	0.00286445	0.00278391	0.00270059	0.00261457	0.00252594	0.00243478	0.0023412	0.00224528	0.00214712	0.00204682	0.00194449	0.00184022	0.00173413	0.00162632	0.00151691	0.00140599	0.00129369	0.00118011	0.00106538	0.000949608	0.000832909	0.000715402	0.000597205	0.000478435	0.000359212	0.000239653	0.000119876	0	
0	0.000126099	0.000252046	0.00037771	0.000502964	0.000627681	0.000751733	0.000874996	0.000997346	0.00111866	0.00123881	0.00135768	0.00147516	0.00159112	0.00170545	0.00181803	0.00192875	0.0020375	0.00214417	0.00224866	0.00235086	0.00245066	0.00254798	0.00264271	0.00273475	0.00282402	0.00291043	0.00299389	0.00307432	0.00315163	0.00322576	0.00329662	0.00336415	0.00342827	0.00348893	0.00354607	0.00359962	0.00364954	0.00369577	0.00373828	0.00377701	0.00381193	0.00384301	0.00387021	0.00389351	0.00391288	0.00392831	0.00393979	0.00394729	0.00395082	0.00395037	0.00394594	0.00393754	0.00392518	0.00390887	0.00388863	0.00386447	0.00383643	0.00380453	0.00376881	0.0037293	0.00368604	0.00363908	0.00358847	0.00353425	0.00347649	0.00341523	0.00335056	0.00328252	0.00321119	0.00313664	0.00305895	0.0029782	0.00289447	0.00280784	0.0027184	0.00262625	0.00253147	0.00243417	0.00233444	0.00223238	0.00212811	0.00202171	0.0019133	0.001803	0.00169091	0.00157715	0.00146183	0.00134507	0.00122698	0.00110769	0.000987321	0.000865987	0.000743813	0.000620922	0.000497436	0.000373477	0.00024917	0.000124637	0	
0	0.000130787	0.000261416	0.000391752	0.000521663	0.000651016	0.00077968	0.000907526	0.00103442	0.00116025	0.00128487	0.00140816	0.00153	0.00165027	0.00176885	0.00188561	0.00200045	0.00211325	0.00222388	0.00233226	0.00243825	0.00254177	0.00264271	0.00274096	0.00283643	0.00292902	0.00301864	0.0031052	0.00318862	0.00326881	0.00334569	0.00341918	0.00348922	0.00355573	0.00361864	0.0036779	0.00373345	0.00378522	0.00383318	0.00387726	0.00391743	0.00395365	0.00398589	0.0040141	0.00403826	0.00405836	0.00407436	0.00408626	0.00409405	0.00409771	0.00409724	0.00409265	0.00408394	0.00407112	0.0040542	0.0040332	0.00400815	0.00397907	0.00394598	0.00390893	0.00386795	0.00382309	0.00377438	0.00372188	0.00366565	0.00360574	0.00354221	0.00347513	0.00340456	0.00333058	0.00325326	0.00317268	0.00308893	0.00300208	0.00291223	0.00281947	0.00272389	0.00262559	0.00252467	0.00242124	0.00231539	0.00220723	0.00209688	0.00198444	0.00187004	0.00175378	0.00163579	0.00151618	0.00139508	0.0012726	0.00114888	0.00102403	0.000898185	0.000771469	0.000644009	0.000515931	0.000387364	0.000258435	0.000129271	0	
0	0.000135342	0.000270521	0.000405396	0.000539832	0.00067369	0.000806836	0.000939134	0.00107045	0.00120066	0.00132962	0.0014572	0.00158329	0.00170775	0.00183046	0.00195129	0.00207013	0.00218685	0.00230134	0.00241349	0.00252318	0.0026303	0.00273475	0.00283643	0.00293522	0.00303103	0.00312378	0.00321336	0.00329968	0.00338266	0.00346222	0.00353827	0.00361075	0.00367958	0.00374468	0.00380601	0.00386349	0.00391707	0.00396669	0.00401231	0.00405388	0.00409136	0.00412472	0.00415391	0.00417892	0.00419972	0.00421628	0.00422859	0.00423665	0.00424044	0.00423995	0.0042352	0.00422619	0.00421292	0.00419541	0.00417368	0.00414776	0.00411766	0.00408343	0.00404508	0.00400268	0.00395625	0.00390585	0.00385152	0.00379333	0.00373133	0.00366559	0.00359617	0.00352315	0.00344659	0.00336658	0.00328319	0.00319652	0.00310665	0.00301367	0.00291768	0.00281877	0.00271705	0.00261261	0.00250557	0.00239604	0.00228411	0.00216992	0.00205357	0.00193518	0.00181487	0.00169277	0.00156899	0.00144367	0.00131693	0.0011889	0.0010597	0.000929472	0.000798342	0.000666442	0.000533903	0.000400857	0.000267437	0.000133774	0	
0	0.00013976	0.000279351	0.000418629	0.000557453	0.000695681	0.000833173	0.00096979	0.00110539	0.00123985	0.00137302	0.00150477	0.00163497	0.0017635	0.00189021	0.00201499	0.0021377	0.00225824	0.00237647	0.00249227	0.00260554	0.00271616	0.00282402	0.00292902	0.00303103	0.00312998	0.00322575	0.00331825	0.00340739	0.00349308	0.00357524	0.00365378	0.00372862	0.00379969	0.00386693	0.00393025	0.00398961	0.00404494	0.00409618	0.00414329	0.00418622	0.00422492	0.00425937	0.00428952	0.00431534	0.00433681	0.00435392	0.00436663	0.00437495	0.00437886	0.00437836	0.00437346	0.00436415	0.00435045	0.00433237	0.00430993	0.00428316	0.00425208	0.00421673	0.00417714	0.00413334	0.0040854	0.00403335	0.00397726	0.00391717	0.00385314	0.00378526	0.00371357	0.00363816	0.0035591	0.00347648	0.00339037	0.00330087	0.00320807	0.00311206	0.00301293	0.00291079	0.00280575	0.0026979	0.00258737	0.00247426	0.00235868	0.00224076	0.00212061	0.00199835	0.00187412	0.00174803	0.00162021	0.0014908	0.00135992	0.00122771	0.0010943	0.000959817	0.000824406	0.000688199	0.000551333	0.000413944	0.000276168	0.000138142	0	
0	0.000144036	0.000287898	0.000431438	0.000574509	0.000716966	0.000858665	0.000999462	0.00113922	0.00127778	0.00141503	0.00155081	0.001685	0.00181745	0.00194804	0.00207664	0.00220311	0.00232733	0.00244918	0.00256853	0.00268527	0.00279927	0.00291043	0.00301864	0.00312378	0.00322575	0.00332445	0.00341978	0.00351165	0.00359996	0.00368463	0.00376557	0.00384271	0.00391596	0.00398525	0.00405051	0.00411168	0.0041687	0.00422152	0.00427007	0.00431431	0.0043542	0.0043897	0.00442077	0.00444738	0.00446951	0.00448714	0.00450025	0.00450882	0.00451285	0.00451234	0.00450728	0.00449769	0.00448357	0.00446494	0.00444181	0.00441422	0.00438219	0.00434576	0.00430495	0.00425982	0.00421041	0.00415677	0.00409896	0.00403703	0.00397105	0.00390108	0.0038272	0.00374949	0.00366801	0.00358286	0.00349412	0.00340188	0.00330623	0.00320728	0.00310512	0.00299986	0.0028916	0.00278046	0.00266654	0.00254997	0.00243085	0.00230932	0.0021855	0.0020595	0.00193147	0.00180152	0.00166979	0.00153642	0.00140154	0.00126528	0.00112778	0.000989188	0.000849633	0.000709259	0.000568205	0.000426611	0.000284619	0.000142369	0	
0	0.000148166	0.000296153	0.000443809	0.000590983	0.000737525	0.000883287	0.00102812	0.00117188	0.00131442	0.00145561	0.00159528	0.00173332	0.00186957	0.00200391	0.00213619	0.00226629	0.00239407	0.00251941	0.00264219	0.00276227	0.00287954	0.00299389	0.0031052	0.00321336	0.00331825	0.00341978	0.00351785	0.00361235	0.0037032	0.00379029	0.00387356	0.0039529	0.00402825	0.00409953	0.00416666	0.00422959	0.00428825	0.00434257	0.00439252	0.00443803	0.00447906	0.00451558	0.00454754	0.00457492	0.00459768	0.00461582	0.0046293	0.00463812	0.00464226	0.00464174	0.00463654	0.00462667	0.00461214	0.00459298	0.00456919	0.00454081	0.00450786	0.00447038	0.00442841	0.00438198	0.00433115	0.00427598	0.0042165	0.0041528	0.00408493	0.00401295	0.00393696	0.00385701	0.0037732	0.00368561	0.00359432	0.00349944	0.00340105	0.00329926	0.00319417	0.00308589	0.00297453	0.0028602	0.00274301	0.0026231	0.00250057	0.00237555	0.00224817	0.00211856	0.00198686	0.00185318	0.00171768	0.00158048	0.00144173	0.00130156	0.00116013	0.00101756	0.000874	0.0007296	0.0005845	0.000438846	0.000292782	0.000146452	0	
0	0.000152147	0.000304109	0.000455731	0.000606858	0.000757337	0.000907015	0.00105574	0.00120336	0.00134973	0.00149471	0.00163814	0.00177988	0.00191979	0.00205774	0.00219357	0.00232717	0.00245838	0.00258709	0.00271316	0.00283647	0.0029569	0.00307432	0.00318862	0.00329968	0.00340739	0.00351165	0.00361235	0.00370939	0.00380268	0.00389212	0.00397762	0.00405909	0.00413647	0.00420966	0.0042786	0.00434322	0.00440345	0.00445923	0.00451052	0.00455725	0.00459939	0.00463689	0.00466971	0.00469782	0.0047212	0.00473982	0.00475366	0.00476272	0.00476698	0.00476643	0.00476109	0.00475096	0.00473605	0.00471637	0.00469194	0.0046628	0.00462896	0.00459047	0.00454737	0.0044997	0.00444751	0.00439085	0.00432978	0.00426436	0.00419467	0.00412076	0.00404272	0.00396063	0.00387457	0.00378462	0.00369088	0.00359345	0.00349242	0.0033879	0.00327998	0.0031688	0.00305444	0.00293704	0.00281671	0.00269357	0.00256775	0.00243937	0.00230857	0.00217548	0.00204024	0.00190297	0.00176383	0.00162294	0.00148046	0.00133653	0.00119129	0.00104489	0.000897481	0.000749202	0.000600204	0.000450637	0.000300648	0.000150387	0	
0	0.000155973	0.000311756	0.000467191	0.000622119	0.000776382	0.000929824	0.00108229	0.00123362	0.00138368	0.0015323	0.00167933	0.00182464	0.00196807	0.00210948	0.00224874	0.00238569	0.00252021	0.00265215	0.00278139	0.00290781	0.00303126	0.00315163	0.00326881	0.00338266	0.00349308	0.00359996	0.0037032	0.00380268	0.00389831	0.00399	0.00407765	0.00416117	0.00424049	0.00431553	0.0043862	0.00445244	0.00451419	0.00457138	0.00462395	0.00467186	0.00471506	0.0047535	0.00478715	0.00481597	0.00483993	0.00485902	0.00487321	0.0048825	0.00488686	0.00488631	0.00488083	0.00487044	0.00485515	0.00483498	0.00480994	0.00478006	0.00474538	0.00470592	0.00466174	0.00461287	0.00455936	0.00450128	0.00443867	0.00437161	0.00430016	0.0042244	0.0041444	0.00406024	0.00397201	0.0038798	0.00378371	0.00368382	0.00358025	0.0034731	0.00336248	0.00324849	0.00313126	0.00301091	0.00288755	0.00276131	0.00263233	0.00250072	0.00236663	0.0022302	0.00209155	0.00195083	0.00180819	0.00166376	0.0015177	0.00137015	0.00122126	0.00107118	0.000920054	0.000768045	0.0006153	0.000461971	0.00030821	0.000154169	0	
0	0.000159641	0.000319088	0.000478179	0.00063675	0.000794641	0.000951692	0.00110774	0.00126264	0.00141622	0.00156833	0.00171883	0.00186755	0.00201436	0.0021591	0.00230162	0.0024418	0.00257948	0.00271453	0.00284681	0.0029762	0.00310255	0.00322576	0.00334569	0.00346222	0.00357524	0.00368463	0.00379029	0.00389212	0.00399	0.00408384	0.00417355	0.00425904	0.00434023	0.00441703	0.00448936	0.00455716	0.00462036	0.0046789	0.00473271	0.00478175	0.00482596	0.0048653	0.00489974	0.00492924	0.00495377	0.00497331	0.00498783	0.00499733	0.0050018	0.00500123	0.00499563	0.004985	0.00496935	0.0049487	0.00492307	0.00489249	0.00485699	0.00481661	0.00477138	0.00472137	0.0046666	0.00460715	0.00454307	0.00447444	0.00440131	0.00432376	0.00424188	0.00415574	0.00406544	0.00397106	0.0038727	0.00377047	0.00366447	0.00355479	0.00344157	0.0033249	0.00320491	0.00308173	0.00295547	0.00282626	0.00269424	0.00255954	0.0024223	0.00228265	0.00214075	0.00199672	0.00185072	0.0017029	0.0015534	0.00140238	0.00124998	0.00109637	0.000941696	0.000786111	0.000629773	0.000472838	0.00031546	0.000157796	0	
0	0.000163147	0.000326097	0.000488682	0.000650737	0.000812096	0.000972597	0.00113208	0.00129037	0.00144733	0.00160278	0.00175659	0.00190858	0.00205861	0.00220653	0.00235218	0.00249544	0.00263614	0.00277416	0.00290935	0.00304157	0.00317071	0.00329662	0.00341918	0.00353827	0.00365378	0.00376557	0.00387356	0.00397762	0.00407765	0.00417355	0.00426524	0.0043526	0.00443557	0.00451406	0.00458798	0.00465727	0.00472186	0.00478168	0.00483668	0.00488679	0.00493197	0.00497218	0.00500738	0.00503752	0.00506259	0.00508256	0.00509741	0.00510712	0.00511168	0.0051111	0.00510538	0.00509451	0.00507852	0.00505741	0.00503122	0.00499997	0.00496369	0.00492242	0.0048762	0.00482509	0.00476912	0.00470836	0.00464288	0.00457273	0.004498	0.00441875	0.00433507	0.00424704	0.00415475	0.0040583	0.00395778	0.00385331	0.00374497	0.00363289	0.00351717	0.00339794	0.00327532	0.00314943	0.0030204	0.00288835	0.00275343	0.00261577	0.00247552	0.0023328	0.00218778	0.00204059	0.00189138	0.00174031	0.00158753	0.00143319	0.00127745	0.00112046	0.000962385	0.000803382	0.000643609	0.000483226	0.000322391	0.000161263	0	
0	0.000166489	0.000332777	0.000498692	0.000664066	0.00082873	0.000992518	0.00115526	0.0013168	0.00147697	0.00163561	0.00179257	0.00194767	0.00210077	0.00225172	0.00240036	0.00254655	0.00269014	0.00283098	0.00296894	0.00310388	0.00323566	0.00336415	0.00348922	0.00361075	0.00372862	0.00384271	0.0039529	0.00405909	0.00416117	0.00425904	0.0043526	0.00444176	0.00452643	0.00460653	0.00468196	0.00475267	0.00481859	0.00487963	0.00493575	0.00498689	0.005033	0.00507403	0.00510995	0.00514072	0.0051663	0.00518667	0.00520182	0.00521173	0.00521639	0.0052158	0.00520996	0.00519887	0.00518255	0.00516101	0.00513429	0.00510239	0.00506537	0.00502326	0.00497609	0.00492393	0.00486681	0.00480481	0.00473799	0.0046664	0.00459014	0.00450927	0.00442387	0.00433404	0.00423986	0.00414143	0.00403886	0.00393224	0.00382169	0.00370731	0.00358922	0.00346755	0.00334242	0.00321395	0.00308227	0.00294752	0.00280984	0.00266936	0.00252623	0.00238059	0.0022326	0.00208239	0.00193013	0.00177596	0.00162005	0.00146255	0.00130362	0.00114341	0.000982101	0.000819841	0.000656795	0.000493126	0.000328995	0.000164566	0	
0	0.000169662	0.000339119	0.000508197	0.000676724	0.000844527	0.00101144	0.00117728	0.0013419	0.00150513	0.00166679	0.00182673	0.0019848	0.00214082	0.00229464	0.00244612	0.00259509	0.00274142	0.00288494	0.00302553	0.00316304	0.00329733	0.00342827	0.00355573	0.00367958	0.00379969	0.00391596	0.00402825	0.00413647	0.00424049	0.00434023	0.00443557	0.00452643	0.00461271	0.00469433	0.00477121	0.00484327	0.00491044	0.00497265	0.00502984	0.00508195	0.00512894	0.00517076	0.00520736	0.00523871	0.00526478	0.00528554	0.00530098	0.00531108	0.00531583	0.00531523	0.00530927	0.00529797	0.00528134	0.0052594	0.00523216	0.00519966	0.00516193	0.00511901	0.00507095	0.00501779	0.00495959	0.00489641	0.00482831	0.00475536	0.00467764	0.00459522	0.0045082	0.00441666	0.00432068	0.00422038	0.00411585	0.0040072	0.00389454	0.00377798	0.00365765	0.00353366	0.00340613	0.00327521	0.00314103	0.00300371	0.0028634	0.00272025	0.00257439	0.00242598	0.00227516	0.00212209	0.00196692	0.00180982	0.00165093	0.00149043	0.00132847	0.00116521	0.00100082	0.00083547	0.000669316	0.000502527	0.000335268	0.000167704	0	
0	0.000172664	0.00034512	0.000517189	0.000688697	0.000859469	0.00102933	0.00119811	0.00136565	0.00153176	0.00169628	0.00185906	0.00201991	0.0021787	0.00233524	0.0024894	0.00264101	0.00278992	0.00293599	0.00307907	0.00321901	0.00335568	0.00348893	0.00361864	0.00374468	0.00386693	0.00398525	0.00409953	0.00420966	0.00431553	0.00441703	0.00451406	0.00460653	0.00469433	0.0047774	0.00485564	0.00492897	0.00499733	0.00506064	0.00511884	0.00517188	0.0052197	0.00526225	0.0052995	0.00533141	0.00535794	0.00537907	0.00539478	0.00540506	0.00540989	0.00540928	0.00540322	0.00539172	0.0053748	0.00535246	0.00532474	0.00529167	0.00525327	0.0052096	0.00516068	0.00510658	0.00504735	0.00498305	0.00491375	0.00483951	0.00476041	0.00467654	0.00458798	0.00449481	0.00439714	0.00429507	0.00418869	0.00407811	0.00396346	0.00384484	0.00372237	0.00359619	0.00346641	0.00333317	0.00319661	0.00305687	0.00291408	0.00276839	0.00261995	0.00246891	0.00231542	0.00215964	0.00200173	0.00184185	0.00168015	0.00151681	0.00135198	0.00118583	0.00101853	0.000850255	0.000681161	0.00051142	0.000341201	0.000170672	0	
0	0.000175492	0.000350771	0.000525658	0.000699975	0.000873543	0.00104619	0.00121773	0.00138801	0.00155684	0.00172406	0.0018895	0.00205299	0.00221437	0.00237349	0.00253017	0.00268426	0.00283561	0.00298407	0.00312949	0.00327172	0.00341063	0.00354607	0.0036779	0.00380601	0.00393025	0.00405051	0.00416666	0.0042786	0.0043862	0.00448936	0.00458798	0.00468196	0.00477121	0.00485564	0.00493516	0.00500969	0.00507917	0.00514351	0.00520267	0.00525658	0.00530518	0.00534843	0.00538629	0.00541872	0.00544569	0.00546716	0.00548313	0.00549358	0.00549849	0.00549787	0.00549171	0.00548002	0.00546282	0.00544012	0.00541195	0.00537833	0.00533931	0.00529492	0.0052452	0.00519022	0.00513001	0.00506466	0.00499422	0.00491877	0.00483838	0.00475313	0.00466312	0.00456843	0.00446916	0.00436541	0.00425729	0.0041449	0.00402837	0.00390781	0.00378334	0.00365508	0.00352318	0.00338776	0.00324897	0.00310693	0.0029618	0.00281373	0.00266286	0.00250934	0.00235334	0.00219501	0.00203452	0.00187201	0.00170767	0.00154165	0.00137412	0.00120525	0.00103522	0.000864182	0.000692318	0.000519797	0.000346789	0.000173467	0	
0	0.000178142	0.000356068	0.000533596	0.000710545	0.000886735	0.00106199	0.00123612	0.00140897	0.00158035	0.0017501	0.00191803	0.002084	0.00224782	0.00240933	0.00256838	0.0027248	0.00287844	0.00302914	0.00317675	0.00332113	0.00346214	0.00359962	0.00373345	0.00386349	0.00398961	0.00411168	0.00422959	0.00434322	0.00445244	0.00455716	0.00465727	0.00475267	0.00484327	0.00492897	0.00500969	0.00508535	0.00515588	0.0052212	0.00528125	0.00533597	0.0053853	0.00542921	0.00546764	0.00550056	0.00552793	0.00554974	0.00556595	0.00557655	0.00558154	0.0055809	0.00557465	0.00556279	0.00554533	0.00552228	0.00549369	0.00545956	0.00541995	0.00537489	0.00532442	0.00526861	0.0052075	0.00514116	0.00506965	0.00499306	0.00491145	0.00482492	0.00473355	0.00463743	0.00453666	0.00443134	0.00432159	0.00420751	0.00408921	0.00396683	0.00384048	0.00371029	0.0035764	0.00343893	0.00329804	0.00315386	0.00300654	0.00285623	0.00270308	0.00254724	0.00238889	0.00222817	0.00206525	0.00190029	0.00173346	0.00156493	0.00139488	0.00122346	0.00105085	0.000877235	0.000702775	0.000527648	0.000352028	0.000176087	0	
