0	0	0	0	0	0	0	0	0	0	0	0	0	0	0	0	0	0	0	0	0	0	0	0	0	0	0	0	0	0	0	0	0	0	0	0	0	0	0	0	0	0	0	0	0	0	0	0	0	0	0	0	0	0	0	0	0	0	0	0	0	0	0	0	0	0	0	0	0	0	0	0	0	0	0	0	0	0	0	0	0	0	0	0	0	0	0	0	0	0	0	0	0	0	0	0	0	0	0	0	
0	0.000588395	0.00117621	0.00176286	0.00234776	0.00293035	0.00351004	0.00408626	0.00465845	0.00522603	0.00578845	0.00634516	0.00689559	0.00743921	0.00797549	0.00850389	0.00902388	0.00953497	0.0100366	0.0105284	0.0110097	0.0114802	0.0119393	0.0123867	0.0128218	0.0132442	0.0136535	0.0140494	0.0144313	0.014799	0.015152	0.0154901	0.0158129	0.01612	0.0164111	0.0166861	0.0169445	0.0171861	0.0174107	0.0176181	0.017808	0.0179802	0.0181346	0.0182711	0.0183894	0.0184894	0.0185711	0.0186343	0.0186789	0.018705	0.0187124	0.0187012	0.0186713	0.0186228	0.0185556	0.0184699	0.0183657	0.018243	0.018102	0.0179428	0.0177655	0.0175703	0.0173573	0.0171267	0.0168788	0.0166137	0.0163317	0.016033	0.0157178	0.0153866	0.0150395	0.0146769	0.014299	0.0139064	0.0134993	0.0130781	0.0126432	0.012195	0.0117339	0.0112604	0.010775	0.0102781	0.00977022	0.00925185	0.00872352	0.00818576	0.00763914	0.00708422	0.00652157	0.0059518	0.00537549	0.00479328	0.00420579	0.00361366	0.00301752	0.00241805	0.00181589	0.00121171	0.000606194	0	
0	0.00117621	0.00235125	0.00352397	0.0046932	0.0058578	0.0070166	0.00816848	0.00931228	0.0104469	0.0115712	0.012684	0.0137844	0.0148711	0.0159431	0.0169994	0.0180388	0.0190605	0.0200633	0.0210463	0.0220086	0.022949	0.0238668	0.0247611	0.0256308	0.0264752	0.0272935	0.0280848	0.0288483	0.0295833	0.0302891	0.0309649	0.0316101	0.032224	0.032806	0.0333556	0.0338722	0.0343552	0.0348042	0.0352187	0.0355983	0.0359427	0.0362513	0.0365241	0.0367605	0.0369605	0.0371238	0.0372501	0.0373394	0.0373915	0.0374063	0.0373839	0.0373241	0.0372271	0.0370929	0.0369215	0.0367131	0.0364679	0.0361861	0.0358678	0.0355134	0.0351232	0.0346974	0.0342365	0.0337409	0.033211	0.0326472	0.03205	0.0314201	0.0307579	0.030064	0.0293392	0.0285839	0.0277991	0.0269852	0.0261432	0.0252738	0.0243779	0.0234562	0.0225097	0.0215394	0.0205461	0.0195308	0.0184945	0.0174384	0.0163634	0.0152707	0.0141614	0.0130367	0.0118977	0.0107457	0.00958182	0.00840742	0.00722374	0.00603206	0.0048337	0.00362998	0.00242223	0.00121179	0	
0	0.00176286	0.00352397	0.00528159	0.007034	0.00877945	0.0105162	0.0122426	0.0139569	0.0156574	0.0173425	0.0190104	0.0206595	0.0222882	0.0238949	0.025478	0.0270359	0.0285672	0.0300702	0.0315435	0.0329856	0.0343952	0.0357708	0.037111	0.0384145	0.0396801	0.0409065	0.0420925	0.0432368	0.0443384	0.0453962	0.0464091	0.047376	0.0482962	0.0491685	0.0499922	0.0507664	0.0514903	0.0521632	0.0527845	0.0533535	0.0538696	0.0543322	0.054741	0.0550954	0.0553951	0.0556397	0.0558291	0.0559629	0.056041	0.0560633	0.0560296	0.0559401	0.0557947	0.0555935	0.0553366	0.0550243	0.0546568	0.0542344	0.0537574	0.0532262	0.0526413	0.0520033	0.0513125	0.0505696	0.0497754	0.0489304	0.0480354	0.0470913	0.0460988	0.0450589	0.0439725	0.0428406	0.0416642	0.0404445	0.0391825	0.0378795	0.0365367	0.0351553	0.0337368	0.0322824	0.0307937	0.029272	0.0277189	0.026136	0.0245249	0.0228872	0.0212246	0.0195389	0.0178319	0.0161052	0.0143609	0.0126007	0.0108267	0.00904064	0.00724458	0.00544049	0.00363035	0.00181618	0	
0	0.00234776	0.0046932	0.007034	0.00936784	0.0116924	0.0140055	0.0163047	0.0185877	0.0208525	0.0230966	0.0253179	0.0275142	0.0296833	0.0318231	0.0339315	0.0360063	0.0380456	0.0400473	0.0420095	0.0439301	0.0458073	0.0476393	0.0494242	0.0511603	0.0528458	0.0544791	0.0560585	0.0575826	0.0590497	0.0604584	0.0618074	0.0630952	0.0643206	0.0654824	0.0665793	0.0676104	0.0685745	0.0694708	0.0702982	0.0710559	0.0717432	0.0723594	0.0729037	0.0733757	0.0737749	0.0741007	0.0743529	0.0745311	0.0746351	0.0746648	0.07462	0.0745007	0.0743071	0.0740391	0.073697	0.0732811	0.0727917	0.0722291	0.0715938	0.0708864	0.0701075	0.0692577	0.0683377	0.0673484	0.0662906	0.0651653	0.0639734	0.062716	0.0613942	0.0600092	0.0585624	0.0570549	0.0554882	0.0538638	0.0521831	0.0504478	0.0486594	0.0468197	0.0449305	0.0429936	0.0410109	0.0389843	0.036916	0.0348079	0.0326622	0.0304811	0.0282669	0.0260219	0.0237484	0.0214489	0.0191258	0.0167816	0.0144189	0.0120403	0.0096483	0.00724561	0.00483489	0.00241879	0	
0	0.00293035	0.0058578	0.00877945	0.0116924	0.0145938	0.0174808	0.0203506	0.0232002	0.0260269	0.0288279	0.0316004	0.0343417	0.0370491	0.0397199	0.0423514	0.0449411	0.0474865	0.0499849	0.0524339	0.0548311	0.0571742	0.0594608	0.0616886	0.0638555	0.0659593	0.0679978	0.0699692	0.0718714	0.0737026	0.0754609	0.0771446	0.078752	0.0802815	0.0817315	0.0831007	0.0843876	0.085591	0.0867096	0.0877423	0.0886881	0.089546	0.090315	0.0909945	0.0915836	0.0920818	0.0924885	0.0928032	0.0930257	0.0931555	0.0931925	0.0931366	0.0929878	0.092746	0.0924116	0.0919846	0.0914655	0.0908546	0.0901524	0.0893595	0.0884766	0.0875044	0.0864437	0.0852954	0.0840606	0.0827403	0.0813357	0.0798481	0.0782787	0.0766289	0.0749003	0.0730944	0.0712128	0.0692574	0.0672298	0.0651321	0.0629661	0.060734	0.0584378	0.0560798	0.0536623	0.0511876	0.0486581	0.0460765	0.0434453	0.0407671	0.0380448	0.0352812	0.0324791	0.0296414	0.0267713	0.0238718	0.0209459	0.0179969	0.015028	0.0120425	0.00904358	0.00603464	0.003019	0	
0	0.00351004	0.0070166	0.0105162	0.0140055	0.0174808	0.020939	0.0243764	0.0277897	0.0311756	0.0345307	0.0378517	0.0411353	0.0443783	0.0475774	0.0507295	0.0538315	0.0568804	0.059873	0.0628066	0.065678	0.0684846	0.0712235	0.0738921	0.0764876	0.0790075	0.0814494	0.0838108	0.0860893	0.0882827	0.0903888	0.0924056	0.094331	0.096163	0.0978999	0.09954	0.101081	0.102523	0.103863	0.1051	0.106233	0.10726	0.108181	0.108995	0.109701	0.110298	0.110785	0.111162	0.111428	0.111584	0.111628	0.111561	0.111383	0.111093	0.110693	0.110181	0.10956	0.108828	0.107987	0.107037	0.105979	0.104815	0.103544	0.102169	0.10069	0.0991083	0.0974259	0.0956439	0.093764	0.0917879	0.0897173	0.0875541	0.0853004	0.0829581	0.0805295	0.0780168	0.0754223	0.0727486	0.0699982	0.0671737	0.0642779	0.0613137	0.0582839	0.0551915	0.0520398	0.0488319	0.045571	0.0422606	0.0389042	0.0355052	0.0320673	0.0285942	0.0250895	0.0215571	0.0180009	0.0144248	0.0108326	0.00722844	0.00361623	0	
0	0.00408626	0.00816848	0.0122426	0.0163047	0.0203506	0.0243764	0.0283781	0.0323518	0.0362936	0.0401994	0.0440656	0.0478883	0.0516636	0.0553879	0.0590575	0.0626688	0.0662181	0.0697021	0.0731172	0.07646	0.0797273	0.0829159	0.0860225	0.0890441	0.0919778	0.0948205	0.0975695	0.100222	0.102776	0.105227	0.107575	0.109817	0.11195	0.113972	0.115881	0.117675	0.119354	0.120913	0.122353	0.123672	0.124869	0.125941	0.126888	0.12771	0.128405	0.128972	0.129411	0.129721	0.129902	0.129954	0.129876	0.129668	0.129331	0.128865	0.128269	0.127545	0.126693	0.125714	0.124609	0.123377	0.122022	0.120543	0.118941	0.117219	0.115378	0.11342	0.111345	0.109157	0.106856	0.104446	0.101927	0.0993037	0.0965769	0.0937496	0.0908244	0.087804	0.0846914	0.0814894	0.0782013	0.0748301	0.0713792	0.067852	0.064252	0.0605829	0.0568483	0.0530522	0.0491983	0.0452909	0.0413339	0.0373316	0.0332883	0.0292083	0.025096	0.020956	0.0167928	0.012611	0.00841509	0.00420988	0	
0	0.00465845	0.00931228	0.0139569	0.0185877	0.0232002	0.0277897	0.0323518	0.0368819	0.0413756	0.0458284	0.050236	0.0545939	0.0588979	0.0631437	0.0673271	0.0714441	0.0754904	0.0794622	0.0833555	0.0871665	0.0908913	0.0945263	0.098068	0.101513	0.104857	0.108098	0.111232	0.114256	0.117167	0.119962	0.122639	0.125194	0.127625	0.129931	0.132107	0.134153	0.136066	0.137845	0.139486	0.14099	0.142354	0.143576	0.144656	0.145593	0.146385	0.147031	0.147532	0.147885	0.148092	0.148151	0.148062	0.147825	0.147441	0.146909	0.14623	0.145405	0.144434	0.143318	0.142057	0.140654	0.139108	0.137422	0.135596	0.133633	0.131535	0.129302	0.126937	0.124442	0.121819	0.119071	0.1162	0.113209	0.1101	0.106877	0.103542	0.100099	0.0965505	0.0929002	0.0891516	0.0853084	0.0813742	0.0773531	0.0732491	0.0690661	0.0648086	0.0604809	0.0560875	0.0516329	0.0471218	0.0425591	0.0379496	0.0332983	0.0286102	0.0238905	0.0191443	0.0143768	0.00959344	0.00479938	0	
0	0.00522603	0.0104469	0.0156574	0.0208525	0.0260269	0.0311756	0.0362936	0.0413756	0.0464168	0.0514122	0.0563567	0.0612456	0.066074	0.0708371	0.0755303	0.0801488	0.0846882	0.0891439	0.0935115	0.0977868	0.101965	0.106043	0.110017	0.113881	0.117633	0.121269	0.124784	0.128177	0.131443	0.134578	0.137581	0.140448	0.143175	0.145761	0.148203	0.150498	0.152645	0.154639	0.156481	0.158168	0.159698	0.161069	0.162281	0.163332	0.16422	0.164946	0.165507	0.165904	0.166135	0.166201	0.166102	0.165836	0.165405	0.164808	0.164047	0.163121	0.162032	0.160779	0.159365	0.157791	0.156057	0.154165	0.152117	0.149915	0.147561	0.145056	0.142403	0.139604	0.136661	0.133579	0.130358	0.127002	0.123515	0.119899	0.116158	0.112295	0.108314	0.104219	0.100014	0.0957023	0.0912889	0.0867778	0.0821737	0.0774812	0.0727049	0.0678499	0.0629212	0.0579238	0.0528631	0.0477445	0.0425734	0.0373553	0.0320961	0.0268013	0.0214768	0.0161285	0.0107623	0.00538414	0	
0	0.00578845	0.0115712	0.0173425	0.0230966	0.0288279	0.0345307	0.0401994	0.0458284	0.0514122	0.0569451	0.0624218	0.0678368	0.0731848	0.0784605	0.0836588	0.0887744	0.0938022	0.0987375	0.103575	0.108311	0.112939	0.117456	0.121856	0.126137	0.130292	0.134319	0.138214	0.141971	0.145588	0.149062	0.152387	0.155563	0.158584	0.161448	0.164153	0.166695	0.169072	0.171282	0.173322	0.17519	0.176884	0.178404	0.179746	0.18091	0.181894	0.182697	0.183319	0.183758	0.184015	0.184088	0.183977	0.183683	0.183206	0.182545	0.181702	0.180676	0.17947	0.178082	0.176516	0.174772	0.172852	0.170756	0.168488	0.166049	0.163441	0.160667	0.157728	0.154628	0.151369	0.147954	0.144387	0.14067	0.136808	0.132802	0.128659	0.12438	0.119971	0.115435	0.110777	0.106002	0.101113	0.0961169	0.0910172	0.0858197	0.0805294	0.0751519	0.0696927	0.0641576	0.0585522	0.0528827	0.0471551	0.0413755	0.0355502	0.0296856	0.0237881	0.0178643	0.0119205	0.00596358	0	
0	0.00634516	0.012684	0.0190104	0.0253179	0.0316004	0.0378517	0.0440656	0.050236	0.0563567	0.0624218	0.0684252	0.074361	0.0802234	0.0860065	0.0917046	0.0973122	0.102824	0.108234	0.113537	0.118727	0.123801	0.128752	0.133576	0.138268	0.142823	0.147238	0.151506	0.155625	0.15959	0.163398	0.167043	0.170524	0.173836	0.176975	0.17994	0.182727	0.185333	0.187755	0.189991	0.192039	0.193896	0.195562	0.197033	0.198309	0.199387	0.200268	0.200949	0.201431	0.201712	0.201792	0.201671	0.201349	0.200826	0.200101	0.199177	0.198053	0.19673	0.19521	0.193493	0.191581	0.189476	0.187179	0.184693	0.182019	0.17916	0.176119	0.172897	0.169499	0.165927	0.162184	0.158273	0.154199	0.149965	0.145575	0.141032	0.136342	0.131509	0.126537	0.121431	0.116197	0.110838	0.105361	0.0997708	0.0940734	0.0882743	0.0823797	0.0763954	0.0703279	0.0641835	0.0579687	0.0516902	0.0453548	0.0389693	0.0325406	0.026076	0.0195824	0.013067	0.00653713	0	
0	0.00689559	0.0137844	0.0206595	0.0275142	0.0343417	0.0411353	0.0478883	0.0545939	0.0612456	0.0678368	0.074361	0.0808117	0.0871827	0.0934674	0.0996599	0.105754	0.111744	0.117623	0.123386	0.129027	0.13454	0.139921	0.145164	0.150263	0.155213	0.16001	0.164649	0.169126	0.173435	0.177572	0.181534	0.185317	0.188916	0.192328	0.19555	0.198578	0.20141	0.204042	0.206472	0.208698	0.210717	0.212526	0.214125	0.215512	0.216684	0.217641	0.218382	0.218905	0.219211	0.219298	0.219166	0.218816	0.218247	0.21746	0.216455	0.215234	0.213796	0.212144	0.210278	0.2082	0.205913	0.203417	0.200715	0.197809	0.194702	0.191397	0.187896	0.184203	0.180321	0.176253	0.172003	0.167576	0.162974	0.158203	0.153267	0.14817	0.142917	0.137514	0.131965	0.126277	0.120453	0.114501	0.108426	0.102234	0.0959321	0.0895261	0.0830227	0.0764288	0.0697514	0.0629975	0.0561743	0.0492893	0.0423498	0.0353635	0.028338	0.0212811	0.0142006	0.00710422	0	
0	0.00743921	0.0148711	0.0222882	0.0296833	0.0370491	0.0443783	0.0516636	0.0588979	0.066074	0.0731848	0.0802234	0.0871827	0.0940558	0.100836	0.107517	0.114091	0.120553	0.126896	0.133113	0.139199	0.145147	0.150952	0.156608	0.162109	0.16745	0.172625	0.17763	0.182459	0.187108	0.191571	0.195846	0.199926	0.203809	0.20749	0.210966	0.214233	0.217288	0.220128	0.22275	0.225151	0.227329	0.229281	0.231006	0.232502	0.233767	0.234799	0.235598	0.236163	0.236492	0.236586	0.236444	0.236067	0.235453	0.234604	0.23352	0.232202	0.230651	0.228869	0.226856	0.224614	0.222146	0.219453	0.216538	0.213404	0.210052	0.206486	0.202709	0.198725	0.194537	0.190148	0.185564	0.180787	0.175823	0.170676	0.16535	0.159851	0.154185	0.148355	0.142369	0.136232	0.129949	0.123528	0.116974	0.110294	0.103495	0.096584	0.089568	0.0824543	0.0752504	0.067964	0.060603	0.0531751	0.0456886	0.0381515	0.0305721	0.0229589	0.0153201	0.0076643	0	
0	0.00797549	0.0159431	0.0238949	0.0318231	0.0397199	0.0475774	0.0553879	0.0631437	0.0708371	0.0784605	0.0860065	0.0934674	0.100836	0.108105	0.115267	0.122316	0.129243	0.136043	0.142709	0.149233	0.15561	0.161834	0.167897	0.173795	0.179521	0.185069	0.190435	0.195612	0.200596	0.205381	0.209964	0.214339	0.218501	0.222448	0.226174	0.229677	0.232952	0.235997	0.238808	0.241382	0.243717	0.24581	0.247659	0.249262	0.250618	0.251725	0.252582	0.253187	0.253541	0.253641	0.253489	0.253084	0.252426	0.251516	0.250354	0.248941	0.247278	0.245367	0.243209	0.240806	0.23816	0.235273	0.232148	0.228787	0.225194	0.221371	0.217322	0.213051	0.20856	0.203856	0.198941	0.19382	0.188498	0.182979	0.17727	0.171375	0.1653	0.15905	0.152632	0.146052	0.139317	0.132433	0.125406	0.118245	0.110956	0.103547	0.0960248	0.0883982	0.0806751	0.0728634	0.0649717	0.0570084	0.0489822	0.0409018	0.032776	0.0246139	0.0164245	0.00821681	0	
0	0.00850389	0.0169994	0.025478	0.0339315	0.0423514	0.0507295	0.0590575	0.0673271	0.0755303	0.0836588	0.0917046	0.0996599	0.107517	0.115267	0.122904	0.13042	0.137806	0.145057	0.152164	0.15912	0.16592	0.172556	0.179021	0.185309	0.191414	0.19733	0.203051	0.208572	0.213886	0.218988	0.223874	0.228539	0.232978	0.237186	0.241159	0.244894	0.248386	0.251632	0.254629	0.257374	0.259863	0.262095	0.264067	0.265777	0.267223	0.268403	0.269316	0.269962	0.270338	0.270446	0.270284	0.269852	0.26915	0.26818	0.266941	0.265434	0.263661	0.261624	0.259323	0.25676	0.253939	0.250861	0.247529	0.243945	0.240114	0.236038	0.23172	0.227166	0.222378	0.217362	0.212121	0.206661	0.200986	0.195102	0.189014	0.182729	0.176251	0.169588	0.162745	0.155729	0.148547	0.141207	0.133715	0.126079	0.118307	0.110407	0.102387	0.0942549	0.08602	0.0776909	0.0692763	0.0607854	0.0522274	0.0436116	0.0349475	0.0262447	0.0175127	0.0087612	0	
0	0.00902388	0.0180388	0.0270359	0.0360063	0.0449411	0.0538315	0.0626688	0.0714441	0.0801488	0.0887744	0.0973122	0.105754	0.114091	0.122316	0.13042	0.138395	0.146233	0.153927	0.161468	0.16885	0.176066	0.183107	0.189968	0.196641	0.203119	0.209397	0.215468	0.221326	0.226965	0.232379	0.237564	0.242514	0.247224	0.251689	0.255906	0.259869	0.263575	0.267019	0.2702	0.273112	0.275754	0.278122	0.280214	0.282029	0.283563	0.284815	0.285785	0.286469	0.286869	0.286983	0.286811	0.286353	0.285608	0.284578	0.283264	0.281665	0.279784	0.277621	0.27518	0.272461	0.269467	0.266201	0.262665	0.258862	0.254796	0.250471	0.24589	0.241057	0.235976	0.230653	0.225092	0.219298	0.213276	0.207032	0.200572	0.193902	0.187029	0.179958	0.172696	0.165252	0.157631	0.149841	0.141891	0.133789	0.125541	0.117158	0.108648	0.100018	0.0912801	0.0824416	0.0735125	0.0645024	0.0554211	0.0462784	0.0370845	0.0278495	0.0185835	0.00929693	0	
0	0.00953497	0.0190605	0.0285672	0.0380456	0.0474865	0.0568804	0.0662181	0.0754904	0.0846882	0.0938022	0.102824	0.111744	0.120553	0.129243	0.137806	0.146233	0.154515	0.162644	0.170613	0.178414	0.186038	0.193478	0.200727	0.207778	0.214623	0.221256	0.227671	0.233861	0.239819	0.24554	0.251019	0.256249	0.261226	0.265944	0.270399	0.274587	0.278503	0.282142	0.285503	0.28858	0.291372	0.293874	0.296085	0.298002	0.299623	0.300946	0.301971	0.302694	0.303117	0.303237	0.303055	0.302571	0.301784	0.300696	0.299307	0.297618	0.29563	0.293345	0.290765	0.287892	0.284729	0.281277	0.277541	0.273523	0.269227	0.264657	0.259816	0.25471	0.249341	0.243717	0.237841	0.231718	0.225355	0.218758	0.211932	0.204885	0.197621	0.19015	0.182477	0.174611	0.166558	0.158328	0.149928	0.141366	0.132652	0.123794	0.114801	0.105683	0.0964499	0.0871108	0.077676	0.0681556	0.05856	0.0488995	0.0391849	0.0294268	0.0196361	0.00982349	0	
0	0.0100366	0.0200633	0.0300702	0.0400473	0.0499849	0.059873	0.0697021	0.0794622	0.0891439	0.0987375	0.108234	0.117623	0.126896	0.136043	0.145057	0.153927	0.162644	0.171202	0.17959	0.187801	0.195826	0.203657	0.211288	0.21871	0.225915	0.232897	0.23965	0.246165	0.252437	0.258459	0.264226	0.269731	0.27497	0.279936	0.284626	0.289034	0.293156	0.296987	0.300524	0.303763	0.306702	0.309336	0.311663	0.313681	0.315387	0.31678	0.317858	0.31862	0.319065	0.319192	0.319	0.31849	0.317662	0.316517	0.315054	0.313276	0.311184	0.308779	0.306063	0.303039	0.299709	0.296076	0.292144	0.287914	0.283392	0.278581	0.273486	0.268111	0.26246	0.256539	0.250354	0.24391	0.237212	0.230268	0.223083	0.215664	0.208019	0.200154	0.192078	0.183798	0.175322	0.166658	0.157816	0.148804	0.139631	0.130307	0.120841	0.111244	0.101524	0.0916941	0.0817628	0.0717415	0.061641	0.0514723	0.0412466	0.0309751	0.0206692	0.0103403	0	
0	0.0105284	0.0210463	0.0315435	0.0420095	0.0524339	0.0628066	0.0731172	0.0833555	0.0935115	0.103575	0.113537	0.123386	0.133113	0.142709	0.152164	0.161468	0.170613	0.17959	0.188389	0.197002	0.20542	0.213636	0.22164	0.229425	0.236984	0.244308	0.251391	0.258226	0.264805	0.271122	0.277172	0.282947	0.288442	0.293652	0.298571	0.303195	0.307519	0.311538	0.315248	0.318647	0.321729	0.324492	0.326933	0.32905	0.33084	0.332301	0.333432	0.334231	0.334698	0.334831	0.33463	0.334095	0.333226	0.332025	0.330491	0.328626	0.326431	0.323908	0.321059	0.317887	0.314394	0.310583	0.306457	0.302021	0.297277	0.292231	0.286886	0.281247	0.27532	0.269109	0.26262	0.25586	0.248835	0.24155	0.234013	0.226231	0.218211	0.209961	0.201489	0.192803	0.183912	0.174824	0.165548	0.156095	0.146472	0.136691	0.126762	0.116694	0.106499	0.0961867	0.0857689	0.0752566	0.0646612	0.0539942	0.0432675	0.0324927	0.0216819	0.010847	0	
0	0.0110097	0.0220086	0.0329856	0.0439301	0.0548311	0.065678	0.07646	0.0871665	0.0977868	0.108311	0.118727	0.129027	0.139199	0.149233	0.15912	0.16885	0.178414	0.187801	0.197002	0.206009	0.214812	0.223403	0.231773	0.239915	0.247819	0.255478	0.262885	0.270032	0.276912	0.283518	0.289844	0.295883	0.30163	0.307078	0.312222	0.317057	0.321578	0.325781	0.329661	0.333215	0.336438	0.339327	0.34188	0.344094	0.345966	0.347494	0.348676	0.349512	0.35	0.350139	0.349929	0.34937	0.348461	0.347205	0.345601	0.34365	0.341355	0.338717	0.335738	0.332421	0.328768	0.324783	0.320469	0.315829	0.310869	0.305591	0.300002	0.294105	0.287907	0.281412	0.274627	0.267558	0.260211	0.252593	0.244712	0.236574	0.228188	0.219561	0.210701	0.201618	0.19232	0.182817	0.173117	0.163231	0.153169	0.142941	0.132557	0.122029	0.111368	0.100584	0.0896902	0.0786973	0.0676175	0.0564628	0.0452457	0.0339783	0.0226732	0.0113429	0	
0	0.0114802	0.022949	0.0343952	0.0458073	0.0571742	0.0684846	0.0797273	0.0908913	0.101965	0.112939	0.123801	0.13454	0.145147	0.15561	0.16592	0.176066	0.186038	0.195826	0.20542	0.214812	0.223991	0.23295	0.241678	0.250167	0.258409	0.266395	0.274119	0.281571	0.288745	0.295633	0.30223	0.308527	0.314519	0.3202	0.325564	0.330606	0.33532	0.339703	0.343749	0.347454	0.350815	0.353828	0.35649	0.358798	0.36075	0.362343	0.363576	0.364447	0.364956	0.365101	0.364882	0.364299	0.363352	0.362042	0.360369	0.358335	0.355942	0.353191	0.350085	0.346626	0.342817	0.338661	0.334163	0.329325	0.324153	0.31865	0.312822	0.306673	0.30021	0.293438	0.286363	0.278992	0.271331	0.263387	0.255169	0.246684	0.237939	0.228943	0.219705	0.210234	0.200539	0.190629	0.180515	0.170207	0.159714	0.149049	0.138222	0.127244	0.116127	0.104883	0.0935229	0.0820602	0.070507	0.0588757	0.0471791	0.0354303	0.0236421	0.0118276	0	
0	0.0119393	0.0238668	0.0357708	0.0476393	0.0594608	0.0712235	0.0829159	0.0945263	0.106043	0.117456	0.128752	0.139921	0.150952	0.161834	0.172556	0.183107	0.193478	0.203657	0.213636	0.223403	0.23295	0.242266	0.251343	0.260172	0.268743	0.277049	0.285082	0.292832	0.300293	0.307457	0.314317	0.320866	0.327098	0.333006	0.338584	0.343828	0.348731	0.353289	0.357496	0.36135	0.364845	0.367979	0.370747	0.373147	0.375177	0.376834	0.378117	0.379023	0.379552	0.379703	0.379475	0.378869	0.377884	0.376521	0.374782	0.372666	0.370177	0.367316	0.364086	0.360489	0.356527	0.352206	0.347527	0.342496	0.337117	0.331394	0.325333	0.318938	0.312217	0.305174	0.297816	0.290149	0.282182	0.273921	0.265374	0.256549	0.247455	0.238099	0.228492	0.218642	0.208559	0.198253	0.187734	0.177014	0.166102	0.15501	0.14375	0.132333	0.120771	0.109077	0.0972633	0.0853421	0.0733268	0.0612303	0.049066	0.0368473	0.0245876	0.0123006	0	
0	0.0123867	0.0247611	0.037111	0.0494242	0.0616886	0.0738921	0.0860225	0.098068	0.110017	0.121856	0.133576	0.145164	0.156608	0.167897	0.179021	0.189968	0.200727	0.211288	0.22164	0.231773	0.241678	0.251343	0.26076	0.26992	0.278812	0.28743	0.295763	0.303804	0.311544	0.318976	0.326093	0.332888	0.339353	0.345483	0.35127	0.35671	0.361797	0.366525	0.370891	0.374889	0.378515	0.381766	0.384638	0.387128	0.389234	0.390953	0.392284	0.393224	0.393773	0.393929	0.393693	0.393064	0.392042	0.390628	0.388824	0.386629	0.384047	0.381079	0.377727	0.373995	0.369886	0.365402	0.360548	0.355329	0.349748	0.343811	0.337522	0.330888	0.323915	0.316608	0.308974	0.301021	0.292755	0.284184	0.275317	0.266162	0.256726	0.24702	0.237053	0.226834	0.216373	0.205681	0.194768	0.183646	0.172325	0.160818	0.149136	0.137291	0.125296	0.113164	0.100907	0.0885397	0.0760742	0.0635245	0.0509044	0.0382279	0.0255089	0.0127615	0	
0	0.0128218	0.0256308	0.0384145	0.0511603	0.0638555	0.0764876	0.0890441	0.101513	0.113881	0.126137	0.138268	0.150263	0.162109	0.173795	0.185309	0.196641	0.207778	0.21871	0.229425	0.239915	0.250167	0.260172	0.26992	0.279401	0.288606	0.297526	0.306152	0.314475	0.322487	0.330181	0.337548	0.344581	0.351273	0.357618	0.363609	0.36924	0.374505	0.3794	0.383919	0.388057	0.391811	0.395176	0.398149	0.400727	0.402906	0.404686	0.406063	0.407036	0.407605	0.407767	0.407522	0.406871	0.405813	0.40435	0.402482	0.40021	0.397537	0.394465	0.390995	0.387132	0.382878	0.378237	0.373213	0.36781	0.362033	0.355887	0.349378	0.342511	0.335293	0.327729	0.319827	0.311594	0.303038	0.294167	0.284988	0.275511	0.265744	0.255697	0.24538	0.234802	0.223973	0.212906	0.20161	0.190097	0.178379	0.166467	0.154374	0.142114	0.129698	0.117139	0.104452	0.0916498	0.0787464	0.0657559	0.0526925	0.0395707	0.0264049	0.0132098	0	
0	0.0132442	0.0264752	0.0396801	0.0528458	0.0659593	0.0790075	0.0919778	0.104857	0.117633	0.130292	0.142823	0.155213	0.16745	0.179521	0.191414	0.203119	0.214623	0.225915	0.236984	0.247819	0.258409	0.268743	0.278812	0.288606	0.298114	0.307328	0.316238	0.324836	0.333112	0.341059	0.348669	0.355934	0.362846	0.3694	0.375589	0.381405	0.386844	0.3919	0.396567	0.400842	0.404719	0.408195	0.411266	0.413929	0.416181	0.418019	0.419441	0.420447	0.421034	0.421201	0.420948	0.420276	0.419183	0.417671	0.415742	0.413395	0.410634	0.407461	0.403877	0.399887	0.395493	0.390699	0.385509	0.379928	0.373961	0.367613	0.360889	0.353796	0.346339	0.338526	0.330364	0.32186	0.313022	0.303859	0.294377	0.284588	0.274499	0.264121	0.253464	0.242537	0.231352	0.21992	0.208252	0.19636	0.184255	0.171951	0.159461	0.146796	0.133971	0.120998	0.107893	0.0946693	0.0813408	0.0679223	0.0544285	0.0408744	0.0272748	0.013645	0	
0	0.0136535	0.0272935	0.0409065	0.0544791	0.0679978	0.0814494	0.0948205	0.108098	0.121269	0.134319	0.147238	0.16001	0.172625	0.185069	0.19733	0.209397	0.221256	0.232897	0.244308	0.255478	0.266395	0.277049	0.28743	0.297526	0.307328	0.316827	0.326012	0.334875	0.343407	0.3516	0.359445	0.366934	0.374061	0.380817	0.387197	0.393193	0.3988	0.404012	0.408824	0.413231	0.417228	0.420811	0.423977	0.426722	0.429044	0.430939	0.432405	0.433441	0.434046	0.434219	0.433958	0.433265	0.432139	0.43058	0.428591	0.426172	0.423326	0.420054	0.41636	0.412246	0.407716	0.402774	0.397424	0.391671	0.385519	0.378974	0.372043	0.36473	0.357043	0.348989	0.340575	0.331808	0.322697	0.31325	0.303476	0.293384	0.282983	0.272285	0.261298	0.250034	0.238503	0.226717	0.214689	0.202429	0.18995	0.177266	0.164389	0.151333	0.138111	0.124738	0.111228	0.0975953	0.0838548	0.0700216	0.0561108	0.0421377	0.0281178	0.0140667	0	
0	0.0140494	0.0280848	0.0420925	0.0560585	0.0699692	0.0838108	0.0975695	0.111232	0.124784	0.138214	0.151506	0.164649	0.17763	0.190435	0.203051	0.215468	0.227671	0.23965	0.251391	0.262885	0.274119	0.285082	0.295763	0.306152	0.316238	0.326012	0.335464	0.344584	0.353363	0.361794	0.369866	0.377573	0.384906	0.391858	0.398422	0.404593	0.410362	0.415725	0.420677	0.425211	0.429324	0.433011	0.436269	0.439094	0.441482	0.443432	0.444941	0.446008	0.44663	0.446808	0.44654	0.445826	0.444667	0.443064	0.441017	0.438528	0.435599	0.432232	0.428431	0.424198	0.419537	0.414451	0.408946	0.403026	0.396696	0.389962	0.382829	0.375305	0.367395	0.359107	0.350449	0.341428	0.332053	0.322332	0.312274	0.30189	0.291188	0.280179	0.268873	0.257283	0.245418	0.23329	0.220913	0.208298	0.195457	0.182405	0.169155	0.15572	0.142115	0.128355	0.114453	0.100425	0.086286	0.0720517	0.0577375	0.0433594	0.028933	0.0144746	0	
0	0.0144313	0.0288483	0.0432368	0.0575826	0.0718714	0.0860893	0.100222	0.114256	0.128177	0.141971	0.155625	0.169126	0.182459	0.195612	0.208572	0.221326	0.233861	0.246165	0.258226	0.270032	0.281571	0.292832	0.303804	0.314475	0.324836	0.334875	0.344584	0.353952	0.36297	0.37163	0.379921	0.387837	0.39537	0.402511	0.409254	0.415592	0.421519	0.427028	0.432114	0.436771	0.440996	0.444784	0.44813	0.451031	0.453485	0.455488	0.457038	0.458133	0.458773	0.458955	0.45868	0.457947	0.456756	0.455109	0.453007	0.45045	0.447442	0.443983	0.440079	0.435731	0.430943	0.425719	0.420064	0.413983	0.407481	0.400564	0.393237	0.385508	0.377383	0.36887	0.359976	0.35071	0.34108	0.331095	0.320764	0.310097	0.299104	0.287796	0.276183	0.264277	0.25209	0.239633	0.226919	0.213961	0.200771	0.187364	0.173754	0.159954	0.145979	0.131844	0.117564	0.103155	0.0886318	0.0740105	0.0593073	0.0445382	0.0297196	0.0148681	0	
0	0.014799	0.0295833	0.0443384	0.0590497	0.0737026	0.0882827	0.102776	0.117167	0.131443	0.145588	0.15959	0.173435	0.187108	0.200596	0.213886	0.226965	0.239819	0.252437	0.264805	0.276912	0.288745	0.300293	0.311544	0.322487	0.333112	0.343407	0.353363	0.36297	0.372218	0.381098	0.389601	0.397719	0.405443	0.412767	0.419681	0.426181	0.432258	0.437908	0.443123	0.4479	0.452232	0.456116	0.459548	0.462523	0.465039	0.467093	0.468683	0.469806	0.470462	0.470649	0.470366	0.469615	0.468394	0.466705	0.464549	0.461927	0.458842	0.455296	0.451291	0.446832	0.441922	0.436566	0.430767	0.424531	0.417863	0.410769	0.403256	0.39533	0.386998	0.378268	0.369148	0.359646	0.34977	0.339531	0.328937	0.317998	0.306725	0.295129	0.28322	0.271011	0.258513	0.245738	0.2327	0.219412	0.205887	0.192138	0.178181	0.164029	0.149698	0.135203	0.12056	0.105783	0.0908901	0.0758962	0.0608183	0.045673	0.0304769	0.0152469	0	
0	0.015152	0.0302891	0.0453962	0.0604584	0.0754609	0.0903888	0.105227	0.119962	0.134578	0.149062	0.163398	0.177572	0.191571	0.205381	0.218988	0.232379	0.24554	0.258459	0.271122	0.283518	0.295633	0.307457	0.318976	0.330181	0.341059	0.3516	0.361794	0.37163	0.381098	0.39019	0.398896	0.407207	0.415116	0.422614	0.429694	0.436348	0.442571	0.448355	0.453695	0.458585	0.463021	0.466998	0.470511	0.473557	0.476133	0.478236	0.479864	0.481014	0.481685	0.481877	0.481588	0.480818	0.479568	0.477839	0.475631	0.472947	0.469788	0.466158	0.462058	0.457492	0.452465	0.446981	0.441044	0.434659	0.427832	0.420569	0.412877	0.404762	0.396231	0.387293	0.377955	0.368226	0.358115	0.347631	0.336784	0.325584	0.314043	0.30217	0.289977	0.277476	0.26468	0.251601	0.238252	0.224647	0.210799	0.196722	0.182432	0.167943	0.15327	0.138429	0.123436	0.108307	0.0930584	0.0777069	0.0622693	0.0467626	0.0312039	0.0156106	0	
0	0.0154901	0.0309649	0.0464091	0.0618074	0.0771446	0.0924056	0.107575	0.122639	0.137581	0.152387	0.167043	0.181534	0.195846	0.209964	0.223874	0.237564	0.251019	0.264226	0.277172	0.289844	0.30223	0.314317	0.326093	0.337548	0.348669	0.359445	0.369866	0.379921	0.389601	0.398896	0.407796	0.416293	0.424378	0.432043	0.439281	0.446084	0.452445	0.458358	0.463818	0.468817	0.473352	0.477417	0.481009	0.484123	0.486757	0.488907	0.490571	0.491747	0.492433	0.492629	0.492333	0.491546	0.490269	0.488501	0.486244	0.4835	0.48027	0.476559	0.472367	0.4677	0.462561	0.456954	0.450884	0.444357	0.437378	0.429953	0.422089	0.413793	0.405072	0.395934	0.386388	0.376442	0.366105	0.355387	0.344299	0.332849	0.32105	0.308912	0.296447	0.283667	0.270586	0.257215	0.243568	0.229659	0.215502	0.201111	0.186502	0.17169	0.15669	0.141518	0.12619	0.110724	0.0951348	0.0794408	0.0636587	0.047806	0.0319002	0.015959	0	
0	0.0158129	0.0316101	0.047376	0.0630952	0.078752	0.094331	0.109817	0.125194	0.140448	0.155563	0.170524	0.185317	0.199926	0.214339	0.228539	0.242514	0.256249	0.269731	0.282947	0.295883	0.308527	0.320866	0.332888	0.344581	0.355934	0.366934	0.377573	0.387837	0.397719	0.407207	0.416293	0.424967	0.43322	0.441045	0.448434	0.455379	0.461872	0.467909	0.473482	0.478585	0.483215	0.487365	0.491031	0.494211	0.496899	0.499094	0.500792	0.501993	0.502693	0.502893	0.502591	0.501788	0.500484	0.498679	0.496375	0.493574	0.490277	0.486488	0.48221	0.477445	0.472199	0.466475	0.460279	0.453616	0.446491	0.438912	0.430884	0.422415	0.413512	0.404184	0.394439	0.384286	0.373734	0.362792	0.351472	0.339784	0.327739	0.315348	0.302624	0.289578	0.276224	0.262574	0.248643	0.234444	0.219992	0.205302	0.190388	0.175267	0.159955	0.144466	0.12882	0.113031	0.0971171	0.081096	0.0649851	0.0488021	0.0325649	0.0162915	0	
0	0.01612	0.032224	0.0482962	0.0643206	0.0802815	0.096163	0.11195	0.127625	0.143175	0.158584	0.173836	0.188916	0.203809	0.218501	0.232978	0.247224	0.261226	0.27497	0.288442	0.30163	0.314519	0.327098	0.339353	0.351273	0.362846	0.374061	0.384906	0.39537	0.405443	0.415116	0.424378	0.43322	0.441634	0.449611	0.457143	0.464223	0.470843	0.476996	0.482678	0.48788	0.4926	0.49683	0.500568	0.503809	0.50655	0.508787	0.510519	0.511742	0.512456	0.51266	0.512353	0.511534	0.510204	0.508364	0.506016	0.50316	0.499799	0.495937	0.491575	0.486718	0.48137	0.475535	0.469218	0.462426	0.455163	0.447436	0.439252	0.430619	0.421543	0.412034	0.4021	0.391749	0.380992	0.369839	0.358299	0.346384	0.334104	0.321473	0.308501	0.295202	0.281589	0.267674	0.253472	0.238998	0.224265	0.209289	0.194086	0.178671	0.163061	0.147272	0.131321	0.115226	0.0990033	0.0826711	0.0662472	0.0497499	0.0331974	0.0166079	0	
0	0.0164111	0.032806	0.0491685	0.0654824	0.0817315	0.0978999	0.113972	0.129931	0.145761	0.161448	0.176975	0.192328	0.20749	0.222448	0.237186	0.251689	0.265944	0.279936	0.293652	0.307078	0.3202	0.333006	0.345483	0.357618	0.3694	0.380817	0.391858	0.402511	0.412767	0.422614	0.432043	0.441045	0.449611	0.457732	0.4654	0.472608	0.479347	0.485612	0.491396	0.496693	0.501497	0.505804	0.50961	0.512909	0.515699	0.517977	0.51974	0.520985	0.521713	0.52192	0.521607	0.520773	0.51942	0.517547	0.515156	0.512248	0.508827	0.504895	0.500454	0.495509	0.490065	0.484124	0.477694	0.470778	0.463384	0.455518	0.447186	0.438397	0.429157	0.419476	0.409363	0.398825	0.387874	0.376519	0.364771	0.35264	0.340139	0.32728	0.314074	0.300534	0.286675	0.272509	0.258051	0.243315	0.228316	0.21307	0.197592	0.181899	0.166007	0.149932	0.133694	0.117307	0.100792	0.0841643	0.0674438	0.0506485	0.033797	0.0169079	0	
0	0.0166861	0.0333556	0.0499922	0.0665793	0.0831007	0.09954	0.115881	0.132107	0.148203	0.164153	0.17994	0.19555	0.210966	0.226174	0.241159	0.255906	0.270399	0.284626	0.298571	0.312222	0.325564	0.338584	0.35127	0.363609	0.375589	0.387197	0.398422	0.409254	0.419681	0.429694	0.439281	0.448434	0.457143	0.4654	0.473197	0.480525	0.487377	0.493747	0.499628	0.505013	0.509898	0.514278	0.518147	0.521501	0.524338	0.526654	0.528447	0.529713	0.530453	0.530663	0.530345	0.529498	0.528121	0.526217	0.523786	0.52083	0.517351	0.513353	0.508838	0.50381	0.498274	0.492235	0.485696	0.478665	0.471147	0.463149	0.454678	0.445741	0.436347	0.426504	0.41622	0.405506	0.394372	0.382826	0.370881	0.358548	0.345837	0.332762	0.319335	0.305569	0.291477	0.277074	0.262374	0.247391	0.232141	0.216639	0.200902	0.184946	0.168788	0.152444	0.135933	0.119273	0.10248	0.0855743	0.0685737	0.051497	0.0343632	0.0171911	0	
0	0.0169445	0.0338722	0.0507664	0.0676104	0.0843876	0.101081	0.117675	0.134153	0.150498	0.166695	0.182727	0.198578	0.214233	0.229677	0.244894	0.259869	0.274587	0.289034	0.303195	0.317057	0.330606	0.343828	0.35671	0.36924	0.381405	0.393193	0.404593	0.415592	0.426181	0.436348	0.446084	0.455379	0.464223	0.472608	0.480525	0.487967	0.494925	0.501394	0.507365	0.512834	0.517795	0.522242	0.526171	0.529578	0.532459	0.53481	0.53663	0.537917	0.538667	0.538882	0.538558	0.537698	0.5363	0.534366	0.531897	0.528896	0.525363	0.521303	0.516718	0.511613	0.505991	0.499858	0.493218	0.486078	0.478443	0.470321	0.461719	0.452644	0.443104	0.433109	0.422666	0.411786	0.400479	0.388755	0.376625	0.364101	0.351193	0.337916	0.324281	0.310301	0.295991	0.281365	0.266437	0.251222	0.235736	0.219994	0.204013	0.18781	0.171402	0.154805	0.138038	0.12112	0.104067	0.0868996	0.0696357	0.0522946	0.0348954	0.0174574	0	
0	0.0171861	0.0343552	0.0514903	0.0685745	0.085591	0.102523	0.119354	0.136066	0.152645	0.169072	0.185333	0.20141	0.217288	0.232952	0.248386	0.263575	0.278503	0.293156	0.307519	0.321578	0.33532	0.348731	0.361797	0.374505	0.386844	0.3988	0.410362	0.421519	0.432258	0.442571	0.452445	0.461872	0.470843	0.479347	0.487377	0.494925	0.501983	0.508544	0.514601	0.520147	0.525179	0.529689	0.533674	0.53713	0.540052	0.542437	0.544283	0.545588	0.546349	0.546566	0.546238	0.545365	0.543948	0.541986	0.539482	0.536438	0.532855	0.528737	0.524087	0.518908	0.513207	0.506986	0.500251	0.49301	0.485266	0.477028	0.468303	0.459099	0.449423	0.439285	0.428694	0.417659	0.40619	0.394299	0.381996	0.369293	0.356202	0.342735	0.328905	0.314726	0.300212	0.285378	0.270236	0.254805	0.239097	0.223131	0.206923	0.190488	0.173846	0.157013	0.140007	0.122847	0.105551	0.0881388	0.0706288	0.0530403	0.035393	0.0177063	0	
0	0.0174107	0.0348042	0.0521632	0.0694708	0.0867096	0.103863	0.120913	0.137845	0.154639	0.171282	0.187755	0.204042	0.220128	0.235997	0.251632	0.267019	0.282142	0.296987	0.311538	0.325781	0.339703	0.353289	0.366525	0.3794	0.3919	0.404012	0.415725	0.427028	0.437908	0.448355	0.458358	0.467909	0.476996	0.485612	0.493747	0.501394	0.508544	0.51519	0.521326	0.526946	0.532043	0.536612	0.540649	0.54415	0.54711	0.549526	0.551396	0.552718	0.553489	0.55371	0.553377	0.552493	0.551057	0.54907	0.546533	0.543449	0.539819	0.535647	0.530936	0.52569	0.519914	0.513612	0.50679	0.499453	0.491609	0.483263	0.474424	0.465099	0.455297	0.445026	0.434297	0.423117	0.411499	0.399452	0.386989	0.374119	0.360857	0.347214	0.333204	0.31884	0.304136	0.289107	0.273768	0.258135	0.242222	0.226048	0.209627	0.192978	0.176118	0.159065	0.141837	0.124453	0.106931	0.0892908	0.0715519	0.0537336	0.0358556	0.0179377	0	
0	0.0176181	0.0352187	0.0527845	0.0702982	0.0877423	0.1051	0.122353	0.139486	0.156481	0.173322	0.189991	0.206472	0.22275	0.238808	0.254629	0.2702	0.285503	0.300524	0.315248	0.329661	0.343749	0.357496	0.370891	0.383919	0.396567	0.408824	0.420677	0.432114	0.443123	0.453695	0.463818	0.473482	0.482678	0.491396	0.499628	0.507365	0.514601	0.521326	0.527535	0.533222	0.538379	0.543003	0.547088	0.550631	0.553626	0.556071	0.557964	0.559301	0.560082	0.560304	0.559968	0.559074	0.55762	0.555609	0.553043	0.549921	0.546249	0.542027	0.53726	0.531952	0.526106	0.519729	0.512826	0.505402	0.497464	0.489019	0.480075	0.470639	0.46072	0.450327	0.439469	0.428157	0.4164	0.40421	0.391598	0.378575	0.365155	0.35135	0.337172	0.322637	0.307759	0.292551	0.277029	0.261209	0.245107	0.22874	0.212124	0.195277	0.178216	0.160959	0.143526	0.125935	0.108204	0.0903543	0.0724041	0.0543736	0.0362826	0.0181514	0	
0	0.017808	0.0355983	0.0533535	0.0710559	0.0886881	0.106233	0.123672	0.14099	0.158168	0.17519	0.192039	0.208698	0.225151	0.241382	0.257374	0.273112	0.28858	0.303763	0.318647	0.333215	0.347454	0.36135	0.374889	0.388057	0.400842	0.413231	0.425211	0.436771	0.4479	0.458585	0.468817	0.478585	0.48788	0.496693	0.505013	0.512834	0.520147	0.526946	0.533222	0.538969	0.544183	0.548856	0.552986	0.556566	0.559594	0.562065	0.563978	0.56533	0.566119	0.566344	0.566004	0.5651	0.563631	0.561599	0.559004	0.555849	0.552137	0.54787	0.543051	0.537686	0.531777	0.525331	0.518354	0.51085	0.502826	0.49429	0.485249	0.475712	0.465686	0.455181	0.444207	0.432772	0.420889	0.408567	0.395819	0.382656	0.369091	0.355137	0.340807	0.326115	0.311076	0.295704	0.280015	0.264025	0.24775	0.231206	0.21441	0.197382	0.180137	0.162694	0.145073	0.127292	0.109371	0.0913283	0.0731846	0.0549597	0.0366737	0.0183471	0	
0	0.0179802	0.0359427	0.0538696	0.0717432	0.089546	0.10726	0.124869	0.142354	0.159698	0.176884	0.193896	0.210717	0.227329	0.243717	0.259863	0.275754	0.291372	0.306702	0.321729	0.336438	0.350815	0.364845	0.378515	0.391811	0.404719	0.417228	0.429324	0.440996	0.452232	0.463021	0.473352	0.483215	0.4926	0.501497	0.509898	0.517795	0.525179	0.532043	0.538379	0.544183	0.549446	0.554165	0.558335	0.56195	0.565007	0.567502	0.569433	0.570798	0.571595	0.571822	0.571479	0.570566	0.569083	0.567031	0.564411	0.561226	0.557478	0.553169	0.548304	0.542887	0.536921	0.530413	0.523368	0.515791	0.50769	0.499072	0.489943	0.480314	0.470191	0.459584	0.448503	0.436958	0.42496	0.412519	0.399648	0.386358	0.372661	0.358572	0.344104	0.32927	0.314085	0.298565	0.282724	0.266579	0.250146	0.233442	0.216485	0.199291	0.181879	0.164268	0.146477	0.128524	0.110429	0.0922117	0.0738925	0.0554913	0.0370285	0.0185245	0	
0	0.0181346	0.0362513	0.0543322	0.0723594	0.090315	0.108181	0.125941	0.143576	0.161069	0.178404	0.195562	0.212526	0.229281	0.24581	0.262095	0.278122	0.293874	0.309336	0.324492	0.339327	0.353828	0.367979	0.381766	0.395176	0.408195	0.420811	0.433011	0.444784	0.456116	0.466998	0.477417	0.487365	0.49683	0.505804	0.514278	0.522242	0.529689	0.536612	0.543003	0.548856	0.554165	0.558925	0.56313	0.566776	0.569859	0.572376	0.574324	0.575701	0.576504	0.576733	0.576387	0.575466	0.573971	0.571901	0.569259	0.566046	0.562266	0.55792	0.553013	0.547549	0.541533	0.534969	0.527863	0.520221	0.51205	0.503358	0.494151	0.484439	0.474229	0.463531	0.452355	0.440711	0.42861	0.416062	0.40308	0.389676	0.375862	0.361652	0.347059	0.332098	0.316783	0.301129	0.285152	0.268869	0.252295	0.235447	0.218344	0.201003	0.183441	0.165679	0.147735	0.129628	0.111377	0.0930038	0.0745272	0.0559679	0.0373465	0.0186837	0	
0	0.0182711	0.0365241	0.054741	0.0729037	0.0909945	0.108995	0.126888	0.144656	0.162281	0.179746	0.197033	0.214125	0.231006	0.247659	0.264067	0.280214	0.296085	0.311663	0.326933	0.34188	0.35649	0.370747	0.384638	0.398149	0.411266	0.423977	0.436269	0.44813	0.459548	0.470511	0.481009	0.491031	0.500568	0.50961	0.518147	0.526171	0.533674	0.540649	0.547088	0.552986	0.558335	0.56313	0.567367	0.57104	0.574146	0.576682	0.578645	0.580032	0.580841	0.581072	0.580724	0.579796	0.578289	0.576204	0.573541	0.570305	0.566496	0.562118	0.557174	0.551669	0.545607	0.538993	0.531834	0.524135	0.515903	0.507145	0.497869	0.488084	0.477797	0.467019	0.455759	0.444027	0.431835	0.419193	0.406113	0.392608	0.37869	0.364373	0.34967	0.334596	0.319166	0.303395	0.287298	0.270892	0.254193	0.237219	0.219987	0.202515	0.184822	0.166926	0.148846	0.130603	0.112215	0.0937035	0.0750879	0.056389	0.0376275	0.0188242	0	
