0	0	0	0	0	0	0	0	0	0	0	0	0	0	0	0	0	0	0	0	0	0	0	0	0	0	0	0	0	0	0	0	0	0	0	0	0	0	0	0	0	0	0	0	0	0	0	0	0	0	0	0	0	0	0	0	0	0	0	0	0	0	0	0	0	0	0	0	0	0	0	0	0	0	0	0	0	0	0	0	0	0	0	0	0	0	0	0	0	0	0	0	0	0	0	0	0	0	0	0	
0	5.66593e-06	1.13248e-05	1.69709e-05	2.25983e-05	2.82014e-05	3.37745e-05	3.93119e-05	4.48082e-05	5.02577e-05	5.5655e-05	6.09947e-05	6.62714e-05	7.14799e-05	7.6615e-05	8.16715e-05	8.66443e-05	9.15286e-05	9.63194e-05	0.000101012	0.000105602	0.000110084	0.000114454	0.000118708	0.000122841	0.00012685	0.00013073	0.000134477	0.000138089	0.00014156	0.000144888	0.000148069	0.000151101	0.00015398	0.000156703	0.000159267	0.000161671	0.000163912	0.000165987	0.000167894	0.000169632	0.000171199	0.000172593	0.000173813	0.000174858	0.000175727	0.000176418	0.000176932	0.000177267	0.000177424	0.000177403	0.000177202	0.000176823	0.000176267	0.000175533	0.000174622	0.000173536	0.000172275	0.000170841	0.000169235	0.00016746	0.000165516	0.000163406	0.000161132	0.000158696	0.0001561	0.000153349	0.000150443	0.000147387	0.000144183	0.000140834	0.000137344	0.000133717	0.000129957	0.000126066	0.000122049	0.00011791	0.000113654	0.000109284	0.000104806	0.000100223	9.55399e-05	9.07622e-05	8.58945e-05	8.09416e-05	7.59085e-05	7.08005e-05	6.56227e-05	6.03803e-05	5.50786e-05	4.97231e-05	4.43191e-05	3.8872e-05	3.33874e-05	2.78708e-05	2.23276e-05	1.67634e-05	1.11838e-05	5.59413e-06	0	
0	1.13248e-05	2.26356e-05	3.39207e-05	4.51686e-05	5.63679e-05	6.75072e-05	7.85753e-05	8.9561e-05	0.000100453	0.000111241	0.000121914	0.000132461	0.000142872	0.000153136	0.000163242	0.000173182	0.000182945	0.00019252	0.0002019	0.000211074	0.000220032	0.000228767	0.00023727	0.000245532	0.000253544	0.000261299	0.00026879	0.000276008	0.000282946	0.000289598	0.000295957	0.000302016	0.00030777	0.000313213	0.000318339	0.000323144	0.000327622	0.00033177	0.000335583	0.000339056	0.000342188	0.000344975	0.000347414	0.000349502	0.000351238	0.00035262	0.000353647	0.000354317	0.000354631	0.000354588	0.000354187	0.00035343	0.000352317	0.00035085	0.00034903	0.000346859	0.000344339	0.000341473	0.000338264	0.000334714	0.000330829	0.000326611	0.000322066	0.000317197	0.00031201	0.000306509	0.000300702	0.000294593	0.000288189	0.000281496	0.000274521	0.000267271	0.000259754	0.000251977	0.000243949	0.000235677	0.000227169	0.000218435	0.000209483	0.000200323	0.000190963	0.000181414	0.000171684	0.000161784	0.000151724	0.000141515	0.000131165	0.000120687	0.00011009	9.93857e-05	8.85842e-05	7.76968e-05	6.67343e-05	5.57077e-05	4.46281e-05	3.35065e-05	2.2354e-05	1.11815e-05	0	
0	1.69709e-05	3.39207e-05	5.0832e-05	6.76877e-05	8.44705e-05	0.000101163	0.00011775	0.000134213	0.000150535	0.000166702	0.000182696	0.000198501	0.000214102	0.000229483	0.000244629	0.000259524	0.000274154	0.000288504	0.00030256	0.000316307	0.000329733	0.000342823	0.000355565	0.000367945	0.000379952	0.000391574	0.000402799	0.000413615	0.000424013	0.000433981	0.000443511	0.000452591	0.000461214	0.00046937	0.000477053	0.000484253	0.000490964	0.000497179	0.000502893	0.000508099	0.000512792	0.000516968	0.000520622	0.000523752	0.000526354	0.000528425	0.000529963	0.000530968	0.000531438	0.000531373	0.000530773	0.000529639	0.000527971	0.000525772	0.000523045	0.000519791	0.000516015	0.00051172	0.000506911	0.000501592	0.00049577	0.000489449	0.000482637	0.000475341	0.000467568	0.000459325	0.000450622	0.000441467	0.00043187	0.00042184	0.000411388	0.000400524	0.000389259	0.000377605	0.000365574	0.000353178	0.000340429	0.00032734	0.000313925	0.000300198	0.000286172	0.000271861	0.000257281	0.000242445	0.00022737	0.00021207	0.000196561	0.000180858	0.000164978	0.000148937	0.00013275	0.000116434	0.000100006	8.34823e-05	6.68787e-05	5.02122e-05	3.34992e-05	1.67564e-05	0	
0	2.25983e-05	4.51686e-05	6.76877e-05	9.01327e-05	0.000112481	0.000134709	0.000156795	0.000178717	0.000200453	0.00022198	0.000243278	0.000264324	0.000285099	0.00030558	0.000325748	0.000345583	0.000365064	0.000384172	0.000402889	0.000421195	0.000439073	0.000456504	0.00047347	0.000489957	0.000505945	0.000521421	0.000536368	0.000550771	0.000564617	0.000577891	0.00059058	0.000602672	0.000614154	0.000625015	0.000635245	0.000644833	0.000653769	0.000662046	0.000669654	0.000676586	0.000682835	0.000688396	0.000693263	0.00069743	0.000700894	0.000703653	0.000705701	0.00070704	0.000707665	0.000707579	0.00070678	0.000705269	0.000703049	0.000700121	0.000696489	0.000692157	0.000687128	0.000681409	0.000675005	0.000667922	0.000660169	0.000651753	0.000642682	0.000632966	0.000622615	0.00061164	0.000600051	0.00058786	0.000575081	0.000561725	0.000547807	0.00053334	0.00051834	0.000502822	0.000486801	0.000470293	0.000453317	0.000435888	0.000418025	0.000399745	0.000381068	0.000362012	0.000342597	0.000322842	0.000302768	0.000282394	0.000261742	0.000240832	0.000219687	0.000198326	0.000176771	0.000155045	0.00013317	0.000111166	8.90565e-05	6.68632e-05	4.4608e-05	2.2313e-05	0	
0	2.82014e-05	5.63679e-05	8.44705e-05	0.000112481	0.00014037	0.00016811	0.000195672	0.00022303	0.000250155	0.00027702	0.000303598	0.000329863	0.000355789	0.000381348	0.000406517	0.00043127	0.000455581	0.000479428	0.000502786	0.000525631	0.000547941	0.000569694	0.000590868	0.000611442	0.000631395	0.000650708	0.000669361	0.000687336	0.000704615	0.00072118	0.000737015	0.000752105	0.000766435	0.000779989	0.000792755	0.00080472	0.000815873	0.000826201	0.000835696	0.000844347	0.000852146	0.000859086	0.000865159	0.00087036	0.000874683	0.000878125	0.000880682	0.000882352	0.000883133	0.000883025	0.000882028	0.000880143	0.000877372	0.000873718	0.000869186	0.000863779	0.000857504	0.000850367	0.000842375	0.000833536	0.00082386	0.000813357	0.000802038	0.000789913	0.000776995	0.000763298	0.000748836	0.000733623	0.000717674	0.000701007	0.000683638	0.000665584	0.000646865	0.000627499	0.000607505	0.000586905	0.000565719	0.000543969	0.000521676	0.000498864	0.000475556	0.000451775	0.000427546	0.000402893	0.000377841	0.000352416	0.000326643	0.000300549	0.00027416	0.000247502	0.000220603	0.00019349	0.00016619	0.000138731	0.000111139	8.34427e-05	5.56692e-05	2.78458e-05	0	
0	3.37745e-05	6.75072e-05	0.000101163	0.000134709	0.00016811	0.000201331	0.000234341	0.000267105	0.000299591	0.000331765	0.000363596	0.000395051	0.0004261	0.000456712	0.000486854	0.000516499	0.000545615	0.000574174	0.000602148	0.000629508	0.000656228	0.000682279	0.000707638	0.000732278	0.000756174	0.000779304	0.000801644	0.000823171	0.000843864	0.000863703	0.000882668	0.00090074	0.000917901	0.000934135	0.000949424	0.000963754	0.00097711	0.00098948	0.00100085	0.00101121	0.00102055	0.00102886	0.00103614	0.00104237	0.00104754	0.00105167	0.00105473	0.00105673	0.00105766	0.00105753	0.00105634	0.00105408	0.00105076	0.00104639	0.00104096	0.00103448	0.00102697	0.00101842	0.00100885	0.000998265	0.000986678	0.000974099	0.000960542	0.000946021	0.000930551	0.000914147	0.000896826	0.000878607	0.000859507	0.000839545	0.000818744	0.000797122	0.000774703	0.00075151	0.000727565	0.000702894	0.000677521	0.000651472	0.000624774	0.000597454	0.00056954	0.000541059	0.000512042	0.000482516	0.000452513	0.000422064	0.000391197	0.000359946	0.000328342	0.000296416	0.000264202	0.00023173	0.000199035	0.000166149	0.000133104	9.99339e-05	6.66713e-05	3.33491e-05	0	
0	3.93119e-05	7.85753e-05	0.00011775	0.000156795	0.000195672	0.000234341	0.000272763	0.000310899	0.000348711	0.00038616	0.00042321	0.000459823	0.000495963	0.000531593	0.000566679	0.000601184	0.000635074	0.000668316	0.000700876	0.000732722	0.000763823	0.000794146	0.000823662	0.000852342	0.000880157	0.000907079	0.000933082	0.000958138	0.000982225	0.00100532	0.00102739	0.00104843	0.0010684	0.0010873	0.00110509	0.00112177	0.00113732	0.00115172	0.00116495	0.00117701	0.00118788	0.00119756	0.00120602	0.00121327	0.0012193	0.0012241	0.00122766	0.00122999	0.00123108	0.00123093	0.00122954	0.00122691	0.00122305	0.00121796	0.00121164	0.0012041	0.00119535	0.0011854	0.00117426	0.00116194	0.00114846	0.00113381	0.00111803	0.00110113	0.00108313	0.00106403	0.00104387	0.00102267	0.00100043	0.0009772	0.000952987	0.000927821	0.000901726	0.00087473	0.00084686	0.000818143	0.00078861	0.00075829	0.000727215	0.000695415	0.000662924	0.000629774	0.000595998	0.000561632	0.00052671	0.000491267	0.00045534	0.000418965	0.000382179	0.000345019	0.000307522	0.000269727	0.00023167	0.000193392	0.000154929	0.00011632	7.76034e-05	3.88174e-05	0	
0	4.48082e-05	8.9561e-05	0.000134213	0.000178717	0.00022303	0.000267105	0.000310899	0.000354367	0.000397465	0.000440151	0.000482381	0.000524114	0.000565307	0.000605919	0.000645909	0.000685239	0.000723867	0.000761757	0.00079887	0.000835169	0.000870618	0.000905181	0.000938824	0.000971514	0.00100322	0.0010339	0.00106354	0.0010921	0.00111956	0.00114588	0.00117104	0.00119502	0.00121778	0.00123932	0.0012596	0.00127862	0.00129634	0.00131275	0.00132783	0.00134158	0.00135397	0.001365	0.00137465	0.00138291	0.00138978	0.00139525	0.00139931	0.00140197	0.00140321	0.00140304	0.00140145	0.00139846	0.00139405	0.00138825	0.00138105	0.00137246	0.00136249	0.00135115	0.00133845	0.00132441	0.00130903	0.00129234	0.00127436	0.00125509	0.00123457	0.00121281	0.00118983	0.00116565	0.00114031	0.00111383	0.00108623	0.00105755	0.00102781	0.000997035	0.000965268	0.000932536	0.000898874	0.000864315	0.000828895	0.000792649	0.000755615	0.000717829	0.000679332	0.00064016	0.000600355	0.000559957	0.000519007	0.000477546	0.000435616	0.00039326	0.000350521	0.000307441	0.000264063	0.000220433	0.000176592	0.000132584	8.84544e-05	4.42451e-05	0	
0	5.02577e-05	0.000100453	0.000150535	0.000200453	0.000250155	0.000299591	0.000348711	0.000397465	0.000445806	0.000493683	0.00054105	0.000587858	0.00063406	0.000679612	0.000724467	0.000768579	0.000811906	0.000854405	0.000896031	0.000936745	0.000976505	0.00101527	0.00105301	0.00108967	0.00112523	0.00115965	0.0011929	0.00122493	0.00125572	0.00128524	0.00131347	0.00134036	0.0013659	0.00139005	0.0014128	0.00143413	0.001454	0.00147241	0.00148933	0.00150475	0.00151865	0.00153102	0.00154184	0.00155111	0.00155881	0.00156495	0.00156951	0.00157248	0.00157387	0.00157368	0.0015719	0.00156855	0.00156361	0.0015571	0.00154902	0.00153938	0.0015282	0.00151548	0.00150124	0.00148549	0.00146824	0.00144953	0.00142935	0.00140775	0.00138472	0.00136031	0.00133454	0.00130743	0.00127901	0.0012493	0.00121835	0.00118618	0.00115281	0.0011183	0.00108267	0.00104596	0.0010082	0.000969439	0.000929711	0.000889057	0.000847518	0.000805137	0.000761957	0.000718022	0.000673376	0.000628064	0.000582133	0.00053563	0.0004886	0.000441092	0.000393155	0.000344835	0.000296182	0.000247244	0.000198071	0.000148711	9.92133e-05	4.96267e-05	0	
0	5.5655e-05	0.000111241	0.000166702	0.00022198	0.00027702	0.000331765	0.00038616	0.000440151	0.000493683	0.000546702	0.000599156	0.000650991	0.000702156	0.0007526	0.000802272	0.000851122	0.000899103	0.000946165	0.000992262	0.00103735	0.00108138	0.00112431	0.0011661	0.0012067	0.00124608	0.0012842	0.00132101	0.00135648	0.00139058	0.00142328	0.00145453	0.00148431	0.00151259	0.00153934	0.00156454	0.00158815	0.00161016	0.00163054	0.00164928	0.00166636	0.00168175	0.00169544	0.00170743	0.0017177	0.00172623	0.00173302	0.00173807	0.00174136	0.00174291	0.00174269	0.00174073	0.00173701	0.00173154	0.00172433	0.00171538	0.00170471	0.00169233	0.00167824	0.00166247	0.00164503	0.00162593	0.0016052	0.00158287	0.00155894	0.00153344	0.00150641	0.00147787	0.00144785	0.00141637	0.00138348	0.0013492	0.00131357	0.00127663	0.00123841	0.00119895	0.00115829	0.00111648	0.00107356	0.00102956	0.000984543	0.000938543	0.00089161	0.000843793	0.000795139	0.000745698	0.00069552	0.000644656	0.000593158	0.000541077	0.000488467	0.000435381	0.000381871	0.000327993	0.000273799	0.000219345	0.000164683	0.000109869	5.49569e-05	0	
0	6.09947e-05	0.000121914	0.000182696	0.000243278	0.000303598	0.000363596	0.00042321	0.000482381	0.00054105	0.000599156	0.000656642	0.000713451	0.000769525	0.000824809	0.000879247	0.000932784	0.000985368	0.00103695	0.00108747	0.00113688	0.00118513	0.00123218	0.00127798	0.00132248	0.00136564	0.00140741	0.00144776	0.00148664	0.00152401	0.00155984	0.00159409	0.00162673	0.00165772	0.00168704	0.00171465	0.00174053	0.00176465	0.00178699	0.00180753	0.00182624	0.00184311	0.00185812	0.00187126	0.00188251	0.00189186	0.0018993	0.00190483	0.00190845	0.00191014	0.0019099	0.00190775	0.00190367	0.00189768	0.00188977	0.00187997	0.00186828	0.00185471	0.00183927	0.00182198	0.00180287	0.00178194	0.00175922	0.00173474	0.00170852	0.00168058	0.00165095	0.00161967	0.00158677	0.00155227	0.00151622	0.00147866	0.00143961	0.00139912	0.00135723	0.00131399	0.00126943	0.00122361	0.00117657	0.00112835	0.00107901	0.0010286	0.000977161	0.000924755	0.000871433	0.000817248	0.000762256	0.000706512	0.000650072	0.000592995	0.000535337	0.000477157	0.000418513	0.000359465	0.000300071	0.000240392	0.000180485	0.000120412	6.02303e-05	0	
0	6.62714e-05	0.000132461	0.000198501	0.000264324	0.000329863	0.000395051	0.000459823	0.000524114	0.000587858	0.000650991	0.000713451	0.000775174	0.0008361	0.000896167	0.000955314	0.00101348	0.00107062	0.00112666	0.00118155	0.00123524	0.00128767	0.00133879	0.00138855	0.0014369	0.00148379	0.00152917	0.00157301	0.00161525	0.00165586	0.00169479	0.001732	0.00176746	0.00180114	0.00183299	0.00186299	0.00189111	0.00191732	0.0019416	0.00196391	0.00198424	0.00200257	0.00201888	0.00203315	0.00204537	0.00205553	0.00206362	0.00206963	0.00207356	0.00207539	0.00207514	0.0020728	0.00206837	0.00206186	0.00205327	0.00204262	0.00202992	0.00201517	0.0019984	0.00197962	0.00195885	0.00193611	0.00191143	0.00188483	0.00185633	0.00182598	0.00179379	0.0017598	0.00172405	0.00168657	0.0016474	0.00160659	0.00156416	0.00152017	0.00147466	0.00142767	0.00137926	0.00132947	0.00127836	0.00122597	0.00117236	0.00111759	0.0010617	0.00100476	0.000946829	0.000887956	0.000828206	0.000767639	0.000706316	0.000644301	0.000581654	0.000518441	0.000454723	0.000390566	0.000326034	0.000261191	0.000196101	0.00013083	6.54416e-05	0	
0	7.14799e-05	0.000142872	0.000214102	0.000285099	0.000355789	0.0004261	0.000495963	0.000565307	0.00063406	0.000702156	0.000769525	0.0008361	0.000901814	0.000966602	0.0010304	0.00109314	0.00115476	0.00121521	0.00127442	0.00133232	0.00138887	0.00144401	0.00149768	0.00154983	0.00160041	0.00164936	0.00169665	0.00174221	0.00178601	0.00182799	0.00186813	0.00190638	0.00194271	0.00197706	0.00200942	0.00203975	0.00206802	0.0020942	0.00211827	0.0021402	0.00215997	0.00217756	0.00219295	0.00220614	0.0022171	0.00222582	0.0022323	0.00223654	0.00223852	0.00223824	0.00223572	0.00223094	0.00222392	0.00221466	0.00220317	0.00218946	0.00217356	0.00215547	0.00213521	0.00211281	0.00208828	0.00206166	0.00203297	0.00200224	0.0019695	0.00193478	0.00189812	0.00185956	0.00181914	0.00177689	0.00173286	0.0016871	0.00163965	0.00159057	0.00153989	0.00148767	0.00143397	0.00137884	0.00132233	0.00126451	0.00120543	0.00114515	0.00108374	0.00102125	0.00095775	0.000893304	0.000827976	0.000761834	0.000694944	0.000627373	0.000559191	0.000490465	0.000421266	0.000351661	0.000281721	0.000211515	0.000141114	7.05856e-05	0	
0	7.6615e-05	0.000153136	0.000229483	0.00030558	0.000381348	0.000456712	0.000531593	0.000605919	0.000679612	0.0007526	0.000824809	0.000896167	0.000966602	0.00103604	0.00110442	0.00117167	0.00123772	0.00130251	0.00136597	0.00142804	0.00148865	0.00154775	0.00160528	0.00166118	0.00171539	0.00176786	0.00181854	0.00186737	0.00191432	0.00195932	0.00200235	0.00204334	0.00208228	0.0021191	0.00215379	0.00218629	0.00221659	0.00224466	0.00227045	0.00229396	0.00231515	0.002334	0.0023505	0.00236463	0.00237638	0.00238573	0.00239268	0.00239722	0.00239934	0.00239905	0.00239634	0.00239122	0.00238369	0.00237377	0.00236145	0.00234677	0.00232972	0.00231033	0.00228861	0.0022646	0.00223832	0.00220978	0.00217903	0.00214609	0.00211099	0.00207378	0.00203449	0.00199316	0.00194983	0.00190455	0.00185736	0.00180831	0.00175745	0.00170484	0.00165052	0.00159455	0.001537	0.0014779	0.00141734	0.00135536	0.00129204	0.00122743	0.0011616	0.00109462	0.00102656	0.000957484	0.000887463	0.000816569	0.000744873	0.000672448	0.000599367	0.000525704	0.000451533	0.000376927	0.000301962	0.000226713	0.000151253	7.56571e-05	0	
0	8.16715e-05	0.000163242	0.000244629	0.000325748	0.000406517	0.000486854	0.000566679	0.000645909	0.000724467	0.000802272	0.000879247	0.000955314	0.0010304	0.00110442	0.00117732	0.00124901	0.00131942	0.00138848	0.00145613	0.00152229	0.00158691	0.00164991	0.00171123	0.00177082	0.00182861	0.00188454	0.00193856	0.00199062	0.00204067	0.00208864	0.00213451	0.00217821	0.00221971	0.00225897	0.00229594	0.0023306	0.0023629	0.00239281	0.00242031	0.00244536	0.00246795	0.00248805	0.00250564	0.00252071	0.00253323	0.0025432	0.0025506	0.00255544	0.00255771	0.00255739	0.00255451	0.00254905	0.00254102	0.00253044	0.00251732	0.00250166	0.00248349	0.00246282	0.00243967	0.00241408	0.00238605	0.00235564	0.00232285	0.00228774	0.00225033	0.00221066	0.00216877	0.00212472	0.00207853	0.00203026	0.00197995	0.00192767	0.00187345	0.00181737	0.00175946	0.0016998	0.00163844	0.00157545	0.00151089	0.00144482	0.00137732	0.00130845	0.00123827	0.00116687	0.00109432	0.00102068	0.000946041	0.000870467	0.000794039	0.000716834	0.000638929	0.000560404	0.000481337	0.000401807	0.000321894	0.000241677	0.000161237	8.06511e-05	0	
0	8.66443e-05	0.000173182	0.000259524	0.000345583	0.00043127	0.000516499	0.000601184	0.000685239	0.000768579	0.000851122	0.000932784	0.00101348	0.00109314	0.00117167	0.00124901	0.00132506	0.00139976	0.00147303	0.00154479	0.00161499	0.00168354	0.00175037	0.00181543	0.00187865	0.00193995	0.00199929	0.00205661	0.00211184	0.00216493	0.00221582	0.00226448	0.00231085	0.00235487	0.00239652	0.00243575	0.00247251	0.00250678	0.00253851	0.00256769	0.00259427	0.00261823	0.00263956	0.00265822	0.0026742	0.00268748	0.00269806	0.00270592	0.00271105	0.00271345	0.00271312	0.00271006	0.00270427	0.00269575	0.00268453	0.0026706	0.00265399	0.00263471	0.00261279	0.00258823	0.00256108	0.00253135	0.00249908	0.0024643	0.00242705	0.00238736	0.00234527	0.00230084	0.0022541	0.0022051	0.00215389	0.00210052	0.00204505	0.00198754	0.00192803	0.0018666	0.00180331	0.00173822	0.00167139	0.00160289	0.0015328	0.00146119	0.00138812	0.00131368	0.00123793	0.00116096	0.00108284	0.00100365	0.000923475	0.000842393	0.000760486	0.000677838	0.00059453	0.000510648	0.000426276	0.000341496	0.000256395	0.000171055	8.55625e-05	0	
0	9.15286e-05	0.000182945	0.000274154	0.000365064	0.000455581	0.000545615	0.000635074	0.000723867	0.000811906	0.000899103	0.000985368	0.00107062	0.00115476	0.00123772	0.00131942	0.00139976	0.00147867	0.00155607	0.00163188	0.00170603	0.00177844	0.00184905	0.00191778	0.00198455	0.00204932	0.002112	0.00217255	0.00223089	0.00228697	0.00234074	0.00239214	0.00244112	0.00248763	0.00253162	0.00257306	0.0026119	0.0026481	0.00268162	0.00271244	0.00274052	0.00276584	0.00278836	0.00280808	0.00282496	0.00283899	0.00285016	0.00285847	0.00286389	0.00286642	0.00286607	0.00286284	0.00285672	0.00284773	0.00283587	0.00282116	0.00280361	0.00278325	0.00276008	0.00273414	0.00270546	0.00267406	0.00263997	0.00260323	0.00256387	0.00252195	0.00247749	0.00243055	0.00238117	0.00232941	0.00227531	0.00221894	0.00216034	0.00209959	0.00203673	0.00197184	0.00190497	0.00183621	0.00176562	0.00169326	0.00161922	0.00154357	0.00146638	0.00138774	0.00130772	0.00122641	0.00114389	0.00106023	0.000975538	0.000889885	0.000803361	0.000716053	0.000628049	0.000539438	0.000450309	0.000360749	0.00027085	0.000180699	9.03865e-05	0	
0	9.63194e-05	0.00019252	0.000288504	0.000384172	0.000479428	0.000574174	0.000668316	0.000761757	0.000854405	0.000946165	0.00103695	0.00112666	0.00121521	0.00130251	0.00138848	0.00147303	0.00155607	0.00163752	0.0017173	0.00179533	0.00187154	0.00194584	0.00201816	0.00208844	0.00215659	0.00222256	0.00228627	0.00234767	0.00240669	0.00246327	0.00251736	0.0025689	0.00261785	0.00266414	0.00270775	0.00274862	0.00278671	0.00282199	0.00285443	0.00288398	0.00291062	0.00293432	0.00295507	0.00297283	0.0029876	0.00299936	0.00300809	0.0030138	0.00301647	0.0030161	0.0030127	0.00300626	0.0029968	0.00298432	0.00296884	0.00295037	0.00292894	0.00290456	0.00287727	0.00284708	0.00281403	0.00277816	0.0027395	0.00269808	0.00265396	0.00260718	0.00255778	0.00250582	0.00245135	0.00239442	0.00233509	0.00227343	0.00220949	0.00214335	0.00207506	0.00200469	0.00193233	0.00185804	0.0017819	0.00170398	0.00162437	0.00154314	0.00146038	0.00137618	0.00129061	0.00120377	0.00111574	0.00102661	0.000936469	0.000845416	0.000753538	0.000660927	0.000567677	0.000473882	0.000379634	0.000285029	0.000190159	9.51183e-05	0	
0	0.000101012	0.0002019	0.00030256	0.000402889	0.000502786	0.000602148	0.000700876	0.00079887	0.000896031	0.000992262	0.00108747	0.00118155	0.00127442	0.00136597	0.00145613	0.00154479	0.00163188	0.0017173	0.00180097	0.0018828	0.00196272	0.00204064	0.00211649	0.00219019	0.00226166	0.00233084	0.00239766	0.00246205	0.00252394	0.00258328	0.00264001	0.00269406	0.00274539	0.00279395	0.00283968	0.00288254	0.00292249	0.00295949	0.0029935	0.00302449	0.00305243	0.00307729	0.00309904	0.00311768	0.00313316	0.0031455	0.00315466	0.00316064	0.00316344	0.00316305	0.00315948	0.00315273	0.00314281	0.00312972	0.00311349	0.00309412	0.00307165	0.00304608	0.00301746	0.0029858	0.00295114	0.00291352	0.00287297	0.00282954	0.00278327	0.00273421	0.00268241	0.00262791	0.00257079	0.00251108	0.00244887	0.0023842	0.00231715	0.00224778	0.00217616	0.00210237	0.00202648	0.00194857	0.00186872	0.00178701	0.00170351	0.00161833	0.00153154	0.00144323	0.00135349	0.00126242	0.0011701	0.00107663	0.000982099	0.000886609	0.000790254	0.000693131	0.000595338	0.000496972	0.000398132	0.000298917	0.000199425	9.9753e-05	0	
0	0.000105602	0.000211074	0.000316307	0.000421195	0.000525631	0.000629508	0.000732722	0.000835169	0.000936745	0.00103735	0.00113688	0.00123524	0.00133232	0.00142804	0.00152229	0.00161499	0.00170603	0.00179533	0.0018828	0.00196836	0.0020519	0.00213337	0.00221266	0.00228971	0.00236443	0.00243675	0.00250661	0.00257392	0.00263863	0.00270067	0.00275997	0.00281648	0.00287014	0.0029209	0.00296871	0.00301352	0.00305529	0.00309397	0.00312952	0.00316192	0.00319113	0.00321712	0.00323986	0.00325934	0.00327554	0.00328843	0.003298	0.00330426	0.00330719	0.00330678	0.00330305	0.00329599	0.00328562	0.00327194	0.00325497	0.00323472	0.00321122	0.0031845	0.00315457	0.00312147	0.00308524	0.00304591	0.00300352	0.00295812	0.00290975	0.00285845	0.0028043	0.00274733	0.00268761	0.00262519	0.00256015	0.00249254	0.00242244	0.00234992	0.00227505	0.0021979	0.00211857	0.00203712	0.00195364	0.00186821	0.00178093	0.00169187	0.00160114	0.00150881	0.001415	0.00131979	0.00122327	0.00112555	0.00102673	0.000926898	0.000826165	0.000724629	0.000622391	0.000519556	0.000416225	0.000312501	0.000208487	0.000104286	0	
0	0.000110084	0.000220032	0.000329733	0.000439073	0.000547941	0.000656228	0.000763823	0.000870618	0.000976505	0.00108138	0.00118513	0.00128767	0.00138887	0.00148865	0.00158691	0.00168354	0.00177844	0.00187154	0.00196272	0.0020519	0.002139	0.00222392	0.00230658	0.0023869	0.00246479	0.00254019	0.00261301	0.00268318	0.00275063	0.0028153	0.00287712	0.00293603	0.00299197	0.00304488	0.00309472	0.00314143	0.00318497	0.0032253	0.00326236	0.00329614	0.00332658	0.00335368	0.00337739	0.00339769	0.00341457	0.00342801	0.003438	0.00344452	0.00344757	0.00344715	0.00344326	0.0034359	0.00342508	0.00341082	0.00339313	0.00337203	0.00334753	0.00331967	0.00328847	0.00325397	0.0032162	0.0031752	0.00313101	0.00308368	0.00303326	0.00297979	0.00292333	0.00286395	0.00280169	0.00273662	0.00266882	0.00259834	0.00252527	0.00244967	0.00237162	0.0022912	0.0022085	0.00212359	0.00203657	0.00194751	0.00185652	0.00176369	0.0016691	0.00157286	0.00147506	0.00137581	0.0012752	0.00117333	0.00107031	0.000966245	0.000861235	0.000755389	0.000648812	0.000541611	0.000433894	0.000325767	0.000217338	0.000108713	0	
0	0.000114454	0.000228767	0.000342823	0.000456504	0.000569694	0.000682279	0.000794146	0.000905181	0.00101527	0.00112431	0.00123218	0.00133879	0.00144401	0.00154775	0.00164991	0.00175037	0.00184905	0.00194584	0.00204064	0.00213337	0.00222392	0.00231221	0.00239815	0.00248166	0.00256265	0.00264103	0.00271674	0.0027897	0.00285983	0.00292707	0.00299134	0.00305259	0.00311075	0.00316577	0.00321759	0.00326615	0.00331142	0.00335334	0.00339188	0.003427	0.00345866	0.00348682	0.00351148	0.00353259	0.00355014	0.00356411	0.00357449	0.00358127	0.00358444	0.00358401	0.00357996	0.00357231	0.00356107	0.00354624	0.00352785	0.0035059	0.00348044	0.00345147	0.00341903	0.00338316	0.00334389	0.00330127	0.00325532	0.00320611	0.00315369	0.00309809	0.0030394	0.00297765	0.00291292	0.00284528	0.00277478	0.00270151	0.00262553	0.00254693	0.00246578	0.00238217	0.00229618	0.0022079	0.00211742	0.00202484	0.00193023	0.00183371	0.00173537	0.00163531	0.00153363	0.00143043	0.00132583	0.00121992	0.00111281	0.00100461	0.00089543	0.000785381	0.000674573	0.000563116	0.000451121	0.000338701	0.000225967	0.00011303	0	
0	0.000118708	0.00023727	0.000355565	0.00047347	0.000590868	0.000707638	0.000823662	0.000938824	0.00105301	0.0011661	0.00127798	0.00138855	0.00149768	0.00160528	0.00171123	0.00181543	0.00191778	0.00201816	0.00211649	0.00221266	0.00230658	0.00239815	0.00248729	0.0025739	0.0026579	0.0027392	0.00281772	0.00289339	0.00296613	0.00303587	0.00310253	0.00316606	0.00322638	0.00328344	0.00333718	0.00338755	0.0034345	0.00347799	0.00351796	0.00355438	0.00358721	0.00361643	0.00364199	0.00366389	0.00368209	0.00369659	0.00370735	0.00371438	0.00371767	0.00371722	0.00371303	0.00370509	0.00369343	0.00367805	0.00365898	0.00363622	0.0036098	0.00357976	0.00354612	0.00350892	0.00346819	0.00342397	0.00337632	0.00332528	0.00327091	0.00321325	0.00315237	0.00308833	0.0030212	0.00295104	0.00287792	0.00280192	0.00272312	0.0026416	0.00255743	0.00247072	0.00238153	0.00228997	0.00219613	0.0021001	0.00200198	0.00190187	0.00179988	0.0016961	0.00159064	0.00148361	0.00137511	0.00126526	0.00115417	0.00104195	0.000928715	0.000814575	0.000699648	0.000584048	0.00046789	0.000351292	0.000234367	0.000117231	0	
0	0.000122841	0.000245532	0.000367945	0.000489957	0.000611442	0.000732278	0.000852342	0.000971514	0.00108967	0.0012067	0.00132248	0.0014369	0.00154983	0.00166118	0.00177082	0.00187865	0.00198455	0.00208844	0.00219019	0.00228971	0.0023869	0.00248166	0.0025739	0.00266352	0.00275045	0.00283458	0.00291584	0.00299414	0.00306942	0.00314158	0.00321056	0.0032763	0.00333873	0.00339777	0.00345339	0.00350551	0.0035541	0.00359909	0.00364046	0.00367815	0.00371212	0.00374236	0.00376882	0.00379147	0.00381031	0.00382531	0.00383645	0.00384373	0.00384713	0.00384666	0.00384232	0.00383411	0.00382204	0.00380613	0.00378639	0.00376284	0.0037355	0.00370442	0.0036696	0.0036311	0.00358896	0.0035432	0.0034939	0.00344108	0.00338481	0.00332515	0.00326215	0.00319588	0.0031264	0.0030538	0.00297814	0.00289949	0.00281795	0.00273359	0.00264649	0.00255675	0.00246446	0.00236972	0.00227261	0.00217323	0.0020717	0.0019681	0.00186255	0.00175516	0.00164603	0.00153527	0.001423	0.00130932	0.00119436	0.00107824	0.000961056	0.000842942	0.000724012	0.000604387	0.000484185	0.000363525	0.000242529	0.000121314	0	
0	0.00012685	0.000253544	0.000379952	0.000505945	0.000631395	0.000756174	0.000880157	0.00100322	0.00112523	0.00124608	0.00136564	0.00148379	0.00160041	0.00171539	0.00182861	0.00193995	0.00204932	0.00215659	0.00226166	0.00236443	0.00246479	0.00256265	0.0026579	0.00275045	0.00284021	0.00292709	0.003011	0.00309186	0.00316958	0.0032441	0.00331534	0.00338322	0.00344768	0.00350866	0.00356609	0.00361992	0.00367009	0.00371655	0.00375926	0.00379818	0.00383327	0.00386449	0.00389181	0.00391521	0.00393466	0.00395015	0.00396165	0.00396917	0.00397268	0.0039722	0.00396772	0.00395924	0.00394678	0.00393035	0.00390996	0.00388564	0.00385742	0.00382531	0.00378936	0.00374961	0.00370608	0.00365884	0.00360792	0.00355338	0.00349528	0.00343366	0.00336861	0.00330018	0.00322844	0.00315346	0.00307533	0.00299412	0.00290991	0.0028228	0.00273286	0.0026402	0.00254489	0.00244705	0.00234678	0.00224416	0.00213931	0.00203233	0.00192334	0.00181244	0.00169975	0.00158538	0.00146944	0.00135206	0.00123335	0.00111343	0.000992422	0.000870453	0.000747642	0.000624113	0.000499987	0.00037539	0.000250444	0.000125273	0	
0	0.00013073	0.000261299	0.000391574	0.000521421	0.000650708	0.000779304	0.000907079	0.0010339	0.00115965	0.0012842	0.00140741	0.00152917	0.00164936	0.00176786	0.00188454	0.00199929	0.002112	0.00222256	0.00233084	0.00243675	0.00254019	0.00264103	0.0027392	0.00283458	0.00292709	0.00301662	0.0031031	0.00318643	0.00326654	0.00334334	0.00341675	0.00348671	0.00355315	0.00361599	0.00367517	0.00373065	0.00378235	0.00383024	0.00387426	0.00391437	0.00395053	0.0039827	0.00401086	0.00403497	0.00405502	0.00407098	0.00408284	0.00409058	0.00409421	0.00409371	0.00408909	0.00408035	0.00406751	0.00405057	0.00402956	0.0040045	0.00397541	0.00394233	0.00390528	0.00386431	0.00381945	0.00377076	0.00371829	0.00366208	0.0036022	0.0035387	0.00347166	0.00340113	0.00332719	0.00324993	0.00316941	0.00308571	0.00299893	0.00290915	0.00281646	0.00272096	0.00262274	0.00252191	0.00241856	0.00231281	0.00220475	0.00209451	0.00198218	0.00186789	0.00175175	0.00163387	0.00151439	0.00139342	0.00127107	0.00114749	0.00102278	0.000897082	0.000770514	0.000643205	0.000515283	0.000386874	0.000258106	0.000129106	0	
0	0.000134477	0.00026879	0.000402799	0.000536368	0.000669361	0.000801644	0.000933082	0.00106354	0.0011929	0.00132101	0.00144776	0.00157301	0.00169665	0.00181854	0.00193856	0.00205661	0.00217255	0.00228627	0.00239766	0.00250661	0.00261301	0.00271674	0.00281772	0.00291584	0.003011	0.0031031	0.00319206	0.00327778	0.00336018	0.00343918	0.0035147	0.00358667	0.00365501	0.00371965	0.00378053	0.00383759	0.00389078	0.00394004	0.00398532	0.00402658	0.00406378	0.00409688	0.00412584	0.00415065	0.00417127	0.00418769	0.00419988	0.00420785	0.00421158	0.00421107	0.00420631	0.00419733	0.00418412	0.0041667	0.00414508	0.0041193	0.00408938	0.00405535	0.00401724	0.00397509	0.00392895	0.00387887	0.00382489	0.00376707	0.00370547	0.00364015	0.00357118	0.00349863	0.00342258	0.0033431	0.00326027	0.00317417	0.00308491	0.00299255	0.00289721	0.00279897	0.00269794	0.00259421	0.0024879	0.00237912	0.00226796	0.00215455	0.00203901	0.00192144	0.00180197	0.00168072	0.00155781	0.00143337	0.00130752	0.00118039	0.00105211	0.000922801	0.000792605	0.000661646	0.000530056	0.000397966	0.000265506	0.000132807	0	
0	0.000138089	0.000276008	0.000413615	0.000550771	0.000687336	0.000823171	0.000958138	0.0010921	0.00122493	0.00135648	0.00148664	0.00161525	0.00174221	0.00186737	0.00199062	0.00211184	0.00223089	0.00234767	0.00246205	0.00257392	0.00268318	0.0027897	0.00289339	0.00299414	0.00309186	0.00318643	0.00327778	0.0033658	0.00345042	0.00353154	0.00360909	0.00368299	0.00375316	0.00381954	0.00388206	0.00394065	0.00399527	0.00404585	0.00409235	0.00413472	0.00417291	0.0042069	0.00423664	0.00426212	0.00428329	0.00430015	0.00431267	0.00432085	0.00432468	0.00432416	0.00431928	0.00431005	0.00429648	0.0042786	0.0042564	0.00422993	0.0041992	0.00416426	0.00412512	0.00408185	0.00403447	0.00398304	0.00392761	0.00386823	0.00380498	0.00373791	0.00366709	0.00359259	0.0035145	0.00343288	0.00334783	0.00325942	0.00316776	0.00307292	0.00297502	0.00287414	0.00277039	0.00266388	0.00255472	0.00244301	0.00232887	0.00221242	0.00209377	0.00197304	0.00185036	0.00172586	0.00159965	0.00147186	0.00134263	0.00121209	0.00108036	0.000947585	0.000813892	0.000679416	0.000544292	0.000408654	0.000272637	0.000136374	0	
0	0.00014156	0.000282946	0.000424013	0.000564617	0.000704615	0.000843864	0.000982225	0.00111956	0.00125572	0.00139058	0.00152401	0.00165586	0.00178601	0.00191432	0.00204067	0.00216493	0.00228697	0.00240669	0.00252394	0.00263863	0.00275063	0.00285983	0.00296613	0.00306942	0.00316958	0.00326654	0.00336018	0.00345042	0.00353716	0.00362032	0.00369982	0.00377558	0.00384752	0.00391556	0.00397965	0.00403972	0.00409571	0.00414757	0.00419523	0.00423867	0.00427782	0.00431266	0.00434315	0.00436927	0.00439097	0.00440826	0.0044211	0.00442948	0.00443341	0.00443287	0.00442787	0.00441841	0.0044045	0.00438616	0.00436341	0.00433627	0.00430477	0.00426895	0.00422883	0.00418447	0.0041359	0.00408317	0.00402635	0.00396549	0.00390064	0.00383188	0.00375928	0.00368292	0.00360286	0.00351919	0.003432	0.00334137	0.0032474	0.00315018	0.00304981	0.0029464	0.00284004	0.00273086	0.00261895	0.00250443	0.00238742	0.00226804	0.00214641	0.00202265	0.00189688	0.00176925	0.00163986	0.00150887	0.00137639	0.00124256	0.00110752	0.00097141	0.000834355	0.000696498	0.000557977	0.000418929	0.000279491	0.000139803	0	
0	0.000144888	0.000289598	0.000433981	0.000577891	0.00072118	0.000863703	0.00100532	0.00114588	0.00128524	0.00142328	0.00155984	0.00169479	0.00182799	0.00195932	0.00208864	0.00221582	0.00234074	0.00246327	0.00258328	0.00270067	0.0028153	0.00292707	0.00303587	0.00314158	0.0032441	0.00334334	0.00343918	0.00353154	0.00362032	0.00370544	0.00378681	0.00386435	0.00393797	0.00400762	0.00407322	0.0041347	0.00419201	0.00424508	0.00429387	0.00433832	0.0043784	0.00441406	0.00444527	0.00447199	0.00449421	0.0045119	0.00452504	0.00453363	0.00453764	0.00453709	0.00453197	0.00452229	0.00450806	0.00448929	0.004466	0.00443823	0.00440599	0.00436932	0.00432826	0.00428285	0.00423314	0.00417918	0.00412102	0.00405872	0.00399235	0.00392198	0.00384767	0.00376951	0.00368757	0.00360193	0.00351269	0.00341993	0.00332375	0.00322425	0.00312152	0.00301568	0.00290682	0.00279507	0.00268053	0.00256332	0.00244356	0.00232137	0.00219688	0.00207021	0.00194149	0.00181085	0.00167842	0.00154435	0.00140875	0.00127178	0.00113357	0.000994251	0.000853974	0.000712876	0.000571097	0.000428779	0.000286063	0.00014309	0	
0	0.000148069	0.000295957	0.000443511	0.00059058	0.000737015	0.000882668	0.00102739	0.00117104	0.00131347	0.00145453	0.00159409	0.001732	0.00186813	0.00200235	0.00213451	0.00226448	0.00239214	0.00251736	0.00264001	0.00275997	0.00287712	0.00299134	0.00310253	0.00321056	0.00331534	0.00341675	0.0035147	0.00360909	0.00369982	0.00378681	0.00386996	0.0039492	0.00402445	0.00409563	0.00416266	0.0042255	0.00428406	0.0043383	0.00438816	0.00443359	0.00447454	0.00451099	0.00454288	0.0045702	0.0045929	0.00461098	0.00462441	0.00463318	0.00463729	0.00463672	0.00463149	0.0046216	0.00460705	0.00458787	0.00456408	0.00453569	0.00450274	0.00446527	0.00442331	0.0043769	0.0043261	0.00427095	0.00421151	0.00414785	0.00408002	0.00400811	0.00393217	0.00385229	0.00376855	0.00368103	0.00358983	0.00349503	0.00339674	0.00329505	0.00319007	0.0030819	0.00297066	0.00285645	0.00273939	0.00261961	0.00249722	0.00237235	0.00224512	0.00211567	0.00198412	0.00185061	0.00171528	0.00157826	0.00143969	0.00129971	0.00115846	0.00101609	0.000872728	0.000728531	0.000583639	0.000438196	0.000292346	0.000146233	0	
0	0.000151101	0.000302016	0.000452591	0.000602672	0.000752105	0.00090074	0.00104843	0.00119502	0.00134036	0.00148431	0.00162673	0.00176746	0.00190638	0.00204334	0.00217821	0.00231085	0.00244112	0.0025689	0.00269406	0.00281648	0.00293603	0.00305259	0.00316606	0.0032763	0.00338322	0.00348671	0.00358667	0.00368299	0.00377558	0.00386435	0.0039492	0.00403006	0.00410685	0.00417949	0.0042479	0.00431201	0.00437178	0.00442713	0.00447801	0.00452437	0.00456616	0.00460335	0.0046359	0.00466377	0.00468694	0.00470539	0.0047191	0.00472805	0.00473224	0.00473167	0.00472633	0.00471623	0.00470139	0.00468181	0.00465753	0.00462856	0.00459494	0.0045567	0.00451388	0.00446652	0.00441468	0.0043584	0.00429775	0.00423278	0.00416357	0.00409018	0.00401268	0.00393117	0.00384571	0.0037564	0.00366334	0.0035666	0.00346629	0.00336252	0.00325539	0.00314501	0.00303148	0.00291494	0.00279549	0.00267325	0.00254835	0.00242093	0.00229109	0.00215899	0.00202475	0.00188851	0.00175041	0.00161058	0.00146917	0.00132632	0.00118218	0.00103689	0.0008906	0.00074345	0.000595591	0.000447169	0.000298332	0.000149227	0	
0	0.00015398	0.00030777	0.000461214	0.000614154	0.000766435	0.000917901	0.0010684	0.00121778	0.0013659	0.00151259	0.00165772	0.00180114	0.00194271	0.00208228	0.00221971	0.00235487	0.00248763	0.00261785	0.00274539	0.00287014	0.00299197	0.00311075	0.00322638	0.00333873	0.00344768	0.00355315	0.00365501	0.00375316	0.00384752	0.00393797	0.00402445	0.00410685	0.0041851	0.00425912	0.00432883	0.00439417	0.00445508	0.00451148	0.00456333	0.00461057	0.00465317	0.00469106	0.00472423	0.00475264	0.00477625	0.00479505	0.00480902	0.00481814	0.00482241	0.00482182	0.00481638	0.00480609	0.00479097	0.00477102	0.00474627	0.00471675	0.00468249	0.00464352	0.00459989	0.00455163	0.0044988	0.00444145	0.00437964	0.00431344	0.0042429	0.00416811	0.00408914	0.00400607	0.00391899	0.00382798	0.00373314	0.00363456	0.00353234	0.00342659	0.00331742	0.00320493	0.00308925	0.00297048	0.00284875	0.00272419	0.00259691	0.00246706	0.00233475	0.00220013	0.00206333	0.0019245	0.00178376	0.00164127	0.00149717	0.0013516	0.00120471	0.00105665	0.00090757	0.000757617	0.00060694	0.00045569	0.000304017	0.000152071	0	
0	0.000156703	0.000313213	0.00046937	0.000625015	0.000779989	0.000934135	0.0010873	0.00123932	0.00139005	0.00153934	0.00168704	0.00183299	0.00197706	0.0021191	0.00225897	0.00239652	0.00253162	0.00266414	0.00279395	0.0029209	0.00304488	0.00316577	0.00328344	0.00339777	0.00350866	0.00361599	0.00371965	0.00381954	0.00391556	0.00400762	0.00409563	0.00417949	0.00425912	0.00433445	0.00440539	0.00447189	0.00453387	0.00459127	0.00464404	0.00469212	0.00473546	0.00477403	0.00480779	0.00483669	0.00486072	0.00487986	0.00489407	0.00490335	0.0049077	0.0049071	0.00490157	0.0048911	0.0048757	0.0048554	0.00483022	0.00480018	0.00476531	0.00472565	0.00468124	0.00463213	0.00457837	0.00452	0.0044571	0.00438973	0.00431795	0.00424183	0.00416147	0.00407693	0.00398831	0.00389569	0.00379917	0.00369884	0.00359482	0.0034872	0.0033761	0.00326162	0.00314389	0.00302302	0.00289914	0.00277237	0.00264285	0.00251069	0.00237605	0.00223905	0.00209983	0.00195854	0.00181531	0.0016703	0.00152365	0.0013755	0.00122602	0.00107534	0.000923624	0.000771018	0.000617676	0.000463751	0.000309395	0.000154761	0	
0	0.000159267	0.000318339	0.000477053	0.000635245	0.000792755	0.000949424	0.00110509	0.0012596	0.0014128	0.00156454	0.00171465	0.00186299	0.00200942	0.00215379	0.00229594	0.00243575	0.00257306	0.00270775	0.00283968	0.00296871	0.00309472	0.00321759	0.00333718	0.00345339	0.00356609	0.00367517	0.00378053	0.00388206	0.00397965	0.00407322	0.00416266	0.0042479	0.00432883	0.00440539	0.0044775	0.00454509	0.00460808	0.00466642	0.00472005	0.00476892	0.00481298	0.00485218	0.00488648	0.00491586	0.00494029	0.00495973	0.00497418	0.00498362	0.00498803	0.00498743	0.0049818	0.00497116	0.00495551	0.00493488	0.00490929	0.00487875	0.00484331	0.00480301	0.00475787	0.00470796	0.00465331	0.00459399	0.00453006	0.00446158	0.00438863	0.00431127	0.00422959	0.00414367	0.00405359	0.00395946	0.00386136	0.00375939	0.00365366	0.00354428	0.00343136	0.00331501	0.00319535	0.00307251	0.0029466	0.00281776	0.00268611	0.00255179	0.00241494	0.0022757	0.0021342	0.0019906	0.00184503	0.00169764	0.00154859	0.00139802	0.00124609	0.00109295	0.000938744	0.00078364	0.000627788	0.000471343	0.00031446	0.000157294	0	
0	0.000161671	0.000323144	0.000484253	0.000644833	0.00080472	0.000963754	0.00112177	0.00127862	0.00143413	0.00158815	0.00174053	0.00189111	0.00203975	0.00218629	0.0023306	0.00247251	0.0026119	0.00274862	0.00288254	0.00301352	0.00314143	0.00326615	0.00338755	0.00350551	0.00361992	0.00373065	0.00383759	0.00394065	0.00403972	0.0041347	0.0042255	0.00431201	0.00439417	0.00447189	0.00454509	0.00461369	0.00467764	0.00473686	0.0047913	0.00484091	0.00488563	0.00492542	0.00496024	0.00499007	0.00501486	0.0050346	0.00504926	0.00505884	0.00506333	0.00506271	0.005057	0.0050462	0.00503031	0.00500937	0.00498339	0.0049524	0.00491642	0.00487551	0.00482969	0.00477902	0.00472355	0.00466334	0.00459844	0.00452893	0.00445488	0.00437635	0.00429344	0.00420622	0.00411478	0.00401923	0.00391965	0.00381614	0.00370882	0.00359779	0.00348316	0.00336505	0.00324359	0.00311889	0.00299108	0.00286029	0.00272666	0.00259031	0.0024514	0.00231005	0.00216642	0.00202065	0.00187288	0.00172327	0.00157197	0.00141913	0.0012649	0.00110944	0.000952915	0.00079547	0.000637265	0.000478458	0.000319207	0.000159669	0	
