0	0	0	0	0	0	0	0	0	0	0	0	0	0	0	0	0	0	0	0	0	0	0	0	0	0	0	0	0	0	0	0	0	0	0	0	0	0	0	0	0	0	0	0	0	0	0	0	0	0	0	0	0	0	0	0	0	0	0	0	0	0	0	0	0	0	0	0	0	0	0	0	0	0	0	0	0	0	0	0	0	0	0	0	0	0	0	0	0	0	0	0	0	0	0	0	0	0	0	0	
0	4.92046e-06	9.83463e-06	1.47375e-05	1.9624e-05	2.44892e-05	2.93282e-05	3.41361e-05	3.8908e-05	4.36392e-05	4.83249e-05	5.29605e-05	5.75413e-05	6.20626e-05	6.65201e-05	7.09093e-05	7.52257e-05	7.94651e-05	8.36233e-05	8.7696e-05	9.16794e-05	9.55693e-05	9.93619e-05	0.000103053	0.00010664	0.000110119	0.000113485	0.000116737	0.00011987	0.000122882	0.000125769	0.000128529	0.000131159	0.000133656	0.000136018	0.000138242	0.000140327	0.00014227	0.000144069	0.000145723	0.000147229	0.000148587	0.000149795	0.000150852	0.000151757	0.000152509	0.000153108	0.000153551	0.000153841	0.000153975	0.000153954	0.000153778	0.000153448	0.000152963	0.000152324	0.000151532	0.000150587	0.000149491	0.000148245	0.00014685	0.000145307	0.000143619	0.000141786	0.000139811	0.000137695	0.000135442	0.000133053	0.00013053	0.000127876	0.000125095	0.000122188	0.000119159	0.00011601	0.000112746	0.000109369	0.000105883	0.000102291	9.8597e-05	9.48048e-05	9.09183e-05	8.69413e-05	8.28778e-05	7.87322e-05	7.45085e-05	7.0211e-05	6.58442e-05	6.14124e-05	5.69203e-05	5.23722e-05	4.77729e-05	4.3127e-05	3.84392e-05	3.37142e-05	2.89568e-05	2.41718e-05	1.9364e-05	1.45381e-05	9.69898e-06	4.85136e-06	0	
0	9.83463e-06	1.96567e-05	2.94562e-05	3.9223e-05	4.89472e-05	5.86191e-05	6.82288e-05	7.77666e-05	8.72231e-05	9.65886e-05	0.000105854	0.00011501	0.000124047	0.000132956	0.000141729	0.000150356	0.00015883	0.000167141	0.000175281	0.000183243	0.000191018	0.000198598	0.000205977	0.000213146	0.000220098	0.000226827	0.000233326	0.000239589	0.000245609	0.000251379	0.000256896	0.000262152	0.000267143	0.000271864	0.00027631	0.000280477	0.00028436	0.000287956	0.000291262	0.000294273	0.000296987	0.000299402	0.000301515	0.000303324	0.000304827	0.000306022	0.000306909	0.000307488	0.000307756	0.000307714	0.000307363	0.000306702	0.000305733	0.000304456	0.000302873	0.000300985	0.000298794	0.000296304	0.000293515	0.000290432	0.000287057	0.000283394	0.000279446	0.000275218	0.000270713	0.000265938	0.000260896	0.000255592	0.000250032	0.000244222	0.000238168	0.000231875	0.00022535	0.000218601	0.000211633	0.000204453	0.00019707	0.000189491	0.000181722	0.000173773	0.000165652	0.000157366	0.000148924	0.000140334	0.000131606	0.000122748	0.000113769	0.000104679	9.5486e-05	8.62e-05	7.68303e-05	6.73863e-05	5.78775e-05	4.83135e-05	3.87039e-05	2.90582e-05	1.93859e-05	9.6967e-06	0	
0	1.47375e-05	2.94562e-05	4.4141e-05	5.87769e-05	7.3349e-05	8.78427e-05	0.000102243	0.000116536	0.000130707	0.000144742	0.000158626	0.000172346	0.000185889	0.00019924	0.000212386	0.000225315	0.000238013	0.000250467	0.000262666	0.000274597	0.000286248	0.000297607	0.000308664	0.000319407	0.000329826	0.00033991	0.000349649	0.000359034	0.000368054	0.000376702	0.000384968	0.000392845	0.000400325	0.000407399	0.000414062	0.000420306	0.000426125	0.000431514	0.000436467	0.00044098	0.000445048	0.000448666	0.000451833	0.000454543	0.000456795	0.000458587	0.000459917	0.000460783	0.000461185	0.000461123	0.000460596	0.000459606	0.000458153	0.00045624	0.000453867	0.000451038	0.000447756	0.000444023	0.000439845	0.000435224	0.000430167	0.000424677	0.000418761	0.000412425	0.000405676	0.000398519	0.000390963	0.000383015	0.000374684	0.000365977	0.000356905	0.000347475	0.000337697	0.000327583	0.000317141	0.000306382	0.000295318	0.00028396	0.000272319	0.000260407	0.000248236	0.000235819	0.000223169	0.000210297	0.000197217	0.000183943	0.000170489	0.000156866	0.00014309	0.000129175	0.000115134	0.000100982	8.67324e-05	7.24003e-05	5.79998e-05	4.35452e-05	2.90509e-05	1.4531e-05	0	
0	1.9624e-05	3.9223e-05	5.87769e-05	7.82657e-05	9.76696e-05	0.000116969	0.000136144	0.000155176	0.000174046	0.000192734	0.000211223	0.000229492	0.000247525	0.000265303	0.000282809	0.000300024	0.000316932	0.000333517	0.00034976	0.000365647	0.000381161	0.000396288	0.000411011	0.000425316	0.00043919	0.000452617	0.000465586	0.000478082	0.000490094	0.000501609	0.000512616	0.000523105	0.000533064	0.000542485	0.000551356	0.000559671	0.00056742	0.000574596	0.000581192	0.000587201	0.000592617	0.000597436	0.000601652	0.000605261	0.00060826	0.000610646	0.000612416	0.00061357	0.000614105	0.000614022	0.000613321	0.000612003	0.000610069	0.000607521	0.000604361	0.000600594	0.000596224	0.000591254	0.000585689	0.000579537	0.000572802	0.000565493	0.000557615	0.000549178	0.000540191	0.000530661	0.0005206	0.000510017	0.000498923	0.000487329	0.000475248	0.000462691	0.000449672	0.000436204	0.000422299	0.000407974	0.000393241	0.000378117	0.000362616	0.000346754	0.000330548	0.000314014	0.000297168	0.000280028	0.000262612	0.000244937	0.00022702	0.000208881	0.000190537	0.000172008	0.000153311	0.000134466	0.000115492	9.64075e-05	7.7232e-05	5.79844e-05	3.86839e-05	1.93494e-05	0	
0	2.44892e-05	4.89472e-05	7.3349e-05	9.76696e-05	0.000121884	0.000145969	0.000169898	0.000193649	0.000217197	0.000240518	0.00026359	0.00028639	0.000308893	0.000331079	0.000352925	0.000374409	0.000395509	0.000416205	0.000436476	0.000456302	0.000475663	0.000494539	0.000512913	0.000530765	0.000548078	0.000564835	0.000581018	0.000596613	0.000611603	0.000625973	0.00063971	0.000652799	0.000665227	0.000676983	0.000688055	0.000698431	0.000708101	0.000717056	0.000725287	0.000732786	0.000739546	0.000745559	0.00075082	0.000755324	0.000759067	0.000762044	0.000764254	0.000765693	0.000766362	0.000766258	0.000765383	0.000763738	0.000761324	0.000758144	0.000754202	0.000749501	0.000744047	0.000737844	0.000730901	0.000723223	0.000714819	0.000705697	0.000695866	0.000685338	0.000674121	0.000662229	0.000649673	0.000636467	0.000622622	0.000608154	0.000593078	0.000577408	0.000561161	0.000544353	0.000527001	0.000509124	0.000490739	0.000471864	0.00045252	0.000432726	0.000412502	0.000391868	0.000370846	0.000349457	0.000327723	0.000305665	0.000283307	0.00026067	0.000237778	0.000214655	0.000191323	0.000167805	0.000144127	0.000120311	9.63809e-05	7.23611e-05	4.82752e-05	2.4147e-05	0	
0	2.93282e-05	5.86191e-05	8.78427e-05	0.000116969	0.000145969	0.000174812	0.00020347	0.000231914	0.000260115	0.000288045	0.000315676	0.000342981	0.000369932	0.000396501	0.000422664	0.000448393	0.000473663	0.000498449	0.000522725	0.000546469	0.000569655	0.000592262	0.000614266	0.000635646	0.000656381	0.000676449	0.00069583	0.000714506	0.000732458	0.000749668	0.000766119	0.000781795	0.00079668	0.000810759	0.000824018	0.000836444	0.000848026	0.00085875	0.000868608	0.000877589	0.000885684	0.000892885	0.000899186	0.00090458	0.000909063	0.000912628	0.000915275	0.000916999	0.000917799	0.000917675	0.000916627	0.000914657	0.000911766	0.000907958	0.000903237	0.000897607	0.000891075	0.000883647	0.000875331	0.000866136	0.000856071	0.000845147	0.000833374	0.000820765	0.000807332	0.00079309	0.000778053	0.000762237	0.000745657	0.00072833	0.000710274	0.000691508	0.00067205	0.000651921	0.000631141	0.000609731	0.000587712	0.000565109	0.000541942	0.000518236	0.000494016	0.000469305	0.000444129	0.000418513	0.000392484	0.000366067	0.000339291	0.000312181	0.000284766	0.000257073	0.00022913	0.000200966	0.000172608	0.000144086	0.000115427	8.66607e-05	5.78151e-05	2.89188e-05	0	
0	3.41361e-05	6.82288e-05	0.000102243	0.000136144	0.000169898	0.00020347	0.000236826	0.000269933	0.000302758	0.000335267	0.000367428	0.000399209	0.000430578	0.000461503	0.000491955	0.000521902	0.000551315	0.000580164	0.000608421	0.000636057	0.000663045	0.000689358	0.00071497	0.000739855	0.000763988	0.000787346	0.000809905	0.000831643	0.000852538	0.00087257	0.000891718	0.000909963	0.000927288	0.000943675	0.000959108	0.000973572	0.000987052	0.000999535	0.00101101	0.00102146	0.00103088	0.00103927	0.0010466	0.00105288	0.0010581	0.00106225	0.00106533	0.00106733	0.00106826	0.00106812	0.0010669	0.00106461	0.00106124	0.00105681	0.00105132	0.00104476	0.00103716	0.00102851	0.00101884	0.00100813	0.000996418	0.000983702	0.00097	0.000955323	0.000939689	0.000923112	0.00090561	0.0008872	0.000867902	0.000847734	0.000826719	0.000804876	0.000782228	0.000758799	0.000734612	0.000709692	0.000684064	0.000657755	0.00063079	0.000603198	0.000575007	0.000546245	0.000516941	0.000487126	0.000456829	0.000426082	0.000394916	0.000363362	0.000331452	0.000299219	0.000266695	0.000233914	0.000200907	0.000167708	0.000134351	0.000100869	6.72939e-05	3.366e-05	0	
0	3.8908e-05	7.77666e-05	0.000116536	0.000155176	0.000193649	0.000231914	0.000269933	0.000307669	0.000345082	0.000382136	0.000418793	0.000455017	0.000490771	0.00052602	0.000560729	0.000594862	0.000628387	0.000661269	0.000693476	0.000724976	0.000755737	0.000785728	0.000814921	0.000843285	0.000870792	0.000897415	0.000923128	0.000947905	0.000971722	0.000994554	0.00101638	0.00103717	0.00105692	0.0010756	0.00109319	0.00110968	0.00112504	0.00113927	0.00115235	0.00116426	0.001175	0.00118455	0.00119291	0.00120007	0.00120602	0.00121075	0.00121426	0.00121655	0.00121761	0.00121744	0.00121605	0.00121344	0.0012096	0.00120455	0.00119829	0.00119082	0.00118215	0.0011723	0.00116127	0.00114907	0.00113572	0.00112122	0.00110561	0.00108888	0.00107106	0.00105216	0.00103221	0.00101123	0.000989235	0.000966248	0.000942294	0.000917398	0.000891584	0.00086488	0.000837312	0.000808908	0.000779697	0.00074971	0.000718975	0.000687526	0.000655394	0.000622611	0.000589211	0.000555227	0.000520695	0.00048565	0.000450126	0.000414161	0.00037779	0.000341051	0.00030398	0.000266616	0.000228995	0.000191155	0.000153134	0.000114971	7.6702e-05	3.8366e-05	0	
0	4.36392e-05	8.72231e-05	0.000130707	0.000174046	0.000217197	0.000260115	0.000302758	0.000345082	0.000387045	0.000428604	0.000469719	0.000510348	0.00055045	0.000589986	0.000628916	0.0006672	0.000704802	0.000741683	0.000777806	0.000813137	0.000847638	0.000881277	0.000914019	0.000945833	0.000976685	0.00100655	0.00103539	0.00106318	0.00108989	0.0011155	0.00113998	0.0011633	0.00118545	0.0012064	0.00122613	0.00124462	0.00126185	0.00127781	0.00129248	0.00130584	0.00131789	0.0013286	0.00133798	0.00134601	0.00135268	0.00135798	0.00136192	0.00136449	0.00136568	0.00136549	0.00136393	0.001361	0.0013567	0.00135103	0.00134401	0.00133563	0.00132591	0.00131486	0.00130249	0.0012888	0.00127383	0.00125757	0.00124006	0.00122129	0.00120131	0.00118011	0.00115774	0.0011342	0.00110953	0.00108375	0.00105688	0.00102896	0.00100001	0.000970056	0.000939136	0.000907278	0.000874515	0.000840881	0.000806409	0.000771135	0.000735095	0.000698326	0.000660864	0.000622748	0.000584017	0.000544709	0.000504866	0.000464527	0.000423734	0.000382527	0.000340948	0.000299039	0.000256843	0.000214402	0.000171757	0.000128953	8.60301e-05	4.30318e-05	0	
0	4.83249e-05	9.65886e-05	0.000144742	0.000192734	0.000240518	0.000288045	0.000335267	0.000382136	0.000428604	0.000474627	0.000520157	0.000565148	0.000609557	0.000653338	0.000696448	0.000738843	0.000780483	0.000821324	0.000861326	0.00090045	0.000938657	0.000975908	0.00101217	0.0010474	0.00108156	0.00111463	0.00114657	0.00117734	0.00120692	0.00123528	0.00126239	0.00128822	0.00131274	0.00133594	0.00135779	0.00137827	0.00139735	0.00141502	0.00143127	0.00144606	0.0014594	0.00147127	0.00148165	0.00149054	0.00149793	0.0015038	0.00150816	0.001511	0.00151232	0.00151212	0.00151039	0.00150715	0.00150238	0.00149611	0.00148833	0.00147905	0.00146829	0.00145605	0.00144235	0.0014272	0.00141061	0.00139261	0.00137321	0.00135244	0.0013303	0.00130684	0.00128206	0.001256	0.00122868	0.00120013	0.00117037	0.00113945	0.00110739	0.00107422	0.00103998	0.0010047	0.000968422	0.000931176	0.000893003	0.000853942	0.000814032	0.000773314	0.000731829	0.000689621	0.00064673	0.000603202	0.00055908	0.00051441	0.000469236	0.000423604	0.00037756	0.000331152	0.000284424	0.000237425	0.000190202	0.0001428	9.52686e-05	4.76529e-05	0	
0	5.29605e-05	0.000105854	0.000158626	0.000211223	0.00026359	0.000315676	0.000367428	0.000418793	0.000469719	0.000520157	0.000570054	0.000619362	0.00066803	0.000716011	0.000763257	0.000809719	0.000855353	0.000900112	0.000943952	0.00098683	0.0010287	0.00106953	0.00110926	0.00114787	0.00118531	0.00122155	0.00125655	0.00129028	0.0013227	0.00135378	0.00138349	0.0014118	0.00143867	0.0014641	0.00148804	0.00151048	0.0015314	0.00155077	0.00156857	0.00158479	0.0015994	0.00161241	0.00162379	0.00163353	0.00164162	0.00164806	0.00165284	0.00165596	0.0016574	0.00165718	0.00165529	0.00165173	0.00164651	0.00163963	0.00163111	0.00162094	0.00160914	0.00159573	0.00158072	0.00156411	0.00154594	0.00152621	0.00150495	0.00148218	0.00145792	0.0014322	0.00140505	0.00137649	0.00134655	0.00131526	0.00128265	0.00124876	0.00121362	0.00117727	0.00113975	0.00110109	0.00106132	0.00102051	0.000978671	0.000935862	0.000892124	0.0008475	0.000802036	0.000755778	0.000708773	0.000661069	0.000612715	0.000563759	0.000514251	0.000464242	0.000413781	0.000362921	0.000311711	0.000260203	0.000208449	0.0001565	0.000104408	5.22245e-05	0	
0	5.75413e-05	0.00011501	0.000172346	0.000229492	0.00028639	0.000342981	0.000399209	0.000455017	0.000510348	0.000565148	0.000619362	0.000672934	0.000725813	0.000777944	0.000829276	0.000879758	0.000929339	0.00097797	0.0010256	0.00107219	0.00111768	0.00116204	0.00120521	0.00124716	0.00128784	0.00132722	0.00136524	0.00140189	0.00143711	0.00147088	0.00150316	0.00153391	0.00156312	0.00159074	0.00161676	0.00164114	0.00166386	0.00168491	0.00170425	0.00172187	0.00173775	0.00175188	0.00176424	0.00177483	0.00178362	0.00179062	0.00179581	0.0017992	0.00180077	0.00180052	0.00179847	0.0017946	0.00178893	0.00178146	0.0017722	0.00176115	0.00174834	0.00173376	0.00171745	0.00169941	0.00167966	0.00165822	0.00163513	0.00161039	0.00158403	0.00155609	0.00152659	0.00149555	0.00146302	0.00142903	0.0013936	0.00135678	0.0013186	0.00127911	0.00123834	0.00119633	0.00115313	0.00110878	0.00106333	0.00101682	0.000969294	0.00092081	0.000871413	0.000821154	0.000770083	0.000718253	0.000665716	0.000612526	0.000558735	0.0005044	0.000449575	0.000394314	0.000338675	0.000282711	0.000226481	0.000170038	0.00011344	5.67422e-05	0	
0	6.20626e-05	0.000124047	0.000185889	0.000247525	0.000308893	0.000369932	0.000430578	0.000490771	0.00055045	0.000609557	0.00066803	0.000725813	0.000782846	0.000839074	0.00089444	0.000948889	0.00100237	0.00105482	0.00110619	0.00115644	0.00120551	0.00125335	0.00129992	0.00134516	0.00138904	0.00143151	0.00147253	0.00151205	0.00155004	0.00158646	0.00162128	0.00165445	0.00168595	0.00171574	0.0017438	0.0017701	0.00179461	0.00181731	0.00183817	0.00185717	0.00187431	0.00188955	0.00190288	0.0019143	0.00192378	0.00193133	0.00193693	0.00194058	0.00194227	0.00194201	0.00193979	0.00193563	0.00192951	0.00192145	0.00191146	0.00189955	0.00188572	0.00187	0.00185241	0.00183295	0.00181165	0.00178853	0.00176362	0.00173693	0.00170851	0.00167837	0.00164655	0.00161308	0.00157799	0.00154132	0.00150311	0.0014634	0.00142222	0.00137963	0.00133565	0.00129034	0.00124375	0.00119591	0.00114689	0.00109672	0.00104546	0.00099317	0.000939891	0.000885683	0.000830599	0.000774696	0.000718031	0.00066066	0.000602643	0.000544038	0.000484904	0.000425301	0.000365289	0.000304928	0.000244279	0.000183401	0.000122355	6.12014e-05	0	
0	6.65201e-05	0.000132956	0.00019924	0.000265303	0.000331079	0.000396501	0.000461503	0.00052602	0.000589986	0.000653338	0.000716011	0.000777944	0.000839074	0.000899341	0.000958683	0.00101704	0.00107436	0.00113058	0.00118565	0.0012395	0.0012921	0.00134337	0.00139328	0.00144178	0.00148881	0.00153433	0.00157829	0.00162065	0.00166137	0.00170041	0.00173773	0.00177328	0.00180704	0.00183898	0.00186905	0.00189724	0.00192351	0.00194784	0.0019702	0.00199057	0.00200893	0.00202527	0.00203956	0.00205179	0.00206196	0.00207005	0.00207605	0.00207996	0.00208178	0.0020815	0.00207912	0.00207466	0.0020681	0.00205946	0.00204875	0.00203598	0.00202117	0.00200432	0.00198546	0.0019646	0.00194177	0.001917	0.00189029	0.00186169	0.00183123	0.00179892	0.00176482	0.00172894	0.00169133	0.00165203	0.00161108	0.00156851	0.00152438	0.00147872	0.00143159	0.00138302	0.00133308	0.00128181	0.00122927	0.0011755	0.00112056	0.00106451	0.0010074	0.000949301	0.00089026	0.000830342	0.000769606	0.000708115	0.000645931	0.000583116	0.000519735	0.000455851	0.000391528	0.000326832	0.000261826	0.000196575	0.000131144	6.55976e-05	0	
0	7.09093e-05	0.000141729	0.000212386	0.000282809	0.000352925	0.000422664	0.000491955	0.000560729	0.000628916	0.000696448	0.000763257	0.000829276	0.00089444	0.000958683	0.00102194	0.00108415	0.00114525	0.00120518	0.00126388	0.00132129	0.00137736	0.00143202	0.00148522	0.00153692	0.00158705	0.00163557	0.00168244	0.00172759	0.001771	0.00181261	0.00185239	0.00189029	0.00192628	0.00196033	0.00199239	0.00202243	0.00205044	0.00207637	0.0021002	0.00212192	0.00214149	0.00215891	0.00217414	0.00218719	0.00219802	0.00220665	0.00221304	0.00221721	0.00221915	0.00221885	0.00221632	0.00221156	0.00220457	0.00219536	0.00218394	0.00217033	0.00215454	0.00213658	0.00211647	0.00209424	0.00206991	0.00204349	0.00201503	0.00198454	0.00195206	0.00191763	0.00188127	0.00184303	0.00180294	0.00176105	0.00171739	0.00167201	0.00162497	0.0015763	0.00152605	0.00147429	0.00142105	0.0013664	0.00131038	0.00125306	0.0011945	0.00113475	0.00107388	0.00101194	0.000949007	0.000885135	0.000820392	0.000754843	0.000688555	0.000621596	0.000554032	0.000485933	0.000417365	0.000348399	0.000279103	0.000209547	0.000139798	6.99265e-05	0	
0	7.52257e-05	0.000150356	0.000225315	0.000300024	0.000374409	0.000448393	0.000521902	0.000594862	0.0006672	0.000738843	0.000809719	0.000879758	0.000948889	0.00101704	0.00108415	0.00115015	0.00121497	0.00127855	0.00134082	0.00140173	0.0014612	0.00151919	0.00157563	0.00163048	0.00168366	0.00173514	0.00178486	0.00183276	0.00187881	0.00192296	0.00196516	0.00200537	0.00204355	0.00207966	0.00211367	0.00214555	0.00217526	0.00220277	0.00222806	0.00225109	0.00227186	0.00229033	0.0023065	0.00232033	0.00233183	0.00234098	0.00234777	0.00235219	0.00235424	0.00235393	0.00235124	0.00234619	0.00233877	0.00232901	0.0023169	0.00230246	0.0022857	0.00226665	0.00224532	0.00222173	0.00219592	0.00216789	0.0021377	0.00210535	0.0020709	0.00203437	0.0019958	0.00195523	0.0019127	0.00186825	0.00182194	0.0017738	0.00172389	0.00167226	0.00161896	0.00156404	0.00150756	0.00144958	0.00139016	0.00132935	0.00126722	0.00120383	0.00113926	0.00107355	0.00100678	0.000939021	0.000870336	0.000800797	0.000730474	0.000659438	0.000587761	0.000515516	0.000442774	0.00036961	0.000296095	0.000222304	0.000148309	7.41837e-05	0	
0	7.94651e-05	0.00015883	0.000238013	0.000316932	0.000395509	0.000473663	0.000551315	0.000628387	0.000704802	0.000780483	0.000855353	0.000929339	0.00100237	0.00107436	0.00114525	0.00121497	0.00128344	0.0013506	0.00141639	0.00148072	0.00154355	0.00160481	0.00166443	0.00172237	0.00177855	0.00183293	0.00188545	0.00193605	0.0019847	0.00203133	0.00207591	0.00211839	0.00215872	0.00219687	0.0022328	0.00226647	0.00229785	0.00232692	0.00235363	0.00237796	0.0023999	0.00241941	0.00243649	0.00245111	0.00246325	0.00247291	0.00248009	0.00248476	0.00248693	0.00248659	0.00248376	0.00247842	0.00247059	0.00246027	0.00244747	0.00243222	0.00241452	0.0023944	0.00237186	0.00234695	0.00231968	0.00229008	0.00225818	0.00222401	0.00218762	0.00214902	0.00210828	0.00206542	0.0020205	0.00197355	0.00192462	0.00187377	0.00182105	0.00176651	0.0017102	0.00165219	0.00159253	0.00153128	0.00146851	0.00140427	0.00133864	0.00127168	0.00120347	0.00113406	0.00106352	0.000991946	0.00091939	0.000845931	0.000771645	0.000696606	0.000620889	0.000544572	0.00046773	0.000390442	0.000312784	0.000234834	0.000156668	7.8365e-05	0	
0	8.36233e-05	0.000167141	0.000250467	0.000333517	0.000416205	0.000498449	0.000580164	0.000661269	0.000741683	0.000821324	0.000900112	0.00097797	0.00105482	0.00113058	0.00120518	0.00127855	0.0013506	0.00142128	0.00149051	0.00155821	0.00162433	0.00168879	0.00175153	0.0018125	0.00187162	0.00192885	0.00198411	0.00203737	0.00208856	0.00213763	0.00218454	0.00222924	0.00227169	0.00231183	0.00234964	0.00238508	0.0024181	0.00244868	0.00247679	0.0025024	0.00252549	0.00254602	0.00256399	0.00257937	0.00259215	0.00260232	0.00260987	0.00261479	0.00261707	0.00261672	0.00261373	0.00260811	0.00259987	0.00258901	0.00257555	0.0025595	0.00254088	0.0025197	0.00249599	0.00246977	0.00244107	0.00240992	0.00237635	0.0023404	0.00230209	0.00226149	0.00221861	0.00217351	0.00212623	0.00207683	0.00202534	0.00197183	0.00191635	0.00185895	0.0017997	0.00173865	0.00167587	0.00161141	0.00154535	0.00147776	0.0014087	0.00133823	0.00126644	0.0011934	0.00111918	0.00104386	0.000967504	0.000890201	0.000812027	0.000733061	0.000653382	0.000573071	0.000492208	0.000410875	0.000329153	0.000247124	0.000164868	8.24661e-05	0	
0	8.7696e-05	0.000175281	0.000262666	0.00034976	0.000436476	0.000522725	0.000608421	0.000693476	0.000777806	0.000861326	0.000943952	0.0010256	0.00110619	0.00118565	0.00126388	0.00134082	0.00141639	0.00149051	0.0015631	0.0016341	0.00170344	0.00177104	0.00183684	0.00190078	0.00196278	0.00202279	0.00208075	0.0021366	0.00219028	0.00224175	0.00229094	0.00233782	0.00238233	0.00242443	0.00246408	0.00250125	0.00253588	0.00256795	0.00259743	0.00262429	0.00264849	0.00267003	0.00268887	0.00270501	0.00271841	0.00272907	0.00273699	0.00274214	0.00274454	0.00274417	0.00274104	0.00273515	0.0027265	0.00271512	0.002701	0.00268417	0.00266463	0.00264242	0.00261756	0.00259006	0.00255997	0.0025273	0.0024921	0.00245439	0.00241422	0.00237164	0.00232667	0.00227938	0.0022298	0.00217798	0.00212399	0.00206787	0.00200969	0.0019495	0.00188736	0.00182334	0.00175749	0.0016899	0.00162063	0.00154974	0.00147731	0.00140342	0.00132813	0.00125153	0.0011737	0.0010947	0.00101463	0.000933562	0.00085158	0.000768768	0.000685208	0.000600985	0.000516183	0.000430889	0.000345186	0.000259161	0.000172898	8.64831e-05	0	
0	9.16794e-05	0.000183243	0.000274597	0.000365647	0.000456302	0.000546469	0.000636057	0.000724976	0.000813137	0.00090045	0.00098683	0.00107219	0.00115644	0.0012395	0.00132129	0.00140173	0.00148072	0.00155821	0.0016341	0.00170833	0.00178082	0.00185149	0.00192028	0.00198712	0.00205194	0.00211468	0.00217527	0.00223365	0.00228978	0.00234358	0.00239501	0.00244401	0.00249055	0.00253456	0.00257601	0.00261486	0.00265107	0.0026846	0.00271542	0.00274349	0.0027688	0.00279132	0.00281102	0.00282788	0.00284189	0.00285304	0.00286132	0.00286671	0.00286921	0.00286882	0.00286555	0.00285939	0.00285036	0.00283845	0.00282369	0.0028061	0.00278568	0.00276246	0.00273646	0.00270772	0.00267625	0.0026421	0.0026053	0.00256588	0.00252389	0.00247937	0.00243236	0.00238292	0.00233109	0.00227692	0.00222048	0.00216181	0.00210098	0.00203806	0.00197309	0.00190616	0.00183733	0.00176667	0.00169424	0.00162014	0.00154442	0.00146717	0.00138846	0.00130838	0.00122701	0.00114443	0.00106072	0.000975971	0.000890265	0.00080369	0.000716335	0.000628286	0.000539632	0.000450463	0.000360867	0.000270934	0.000180753	9.04119e-05	0	
0	9.55693e-05	0.000191018	0.000286248	0.000381161	0.000475663	0.000569655	0.000663045	0.000755737	0.000847638	0.000938657	0.0010287	0.00111768	0.00120551	0.0012921	0.00137736	0.0014612	0.00154355	0.00162433	0.00170344	0.00178082	0.00185638	0.00193005	0.00200176	0.00207144	0.00213901	0.0022044	0.00226757	0.00232843	0.00238693	0.00244302	0.00249663	0.00254772	0.00259623	0.00264211	0.00268532	0.00272582	0.00276356	0.00279851	0.00283064	0.0028599	0.00288629	0.00290976	0.00293029	0.00294787	0.00296248	0.0029741	0.00298273	0.00298835	0.00299096	0.00299055	0.00298714	0.00298072	0.0029713	0.00295889	0.00294351	0.00292516	0.00290388	0.00287967	0.00285258	0.00282261	0.00278981	0.00275421	0.00271585	0.00267476	0.00263099	0.00258458	0.00253557	0.00248403	0.00243	0.00237354	0.0023147	0.00225354	0.00219013	0.00212454	0.00205682	0.00198705	0.00191529	0.00184163	0.00176614	0.00168888	0.00160995	0.00152943	0.00144738	0.0013639	0.00127908	0.00119299	0.00110573	0.00101738	0.000928042	0.000837794	0.000746732	0.000654947	0.000562531	0.000469578	0.000376181	0.000282431	0.000188423	9.42485e-05	0	
0	9.93619e-05	0.000198598	0.000297607	0.000396288	0.000494539	0.000592262	0.000689358	0.000785728	0.000881277	0.000975908	0.00106953	0.00116204	0.00125335	0.00134337	0.00143202	0.00151919	0.00160481	0.00168879	0.00177104	0.00185149	0.00193005	0.00200665	0.0020812	0.00215364	0.00222389	0.00229189	0.00235756	0.00242084	0.00248166	0.00253998	0.00259572	0.00264883	0.00269926	0.00274696	0.00279189	0.00283399	0.00287324	0.00290957	0.00294298	0.00297341	0.00300083	0.00302524	0.00304659	0.00306486	0.00308005	0.00309214	0.0031011	0.00310695	0.00310966	0.00310924	0.00310569	0.00309902	0.00308923	0.00307632	0.00306033	0.00304126	0.00301913	0.00299396	0.00296579	0.00293463	0.00290053	0.00286352	0.00282363	0.00278091	0.0027354	0.00268715	0.0026362	0.00258262	0.00252644	0.00246774	0.00240656	0.00234298	0.00227705	0.00220885	0.00213845	0.00206591	0.00199131	0.00191472	0.00183623	0.00175591	0.00167385	0.00159013	0.00150483	0.00141803	0.00132984	0.00124034	0.00114962	0.00105776	0.000964875	0.000871046	0.000776369	0.000680941	0.000584858	0.000488216	0.000391111	0.000293641	0.000195902	9.79892e-05	0	
0	0.000103053	0.000205977	0.000308664	0.000411011	0.000512913	0.000614266	0.00071497	0.000814921	0.000914019	0.00101217	0.00110926	0.00120521	0.00129992	0.00139328	0.00148522	0.00157563	0.00166443	0.00175153	0.00183684	0.00192028	0.00200176	0.0020812	0.00215853	0.00223366	0.00230652	0.00237704	0.00244515	0.00251078	0.00257387	0.00263435	0.00269216	0.00274724	0.00279955	0.00284903	0.00289562	0.00293929	0.00297999	0.00301768	0.00305232	0.00308388	0.00311233	0.00313764	0.00315978	0.00317874	0.00319449	0.00320702	0.00321632	0.00322238	0.0032252	0.00322476	0.00322108	0.00321416	0.00320401	0.00319063	0.00317404	0.00315425	0.0031313	0.0031052	0.00307598	0.00304367	0.0030083	0.00296992	0.00292855	0.00288424	0.00283704	0.00278699	0.00273415	0.00267857	0.00262031	0.00255943	0.00249598	0.00243003	0.00236166	0.00229093	0.0022179	0.00214267	0.0020653	0.00198587	0.00190446	0.00182116	0.00173604	0.00164921	0.00156074	0.00147072	0.00137926	0.00128643	0.00119233	0.00109707	0.00100073	0.000903411	0.000805216	0.000706243	0.000606589	0.000506356	0.000405644	0.000304552	0.000203181	0.00010163	0	
0	0.00010664	0.000213146	0.000319407	0.000425316	0.000530765	0.000635646	0.000739855	0.000843285	0.000945833	0.0010474	0.00114787	0.00124716	0.00134516	0.00144178	0.00153692	0.00163048	0.00172237	0.0018125	0.00190078	0.00198712	0.00207144	0.00215364	0.00223366	0.00231141	0.0023868	0.00245978	0.00253026	0.00259818	0.00266346	0.00272604	0.00278586	0.00284287	0.002897	0.00294819	0.00299641	0.0030416	0.00308371	0.00312272	0.00315856	0.00319122	0.00322066	0.00324685	0.00326977	0.00328938	0.00330568	0.00331865	0.00332828	0.00333455	0.00333746	0.00333701	0.0033332	0.00332604	0.00331553	0.00330168	0.00328452	0.00326405	0.0032403	0.00321329	0.00318305	0.00314961	0.00311302	0.00307329	0.00303048	0.00298463	0.00293579	0.002884	0.00282932	0.00277181	0.00271152	0.00264851	0.00258286	0.00251462	0.00244387	0.00237067	0.00229511	0.00221725	0.00213719	0.00205499	0.00197075	0.00188455	0.00179647	0.00170662	0.00161507	0.00152192	0.00142727	0.00133121	0.00123384	0.00113525	0.00103556	0.000934858	0.000833246	0.000730827	0.000627705	0.000523983	0.000419764	0.000315153	0.000210254	0.000105168	0	
0	0.000110119	0.000220098	0.000329826	0.00043919	0.000548078	0.000656381	0.000763988	0.000870792	0.000976685	0.00108156	0.00118531	0.00128784	0.00138904	0.00148881	0.00158705	0.00168366	0.00177855	0.00187162	0.00196278	0.00205194	0.00213901	0.00222389	0.00230652	0.0023868	0.00246466	0.00254002	0.0026128	0.00268293	0.00275034	0.00281497	0.00287674	0.0029356	0.0029915	0.00304436	0.00309415	0.00314082	0.00318431	0.00322458	0.0032616	0.00329532	0.00332572	0.00335277	0.00337643	0.00339668	0.00341352	0.00342691	0.00343685	0.00344332	0.00344633	0.00344587	0.00344194	0.00343454	0.00342369	0.00340939	0.00339166	0.00337052	0.003346	0.00331811	0.00328688	0.00325236	0.00321457	0.00317355	0.00312934	0.003082	0.00303156	0.00297808	0.00292162	0.00286223	0.00279997	0.00273491	0.00266712	0.00259665	0.00252359	0.002448	0.00236998	0.00228958	0.00220691	0.00212203	0.00203504	0.00194603	0.00185508	0.00176229	0.00166775	0.00157157	0.00147383	0.00137463	0.00127409	0.00117229	0.00106934	0.000965356	0.000860428	0.000754668	0.000648182	0.000541077	0.000433458	0.000325435	0.000217113	0.000108599	0	
0	0.000113485	0.000226827	0.00033991	0.000452617	0.000564835	0.000676449	0.000787346	0.000897415	0.00100655	0.00111463	0.00122155	0.00132722	0.00143151	0.00153433	0.00163557	0.00173514	0.00183293	0.00192885	0.00202279	0.00211468	0.0022044	0.00229189	0.00237704	0.00245978	0.00254002	0.00261768	0.00269268	0.00276496	0.00283443	0.00290103	0.0029647	0.00302536	0.00308296	0.00313745	0.00318876	0.00323685	0.00328167	0.00332317	0.00336132	0.00339608	0.00342741	0.00345528	0.00347966	0.00350054	0.00351789	0.00353169	0.00354193	0.0035486	0.0035517	0.00355123	0.00354717	0.00353955	0.00352837	0.00351363	0.00349536	0.00347358	0.0034483	0.00341956	0.00338738	0.0033518	0.00331285	0.00327058	0.00322502	0.00317623	0.00312425	0.00306914	0.00301095	0.00294975	0.00288559	0.00281854	0.00274867	0.00267605	0.00260075	0.00252286	0.00244244	0.00235959	0.00227438	0.00218691	0.00209726	0.00200553	0.0019118	0.00181617	0.00171875	0.00161962	0.00151889	0.00141666	0.00131304	0.00120813	0.00110204	0.000994873	0.000886738	0.000777744	0.000668002	0.000557621	0.000446712	0.000335386	0.000223752	0.00011192	0	
0	0.000116737	0.000233326	0.000349649	0.000465586	0.000581018	0.00069583	0.000809905	0.000923128	0.00103539	0.00114657	0.00125655	0.00136524	0.00147253	0.00157829	0.00168244	0.00178486	0.00188545	0.00198411	0.00208075	0.00217527	0.00226757	0.00235756	0.00244515	0.00253026	0.0026128	0.00269268	0.00276984	0.00284418	0.00291565	0.00298416	0.00304964	0.00311205	0.0031713	0.00322734	0.00328013	0.0033296	0.0033757	0.00341839	0.00345764	0.00349339	0.00352561	0.00355428	0.00357937	0.00360084	0.00361869	0.00363288	0.00364342	0.00365028	0.00365347	0.00365298	0.00364881	0.00364097	0.00362947	0.00361431	0.00359552	0.00357311	0.00354711	0.00351755	0.00348445	0.00344785	0.00340778	0.0033643	0.00331743	0.00326724	0.00321378	0.00315708	0.00309723	0.00303427	0.00296827	0.0028993	0.00282743	0.00275273	0.00267527	0.00259515	0.00251243	0.0024272	0.00233956	0.00224958	0.00215736	0.002063	0.00196658	0.00186822	0.001768	0.00166603	0.00156242	0.00145726	0.00135067	0.00124275	0.00113362	0.00102338	0.000912148	0.000800031	0.000687144	0.0005736	0.000459513	0.000344997	0.000230163	0.000115127	0	
0	0.00011987	0.000239589	0.000359034	0.000478082	0.000596613	0.000714506	0.000831643	0.000947905	0.00106318	0.00117734	0.00129028	0.00140189	0.00151205	0.00162065	0.00172759	0.00183276	0.00193605	0.00203737	0.0021366	0.00223365	0.00232843	0.00242084	0.00251078	0.00259818	0.00268293	0.00276496	0.00284418	0.00292052	0.00299391	0.00306425	0.0031315	0.00319558	0.00325642	0.00331397	0.00336817	0.00341897	0.00346631	0.00351015	0.00355044	0.00358716	0.00362025	0.00364969	0.00367544	0.00369749	0.00371582	0.0037304	0.00374122	0.00374826	0.00375154	0.00375104	0.00374676	0.0037387	0.00372689	0.00371133	0.00369203	0.00366902	0.00364232	0.00361196	0.00357798	0.00354039	0.00349925	0.0034546	0.00340648	0.00335494	0.00330004	0.00324183	0.00318037	0.00311572	0.00304795	0.00297712	0.00290332	0.00282662	0.00274708	0.00266481	0.00257987	0.00249235	0.00240236	0.00230996	0.00221527	0.00211837	0.00201937	0.00191836	0.00181546	0.00171075	0.00160436	0.00149638	0.00138693	0.00127611	0.00116405	0.00105085	0.000936633	0.000821506	0.000705589	0.000588998	0.000471848	0.000354258	0.000236342	0.000118217	0	
0	0.000122882	0.000245609	0.000368054	0.000490094	0.000611603	0.000732458	0.000852538	0.000971722	0.00108989	0.00120692	0.0013227	0.00143711	0.00155004	0.00166137	0.001771	0.00187881	0.0019847	0.00208856	0.00219028	0.00228978	0.00238693	0.00248166	0.00257387	0.00266346	0.00275034	0.00283443	0.00291565	0.00299391	0.00306913	0.00314125	0.00321018	0.00327587	0.00333824	0.00339724	0.0034528	0.00350487	0.0035534	0.00359835	0.00363965	0.00367729	0.00371121	0.00374139	0.00376779	0.0037904	0.00380918	0.00382413	0.00383522	0.00384245	0.0038458	0.00384529	0.0038409	0.00383265	0.00382053	0.00380458	0.0037848	0.00376121	0.00373384	0.00370272	0.00366788	0.00362935	0.00358718	0.00354141	0.00349208	0.00343924	0.00338296	0.00332329	0.00326028	0.00319401	0.00312453	0.00305193	0.00297627	0.00289764	0.00281611	0.00273177	0.00264469	0.00255498	0.00246272	0.00236801	0.00227093	0.0021716	0.00207011	0.00196657	0.00186107	0.00175374	0.00164467	0.00153398	0.00142178	0.00130818	0.0011933	0.00107726	0.000960169	0.000842149	0.00072332	0.000603798	0.000483705	0.00036316	0.000242281	0.000121188	0	
0	0.000125769	0.000251379	0.000376702	0.000501609	0.000625973	0.000749668	0.00087257	0.000994554	0.0011155	0.00123528	0.00135378	0.00147088	0.00158646	0.00170041	0.00181261	0.00192296	0.00203133	0.00213763	0.00224175	0.00234358	0.00244302	0.00253998	0.00263435	0.00272604	0.00281497	0.00290103	0.00298416	0.00306425	0.00314125	0.00321506	0.00328561	0.00335284	0.00341668	0.00347707	0.00353393	0.00358723	0.0036369	0.0036829	0.00372518	0.0037637	0.00379842	0.0038293	0.00385633	0.00387947	0.00389869	0.00391399	0.00392534	0.00393274	0.00393617	0.00393564	0.00393115	0.0039227	0.00391031	0.00389398	0.00387373	0.00384959	0.00382158	0.00378973	0.00375407	0.00371463	0.00367147	0.00362462	0.00357413	0.00352006	0.00346245	0.00340138	0.00333689	0.00326906	0.00319795	0.00312365	0.00304621	0.00296573	0.00288229	0.00279596	0.00270684	0.00261502	0.00252059	0.00242365	0.0023243	0.00222263	0.00211876	0.00201278	0.00190481	0.00179495	0.00168332	0.00157002	0.00145519	0.00133892	0.00122134	0.00110257	0.000982732	0.000861939	0.000740317	0.000617987	0.000495072	0.000371694	0.000247974	0.000124036	0	
0	0.000128529	0.000256896	0.000384968	0.000512616	0.00063971	0.000766119	0.000891718	0.00101638	0.00113998	0.00126239	0.00138349	0.00150316	0.00162128	0.00173773	0.00185239	0.00196516	0.00207591	0.00218454	0.00229094	0.00239501	0.00249663	0.00259572	0.00269216	0.00278586	0.00287674	0.0029647	0.00304964	0.0031315	0.00321018	0.00328561	0.00335772	0.00342642	0.00349166	0.00355337	0.00361149	0.00366595	0.00371671	0.00376372	0.00380693	0.00384629	0.00388177	0.00391334	0.00394096	0.0039646	0.00398425	0.00399988	0.00401148	0.00401904	0.00402255	0.00402201	0.00401742	0.00400879	0.00399612	0.00397944	0.00395875	0.00393408	0.00390545	0.0038729	0.00383645	0.00379616	0.00375205	0.00370417	0.00365257	0.00359731	0.00353844	0.00347602	0.00341012	0.0033408	0.00326814	0.0031922	0.00311307	0.00303082	0.00294554	0.00285732	0.00276625	0.00267241	0.00257591	0.00247684	0.00237531	0.00227141	0.00216526	0.00205695	0.00194661	0.00183434	0.00172026	0.00160448	0.00148712	0.00136831	0.00124815	0.00112677	0.0010043	0.000880857	0.000756565	0.000631551	0.000505938	0.000379851	0.000253417	0.000126758	0	
0	0.000131159	0.000262152	0.000392845	0.000523105	0.000652799	0.000781795	0.000909963	0.00103717	0.0011633	0.00128822	0.0014118	0.00153391	0.00165445	0.00177328	0.00189029	0.00200537	0.00211839	0.00222924	0.00233782	0.00244401	0.00254772	0.00264883	0.00274724	0.00284287	0.0029356	0.00302536	0.00311205	0.00319558	0.00327587	0.00335284	0.00342642	0.00349654	0.00356311	0.00362608	0.00368539	0.00374097	0.00379277	0.00384073	0.00388483	0.003925	0.0039612	0.00399342	0.0040216	0.00404573	0.00406578	0.00408173	0.00409357	0.00410128	0.00410486	0.00410431	0.00409963	0.00409082	0.0040779	0.00406087	0.00403975	0.00401458	0.00398537	0.00395215	0.00391496	0.00387384	0.00382882	0.00377997	0.00372731	0.00367092	0.00361085	0.00354715	0.0034799	0.00340917	0.00333501	0.00325752	0.00317677	0.00309284	0.00300582	0.00291579	0.00282285	0.0027271	0.00262862	0.00252753	0.00242391	0.00231789	0.00220957	0.00209905	0.00198645	0.00187188	0.00175546	0.00163732	0.00151756	0.00139631	0.00127369	0.00114983	0.00102485	0.000898883	0.000772048	0.000644475	0.000516291	0.000387625	0.000258603	0.000129352	0	
0	0.000133656	0.000267143	0.000400325	0.000533064	0.000665227	0.00079668	0.000927288	0.00105692	0.00118545	0.00131274	0.00143867	0.00156312	0.00168595	0.00180704	0.00192628	0.00204355	0.00215872	0.00227169	0.00238233	0.00249055	0.00259623	0.00269926	0.00279955	0.002897	0.0029915	0.00308296	0.0031713	0.00325642	0.00333824	0.00341668	0.00349166	0.00356311	0.00363095	0.00369512	0.00375556	0.00381219	0.00386498	0.00391386	0.00395879	0.00399973	0.00403663	0.00406945	0.00409817	0.00412276	0.00414319	0.00415945	0.00417151	0.00417937	0.00418302	0.00418246	0.00417769	0.00416871	0.00415554	0.00413819	0.00411667	0.00409102	0.00406125	0.0040274	0.0039895	0.0039476	0.00390173	0.00385194	0.00379829	0.00374082	0.0036796	0.00361469	0.00354616	0.00347408	0.00339851	0.00331955	0.00323726	0.00315173	0.00306305	0.00297131	0.0028766	0.00277902	0.00267867	0.00257565	0.00247007	0.00236203	0.00225164	0.00213902	0.00202427	0.00190752	0.00178889	0.00166849	0.00154645	0.00142289	0.00129794	0.00117172	0.00104437	0.000915999	0.000786749	0.000656747	0.000526123	0.000395006	0.000263527	0.000131815	0	
0	0.000136018	0.000271864	0.000407399	0.000542485	0.000676983	0.000810759	0.000943675	0.0010756	0.0012064	0.00133594	0.0014641	0.00159074	0.00171574	0.00183898	0.00196033	0.00207966	0.00219687	0.00231183	0.00242443	0.00253456	0.00264211	0.00274696	0.00284903	0.00294819	0.00304436	0.00313745	0.00322734	0.00331397	0.00339724	0.00347707	0.00355337	0.00362608	0.00369512	0.00376043	0.00382193	0.00387957	0.00393329	0.00398303	0.00402876	0.00407042	0.00410797	0.00414137	0.0041706	0.00419562	0.00421642	0.00423296	0.00424523	0.00425323	0.00425695	0.00425638	0.00425152	0.00424239	0.00422898	0.00421132	0.00418943	0.00416332	0.00413303	0.00409858	0.00406001	0.00401736	0.00397068	0.00392002	0.00386541	0.00380693	0.00374463	0.00367858	0.00360884	0.00353548	0.00345858	0.00337822	0.00329447	0.00320743	0.00311719	0.00302382	0.00292744	0.00282814	0.00272602	0.00262118	0.00251373	0.00240377	0.00229143	0.00217682	0.00206005	0.00194124	0.00182051	0.00169798	0.00157379	0.00144804	0.00132088	0.00119243	0.00106283	0.000932189	0.000800655	0.000668355	0.000535422	0.000401988	0.000268185	0.000134145	0	
0	0.000138242	0.00027631	0.000414062	0.000551356	0.000688055	0.000824018	0.000959108	0.00109319	0.00122613	0.00135779	0.00148804	0.00161676	0.0017438	0.00186905	0.00199239	0.00211367	0.0022328	0.00234964	0.00246408	0.00257601	0.00268532	0.00279189	0.00289562	0.00299641	0.00309415	0.00318876	0.00328013	0.00336817	0.0034528	0.00353393	0.00361149	0.00368539	0.00375556	0.00382193	0.00388444	0.00394302	0.00399762	0.00404818	0.00409465	0.00413699	0.00417515	0.00420911	0.00423881	0.00426424	0.00428538	0.00430219	0.00431467	0.0043228	0.00432658	0.004326	0.00432106	0.00431177	0.00429815	0.0042802	0.00425795	0.00423141	0.00420062	0.00416561	0.00412641	0.00408307	0.00403563	0.00398413	0.00392864	0.0038692	0.00380588	0.00373875	0.00366786	0.0035933	0.00351515	0.00343347	0.00334836	0.00325989	0.00316817	0.00307328	0.00297532	0.0028744	0.0027706	0.00266405	0.00255484	0.00244309	0.00232891	0.00221243	0.00209374	0.00197299	0.00185028	0.00172576	0.00159953	0.00147173	0.00134249	0.00121194	0.00108021	0.000947437	0.000813751	0.000679287	0.00054418	0.000408563	0.000272572	0.00013634	0	
