0	0	0	0	0	0	0	0	0	0	0	0	0	0	0	0	0	0	0	0	0	0	0	0	0	0	0	0	0	0	0	0	0	0	0	0	0	0	0	0	0	0	0	0	0	0	0	0	0	0	0	0	0	0	0	0	0	0	0	0	0	0	0	0	0	0	0	0	0	0	0	0	0	0	0	0	0	0	0	0	0	0	0	0	0	0	0	0	0	0	0	0	0	0	0	0	0	0	0	0	
0	4.69912e-06	9.39219e-06	1.40744e-05	1.8741e-05	2.33871e-05	2.80082e-05	3.25995e-05	3.71565e-05	4.16745e-05	4.6149e-05	5.05756e-05	5.49498e-05	5.92672e-05	6.35236e-05	6.77147e-05	7.18363e-05	7.58844e-05	7.98548e-05	8.37436e-05	8.7547e-05	9.12611e-05	9.48823e-05	9.84069e-05	0.000101832	0.000105153	0.000108367	0.000111471	0.000114463	0.000117338	0.000120094	0.000122729	0.00012524	0.000127624	0.000129878	0.000132002	0.000133992	0.000135847	0.000137564	0.000139142	0.00014058	0.000141877	0.000143029	0.000144038	0.000144902	0.000145619	0.000146189	0.000146613	0.000146888	0.000147016	0.000146995	0.000146827	0.000146511	0.000146047	0.000145436	0.000144679	0.000143777	0.00014273	0.00014154	0.000140207	0.000138733	0.000137121	0.00013537	0.000133484	0.000131464	0.000129312	0.00012703	0.000124621	0.000122087	0.000119431	0.000116655	0.000113762	0.000110756	0.000107639	0.000104415	0.000101086	9.76562e-05	9.41292e-05	9.05084e-05	8.67975e-05	8.30004e-05	7.91208e-05	7.51627e-05	7.11301e-05	6.70272e-05	6.2858e-05	5.8627e-05	5.43382e-05	4.99962e-05	4.56053e-05	4.117e-05	3.66947e-05	3.2184e-05	2.76424e-05	2.30745e-05	1.84848e-05	1.3878e-05	9.25854e-06	4.63103e-06	0	
0	9.39219e-06	1.87723e-05	2.81307e-05	3.74579e-05	4.67443e-05	5.59806e-05	6.51574e-05	7.42655e-05	8.32958e-05	9.22392e-05	0.000101087	0.00010983	0.000118459	0.000126966	0.000135343	0.000143581	0.000151672	0.000159608	0.000167381	0.000174983	0.000182406	0.000189644	0.000196689	0.000203534	0.000210172	0.000216596	0.000222801	0.00022878	0.000234527	0.000240036	0.000245303	0.000250321	0.000255085	0.000259592	0.000263836	0.000267814	0.000271521	0.000274953	0.000278108	0.000280982	0.000283573	0.000285877	0.000287894	0.000289619	0.000291053	0.000292194	0.000293039	0.00029359	0.000293845	0.000293804	0.000293467	0.000292835	0.000291909	0.000290688	0.000289175	0.000287372	0.000285279	0.0002829	0.000280236	0.000277291	0.000274068	0.000270569	0.000266799	0.000262761	0.000258459	0.000253899	0.000249084	0.000244019	0.00023871	0.000233162	0.000227381	0.000221372	0.000215142	0.000208697	0.000202044	0.000195189	0.000188139	0.000180902	0.000173485	0.000165896	0.000158142	0.00015023	0.00014217	0.00013397	0.000125637	0.00011718	0.000108608	9.99294e-05	9.11532e-05	8.22881e-05	7.33432e-05	6.43275e-05	5.52501e-05	4.612e-05	3.69465e-05	2.77386e-05	1.85055e-05	9.25628e-06	0	
0	1.40744e-05	2.81307e-05	4.21546e-05	5.61316e-05	7.00475e-05	8.38884e-05	9.76401e-05	0.000111289	0.000124821	0.000138223	0.000151481	0.000164583	0.000177514	0.000190263	0.000202816	0.000215161	0.000227285	0.000239178	0.000250825	0.000262217	0.000273341	0.000284188	0.000294744	0.000305002	0.000314949	0.000324577	0.000333875	0.000342835	0.000351447	0.000359703	0.000367594	0.000375114	0.000382254	0.000389007	0.000395368	0.000401328	0.000406883	0.000412027	0.000416755	0.000421062	0.000424944	0.000428397	0.000431418	0.000434005	0.000436153	0.000437862	0.00043913	0.000439955	0.000440337	0.000440276	0.000439771	0.000438824	0.000437435	0.000435606	0.000433339	0.000430636	0.000427501	0.000423935	0.000419944	0.000415531	0.0004107	0.000405457	0.000399807	0.000393756	0.000387311	0.000380476	0.000373261	0.000365671	0.000357715	0.000349402	0.000340738	0.000331734	0.000322398	0.00031274	0.00030277	0.000292498	0.000281934	0.000271089	0.000259974	0.000248601	0.000236981	0.000225126	0.000213048	0.000200759	0.000188272	0.000175599	0.000162753	0.000149748	0.000136597	0.000123312	0.000109908	9.63975e-05	8.27946e-05	6.91129e-05	5.5366e-05	4.15676e-05	2.77314e-05	1.3871e-05	0	
0	1.8741e-05	3.74579e-05	5.61316e-05	7.47429e-05	9.3273e-05	0.000111703	0.000130015	0.000148189	0.000166208	0.000184054	0.000201708	0.000219154	0.000236373	0.000253349	0.000270064	0.000286502	0.000302647	0.000318482	0.000333992	0.000349161	0.000363974	0.000378417	0.000392474	0.000406132	0.000419378	0.000432198	0.000444579	0.000456509	0.000467977	0.000478971	0.000489479	0.000499492	0.000509	0.000517992	0.000526461	0.000534398	0.000541795	0.000548644	0.00055494	0.000560675	0.000565844	0.000570443	0.000574466	0.00057791	0.000580771	0.000583046	0.000584734	0.000585833	0.000586342	0.00058626	0.000585588	0.000584327	0.000582478	0.000580042	0.000577024	0.000573425	0.000569249	0.000564502	0.000559187	0.00055331	0.000546878	0.000539897	0.000532374	0.000524317	0.000515733	0.000506633	0.000497025	0.000486919	0.000476325	0.000465255	0.000453719	0.000441729	0.000429298	0.000416437	0.000403161	0.000389483	0.000375416	0.000360976	0.000346176	0.000331032	0.000315559	0.000299773	0.00028369	0.000267326	0.000250698	0.000233824	0.000216719	0.000199402	0.00018189	0.0001642	0.000146351	0.000128361	0.000110248	9.20296e-05	7.37245e-05	5.53508e-05	3.69267e-05	1.84704e-05	0	
0	2.33871e-05	4.67443e-05	7.00475e-05	9.3273e-05	0.000116397	0.000139396	0.000162248	0.000184928	0.000207414	0.000229684	0.000251716	0.000273487	0.000294975	0.000316159	0.000337019	0.000357533	0.00037768	0.000397441	0.000416796	0.000435726	0.000454212	0.000472235	0.000489777	0.000506822	0.000523352	0.00053935	0.000554801	0.000569689	0.000584	0.000597719	0.000610833	0.000623328	0.000635193	0.000646415	0.000656984	0.000666889	0.000676119	0.000684667	0.000692523	0.00069968	0.000706131	0.00071187	0.00071689	0.000721188	0.000724758	0.000727598	0.000729705	0.000731076	0.000731711	0.000731609	0.000730771	0.000729197	0.000726889	0.00072385	0.000720083	0.000715591	0.000710381	0.000704456	0.000697824	0.00069049	0.000682463	0.000673751	0.000664363	0.000654308	0.000643597	0.000632241	0.000620251	0.000607639	0.000594419	0.000580604	0.000566208	0.000551246	0.000535732	0.000519684	0.000503116	0.000486047	0.000468492	0.000450472	0.000432002	0.000413104	0.000393795	0.000374095	0.000354024	0.000333604	0.000312854	0.000291795	0.00027045	0.000248839	0.000226986	0.00020491	0.000182636	0.000160186	0.000137582	0.000114847	9.20032e-05	6.90741e-05	4.60821e-05	2.30499e-05	0	
0	2.80082e-05	5.59806e-05	8.38884e-05	0.000111703	0.000139396	0.00016694	0.000194307	0.000221469	0.000248398	0.000275069	0.000301454	0.000327526	0.000353261	0.000378631	0.000403613	0.00042818	0.000452309	0.000475975	0.000499154	0.000521825	0.000543963	0.000565547	0.000586556	0.000606969	0.000626765	0.000645925	0.000664429	0.000682259	0.000699398	0.000715828	0.000731533	0.000746497	0.000760707	0.000774146	0.000786803	0.000798665	0.00080972	0.000819957	0.000829365	0.000837937	0.000845663	0.000852535	0.000858548	0.000863694	0.00086797	0.000871371	0.000873894	0.000875536	0.000876297	0.000876175	0.000875171	0.000873286	0.000870522	0.000866883	0.000862371	0.000856992	0.000850752	0.000843657	0.000835714	0.000826931	0.000817318	0.000806885	0.000795642	0.0007836	0.000770773	0.000757172	0.000742813	0.000727709	0.000711877	0.000695332	0.000678091	0.000660172	0.000641593	0.000622374	0.000602532	0.00058209	0.000561067	0.000539486	0.000517367	0.000494734	0.000471609	0.000448017	0.000423981	0.000399525	0.000374675	0.000349455	0.000323892	0.000298011	0.000271839	0.000245402	0.000218726	0.00019184	0.000164769	0.000137541	0.000110184	8.27237e-05	5.51883e-05	2.76048e-05	0	
0	3.25995e-05	6.51574e-05	9.76401e-05	0.000130015	0.000162248	0.000194307	0.00022616	0.000257774	0.000289119	0.000320162	0.000350872	0.000381219	0.000411172	0.000440702	0.000469778	0.000498373	0.000526457	0.000554003	0.000580983	0.000607369	0.000633137	0.00065826	0.000682713	0.000706472	0.000729514	0.000751814	0.000773352	0.000794105	0.000814053	0.000833177	0.000851457	0.000868875	0.000885413	0.000901056	0.000915788	0.000929595	0.000942462	0.000954377	0.000965328	0.000975305	0.000984297	0.000992296	0.000999294	0.00100528	0.00101026	0.00101422	0.00101716	0.00101907	0.00101995	0.00101981	0.00101864	0.00101645	0.00101323	0.001009	0.00100375	0.000997485	0.000990221	0.000981963	0.000972718	0.000962496	0.000951307	0.000939163	0.000926077	0.000912061	0.000897131	0.000881301	0.000864587	0.000847008	0.00082858	0.000809323	0.000789256	0.000768399	0.000746775	0.000724404	0.00070131	0.000677517	0.000653047	0.000627928	0.000602183	0.00057584	0.000548924	0.000521464	0.000493487	0.000465023	0.000436099	0.000406745	0.000376991	0.000346867	0.000316404	0.000285633	0.000254585	0.00022329	0.000191782	0.00016009	0.000128248	9.62857e-05	6.42362e-05	3.21304e-05	0	
0	3.71565e-05	7.42655e-05	0.000111289	0.000148189	0.000184928	0.000221469	0.000257774	0.000293808	0.000329534	0.000364917	0.00039992	0.000434509	0.00046865	0.000502308	0.000535449	0.000568041	0.000600051	0.000631448	0.000662199	0.000692275	0.000721644	0.000750279	0.000778151	0.000805231	0.000831494	0.000856912	0.00088146	0.000905115	0.000927852	0.000949649	0.000970484	0.000990337	0.00100919	0.00102702	0.00104381	0.00105955	0.00107421	0.00108779	0.00110027	0.00111165	0.00112189	0.00113101	0.00113899	0.00114582	0.00115149	0.001156	0.00115935	0.00116153	0.00116254	0.00116237	0.00116104	0.00115854	0.00115488	0.00115005	0.00114406	0.00113693	0.00112865	0.00111924	0.0011087	0.00109705	0.00108429	0.00107045	0.00105554	0.00103956	0.00102254	0.0010045	0.000985452	0.000965415	0.000944411	0.000922461	0.000899589	0.000875817	0.00085117	0.000825672	0.00079935	0.00077223	0.00074434	0.000715709	0.000686365	0.000656339	0.000625661	0.000594363	0.000562475	0.000530031	0.000497063	0.000463606	0.000429693	0.000395358	0.000360637	0.000325564	0.000290175	0.000254506	0.000218592	0.000182471	0.000146177	0.000109747	7.32164e-05	3.66223e-05	0	
0	4.16745e-05	8.32958e-05	0.000124821	0.000166208	0.000207414	0.000248398	0.000289119	0.000329534	0.000369605	0.00040929	0.000448549	0.000487345	0.000525637	0.000563387	0.000600559	0.000637114	0.000673017	0.000708231	0.000742722	0.000776454	0.000809396	0.000841513	0.000872774	0.000903147	0.000932603	0.000961112	0.000988645	0.00101518	0.00104068	0.00106513	0.00108849	0.00111076	0.0011319	0.0011519	0.00117074	0.00118839	0.00120484	0.00122007	0.00123407	0.00124682	0.00125832	0.00126854	0.00127749	0.00128515	0.00129151	0.00129657	0.00130033	0.00130277	0.0013039	0.00130372	0.00130223	0.00129942	0.00129531	0.00128989	0.00128318	0.00127518	0.00126589	0.00125534	0.00124352	0.00123045	0.00121615	0.00120062	0.00118389	0.00116597	0.00114689	0.00112665	0.00110528	0.00108281	0.00105925	0.00103463	0.00100898	0.000982318	0.000954674	0.000926075	0.000896552	0.000866135	0.000834854	0.000802741	0.000769829	0.000736152	0.000701744	0.000666639	0.000630874	0.000594484	0.000557508	0.000519982	0.000481945	0.000443435	0.000404492	0.000365154	0.000325462	0.000285455	0.000245175	0.00020466	0.000163953	0.000123092	8.21201e-05	4.10759e-05	0	
0	4.6149e-05	9.22392e-05	0.000138223	0.000184054	0.000229684	0.000275069	0.000320162	0.000364917	0.00040929	0.000453236	0.000496711	0.000539672	0.000582075	0.00062388	0.000665042	0.000705523	0.00074528	0.000784276	0.00082247	0.000859825	0.000896303	0.000931869	0.000966486	0.00100012	0.00103274	0.00106431	0.0010948	0.00112418	0.00115242	0.00117949	0.00120537	0.00123003	0.00125344	0.00127559	0.00129644	0.00131599	0.0013342	0.00135107	0.00136657	0.0013807	0.00139343	0.00140475	0.00141466	0.00142314	0.00143019	0.00143579	0.00143995	0.00144265	0.00144391	0.00144371	0.00144205	0.00143895	0.00143439	0.0014284	0.00142096	0.0014121	0.00140182	0.00139013	0.00137704	0.00136257	0.00134673	0.00132954	0.00131101	0.00129117	0.00127003	0.00124762	0.00122396	0.00119908	0.00117299	0.00114573	0.00111732	0.0010878	0.00105718	0.00102551	0.000992821	0.000959137	0.000924497	0.000888937	0.000852491	0.000815198	0.000777095	0.000738221	0.000698615	0.000658319	0.000617372	0.000575817	0.000533695	0.000491051	0.000447925	0.000404364	0.00036041	0.000316107	0.000271501	0.000226637	0.000181558	0.00013631	9.09383e-05	4.54867e-05	0	
0	5.05756e-05	0.000101087	0.000151481	0.000201708	0.000251716	0.000301454	0.000350872	0.00039992	0.000448549	0.000496711	0.000544356	0.000591438	0.00063791	0.000683724	0.000728835	0.000773198	0.00081677	0.000859506	0.000901364	0.000942302	0.00098228	0.00102126	0.0010592	0.00109606	0.0011318	0.0011664	0.00119982	0.00123202	0.00126296	0.00129263	0.00132099	0.00134802	0.00137368	0.00139795	0.0014208	0.00144222	0.00146219	0.00148067	0.00149766	0.00151314	0.00152709	0.0015395	0.00155036	0.00155966	0.00156738	0.00157352	0.00157807	0.00158104	0.00158241	0.00158219	0.00158038	0.00157698	0.00157199	0.00156542	0.00155727	0.00154756	0.00153629	0.00152348	0.00150913	0.00149327	0.00147591	0.00145707	0.00143677	0.00141503	0.00139186	0.0013673	0.00134137	0.0013141	0.00128551	0.00125563	0.0012245	0.00119214	0.00115859	0.00112389	0.00108806	0.00105114	0.00101318	0.000974209	0.000934267	0.000893397	0.000851639	0.000809036	0.000765631	0.000721469	0.000676595	0.000631054	0.000584892	0.000538156	0.000490894	0.000443154	0.000394983	0.000346431	0.000297546	0.000248378	0.000198975	0.000149387	9.9662e-05	4.98503e-05	0	
0	5.49498e-05	0.00010983	0.000164583	0.000219154	0.000273487	0.000327526	0.000381219	0.000434509	0.000487345	0.000539672	0.000591438	0.000642593	0.000693083	0.00074286	0.000791873	0.000840074	0.000887414	0.000933846	0.000979325	0.0010238	0.00106724	0.00110959	0.00115081	0.00119086	0.0012297	0.00126729	0.00130359	0.00133858	0.0013722	0.00140444	0.00143525	0.00146461	0.00149249	0.00151886	0.00154369	0.00156697	0.00158866	0.00160874	0.0016272	0.00164402	0.00165918	0.00167266	0.00168446	0.00169456	0.00170294	0.00170962	0.00171457	0.00171779	0.00171928	0.00171904	0.00171707	0.00171338	0.00170795	0.00170081	0.00169196	0.00168141	0.00166917	0.00165525	0.00163966	0.00162243	0.00160357	0.0015831	0.00156104	0.00153742	0.00151225	0.00148557	0.0014574	0.00142776	0.0013967	0.00136424	0.00133041	0.00129526	0.00125881	0.0012211	0.00118217	0.00114206	0.00110082	0.00105847	0.00101508	0.000970671	0.000925302	0.000879014	0.000831855	0.000783873	0.000735118	0.000685637	0.000635483	0.000584705	0.000533355	0.000481485	0.000429148	0.000376396	0.000323283	0.000269862	0.000216186	0.000162308	0.000108283	5.41623e-05	0	
0	5.92672e-05	0.000118459	0.000177514	0.000236373	0.000294975	0.000353261	0.000411172	0.00046865	0.000525637	0.000582075	0.00063791	0.000693083	0.000747541	0.000801229	0.000854093	0.000906082	0.000957142	0.00100722	0.00105627	0.00110425	0.0011511	0.00119677	0.00124123	0.00128443	0.00132632	0.00136686	0.00140602	0.00144375	0.00148002	0.00151479	0.00154803	0.00157969	0.00160976	0.0016382	0.00166499	0.00169009	0.00171348	0.00173515	0.00175506	0.0017732	0.00178955	0.00180409	0.00181681	0.00182771	0.00183675	0.00184395	0.00184929	0.00185277	0.00185438	0.00185412	0.001852	0.00184801	0.00184216	0.00183446	0.00182491	0.00181353	0.00180032	0.00178531	0.0017685	0.00174992	0.00172958	0.0017075	0.0016837	0.00165822	0.00163108	0.0016023	0.00157191	0.00153995	0.00150645	0.00147144	0.00143495	0.00139703	0.00135772	0.00131705	0.00127506	0.0012318	0.00118731	0.00114165	0.00109484	0.00104694	0.000998009	0.000948084	0.00089722	0.000845468	0.000792882	0.000739513	0.000685418	0.00063065	0.000575265	0.00051932	0.00046287	0.000405973	0.000348687	0.000291068	0.000233174	0.000175063	0.000116792	5.84184e-05	0	
0	6.35236e-05	0.000126966	0.000190263	0.000253349	0.000316159	0.000378631	0.000440702	0.000502308	0.000563387	0.00062388	0.000683724	0.00074286	0.000801229	0.000858773	0.000915434	0.000971156	0.00102588	0.00107956	0.00113214	0.00118356	0.00123377	0.00128273	0.00133038	0.00137668	0.00142158	0.00146503	0.001507	0.00154745	0.00158632	0.00162359	0.00165921	0.00169315	0.00172538	0.00175586	0.00178457	0.00181147	0.00183655	0.00185977	0.00188111	0.00190055	0.00191807	0.00193366	0.0019473	0.00195897	0.00196867	0.00197639	0.00198211	0.00198584	0.00198756	0.00198729	0.00198501	0.00198073	0.00197447	0.00196621	0.00195598	0.00194378	0.00192963	0.00191353	0.00189552	0.0018756	0.0018538	0.00183013	0.00180463	0.00177732	0.00174823	0.00171738	0.00168481	0.00165055	0.00161464	0.00157712	0.00153802	0.00149737	0.00145523	0.00141164	0.00136664	0.00132027	0.00127259	0.00122364	0.00117347	0.00112214	0.00106969	0.00101618	0.000961661	0.000906193	0.000849829	0.000792628	0.000734647	0.000675946	0.000616583	0.00055662	0.000496116	0.000435132	0.000373731	0.000311974	0.000249922	0.000187637	0.00012518	6.26144e-05	0	
0	6.77147e-05	0.000135343	0.000202816	0.000270064	0.000337019	0.000403613	0.000469778	0.000535449	0.000600559	0.000665042	0.000728835	0.000791873	0.000854093	0.000915434	0.000975834	0.00103523	0.00109357	0.00115079	0.00120683	0.00126165	0.00131517	0.00136736	0.00141816	0.00146751	0.00151537	0.0015617	0.00160644	0.00164955	0.00169098	0.00173071	0.00176868	0.00180486	0.00183922	0.00187171	0.00190232	0.001931	0.00195773	0.00198248	0.00200523	0.00202595	0.00204463	0.00206125	0.00207578	0.00208823	0.00209857	0.00210679	0.00211289	0.00211686	0.0021187	0.00211841	0.00211598	0.00211142	0.00210474	0.00209594	0.00208504	0.00207203	0.00205695	0.00203979	0.00202059	0.00199935	0.00197611	0.00195089	0.0019237	0.00189459	0.00186358	0.00183069	0.00179598	0.00175946	0.00172118	0.00168118	0.0016395	0.00159617	0.00155125	0.00150478	0.00145681	0.00140739	0.00135656	0.00130438	0.0012509	0.00119618	0.00114027	0.00108323	0.00102511	0.000965986	0.000905903	0.000844928	0.000783121	0.000720547	0.000657267	0.000593347	0.000528851	0.000463844	0.000398392	0.000332559	0.000266413	0.000200018	0.00013344	6.67461e-05	0	
0	7.18363e-05	0.000143581	0.000215161	0.000286502	0.000357533	0.00042818	0.000498373	0.000568041	0.000637114	0.000705523	0.000773198	0.000840074	0.000906082	0.000971156	0.00103523	0.00109825	0.00116014	0.00122084	0.00128029	0.00133844	0.00139523	0.00145059	0.00150448	0.00155684	0.00160761	0.00165676	0.00170422	0.00174996	0.00179392	0.00183606	0.00187634	0.00191473	0.00195117	0.00198565	0.00201811	0.00204854	0.00207689	0.00210315	0.00212729	0.00214927	0.00216909	0.00218672	0.00220214	0.00221534	0.00222631	0.00223503	0.00224151	0.00224572	0.00224767	0.00224736	0.00224478	0.00223995	0.00223286	0.00222353	0.00221196	0.00219816	0.00218216	0.00216396	0.00214358	0.00212106	0.0020964	0.00206964	0.0020408	0.00200992	0.00197702	0.00194213	0.0019053	0.00186656	0.00182595	0.00178352	0.0017393	0.00169333	0.00164568	0.00159638	0.00154549	0.00149306	0.00143914	0.00138378	0.00132705	0.00126899	0.00120968	0.00114917	0.00108752	0.00102479	0.000961049	0.000896361	0.000830793	0.000764409	0.000697278	0.000629467	0.000561045	0.00049208	0.000422644	0.000352804	0.00028263	0.000212194	0.000141564	7.08093e-05	0	
0	7.58844e-05	0.000151672	0.000227285	0.000302647	0.00037768	0.000452309	0.000526457	0.000600051	0.000673017	0.00074528	0.00081677	0.000887414	0.000957142	0.00102588	0.00109357	0.00116014	0.00122551	0.00128964	0.00135244	0.00141387	0.00147385	0.00153234	0.00158926	0.00164457	0.00169821	0.00175012	0.00180026	0.00184857	0.00189501	0.00193953	0.00198208	0.00202263	0.00206113	0.00209755	0.00213184	0.00216398	0.00219394	0.00222167	0.00224717	0.00227039	0.00229133	0.00230995	0.00232624	0.00234019	0.00235177	0.00236099	0.00236782	0.00237228	0.00237434	0.00237401	0.00237129	0.00236618	0.00235869	0.00234883	0.00233661	0.00232204	0.00230513	0.00228591	0.00226439	0.00224059	0.00221454	0.00218628	0.00215581	0.00212319	0.00208843	0.00205158	0.00201267	0.00197175	0.00192886	0.00188403	0.00183731	0.00178876	0.00173842	0.00168635	0.00163259	0.0015772	0.00152024	0.00146176	0.00140183	0.00134051	0.00127785	0.00121393	0.0011488	0.00108254	0.00101521	0.000946877	0.000877613	0.000807488	0.000736574	0.000664941	0.000592663	0.000519813	0.000446463	0.000372687	0.000298559	0.000224153	0.000149542	7.48e-05	0	
0	7.98548e-05	0.000159608	0.000239178	0.000318482	0.000397441	0.000475975	0.000554003	0.000631448	0.000708231	0.000784276	0.000859506	0.000933846	0.00100722	0.00107956	0.00115079	0.00122084	0.00128964	0.00135712	0.00142321	0.00148785	0.00155097	0.00161252	0.00167242	0.00173062	0.00178707	0.0018417	0.00189446	0.0019453	0.00199416	0.00204101	0.00208579	0.00212846	0.00216898	0.0022073	0.00224339	0.00227721	0.00230873	0.00233792	0.00236475	0.00238919	0.00241122	0.00243082	0.00244796	0.00246264	0.00247483	0.00248453	0.00249172	0.0024964	0.00249857	0.00249823	0.00249537	0.00248999	0.00248211	0.00247174	0.00245887	0.00244354	0.00242575	0.00240552	0.00238287	0.00235783	0.00233042	0.00230067	0.00226862	0.00223428	0.00219771	0.00215893	0.00211799	0.00207493	0.00202978	0.00198261	0.00193345	0.00188236	0.00182939	0.00177459	0.00171802	0.00165973	0.00159979	0.00153825	0.00147519	0.00141065	0.00134472	0.00127745	0.00120892	0.00113919	0.00106833	0.000996424	0.000923536	0.000849742	0.000775117	0.000699736	0.000623676	0.000547013	0.000469825	0.000392189	0.000314182	0.000235882	0.000157367	7.87142e-05	0	
0	8.37436e-05	0.000167381	0.000250825	0.000333992	0.000416796	0.000499154	0.000580983	0.000662199	0.000742722	0.00082247	0.000901364	0.000979325	0.00105627	0.00113214	0.00120683	0.00128029	0.00135244	0.00142321	0.00149252	0.00156031	0.0016265	0.00169105	0.00175387	0.0018149	0.0018741	0.00193139	0.00198672	0.00204004	0.00209128	0.00214041	0.00218737	0.00223212	0.00227461	0.0023148	0.00235265	0.00238811	0.00242117	0.00245178	0.00247992	0.00250555	0.00252865	0.0025492	0.00256718	0.00258257	0.00259536	0.00260553	0.00261307	0.00261798	0.00262026	0.0026199	0.00261689	0.00261126	0.002603	0.00259211	0.00257863	0.00256254	0.00254389	0.00252267	0.00249892	0.00247266	0.00244392	0.00241272	0.0023791	0.0023431	0.00230474	0.00226408	0.00222114	0.00217598	0.00212864	0.00207917	0.00202762	0.00197404	0.00191848	0.00186102	0.00180169	0.00174056	0.0016777	0.00161317	0.00154703	0.00147936	0.00141021	0.00133967	0.0012678	0.00119467	0.00112036	0.00104495	0.000968515	0.000891128	0.000812868	0.000733816	0.000654052	0.000573655	0.000492708	0.00041129	0.000329484	0.000247371	0.000165032	8.2548e-05	0	
0	8.7547e-05	0.000174983	0.000262217	0.000349161	0.000435726	0.000521825	0.000607369	0.000692275	0.000776454	0.000859825	0.000942302	0.0010238	0.00110425	0.00118356	0.00126165	0.00133844	0.00141387	0.00148785	0.00156031	0.00163117	0.00170038	0.00176785	0.00183353	0.00189734	0.00195922	0.00201911	0.00207695	0.00213269	0.00218627	0.00223763	0.00228672	0.0023335	0.00237792	0.00241993	0.0024595	0.00249658	0.00253114	0.00256314	0.00259255	0.00261935	0.0026435	0.00266498	0.00268378	0.00269987	0.00271324	0.00272387	0.00273176	0.00273689	0.00273927	0.00273889	0.00273575	0.00272986	0.00272122	0.00270985	0.00269575	0.00267893	0.00265943	0.00263725	0.00261242	0.00258497	0.00255492	0.00252231	0.00248716	0.00244952	0.00240942	0.00236691	0.00232203	0.00227481	0.00222532	0.00217361	0.00211971	0.0020637	0.00200562	0.00194554	0.00188352	0.00181962	0.0017539	0.00168644	0.0016173	0.00154655	0.00147426	0.00140052	0.00132538	0.00124893	0.00117125	0.00109242	0.00101251	0.000931604	0.00084979	0.000767147	0.00068376	0.000599712	0.000515087	0.000429972	0.00034445	0.000258607	0.000172528	8.62975e-05	0	
0	9.12611e-05	0.000182406	0.000273341	0.000363974	0.000454212	0.000543963	0.000633137	0.000721644	0.000809396	0.000896303	0.00098228	0.00106724	0.0011511	0.00123377	0.00131517	0.00139523	0.00147385	0.00155097	0.0016265	0.00170038	0.00177252	0.00184285	0.00191132	0.00197783	0.00204234	0.00210477	0.00216507	0.00222317	0.00227902	0.00233256	0.00238374	0.00243251	0.00247881	0.0025226	0.00256385	0.0026025	0.00263853	0.00267189	0.00270255	0.00273048	0.00275566	0.00277805	0.00279764	0.00281442	0.00282835	0.00283944	0.00284766	0.00285301	0.00285549	0.00285509	0.00285182	0.00284568	0.00283668	0.00282482	0.00281012	0.00279259	0.00277226	0.00274914	0.00272326	0.00269464	0.00266332	0.00262932	0.00259269	0.00255345	0.00251165	0.00246733	0.00242054	0.00237133	0.00231974	0.00226583	0.00220965	0.00215126	0.00209072	0.00202809	0.00196344	0.00189682	0.00182832	0.00175799	0.00168592	0.00161217	0.00153682	0.00145994	0.00138161	0.00130192	0.00122095	0.00113877	0.00105547	0.000971131	0.000885846	0.000799697	0.000712771	0.000625157	0.000536942	0.000448215	0.000359065	0.00026958	0.000179848	8.99592e-05	0	
0	9.48823e-05	0.000189644	0.000284188	0.000378417	0.000472235	0.000565547	0.00065826	0.000750279	0.000841513	0.000931869	0.00102126	0.00110959	0.00119677	0.00128273	0.00136736	0.00145059	0.00153234	0.00161252	0.00169105	0.00176785	0.00184285	0.00191598	0.00198716	0.00205632	0.00212338	0.00218829	0.00225099	0.00231139	0.00236946	0.00242512	0.00247833	0.00252903	0.00257717	0.00262271	0.00266559	0.00270578	0.00274323	0.00277791	0.00280979	0.00283883	0.002865	0.00288829	0.00290866	0.0029261	0.00294059	0.00295211	0.00296066	0.00296622	0.0029688	0.00296839	0.00296499	0.00295861	0.00294924	0.00293691	0.00292163	0.00290341	0.00288227	0.00285823	0.00283133	0.00280157	0.00276901	0.00273366	0.00269557	0.00265478	0.00261132	0.00256524	0.0025166	0.00246543	0.00241179	0.00235574	0.00229733	0.00223663	0.00217368	0.00210857	0.00204135	0.00197209	0.00190087	0.00182776	0.00175282	0.00167614	0.0015978	0.00151787	0.00143644	0.00135359	0.0012694	0.00118396	0.00109735	0.00100967	0.000920999	0.000831432	0.000741057	0.000649966	0.000558251	0.000466003	0.000373314	0.000280278	0.000186986	9.35292e-05	0	
0	9.84069e-05	0.000196689	0.000294744	0.000392474	0.000489777	0.000586556	0.000682713	0.000778151	0.000872774	0.000966486	0.0010592	0.00115081	0.00124123	0.00133038	0.00141816	0.00150448	0.00158926	0.00167242	0.00175387	0.00183353	0.00191132	0.00198716	0.00206098	0.00213271	0.00220226	0.00226959	0.00233461	0.00239726	0.00245748	0.00251521	0.0025704	0.00262298	0.00267291	0.00272014	0.00276461	0.00280629	0.00284514	0.00288111	0.00291417	0.00294429	0.00297144	0.00299559	0.00301672	0.0030348	0.00304983	0.00306178	0.00307065	0.00307642	0.00307909	0.00307867	0.00307514	0.00306852	0.00305881	0.00304602	0.00303017	0.00301127	0.00298935	0.00296442	0.00293651	0.00290565	0.00287188	0.00283522	0.00279571	0.0027534	0.00270833	0.00266054	0.00261009	0.00255702	0.00250139	0.00244326	0.00238268	0.00231972	0.00225444	0.0021869	0.00211719	0.00204536	0.00197149	0.00189566	0.00181794	0.00173841	0.00165716	0.00157426	0.00148981	0.00140388	0.00131656	0.00122794	0.00113812	0.00104718	0.000955216	0.000862321	0.000768589	0.000674114	0.000578991	0.000483316	0.000387184	0.000290691	0.000193933	9.70041e-05	0	
0	0.000101832	0.000203534	0.000305002	0.000406132	0.000506822	0.000606969	0.000706472	0.000805231	0.000903147	0.00100012	0.00109606	0.00119086	0.00128443	0.00137668	0.00146751	0.00155684	0.00164457	0.00173062	0.0018149	0.00189734	0.00197783	0.00205632	0.00213271	0.00220693	0.00227891	0.00234857	0.00241586	0.00248069	0.00254301	0.00260275	0.00265986	0.00271427	0.00276594	0.0028148	0.00286083	0.00290396	0.00294416	0.00298138	0.00301559	0.00304676	0.00307485	0.00309984	0.00312171	0.00314042	0.00315597	0.00316834	0.00317751	0.00318349	0.00318625	0.00318581	0.00318216	0.00317531	0.00316526	0.00315203	0.00313563	0.00311607	0.00309339	0.00306759	0.00303871	0.00300678	0.00297183	0.00293389	0.00289301	0.00284923	0.00280259	0.00275314	0.00270093	0.00264601	0.00258845	0.00252829	0.0024656	0.00240045	0.0023329	0.00226302	0.00219087	0.00211655	0.00204011	0.00196164	0.00188121	0.00179892	0.00171484	0.00162905	0.00154166	0.00145274	0.00136238	0.00127068	0.00117773	0.00108363	0.000988462	0.000892333	0.000795339	0.000697576	0.000599142	0.000500137	0.00040066	0.000300809	0.000200683	0.00010038	0	
0	0.000105153	0.000210172	0.000314949	0.000419378	0.000523352	0.000626765	0.000729514	0.000831494	0.000932603	0.00103274	0.0011318	0.0012297	0.00132632	0.00142158	0.00151537	0.00160761	0.00169821	0.00178707	0.0018741	0.00195922	0.00204234	0.00212338	0.00220226	0.00227891	0.00235324	0.00242517	0.00249465	0.0025616	0.00262595	0.00268764	0.00274661	0.0028028	0.00285615	0.00290661	0.00295414	0.00299867	0.00304018	0.00307862	0.00311395	0.00314613	0.00317514	0.00320095	0.00322352	0.00324285	0.00325891	0.00327168	0.00328115	0.00328732	0.00329018	0.00328972	0.00328595	0.00327888	0.0032685	0.00325484	0.0032379	0.00321771	0.00319428	0.00316764	0.00313782	0.00310485	0.00306876	0.00302958	0.00298737	0.00294216	0.002894	0.00284294	0.00278902	0.00273232	0.00267287	0.00261076	0.00254602	0.00247875	0.00240899	0.00233683	0.00226233	0.00218558	0.00210665	0.00202562	0.00194257	0.00185759	0.00177077	0.00168219	0.00159194	0.00150012	0.00140682	0.00131213	0.00121615	0.00111897	0.0010207	0.000921439	0.000821281	0.000720329	0.000618685	0.000516451	0.000413729	0.00031062	0.000207229	0.000103655	0	
0	0.000108367	0.000216596	0.000324577	0.000432198	0.00053935	0.000645925	0.000751814	0.000856912	0.000961112	0.00106431	0.0011664	0.00126729	0.00136686	0.00146503	0.0015617	0.00165676	0.00175012	0.0018417	0.00193139	0.00201911	0.00210477	0.00218829	0.00226959	0.00234857	0.00242517	0.00249931	0.00257091	0.00263991	0.00270623	0.0027698	0.00283057	0.00288848	0.00294346	0.00299547	0.00304444	0.00309034	0.00313312	0.00317273	0.00320914	0.00324231	0.00327221	0.0032988	0.00332207	0.00334198	0.00335853	0.00337169	0.00338146	0.00338781	0.00339076	0.00339029	0.00338641	0.00337912	0.00336842	0.00335434	0.00333689	0.00331608	0.00329193	0.00326448	0.00323375	0.00319977	0.00316257	0.0031222	0.0030787	0.00303211	0.00298247	0.00292985	0.00287429	0.00281585	0.00275459	0.00269057	0.00262386	0.00255452	0.00248264	0.00240827	0.0023315	0.0022524	0.00217105	0.00208754	0.00200196	0.00191438	0.0018249	0.00173362	0.00164061	0.00154598	0.00144983	0.00135224	0.00125333	0.00115318	0.00105191	0.00094961	0.00084639	0.000742351	0.0006376	0.00053224	0.000426377	0.000320117	0.000213564	0.000106824	0	
0	0.000111471	0.000222801	0.000333875	0.000444579	0.000554801	0.000664429	0.000773352	0.00088146	0.000988645	0.0010948	0.00119982	0.00130359	0.00140602	0.001507	0.00160644	0.00170422	0.00180026	0.00189446	0.00198672	0.00207695	0.00216507	0.00225099	0.00233461	0.00241586	0.00249465	0.00257091	0.00264457	0.00271554	0.00278375	0.00284915	0.00291166	0.00297123	0.00302779	0.00308128	0.00313166	0.00317888	0.00322288	0.00326363	0.00330108	0.0033352	0.00336595	0.00339331	0.00341724	0.00343773	0.00345475	0.00346829	0.00347833	0.00348487	0.0034879	0.00348742	0.00348342	0.00347592	0.00346493	0.00345044	0.00343249	0.00341108	0.00338624	0.00335801	0.00332639	0.00329144	0.00325318	0.00321165	0.0031669	0.00311897	0.00306792	0.00301379	0.00295664	0.00289652	0.00283351	0.00276765	0.00269903	0.00262771	0.00255376	0.00247726	0.00239829	0.00231693	0.00223325	0.00214735	0.00205931	0.00196923	0.00187719	0.00178328	0.00168761	0.00159027	0.00149136	0.00139098	0.00128923	0.00118622	0.00108205	0.000976817	0.000870639	0.00076362	0.000655868	0.000547489	0.000438594	0.000329289	0.000219683	0.000109884	0	
0	0.000114463	0.00022878	0.000342835	0.000456509	0.000569689	0.000682259	0.000794105	0.000905115	0.00101518	0.00112418	0.00123202	0.00133858	0.00144375	0.00154745	0.00164955	0.00174996	0.00184857	0.0019453	0.00204004	0.00213269	0.00222317	0.00231139	0.00239726	0.00248069	0.0025616	0.00263991	0.00271554	0.00278841	0.00285846	0.00292561	0.0029898	0.00305097	0.00310904	0.00316398	0.00321571	0.00326419	0.00330937	0.00335121	0.00338967	0.00342471	0.00345628	0.00348437	0.00350895	0.00352999	0.00354747	0.00356137	0.00357168	0.0035784	0.00358151	0.00358101	0.00357691	0.00356921	0.00355791	0.00354304	0.0035246	0.00350262	0.00347712	0.00344812	0.00341566	0.00337977	0.00334048	0.00329784	0.00325189	0.00320268	0.00315025	0.00309467	0.00303598	0.00297426	0.00290955	0.00284193	0.00277147	0.00269823	0.0026223	0.00254375	0.00246266	0.00237911	0.00229319	0.00220498	0.00211458	0.00202208	0.00192757	0.00183114	0.00173291	0.00163295	0.00153139	0.00142831	0.00132383	0.00121806	0.00111109	0.00100303	0.000894006	0.000784115	0.00067347	0.000562183	0.000450365	0.000338126	0.000225579	0.000112833	0	
0	0.000117338	0.000234527	0.000351447	0.000467977	0.000584	0.000699398	0.000814053	0.000927852	0.00104068	0.00115242	0.00126296	0.0013722	0.00148002	0.00158632	0.00169098	0.00179392	0.00189501	0.00199416	0.00209128	0.00218627	0.00227902	0.00236946	0.00245748	0.00254301	0.00262595	0.00270623	0.00278375	0.00285846	0.00293027	0.00299911	0.00306491	0.00312761	0.00318715	0.00324346	0.00329649	0.00334619	0.00339251	0.0034354	0.00347483	0.00351074	0.00354311	0.00357191	0.0035971	0.00361867	0.00363658	0.00365084	0.00366141	0.00366829	0.00367148	0.00367097	0.00366677	0.00365887	0.0036473	0.00363205	0.00361315	0.00359062	0.00356447	0.00353475	0.00350147	0.00346468	0.0034244	0.00338069	0.00333359	0.00328314	0.0032294	0.00317242	0.00311225	0.00304898	0.00298264	0.00291333	0.00284109	0.00276602	0.00268818	0.00260765	0.00252453	0.00243888	0.0023508	0.00226038	0.00216771	0.00207288	0.00197599	0.00187715	0.00177644	0.00167398	0.00156986	0.0014642	0.00135709	0.00124866	0.001139	0.00102823	0.000916466	0.000803815	0.00069039	0.000576307	0.00046168	0.000346622	0.000231246	0.000115668	0	
0	0.000120094	0.000240036	0.000359703	0.000478971	0.000597719	0.000715828	0.000833177	0.000949649	0.00106513	0.00117949	0.00129263	0.00140444	0.00151479	0.00162359	0.00173071	0.00183606	0.00193953	0.00204101	0.00214041	0.00223763	0.00233256	0.00242512	0.00251521	0.00260275	0.00268764	0.0027698	0.00284915	0.00292561	0.00299911	0.00306957	0.00313692	0.00320109	0.00326202	0.00331966	0.00337394	0.0034248	0.00347221	0.00351611	0.00355646	0.00359322	0.00362635	0.00365582	0.00368161	0.00370368	0.00372202	0.00373661	0.00374743	0.00375447	0.00375774	0.00375722	0.00375291	0.00374483	0.00373298	0.00371738	0.00369803	0.00367497	0.00364822	0.00361779	0.00358373	0.00354607	0.00350486	0.00346012	0.00341191	0.00336027	0.00330527	0.00324695	0.00318537	0.00312061	0.00305272	0.00298177	0.00290784	0.002831	0.00275134	0.00266892	0.00258384	0.00249618	0.00240603	0.00231348	0.00221863	0.00212158	0.00202242	0.00192125	0.00181818	0.00171331	0.00160674	0.0014986	0.00138898	0.00127799	0.00116576	0.00105239	0.000937999	0.0008227	0.000706611	0.000589848	0.000472527	0.000354765	0.00023668	0.000118386	0	
0	0.000122729	0.000245303	0.000367594	0.000489479	0.000610833	0.000731533	0.000851457	0.000970484	0.00108849	0.00120537	0.00132099	0.00143525	0.00154803	0.00165921	0.00176868	0.00187634	0.00198208	0.00208579	0.00218737	0.00228672	0.00238374	0.00247833	0.0025704	0.00265986	0.00274661	0.00283057	0.00291166	0.0029898	0.00306491	0.00313692	0.00320574	0.00327132	0.00333359	0.00339249	0.00344796	0.00349995	0.00354839	0.00359326	0.00363449	0.00367206	0.00370592	0.00373604	0.00376239	0.00378494	0.00380368	0.00381859	0.00382965	0.00383685	0.00384019	0.00383965	0.00383526	0.003827	0.00381489	0.00379894	0.00377917	0.00375561	0.00372826	0.00369717	0.00366237	0.00362388	0.00358176	0.00353604	0.00348677	0.003434	0.00337779	0.00331819	0.00325527	0.00318908	0.0031197	0.0030472	0.00297164	0.00289312	0.0028117	0.00272748	0.00264053	0.00255095	0.00245882	0.00236425	0.00226732	0.00216813	0.00206679	0.00196341	0.00185807	0.0017509	0.001642	0.00153148	0.00141945	0.00130604	0.00119134	0.00107548	0.000958581	0.000840752	0.000722116	0.000602791	0.000482896	0.00036255	0.000241873	0.000120984	0	
0	0.00012524	0.000250321	0.000375114	0.000499492	0.000623328	0.000746497	0.000868875	0.000990337	0.00111076	0.00123003	0.00134802	0.00146461	0.00157969	0.00169315	0.00180486	0.00191473	0.00202263	0.00212846	0.00223212	0.0023335	0.00243251	0.00252903	0.00262298	0.00271427	0.0028028	0.00288848	0.00297123	0.00305097	0.00312761	0.00320109	0.00327132	0.00333825	0.00340179	0.0034619	0.0035185	0.00357155	0.00362099	0.00366677	0.00370884	0.00374718	0.00378173	0.00381247	0.00383936	0.00386238	0.0038815	0.00389671	0.003908	0.00391534	0.00391875	0.00391821	0.00391372	0.00390529	0.00389293	0.00387666	0.00385649	0.00383244	0.00380454	0.00377281	0.00373729	0.00369802	0.00365503	0.00360838	0.0035581	0.00350425	0.00344689	0.00338607	0.00332186	0.00325432	0.00318352	0.00310954	0.00303244	0.00295231	0.00286923	0.00278328	0.00269455	0.00260314	0.00250913	0.00241261	0.0023137	0.00221249	0.00210908	0.00200358	0.00189609	0.00178672	0.00167559	0.00156281	0.0014485	0.00133276	0.00121571	0.00109749	0.000978193	0.000857954	0.00073689	0.000615123	0.000492775	0.000369968	0.000246822	0.000123459	0	
0	0.000127624	0.000255085	0.000382254	0.000509	0.000635193	0.000760707	0.000885413	0.00100919	0.0011319	0.00125344	0.00137368	0.00149249	0.00160976	0.00172538	0.00183922	0.00195117	0.00206113	0.00216898	0.00227461	0.00237792	0.00247881	0.00257717	0.00267291	0.00276594	0.00285615	0.00294346	0.00302779	0.00310904	0.00318715	0.00326202	0.00333359	0.00340179	0.00346655	0.0035278	0.00358548	0.00363953	0.00368991	0.00373657	0.00377945	0.00381851	0.00385372	0.00388504	0.00391244	0.0039359	0.00395539	0.00397089	0.00398239	0.00398988	0.00399334	0.00399279	0.00398822	0.00397963	0.00396704	0.00395046	0.0039299	0.00390539	0.00387696	0.00384463	0.00380843	0.00376841	0.00372461	0.00367707	0.00362583	0.00357096	0.00351251	0.00345053	0.0033851	0.00331627	0.00324413	0.00316873	0.00309017	0.00300851	0.00292385	0.00283626	0.00274585	0.00265269	0.00255689	0.00245854	0.00235775	0.00225461	0.00214923	0.00204172	0.00193218	0.00182074	0.00170749	0.00159256	0.00147607	0.00135813	0.00123886	0.00111838	0.000996815	0.000874287	0.000750918	0.000626834	0.000502157	0.000377011	0.000251521	0.000125809	0	
0	0.000129878	0.000259592	0.000389007	0.000517992	0.000646415	0.000774146	0.000901056	0.00102702	0.0011519	0.00127559	0.00139795	0.00151886	0.0016382	0.00175586	0.00187171	0.00198565	0.00209755	0.0022073	0.0023148	0.00241993	0.0025226	0.00262271	0.00272014	0.0028148	0.00290661	0.00299547	0.00308128	0.00316398	0.00324346	0.00331966	0.00339249	0.0034619	0.0035278	0.00359013	0.00364883	0.00370384	0.00375511	0.00380259	0.00384622	0.00388598	0.00392181	0.00395368	0.00398157	0.00400544	0.00402527	0.00404105	0.00405275	0.00406037	0.0040639	0.00406334	0.00405869	0.00404995	0.00403713	0.00402026	0.00399934	0.0039744	0.00394546	0.00391256	0.00387573	0.003835	0.00379042	0.00374204	0.0036899	0.00363406	0.00357457	0.0035115	0.00344491	0.00337487	0.00330145	0.00322472	0.00314477	0.00306167	0.00297551	0.00288638	0.00279436	0.00269956	0.00260207	0.00250198	0.00239941	0.00229445	0.0021872	0.00207779	0.00196632	0.00185291	0.00173766	0.0016207	0.00150215	0.00138213	0.00126075	0.00113814	0.00101443	0.000889735	0.000764187	0.00063791	0.00051103	0.000383673	0.000255965	0.000128032	0	
0	0.000132002	0.000263836	0.000395368	0.000526461	0.000656984	0.000786803	0.000915788	0.00104381	0.00117074	0.00129644	0.0014208	0.00154369	0.00166499	0.00178457	0.00190232	0.00201811	0.00213184	0.00224339	0.00235265	0.0024595	0.00256385	0.00266559	0.00276461	0.00286083	0.00295414	0.00304444	0.00313166	0.00321571	0.00329649	0.00337394	0.00344796	0.0035185	0.00358548	0.00364883	0.00370849	0.0037644	0.00381651	0.00386476	0.00390911	0.00394952	0.00398593	0.00401833	0.00404667	0.00407093	0.00409109	0.00410712	0.00411902	0.00412676	0.00413035	0.00412978	0.00412505	0.00411617	0.00410315	0.00408599	0.00406473	0.00403938	0.00400997	0.00397653	0.0039391	0.00389771	0.0038524	0.00380322	0.00375023	0.00369348	0.00363302	0.00356892	0.00350124	0.00343005	0.00335543	0.00327745	0.00319619	0.00311173	0.00302416	0.00293358	0.00284006	0.00274371	0.00264462	0.0025429	0.00243864	0.00233196	0.00222297	0.00211177	0.00199848	0.00188321	0.00176608	0.00164721	0.00152672	0.00140473	0.00128136	0.00115675	0.00103102	0.000904285	0.000776684	0.000648341	0.000519386	0.000389947	0.000260151	0.000130126	0	
