0	0	0	0	0	0	0	0	0	0	0	0	0	0	0	0	0	0	0	0	0	0	0	0	0	0	0	0	0	0	0	0	0	0	0	0	0	0	0	0	0	0	0	0	0	0	0	0	0	0	0	0	0	0	0	0	0	0	0	0	0	0	0	0	0	0	0	0	0	0	0	0	0	0	0	0	0	0	0	0	0	0	0	0	0	0	0	0	0	0	0	0	0	0	0	0	0	0	0	0	
0	4.4908e-06	8.97578e-06	1.34503e-05	1.79098e-05	2.23498e-05	2.67658e-05	3.11532e-05	3.55078e-05	3.98251e-05	4.41008e-05	4.83307e-05	5.25104e-05	5.66359e-05	6.0703e-05	6.47076e-05	6.86459e-05	7.25137e-05	7.63074e-05	8.0023e-05	8.3657e-05	8.72057e-05	9.06655e-05	9.40331e-05	9.7305e-05	0.000100478	0.000103549	0.000106515	0.000109373	0.00011212	0.000114753	0.00011727	0.000119668	0.000121946	0.0001241	0.000126128	0.000128029	0.0001298	0.000131441	0.000132948	0.000134322	0.00013556	0.000136661	0.000137624	0.000138448	0.000139133	0.000139677	0.000140081	0.000140344	0.000140465	0.000140445	0.000140283	0.000139981	0.000139537	0.000138953	0.000138229	0.000137366	0.000136366	0.000135228	0.000133954	0.000132546	0.000131004	0.000129331	0.000127528	0.000125598	0.000123541	0.000121361	0.000119059	0.000116637	0.000114099	0.000111447	0.000108683	0.00010581	0.000102832	9.9751e-05	9.65705e-05	9.32936e-05	8.99237e-05	8.64643e-05	8.29188e-05	7.9291e-05	7.55843e-05	7.18028e-05	6.79501e-05	6.40303e-05	6.00472e-05	5.6005e-05	5.19078e-05	4.77597e-05	4.3565e-05	3.93279e-05	3.50526e-05	3.07436e-05	2.64051e-05	2.20415e-05	1.76572e-05	1.32565e-05	8.84389e-06	4.4236e-06	0	
0	8.97578e-06	1.79399e-05	2.68832e-05	3.57965e-05	4.46708e-05	5.3497e-05	6.22663e-05	7.09698e-05	7.95989e-05	8.81449e-05	9.65991e-05	0.000104953	0.000113199	0.000121328	0.000129332	0.000137203	0.000144934	0.000152517	0.000159943	0.000167207	0.000174299	0.000181215	0.000187945	0.000194485	0.000200827	0.000206965	0.000212893	0.000218605	0.000224096	0.000229359	0.00023439	0.000239183	0.000243735	0.00024804	0.000252094	0.000255894	0.000259434	0.000262713	0.000265726	0.000268471	0.000270946	0.000273146	0.000275071	0.000276719	0.000278088	0.000279176	0.000279983	0.000280508	0.00028075	0.00028071	0.000280387	0.000279782	0.000278895	0.000277728	0.000276281	0.000274557	0.000272557	0.000270282	0.000267736	0.000264922	0.000261841	0.000258497	0.000254894	0.000251035	0.000246924	0.000242566	0.000237965	0.000233125	0.000228052	0.000222751	0.000217227	0.000211485	0.000205533	0.000199375	0.000193018	0.000186468	0.000179733	0.000172818	0.000165732	0.000158481	0.000151072	0.000143514	0.000135814	0.000127979	0.000120018	0.000111939	0.00010375	9.54587e-05	8.70746e-05	7.86057e-05	7.00607e-05	6.14481e-05	5.27767e-05	4.40551e-05	3.5292e-05	2.64963e-05	1.76766e-05	8.84163e-06	0	
0	1.34503e-05	2.68832e-05	4.02849e-05	5.36416e-05	6.69398e-05	8.01661e-05	9.33071e-05	0.00010635	0.00011928	0.000132087	0.000144756	0.000157275	0.000169631	0.000181812	0.000193807	0.000205602	0.000217187	0.00022855	0.000239679	0.000250563	0.000261192	0.000271554	0.000281641	0.000291441	0.000300944	0.000310142	0.000319025	0.000327585	0.000335813	0.0003437	0.000351239	0.000358422	0.000365243	0.000371694	0.000377769	0.000383463	0.000388769	0.000393682	0.000398198	0.000402311	0.000406019	0.000409316	0.000412201	0.00041467	0.000416721	0.000418352	0.000419562	0.000420348	0.000420712	0.000420651	0.000420167	0.000419261	0.000417932	0.000416183	0.000414015	0.000411431	0.000408433	0.000405025	0.00040121	0.000396992	0.000392375	0.000387364	0.000381965	0.000376183	0.000370023	0.000363492	0.000356597	0.000349345	0.000341742	0.000333798	0.00032552	0.000316917	0.000307996	0.000298768	0.000289242	0.000279427	0.000269334	0.000258973	0.000248354	0.000237488	0.000226386	0.00021506	0.000203521	0.00019178	0.00017985	0.000167744	0.000155472	0.000143048	0.000130484	0.000117793	0.000104988	9.2082e-05	7.90876e-05	6.60181e-05	5.28864e-05	3.97057e-05	2.64891e-05	1.32495e-05	0	
0	1.79098e-05	3.57965e-05	5.36416e-05	7.14269e-05	8.91344e-05	0.000106746	0.000124244	0.000141611	0.000158829	0.000175882	0.000192751	0.000209421	0.000225874	0.000242095	0.000258066	0.000273773	0.000289199	0.000304329	0.000319148	0.000333641	0.000347794	0.000361592	0.000375023	0.000388072	0.000400727	0.000412975	0.000424803	0.000436201	0.000447156	0.000457659	0.000467698	0.000477263	0.000486345	0.000494935	0.000503025	0.000510606	0.000517671	0.000524214	0.000530227	0.000535704	0.000540641	0.000545032	0.000548873	0.000552161	0.000554892	0.000557064	0.000558675	0.000559722	0.000560206	0.000560125	0.000559481	0.000558274	0.000556504	0.000554175	0.000551289	0.000547848	0.000543856	0.000539318	0.000534238	0.000528621	0.000522474	0.000515802	0.000508612	0.000500913	0.00049271	0.000484014	0.000474833	0.000465176	0.000455053	0.000444475	0.000433452	0.000421996	0.000410118	0.000397831	0.000385146	0.000372077	0.000358637	0.00034484	0.0003307	0.000316232	0.000301449	0.000286367	0.000271002	0.000255369	0.000239484	0.000223362	0.000207022	0.000190478	0.000173749	0.00015685	0.0001398	0.000122614	0.000105311	8.7908e-05	7.04223e-05	5.28712e-05	3.52723e-05	1.76428e-05	0	
0	2.23498e-05	4.46708e-05	6.69398e-05	8.91344e-05	0.000111232	0.00013321	0.000155046	0.000176718	0.000198205	0.000219485	0.000240537	0.000261339	0.000281872	0.000302114	0.000322045	0.000341645	0.000360895	0.000379776	0.000398269	0.000416356	0.000434017	0.000451237	0.000467997	0.000484281	0.000500074	0.000515358	0.000530119	0.000544342	0.000558014	0.00057112	0.000583648	0.000595584	0.000606918	0.000617638	0.000627733	0.000637194	0.000646011	0.000654175	0.000661679	0.000668514	0.000674675	0.000680155	0.000684949	0.000689052	0.00069246	0.00069517	0.00069718	0.000698487	0.000699091	0.00069899	0.000698186	0.00069668	0.000694472	0.000691565	0.000687963	0.000683669	0.000678688	0.000673025	0.000666685	0.000659676	0.000652005	0.000643679	0.000634707	0.000625098	0.000614862	0.00060401	0.000592553	0.000580502	0.00056787	0.000554669	0.000540913	0.000526617	0.000511794	0.00049646	0.000480631	0.000464322	0.00044755	0.000430333	0.000412688	0.000394632	0.000376184	0.000357363	0.000338189	0.00031868	0.000298857	0.000278739	0.000258347	0.000237702	0.000216825	0.000195737	0.000174459	0.000153013	0.00013142	0.000109703	8.78818e-05	6.59794e-05	4.40172e-05	2.20169e-05	0	
0	2.67658e-05	5.3497e-05	8.01661e-05	0.000106746	0.00013321	0.00015953	0.000185681	0.000211635	0.000237368	0.000262853	0.000288064	0.000312977	0.000337567	0.000361808	0.000385677	0.000409151	0.000432205	0.000454816	0.000476963	0.000498623	0.000519775	0.000540397	0.000560469	0.000579971	0.000598884	0.000617188	0.000634866	0.0006519	0.000668273	0.000683968	0.000698971	0.000713267	0.00072684	0.000739678	0.000751768	0.000763099	0.000773658	0.000783435	0.000792421	0.000800607	0.000807985	0.000814548	0.000820289	0.000825203	0.000829285	0.000832531	0.000834937	0.000836503	0.000837226	0.000837106	0.000836143	0.000834338	0.000831694	0.000828213	0.0008239	0.000818757	0.000812792	0.00080601	0.000798418	0.000790024	0.000780836	0.000770865	0.00076012	0.000748613	0.000736355	0.000723359	0.000709637	0.000695205	0.000680077	0.000664268	0.000647794	0.000630673	0.000612922	0.000594558	0.000575601	0.000556069	0.000535984	0.000515364	0.000494232	0.000472609	0.000450516	0.000427977	0.000405013	0.00038165	0.000357909	0.000333817	0.000309396	0.000284671	0.000259669	0.000234414	0.000208932	0.000183248	0.000157389	0.00013138	0.000105247	7.9017e-05	5.27151e-05	2.63675e-05	0	
0	3.11532e-05	6.22663e-05	9.33071e-05	0.000124244	0.000155046	0.000185681	0.000216118	0.000246328	0.000276278	0.000305941	0.000335285	0.000364282	0.000392902	0.000421118	0.0004489	0.000476221	0.000503055	0.000529373	0.000555151	0.000580361	0.00060498	0.000628983	0.000652345	0.000675044	0.000697057	0.000718362	0.000738938	0.000758764	0.000777821	0.00079609	0.000813553	0.000830191	0.00084599	0.000860933	0.000875005	0.000888192	0.000900482	0.000911862	0.000922322	0.00093185	0.000940438	0.000948076	0.000954758	0.000960478	0.000965228	0.000969006	0.000971808	0.00097363	0.000974472	0.000974332	0.000973211	0.000971111	0.000968033	0.000963982	0.000958961	0.000952976	0.000946033	0.000938139	0.000929302	0.000919532	0.000908839	0.000897233	0.000884727	0.000871333	0.000857066	0.000841939	0.000825968	0.00080917	0.000791562	0.000773162	0.000753988	0.00073406	0.000713398	0.000692024	0.000669959	0.000647226	0.000623848	0.000599849	0.000575252	0.000550084	0.00052437	0.000498136	0.000471408	0.000444214	0.000416582	0.00038854	0.000360116	0.000331338	0.000302238	0.000272843	0.000243183	0.000213289	0.00018319	0.000152918	0.000122501	9.19707e-05	6.13571e-05	3.06902e-05	0	
0	3.55078e-05	7.09698e-05	0.00010635	0.000141611	0.000176718	0.000211635	0.000246328	0.00028076	0.000314897	0.000348706	0.000382152	0.000415203	0.000447824	0.000479983	0.000511649	0.00054279	0.000573374	0.000603371	0.000632752	0.000661487	0.000689547	0.000716905	0.000743533	0.000769405	0.000794496	0.000818779	0.000842231	0.000864829	0.000886549	0.000907372	0.000927275	0.00094624	0.000964247	0.000981279	0.000997318	0.00101235	0.00102636	0.00103933	0.00105125	0.00106211	0.0010719	0.0010806	0.00108822	0.00109474	0.00110015	0.00110446	0.00110765	0.00110973	0.00111069	0.00111053	0.00110925	0.00110686	0.00110335	0.00109873	0.00109301	0.00108619	0.00107828	0.00106928	0.00105921	0.00104807	0.00103588	0.00102265	0.0010084	0.000993134	0.000976872	0.000959631	0.000941428	0.000922282	0.000902212	0.00088124	0.000859386	0.000836672	0.000813122	0.000788761	0.000763612	0.000737701	0.000711055	0.0006837	0.000655666	0.00062698	0.000597671	0.000567769	0.000537306	0.000506311	0.000474816	0.000442854	0.000410456	0.000377656	0.000344488	0.000310983	0.000277178	0.000243105	0.000208799	0.000174294	0.000139626	0.000104828	6.99344e-05	3.49805e-05	0	
0	3.98251e-05	7.95989e-05	0.00011928	0.000158829	0.000198205	0.000237368	0.000276278	0.000314897	0.000353186	0.000391106	0.000428619	0.000465688	0.000502275	0.000538345	0.000573861	0.000608788	0.000643092	0.000676737	0.00070969	0.000741919	0.000773391	0.000804076	0.000833942	0.00086296	0.000891101	0.000918337	0.00094464	0.000969986	0.000994348	0.0010177	0.00104003	0.0010613	0.00108149	0.0011006	0.00111859	0.00113544	0.00115116	0.0011657	0.00117908	0.00119126	0.00120223	0.001212	0.00122054	0.00122785	0.00123393	0.00123876	0.00124234	0.00124467	0.00124574	0.00124556	0.00124413	0.00124145	0.00123751	0.00123233	0.00122592	0.00121826	0.00120939	0.0011993	0.001188	0.00117551	0.00116184	0.001147	0.00113102	0.00111389	0.00109566	0.00107632	0.0010559	0.00103443	0.00101192	0.000988394	0.000963883	0.000938408	0.000911994	0.00088467	0.000856463	0.000827402	0.000797516	0.000766836	0.000735392	0.000703218	0.000670345	0.000636808	0.00060264	0.000567876	0.000532552	0.000496703	0.000460366	0.000423578	0.000386376	0.000348798	0.000310882	0.000272666	0.000234189	0.000195489	0.000156604	0.000117575	7.84385e-05	3.92342e-05	0	
0	4.41008e-05	8.81449e-05	0.000132087	0.000175882	0.000219485	0.000262853	0.000305941	0.000348706	0.000391106	0.000433097	0.000474638	0.000515686	0.000556202	0.000596145	0.000635475	0.000674152	0.000712138	0.000749395	0.000785887	0.000821576	0.000856428	0.000890407	0.00092348	0.000955613	0.000986776	0.00101694	0.00104606	0.00107413	0.00110111	0.00112697	0.00115169	0.00117525	0.00119761	0.00121876	0.00123869	0.00125735	0.00127475	0.00129086	0.00130567	0.00131916	0.00133132	0.00134213	0.00135159	0.00135969	0.00136641	0.00137176	0.00137573	0.0013783	0.0013795	0.0013793	0.00137771	0.00137474	0.00137038	0.00136465	0.00135754	0.00134907	0.00133924	0.00132806	0.00131555	0.00130172	0.00128659	0.00127016	0.00125245	0.00123349	0.00121329	0.00119188	0.00116927	0.00114549	0.00112057	0.00109452	0.00106737	0.00103916	0.00100991	0.000979657	0.000948421	0.00091624	0.000883145	0.000849171	0.000814351	0.000778723	0.000742321	0.000705182	0.000667346	0.00062885	0.000589733	0.000550035	0.000509797	0.000469059	0.000427862	0.00038625	0.000344262	0.000301943	0.000259334	0.000216479	0.00017342	0.000130199	8.68609e-05	4.34469e-05	0	
0	4.83307e-05	9.65991e-05	0.000144756	0.000192751	0.000240537	0.000288064	0.000335285	0.000382152	0.000428619	0.000474638	0.000520163	0.000565149	0.000609551	0.000653325	0.000696427	0.000738814	0.000780444	0.000821275	0.000861267	0.00090038	0.000938574	0.000975812	0.00101206	0.00104727	0.00108142	0.00111448	0.0011464	0.00117716	0.00120672	0.00123507	0.00126216	0.00128797	0.00131248	0.00133567	0.0013575	0.00137796	0.00139702	0.00141468	0.00143091	0.00144569	0.00145901	0.00147086	0.00148123	0.0014901	0.00149748	0.00150334	0.00150768	0.00151051	0.00151182	0.0015116	0.00150986	0.0015066	0.00150183	0.00149554	0.00148775	0.00147847	0.0014677	0.00145545	0.00144174	0.00142658	0.00140999	0.00139199	0.00137259	0.00135181	0.00132967	0.00130621	0.00128143	0.00125537	0.00122805	0.0011995	0.00116976	0.00113884	0.00110679	0.00107363	0.00103939	0.00100413	0.000967856	0.000930623	0.000892464	0.000853418	0.000813524	0.000772824	0.000731358	0.00068917	0.000646301	0.000602795	0.000558697	0.000514052	0.000468904	0.0004233	0.000377285	0.000330906	0.00028421	0.000237244	0.000190055	0.000142689	9.51929e-05	4.76146e-05	0	
0	5.25104e-05	0.000104953	0.000157275	0.000209421	0.000261339	0.000312977	0.000364282	0.000415203	0.000465688	0.000515686	0.000565149	0.000614026	0.000662269	0.000709828	0.000756658	0.000802711	0.000847941	0.000892304	0.000935755	0.00097825	0.00101975	0.00106021	0.00109959	0.00113785	0.00117495	0.00121087	0.00124555	0.00127897	0.00131109	0.00134188	0.00137132	0.00139937	0.001426	0.00145118	0.0014749	0.00149713	0.00151785	0.00153703	0.00155466	0.00157072	0.0015852	0.00159807	0.00160934	0.00161898	0.00162699	0.00163336	0.00163808	0.00164115	0.00164257	0.00164233	0.00164044	0.0016369	0.00163172	0.00162489	0.00161643	0.00160634	0.00159463	0.00158133	0.00156643	0.00154997	0.00153194	0.00151238	0.0014913	0.00146872	0.00144467	0.00141918	0.00139226	0.00136394	0.00133426	0.00130325	0.00127093	0.00123734	0.00120251	0.00116648	0.00112929	0.00109097	0.00105157	0.00101111	0.000969652	0.000927229	0.000883885	0.000839665	0.000794613	0.000748775	0.000702199	0.000654931	0.000607019	0.000558512	0.00050946	0.000459911	0.000409917	0.000359527	0.000308792	0.000257764	0.000206493	0.00015503	0.000103426	5.17329e-05	0	
0	5.66359e-05	0.000113199	0.000169631	0.000225874	0.000281872	0.000337567	0.000392902	0.000447824	0.000502275	0.000556202	0.000609551	0.000662269	0.000714301	0.000765598	0.000816107	0.000865778	0.000914562	0.000962411	0.00100928	0.00105511	0.00109987	0.00114351	0.00118598	0.00122725	0.00126727	0.001306	0.00134341	0.00137945	0.0014141	0.00144731	0.00147906	0.00150931	0.00153804	0.0015652	0.00159079	0.00161476	0.00163711	0.0016578	0.00167681	0.00169413	0.00170975	0.00172363	0.00173578	0.00174618	0.00175482	0.00176169	0.00176678	0.00177009	0.00177163	0.00177137	0.00176933	0.00176552	0.00175992	0.00175256	0.00174343	0.00173255	0.00171992	0.00170557	0.00168951	0.00167175	0.00165231	0.00163121	0.00160847	0.00158412	0.00155818	0.00153068	0.00150165	0.00147111	0.0014391	0.00140564	0.00137078	0.00133456	0.00129699	0.00125813	0.00121802	0.00117669	0.00113419	0.00109056	0.00104584	0.00100008	0.000953333	0.000905639	0.000857047	0.000807608	0.000757372	0.00070639	0.000654714	0.000602396	0.000549489	0.000496047	0.000442125	0.000387776	0.000333055	0.000278017	0.000222718	0.000167211	0.000111553	5.57978e-05	0	
0	6.0703e-05	0.000121328	0.000181812	0.000242095	0.000302114	0.000361808	0.000421118	0.000479983	0.000538345	0.000596145	0.000653325	0.000709828	0.000765598	0.000820578	0.000874715	0.000927953	0.000980241	0.00103153	0.00108176	0.00113088	0.00117885	0.00122563	0.00127115	0.00131538	0.00135828	0.00139979	0.00143989	0.00147852	0.00151565	0.00155125	0.00158528	0.0016177	0.00164849	0.00167761	0.00170503	0.00173073	0.00175467	0.00177685	0.00179723	0.0018158	0.00183253	0.00184742	0.00186044	0.00187158	0.00188084	0.0018882	0.00189366	0.00189722	0.00189886	0.00189858	0.0018964	0.00189231	0.00188631	0.00187842	0.00186863	0.00185697	0.00184344	0.00182806	0.00181084	0.00179181	0.00177097	0.00174835	0.00172399	0.00169789	0.00167009	0.00164061	0.00160949	0.00157676	0.00154245	0.00150659	0.00146923	0.0014304	0.00139014	0.00134849	0.00130549	0.0012612	0.00121564	0.00116888	0.00112095	0.00107191	0.0010218	0.000970679	0.000918598	0.000865608	0.000811765	0.000757121	0.000701734	0.000645659	0.000588952	0.000531673	0.000473878	0.000415626	0.000356975	0.000297984	0.000238713	0.000179221	0.000119565	5.98053e-05	0	
0	6.47076e-05	0.000129332	0.000193807	0.000258066	0.000322045	0.000385677	0.0004489	0.000511649	0.000573861	0.000635475	0.000696427	0.000756658	0.000816107	0.000874715	0.000932423	0.000989174	0.00104491	0.00109958	0.00115312	0.00120549	0.00125663	0.00130649	0.00135501	0.00140216	0.00144789	0.00149214	0.00153488	0.00157606	0.00161565	0.0016536	0.00168987	0.00172443	0.00175725	0.00178829	0.00181752	0.00184491	0.00187044	0.00189408	0.0019158	0.0019356	0.00195344	0.0019693	0.00198318	0.00199506	0.00200493	0.00201278	0.0020186	0.00202238	0.00202413	0.00202384	0.00202152	0.00201715	0.00201076	0.00200235	0.00199192	0.00197949	0.00196507	0.00194867	0.00193031	0.00191002	0.00188781	0.0018637	0.00183773	0.00180991	0.00178027	0.00174885	0.00171568	0.00168079	0.00164421	0.00160599	0.00156616	0.00152477	0.00148185	0.00143746	0.00139162	0.00134441	0.00129585	0.00124599	0.0011949	0.00114263	0.00108921	0.00103472	0.000979204	0.000922719	0.000865323	0.000807074	0.000748032	0.000688258	0.00062781	0.000566752	0.000505143	0.000443048	0.000380528	0.000317645	0.000254463	0.000191045	0.000127454	6.37512e-05	0	
0	6.86459e-05	0.000137203	0.000205602	0.000273773	0.000341645	0.000409151	0.000476221	0.00054279	0.000608788	0.000674152	0.000738814	0.000802711	0.000865778	0.000927953	0.000989174	0.00104938	0.00110851	0.0011665	0.00122331	0.00127886	0.00133311	0.001386	0.00143749	0.00148751	0.00153601	0.00158296	0.0016283	0.00167199	0.00171399	0.00175424	0.00179272	0.00182939	0.0018642	0.00189713	0.00192814	0.0019572	0.00198428	0.00200936	0.00203241	0.00205341	0.00207233	0.00208916	0.00210389	0.00211649	0.00212696	0.00213529	0.00214146	0.00214548	0.00214733	0.00214703	0.00214456	0.00213993	0.00213315	0.00212422	0.00211316	0.00209997	0.00208467	0.00206728	0.0020478	0.00202628	0.00200271	0.00197714	0.00194958	0.00192007	0.00188863	0.0018553	0.0018201	0.00178309	0.00174429	0.00170374	0.00166149	0.00161758	0.00157205	0.00152495	0.00147633	0.00142623	0.00137472	0.00132183	0.00126763	0.00121217	0.00115551	0.0010977	0.00103881	0.000978882	0.000917993	0.000856199	0.000793563	0.00073015	0.000666024	0.000601249	0.000535891	0.000470016	0.00040369	0.00033698	0.000269952	0.000202674	0.000135212	6.76317e-05	0	
0	7.25137e-05	0.000144934	0.000217187	0.000289199	0.000360895	0.000432205	0.000503055	0.000573374	0.000643092	0.000712138	0.000780444	0.000847941	0.000914562	0.000980241	0.00104491	0.00110851	0.00117097	0.00123223	0.00129224	0.00135092	0.00140823	0.0014641	0.00151849	0.00157132	0.00162256	0.00167216	0.00172005	0.00176621	0.00181057	0.00185309	0.00189374	0.00193247	0.00196925	0.00200403	0.00203679	0.00206749	0.0020961	0.00212259	0.00214693	0.00216911	0.0021891	0.00220689	0.00222244	0.00223575	0.00224681	0.00225561	0.00226213	0.00226637	0.00226833	0.00226801	0.0022654	0.00226051	0.00225335	0.00224392	0.00223223	0.0022183	0.00220214	0.00218376	0.0021632	0.00214045	0.00211556	0.00208855	0.00205944	0.00202826	0.00199505	0.00195984	0.00192267	0.00188356	0.00184258	0.00179975	0.00175511	0.00170873	0.00166063	0.00161088	0.00155952	0.0015066	0.00145218	0.00139632	0.00133907	0.00128048	0.00122062	0.00115956	0.00109734	0.00103404	0.000969722	0.000904446	0.000838281	0.000771295	0.000703555	0.00063513	0.000566089	0.000496502	0.000426438	0.000355969	0.000285165	0.000214095	0.000142831	7.1443e-05	0	
0	7.63074e-05	0.000152517	0.00022855	0.000304329	0.000379776	0.000454816	0.000529373	0.000603371	0.000676737	0.000749395	0.000821275	0.000892304	0.000962411	0.00103153	0.00109958	0.0011665	0.00123223	0.0012967	0.00135985	0.0014216	0.00148191	0.0015407	0.00159793	0.00165353	0.00170746	0.00175964	0.00181005	0.00185861	0.00190529	0.00195004	0.00199282	0.00203358	0.00207228	0.00210888	0.00214335	0.00217566	0.00220576	0.00223364	0.00225926	0.0022826	0.00230364	0.00232235	0.00233872	0.00235273	0.00236437	0.00237362	0.00238048	0.00238495	0.00238701	0.00238667	0.00238393	0.00237878	0.00237124	0.00236132	0.00234902	0.00233436	0.00231736	0.00229802	0.00227637	0.00225244	0.00222625	0.00219782	0.00216719	0.00213438	0.00209943	0.00206238	0.00202326	0.00198211	0.00193898	0.00189391	0.00184694	0.00179813	0.00174752	0.00169516	0.00164111	0.00158543	0.00152816	0.00146938	0.00140913	0.00134748	0.00128449	0.00122023	0.00115476	0.00108814	0.00102046	0.000951768	0.000882141	0.00081165	0.000740366	0.000668361	0.000595708	0.00052248	0.000448751	0.000374594	0.000300085	0.000225297	0.000150305	7.51811e-05	0	
0	8.0023e-05	0.000159943	0.000239679	0.000319148	0.000398269	0.000476963	0.000555151	0.000632752	0.00070969	0.000785887	0.000861267	0.000935755	0.00100928	0.00108176	0.00115312	0.00122331	0.00129224	0.00135985	0.00142606	0.00149083	0.00155407	0.00161573	0.00167574	0.00173405	0.0017906	0.00184533	0.00189819	0.00194912	0.00199807	0.002045	0.00208986	0.0021326	0.00217319	0.00221158	0.00224772	0.0022816	0.00231317	0.00234241	0.00236928	0.00239375	0.00241582	0.00243544	0.00245261	0.0024673	0.0024795	0.00248921	0.00249641	0.00250109	0.00250325	0.00250289	0.00250001	0.00249462	0.00248672	0.00247631	0.00246341	0.00244804	0.0024302	0.00240993	0.00238723	0.00236213	0.00233466	0.00230485	0.00227272	0.00223832	0.00220167	0.00216281	0.00212179	0.00207864	0.0020334	0.00198614	0.00193688	0.00188569	0.00183262	0.00177771	0.00172103	0.00166263	0.00160258	0.00154093	0.00147775	0.0014131	0.00134704	0.00127965	0.00121099	0.00114114	0.00107015	0.000998117	0.0009251	0.000851176	0.000776421	0.000700909	0.000624718	0.000547924	0.000470604	0.000392837	0.000314699	0.000236269	0.000157625	7.88424e-05	0	
0	8.3657e-05	0.000167207	0.000250563	0.000333641	0.000416356	0.000498623	0.000580361	0.000661487	0.000741919	0.000821576	0.00090038	0.00097825	0.00105511	0.00113088	0.00120549	0.00127886	0.00135092	0.0014216	0.00149083	0.00155853	0.00162464	0.0016891	0.00175184	0.0018128	0.00187192	0.00192913	0.00198439	0.00203763	0.00208881	0.00213787	0.00218477	0.00222945	0.00227188	0.00231201	0.0023498	0.00238522	0.00241822	0.00244879	0.00247688	0.00250247	0.00252553	0.00254604	0.00256399	0.00257935	0.00259211	0.00260225	0.00260978	0.00261467	0.00261693	0.00261656	0.00261355	0.00260791	0.00259965	0.00258877	0.00257529	0.00255921	0.00254057	0.00251937	0.00249564	0.00246941	0.00244069	0.00240952	0.00237594	0.00233997	0.00230166	0.00226104	0.00221815	0.00217304	0.00212575	0.00207634	0.00202485	0.00197133	0.00191585	0.00185845	0.00179919	0.00173814	0.00167536	0.00161091	0.00154486	0.00147727	0.00140822	0.00133777	0.00126599	0.00119296	0.00111876	0.00104345	0.000967114	0.000889833	0.000811683	0.000732742	0.00065309	0.000572809	0.000491978	0.000410678	0.000328992	0.000247	0.000164783	8.24233e-05	0	
0	8.72057e-05	0.000174299	0.000261192	0.000347794	0.000434017	0.000519775	0.00060498	0.000689547	0.000773391	0.000856428	0.000938574	0.00101975	0.00109987	0.00117885	0.00125663	0.00133311	0.00140823	0.00148191	0.00155407	0.00162464	0.00169356	0.00176076	0.00182616	0.0018897	0.00195133	0.00201097	0.00206857	0.00212407	0.00217742	0.00222857	0.00227745	0.00232403	0.00236826	0.00241009	0.00244949	0.0024864	0.00252081	0.00255267	0.00258195	0.00260862	0.00263267	0.00265405	0.00267276	0.00268877	0.00270207	0.00271265	0.00272049	0.00272559	0.00272795	0.00272756	0.00272442	0.00271855	0.00270993	0.00269859	0.00268454	0.00266778	0.00264835	0.00262625	0.00260151	0.00257416	0.00254423	0.00251174	0.00247673	0.00243924	0.0023993	0.00235695	0.00231225	0.00226522	0.00221593	0.00216442	0.00211075	0.00205496	0.00199712	0.00193729	0.00187552	0.00181188	0.00174644	0.00167925	0.0016104	0.00153994	0.00146796	0.00139452	0.0013197	0.00124357	0.00116622	0.00108771	0.00100814	0.000927583	0.000846117	0.000763828	0.000680797	0.00059711	0.000512849	0.000428101	0.000342949	0.000257479	0.000171774	8.59201e-05	0	
0	9.06655e-05	0.000181215	0.000271554	0.000361592	0.000451237	0.000540397	0.000628983	0.000716905	0.000804076	0.000890407	0.000975812	0.00106021	0.00114351	0.00122563	0.00130649	0.001386	0.0014641	0.0015407	0.00161573	0.0016891	0.00176076	0.00183062	0.00189861	0.00196468	0.00202875	0.00209076	0.00215064	0.00220835	0.00226382	0.00231699	0.00236781	0.00241624	0.00246222	0.00250571	0.00254667	0.00258506	0.00262083	0.00265395	0.00268439	0.00271213	0.00273712	0.00275935	0.0027788	0.00279545	0.00280928	0.00282028	0.00282843	0.00283374	0.00283619	0.00283578	0.00283252	0.00282641	0.00281745	0.00280566	0.00279105	0.00277363	0.00275342	0.00273045	0.00270473	0.0026763	0.00264518	0.0026114	0.002575	0.00253602	0.0024945	0.00245047	0.00240399	0.0023551	0.00230385	0.0022503	0.0021945	0.0021365	0.00207636	0.00201415	0.00194994	0.00188377	0.00181573	0.00174588	0.0016743	0.00160104	0.0015262	0.00144985	0.00137206	0.00129291	0.00121249	0.00113087	0.00104814	0.000964388	0.00087969	0.000794135	0.00070781	0.000620802	0.000533199	0.000445088	0.000356557	0.000267696	0.00017859	8.93293e-05	0	
0	9.40331e-05	0.000187945	0.000281641	0.000375023	0.000467997	0.000560469	0.000652345	0.000743533	0.000833942	0.00092348	0.00101206	0.00109959	0.00118598	0.00127115	0.00135501	0.00143749	0.00151849	0.00159793	0.00167574	0.00175184	0.00182616	0.00189861	0.00196914	0.00203766	0.00210411	0.00216842	0.00223053	0.00229038	0.0023479	0.00240305	0.00245576	0.00250599	0.00255368	0.00259879	0.00264127	0.00268108	0.00271818	0.00275253	0.0027841	0.00281287	0.00283879	0.00286185	0.00288202	0.00289929	0.00291363	0.00292504	0.00293349	0.00293899	0.00294154	0.00294112	0.00293773	0.0029314	0.00292211	0.00290988	0.00289472	0.00287666	0.0028557	0.00283187	0.0028052	0.00277571	0.00274343	0.0027084	0.00267065	0.00263022	0.00258716	0.0025415	0.00249329	0.00244258	0.00238943	0.00233389	0.00227601	0.00221586	0.00215349	0.00208897	0.00202237	0.00195375	0.00188318	0.00181073	0.00173649	0.00166052	0.0015829	0.00150371	0.00142303	0.00134094	0.00125753	0.00117288	0.00108708	0.00100021	0.000912368	0.000823635	0.000734103	0.000643863	0.000553005	0.000461621	0.000369802	0.00027764	0.000185224	9.26477e-05	0	
0	9.7305e-05	0.000194485	0.000291441	0.000388072	0.000484281	0.000579971	0.000675044	0.000769405	0.00086296	0.000955613	0.00104727	0.00113785	0.00122725	0.00131538	0.00140216	0.00148751	0.00157132	0.00165353	0.00173405	0.0018128	0.0018897	0.00196468	0.00203766	0.00210856	0.00217732	0.00224387	0.00230814	0.00237008	0.0024296	0.00248667	0.00254122	0.00259319	0.00264254	0.00268922	0.00273318	0.00277437	0.00281276	0.00284831	0.00288098	0.00291075	0.00293757	0.00296144	0.00298231	0.00300018	0.00301502	0.00302682	0.00303557	0.00304126	0.00304389	0.00304346	0.00303996	0.0030334	0.00302379	0.00301114	0.00299545	0.00297676	0.00295507	0.00293042	0.00290282	0.0028723	0.0028389	0.00280265	0.00276358	0.00272175	0.00267718	0.00262993	0.00258005	0.00252758	0.00247258	0.0024151	0.00235521	0.00229297	0.00222843	0.00216166	0.00209274	0.00202173	0.00194871	0.00187374	0.00179692	0.0017183	0.00163798	0.00155603	0.00147255	0.0013876	0.00130129	0.0012137	0.00112491	0.00103502	0.000944117	0.000852297	0.000759649	0.000666269	0.00057225	0.000477686	0.000382671	0.000287302	0.00019167	9.58719e-05	0	
0	0.000100478	0.000200827	0.000300944	0.000400727	0.000500074	0.000598884	0.000697057	0.000794496	0.000891101	0.000986776	0.00108142	0.00117495	0.00126727	0.00135828	0.00144789	0.00153601	0.00162256	0.00170746	0.0017906	0.00187192	0.00195133	0.00202875	0.00210411	0.00217732	0.00224833	0.00231705	0.00238341	0.00244737	0.00250883	0.00256776	0.00262409	0.00267776	0.00272872	0.00277692	0.00282231	0.00286485	0.00290449	0.0029412	0.00297494	0.00300567	0.00303337	0.00305801	0.00307957	0.00309801	0.00311334	0.00312553	0.00313456	0.00314044	0.00314316	0.00314271	0.0031391	0.00313232	0.0031224	0.00310933	0.00309314	0.00307384	0.00305144	0.00302598	0.00299748	0.00296597	0.00293148	0.00289405	0.00285371	0.00281051	0.00276449	0.0027157	0.00266419	0.00261001	0.00255321	0.00249386	0.00243202	0.00236774	0.0023011	0.00223216	0.00216099	0.00208767	0.00201226	0.00193485	0.00185552	0.00177434	0.0016914	0.00160678	0.00152057	0.00143286	0.00134373	0.00125328	0.00116159	0.00106877	0.000974907	0.000880092	0.000784424	0.000687998	0.000590913	0.000493265	0.000395152	0.000296671	0.000197921	9.89986e-05	0	
0	0.000103549	0.000206965	0.000310142	0.000412975	0.000515358	0.000617188	0.000718362	0.000818779	0.000918337	0.00101694	0.00111448	0.00121087	0.001306	0.00139979	0.00149214	0.00158296	0.00167216	0.00175964	0.00184533	0.00192913	0.00201097	0.00209076	0.00216842	0.00224387	0.00231705	0.00238787	0.00245626	0.00252217	0.00258552	0.00264625	0.00270429	0.0027596	0.00281212	0.00286179	0.00290857	0.00295241	0.00299327	0.0030311	0.00306587	0.00309754	0.00312609	0.00315148	0.00317369	0.00319271	0.0032085	0.00322106	0.00323037	0.00323643	0.00323923	0.00323877	0.00323505	0.00322807	0.00321784	0.00320437	0.00318768	0.00316779	0.00314471	0.00311847	0.0030891	0.00305663	0.00302108	0.00298251	0.00294094	0.00289642	0.00284899	0.00279871	0.00274562	0.00268979	0.00263126	0.00257009	0.00250636	0.00244012	0.00237144	0.00230039	0.00222704	0.00215148	0.00207377	0.00199399	0.00191223	0.00182857	0.0017431	0.00165589	0.00156705	0.00147665	0.0013848	0.00129159	0.0011971	0.00110144	0.00100471	0.000906994	0.000808401	0.000709028	0.000608975	0.000508342	0.000407231	0.00030574	0.000203971	0.000102025	0	
0	0.000106515	0.000212893	0.000319025	0.000424803	0.000530119	0.000634866	0.000738938	0.000842231	0.00094464	0.00104606	0.0011464	0.00124555	0.00134341	0.00143989	0.00153488	0.0016283	0.00172005	0.00181005	0.00189819	0.00198439	0.00206857	0.00215064	0.00223053	0.00230814	0.00238341	0.00245626	0.00252662	0.00259441	0.00265958	0.00272204	0.00278176	0.00283865	0.00289267	0.00294377	0.00299189	0.00303698	0.003079	0.00311792	0.00315368	0.00318627	0.00321563	0.00324175	0.0032646	0.00328416	0.00330041	0.00331333	0.00332291	0.00332914	0.00333202	0.00333154	0.00332771	0.00332053	0.00331001	0.00329616	0.00327899	0.00325853	0.00323479	0.0032078	0.00317759	0.00314418	0.00310762	0.00306794	0.00302518	0.00297938	0.0029306	0.00287888	0.00282427	0.00276683	0.00270663	0.00264371	0.00257815	0.00251001	0.00243937	0.00236628	0.00229084	0.00221311	0.00213317	0.00205111	0.00196701	0.00188095	0.00179303	0.00170333	0.00161194	0.00151895	0.00142447	0.00132858	0.00123139	0.00113299	0.00103349	0.000932976	0.000831559	0.000729339	0.00062642	0.000522904	0.000418896	0.000314498	0.000209814	0.000104947	0	
0	0.000109373	0.000218605	0.000327585	0.000436201	0.000544342	0.0006519	0.000758764	0.000864829	0.000969986	0.00107413	0.00117716	0.00127897	0.00137945	0.00147852	0.00157606	0.00167199	0.00176621	0.00185861	0.00194912	0.00203763	0.00212407	0.00220835	0.00229038	0.00237008	0.00244737	0.00252217	0.00259441	0.00266403	0.00273094	0.00279508	0.0028564	0.00291482	0.00297029	0.00302275	0.00307216	0.00311847	0.00316162	0.00320158	0.0032383	0.00327176	0.00330191	0.00332873	0.0033522	0.00337228	0.00338896	0.00340223	0.00341207	0.00341847	0.00342142	0.00342093	0.003417	0.00340963	0.00339883	0.0033846	0.00336698	0.00334596	0.00332159	0.00329387	0.00326285	0.00322855	0.00319101	0.00315026	0.00310635	0.00305933	0.00300923	0.00295612	0.00290005	0.00284108	0.00277925	0.00271465	0.00264733	0.00257736	0.00250482	0.00242978	0.00235231	0.00227249	0.00219041	0.00210615	0.00201979	0.00193142	0.00184114	0.00174903	0.00165519	0.00155971	0.00146269	0.00136423	0.00126443	0.0011634	0.00106122	0.000958011	0.000853872	0.00074891	0.000643229	0.000536936	0.000430137	0.000322938	0.000215445	0.000107764	0	
0	0.00011212	0.000224096	0.000335813	0.000447156	0.000558014	0.000668273	0.000777821	0.000886549	0.000994348	0.00110111	0.00120672	0.00131109	0.0014141	0.00151565	0.00161565	0.00171399	0.00181057	0.00190529	0.00199807	0.00208881	0.00217742	0.00226382	0.0023479	0.0024296	0.00250883	0.00258552	0.00265958	0.00273094	0.00279953	0.00286529	0.00292814	0.00298803	0.00304489	0.00309868	0.00314933	0.00319679	0.00324103	0.00328199	0.00331964	0.00335394	0.00338485	0.00341234	0.00343639	0.00345698	0.00347408	0.00348768	0.00349777	0.00350433	0.00350736	0.00350686	0.00350283	0.00349527	0.0034842	0.00346962	0.00345155	0.00343001	0.00340502	0.00337661	0.0033448	0.00330964	0.00327116	0.00322939	0.00318437	0.00313617	0.00308482	0.00303038	0.0029729	0.00291244	0.00284906	0.00278284	0.00271383	0.0026421	0.00256774	0.00249081	0.00241139	0.00232957	0.00224543	0.00215905	0.00207052	0.00197994	0.00188739	0.00179296	0.00169676	0.00159889	0.00149943	0.0013985	0.0012962	0.00119262	0.00108788	0.000982075	0.00087532	0.000767722	0.000659386	0.000550423	0.000440941	0.000331049	0.000220856	0.000110471	0	
0	0.000114753	0.000229359	0.0003437	0.000457659	0.00057112	0.000683968	0.00079609	0.000907372	0.0010177	0.00112697	0.00123507	0.00134188	0.00144731	0.00155125	0.0016536	0.00175424	0.00185309	0.00195004	0.002045	0.00213787	0.00222857	0.00231699	0.00240305	0.00248667	0.00256776	0.00264625	0.00272204	0.00279508	0.00286529	0.00293259	0.00299691	0.00305821	0.00311641	0.00317146	0.0032233	0.00327188	0.00331716	0.00335908	0.00339761	0.00343271	0.00346435	0.00349249	0.00351711	0.00353818	0.00355568	0.0035696	0.00357993	0.00358664	0.00358974	0.00358923	0.0035851	0.00357737	0.00356603	0.00355111	0.00353262	0.00351057	0.003485	0.00345592	0.00342337	0.00338738	0.00334799	0.00330524	0.00325917	0.00320983	0.00315728	0.00310156	0.00304273	0.00298085	0.00291598	0.0028482	0.00277757	0.00270416	0.00262805	0.00254931	0.00246803	0.00238429	0.00229817	0.00220976	0.00211916	0.00202644	0.00193172	0.00183508	0.00173662	0.00163644	0.00153465	0.00143135	0.00132664	0.00122063	0.00111343	0.00100514	0.000895882	0.000785755	0.000674875	0.000563353	0.000451299	0.000338826	0.000226044	0.000113066	0	
0	0.00011727	0.00023439	0.000351239	0.000467698	0.000583648	0.000698971	0.000813553	0.000927275	0.00104003	0.00115169	0.00126216	0.00137132	0.00147906	0.00158528	0.00168987	0.00179272	0.00189374	0.00199282	0.00208986	0.00218477	0.00227745	0.00236781	0.00245576	0.00254122	0.00262409	0.00270429	0.00278176	0.0028564	0.00292814	0.00299691	0.00306266	0.0031253	0.00318477	0.00324103	0.00329401	0.00334365	0.00338992	0.00343277	0.00347214	0.00350802	0.00354035	0.0035691	0.00359426	0.0036158	0.00363368	0.00364791	0.00365846	0.00366532	0.00366849	0.00366797	0.00366375	0.00365584	0.00364426	0.00362901	0.00361011	0.00358758	0.00356145	0.00353173	0.00349847	0.00346169	0.00342143	0.00337775	0.00333067	0.00328025	0.00322654	0.00316959	0.00310947	0.00304624	0.00297995	0.00291068	0.0028385	0.00276348	0.0026857	0.00260524	0.00252218	0.0024366	0.00234859	0.00225824	0.00216565	0.0020709	0.0019741	0.00187534	0.00177472	0.00167234	0.00156832	0.00146275	0.00135575	0.00124741	0.00113786	0.00102719	0.000915535	0.000802993	0.000689681	0.000575712	0.0004612	0.000346259	0.000231003	0.000115546	0	
0	0.000119668	0.000239183	0.000358422	0.000477263	0.000595584	0.000713267	0.000830191	0.00094624	0.0010613	0.00117525	0.00128797	0.00139937	0.00150931	0.0016177	0.00172443	0.00182939	0.00193247	0.00203358	0.0021326	0.00222945	0.00232403	0.00241624	0.00250599	0.00259319	0.00267776	0.0027596	0.00283865	0.00291482	0.00298803	0.00305821	0.0031253	0.00318922	0.00324991	0.00330732	0.00336138	0.00341204	0.00345926	0.00350298	0.00354316	0.00357977	0.00361276	0.0036421	0.00366778	0.00368975	0.003708	0.00372252	0.00373328	0.00374029	0.00374352	0.00374299	0.00373868	0.00373062	0.0037188	0.00370324	0.00368395	0.00366096	0.00363429	0.00360397	0.00357002	0.00353249	0.00349142	0.00344683	0.00339879	0.00334734	0.00329253	0.00323442	0.00317307	0.00310854	0.0030409	0.00297022	0.00289656	0.00282001	0.00274064	0.00265853	0.00257376	0.00248643	0.00239663	0.00230443	0.00220994	0.00211326	0.00201447	0.00191369	0.00181102	0.00170655	0.0016004	0.00149267	0.00138348	0.00127293	0.00116113	0.0010482	0.000934262	0.000819418	0.000703788	0.000587488	0.000470633	0.000353342	0.000235728	0.00011791	0	
0	0.000121946	0.000243735	0.000365243	0.000486345	0.000606918	0.00072684	0.00084599	0.000964247	0.00108149	0.00119761	0.00131248	0.001426	0.00153804	0.00164849	0.00175725	0.0018642	0.00196925	0.00207228	0.00217319	0.00227188	0.00236826	0.00246222	0.00255368	0.00264254	0.00272872	0.00281212	0.00289267	0.00297029	0.00304489	0.00311641	0.00318477	0.00324991	0.00331176	0.00337026	0.00342535	0.00347698	0.00352509	0.00356964	0.00361059	0.00364789	0.00368151	0.00371142	0.00373758	0.00375997	0.00377857	0.00379336	0.00380433	0.00381147	0.00381477	0.00381422	0.00380984	0.00380162	0.00378957	0.00377371	0.00375406	0.00373063	0.00370346	0.00367256	0.00363797	0.00359972	0.00355786	0.00351243	0.00346348	0.00341105	0.00335519	0.00329598	0.00323346	0.00316771	0.00309878	0.00302675	0.00295169	0.00287368	0.00279279	0.00270912	0.00262275	0.00253376	0.00244224	0.00234829	0.002252	0.00215348	0.00205281	0.00195012	0.00184548	0.00173903	0.00163086	0.00152108	0.00140981	0.00129715	0.00118323	0.00106815	0.000952044	0.000835014	0.000717183	0.000598669	0.000479591	0.000360067	0.000240215	0.000120154	0	
0	0.0001241	0.00024804	0.000371694	0.000494935	0.000617638	0.000739678	0.000860933	0.000981279	0.0011006	0.00121876	0.00133567	0.00145118	0.0015652	0.00167761	0.00178829	0.00189713	0.00200403	0.00210888	0.00221158	0.00231201	0.00241009	0.00250571	0.00259879	0.00268922	0.00277692	0.00286179	0.00294377	0.00302275	0.00309868	0.00317146	0.00324103	0.00330732	0.00337026	0.00342979	0.00348585	0.00353839	0.00358736	0.0036327	0.00367437	0.00371233	0.00374654	0.00377698	0.0038036	0.00382639	0.00384532	0.00386037	0.00387153	0.00387879	0.00388215	0.0038816	0.00387713	0.00386877	0.00385651	0.00384037	0.00382037	0.00379653	0.00376887	0.00373743	0.00370223	0.00366331	0.00362071	0.00357448	0.00352466	0.0034713	0.00341446	0.0033542	0.00329058	0.00322366	0.00315351	0.00308021	0.00300383	0.00292444	0.00284213	0.00275698	0.00266908	0.00257851	0.00248538	0.00238977	0.00229178	0.00219152	0.00208908	0.00198456	0.00187809	0.00176975	0.00165967	0.00154795	0.00143471	0.00132007	0.00120413	0.00108702	0.000968862	0.000849765	0.000729852	0.000609245	0.000488063	0.000366428	0.000244459	0.000122276	0	
0	0.000126128	0.000252094	0.000377769	0.000503025	0.000627733	0.000751768	0.000875005	0.000997318	0.00111859	0.00123869	0.0013575	0.0014749	0.00159079	0.00170503	0.00181752	0.00192814	0.00203679	0.00214335	0.00224772	0.0023498	0.00244949	0.00254667	0.00264127	0.00273318	0.00282231	0.00290857	0.00299189	0.00307216	0.00314933	0.0032233	0.00329401	0.00336138	0.00342535	0.00348585	0.00354283	0.00359623	0.003646	0.00369208	0.00373443	0.00377301	0.00380778	0.00383872	0.00386577	0.00388893	0.00390817	0.00392347	0.00393482	0.0039422	0.00394561	0.00394505	0.00394051	0.00393201	0.00391955	0.00390315	0.00388282	0.00385859	0.00383048	0.00379852	0.00376275	0.00372319	0.0036799	0.00363291	0.00358227	0.00352804	0.00347028	0.00340903	0.00334437	0.00327636	0.00320506	0.00313056	0.00305293	0.00297224	0.00288859	0.00280205	0.00271271	0.00262066	0.00252601	0.00242884	0.00232925	0.00222734	0.00212323	0.00201701	0.00190879	0.00179868	0.0016868	0.00157326	0.00145817	0.00134165	0.00122382	0.00110479	0.0009847	0.000863656	0.000741784	0.000619205	0.000496042	0.000372418	0.000248455	0.000124275	0	
