0	0	0	0	0	0	0	0	0	0	0	0	0	0	0	0	0	0	0	0	0	0	0	0	0	0	0	0	0	0	0	0	0	0	0	0	0	0	0	0	0	0	0	0	0	0	0	0	0	0	0	0	0	0	0	0	0	0	0	0	0	0	0	0	0	0	0	0	0	0	0	0	0	0	0	0	0	0	0	0	0	0	0	0	0	0	0	0	0	0	0	0	0	0	0	0	0	0	0	0	
0	4.29476e-06	8.58388e-06	1.2863e-05	1.71276e-05	2.13736e-05	2.55965e-05	2.97921e-05	3.39562e-05	3.80846e-05	4.21732e-05	4.62178e-05	5.02146e-05	5.41594e-05	5.80483e-05	6.18775e-05	6.56431e-05	6.93414e-05	7.29687e-05	7.65214e-05	7.99959e-05	8.33889e-05	8.66969e-05	8.99166e-05	9.30448e-05	9.60784e-05	9.90145e-05	0.00010185	0.000104582	0.000107208	0.000109726	0.000112132	0.000114425	0.000116602	0.000118661	0.0001206	0.000122417	0.00012411	0.000125678	0.000127119	0.000128431	0.000129614	0.000130667	0.000131587	0.000132375	0.000133029	0.000133549	0.000133934	0.000134185	0.0001343	0.00013428	0.000134125	0.000133835	0.00013341	0.000132851	0.000132159	0.000131333	0.000130376	0.000129287	0.000128069	0.000126722	0.000125248	0.000123648	0.000121924	0.000120077	0.000118111	0.000116025	0.000113824	0.000111508	0.000109081	0.000106545	0.000103902	0.000101156	9.8308e-05	9.53621e-05	9.2321e-05	8.91879e-05	8.59659e-05	8.26583e-05	7.92685e-05	7.58e-05	7.22562e-05	6.86407e-05	6.49574e-05	6.12098e-05	5.74019e-05	5.35375e-05	4.96205e-05	4.56549e-05	4.16448e-05	3.75942e-05	3.35072e-05	2.93879e-05	2.52406e-05	2.10693e-05	1.68782e-05	1.26716e-05	8.45363e-06	4.22837e-06	0	
0	8.58388e-06	1.71565e-05	2.57091e-05	3.42329e-05	4.27192e-05	5.11596e-05	5.95453e-05	6.78681e-05	7.61196e-05	8.42915e-05	9.23756e-05	0.000100364	0.000108248	0.000116021	0.000123675	0.000131201	0.000138593	0.000145843	0.000152944	0.000159888	0.00016667	0.000173281	0.000179717	0.000185969	0.000192032	0.000197901	0.000203568	0.000209029	0.000214278	0.000219309	0.000224119	0.000228701	0.000233052	0.000237168	0.000241043	0.000244675	0.000248059	0.000251193	0.000254073	0.000256697	0.000259061	0.000261164	0.000263004	0.000264578	0.000265885	0.000266925	0.000267695	0.000268196	0.000268426	0.000268387	0.000268077	0.000267497	0.000266648	0.000265531	0.000264147	0.000262497	0.000260583	0.000258408	0.000255972	0.00025328	0.000250333	0.000247136	0.00024369	0.000239999	0.000236068	0.000231901	0.000227501	0.000222873	0.000218022	0.000212953	0.000207671	0.000202181	0.000196489	0.000190601	0.000184523	0.000178261	0.000171821	0.00016521	0.000158435	0.000151502	0.000144419	0.000137193	0.000129831	0.000122341	0.00011473	0.000107006	9.91772e-05	9.12511e-05	8.32361e-05	7.51401e-05	6.69713e-05	5.87381e-05	5.04488e-05	4.21116e-05	3.37349e-05	2.53271e-05	1.68965e-05	8.45136e-06	0	
0	1.2863e-05	2.57091e-05	3.85252e-05	5.12982e-05	6.40151e-05	7.6663e-05	8.92291e-05	0.000101701	0.000114066	0.000126312	0.000138426	0.000150396	0.000162211	0.000173859	0.000185328	0.000196606	0.000207683	0.000218547	0.000229188	0.000239594	0.000249757	0.000259664	0.000269308	0.000278677	0.000287763	0.000296557	0.00030505	0.000313233	0.000321098	0.000328638	0.000335845	0.000342712	0.000349233	0.000355399	0.000361207	0.000366649	0.00037172	0.000376417	0.000380732	0.000384664	0.000388207	0.000391358	0.000394115	0.000396474	0.000398433	0.000399991	0.000401145	0.000401896	0.000402241	0.000402182	0.000401717	0.000400849	0.000399576	0.000397902	0.000395828	0.000393356	0.000390488	0.000387228	0.000383579	0.000379544	0.000375129	0.000370337	0.000365173	0.000359643	0.000353752	0.000347507	0.000340914	0.000333979	0.00032671	0.000319113	0.000311198	0.000302972	0.000294442	0.000285619	0.000276511	0.000267127	0.000257477	0.00024757	0.000237417	0.000227029	0.000216415	0.000205586	0.000194554	0.00018333	0.000171925	0.000160351	0.000148619	0.000136742	0.000124731	0.000112599	0.000100358	8.80205e-05	7.55987e-05	6.31053e-05	5.05527e-05	3.79534e-05	2.53199e-05	1.26646e-05	0	
0	1.71276e-05	3.42329e-05	5.12982e-05	6.83061e-05	8.52393e-05	0.000102081	0.000118813	0.00013542	0.000151885	0.000168191	0.000184321	0.000200261	0.000215993	0.000231503	0.000246774	0.000261792	0.000276541	0.000291008	0.000305176	0.000319033	0.000332565	0.000345758	0.000358598	0.000371074	0.000383173	0.000394882	0.000406191	0.000417087	0.00042756	0.000437601	0.000447197	0.000456341	0.000465023	0.000473235	0.000480967	0.000488214	0.000494967	0.00050122	0.000506967	0.000512202	0.00051692	0.000521116	0.000524787	0.000527928	0.000530537	0.000532611	0.000534148	0.000535148	0.000535608	0.000535528	0.00053491	0.000533753	0.000532059	0.00052983	0.000527068	0.000523776	0.000519958	0.000515617	0.000510758	0.000505386	0.000499506	0.000493125	0.000486249	0.000478886	0.000471042	0.000462726	0.000453947	0.000444713	0.000435033	0.000424919	0.000414379	0.000403425	0.000392068	0.000380319	0.000368191	0.000355695	0.000342846	0.000329655	0.000316136	0.000302303	0.00028817	0.000273751	0.000259061	0.000244115	0.000228929	0.000213517	0.000197896	0.00018208	0.000166087	0.000149933	0.000133633	0.000117205	0.000100665	8.40289e-05	6.73143e-05	5.05375e-05	3.37152e-05	1.68638e-05	0	
0	2.13736e-05	4.27192e-05	6.40151e-05	8.52393e-05	0.00010637	0.000127387	0.000148267	0.000168991	0.000189538	0.000209886	0.000230016	0.000249907	0.000269539	0.000288894	0.000307951	0.000326692	0.000345098	0.000363151	0.000380832	0.000398124	0.00041501	0.000431474	0.000447498	0.000463067	0.000478165	0.000492777	0.000506889	0.000520486	0.000533556	0.000546085	0.000558061	0.000569472	0.000580306	0.000590554	0.000600204	0.000609247	0.000617674	0.000625477	0.000632649	0.000639182	0.000645069	0.000650306	0.000654886	0.000658806	0.000662062	0.00066465	0.000666569	0.000667816	0.00066839	0.000668291	0.000667519	0.000666076	0.000663962	0.00066118	0.000657734	0.000653625	0.00064886	0.000643443	0.00063738	0.000630676	0.000623339	0.000615376	0.000606796	0.000597607	0.000587819	0.000577441	0.000566485	0.000554962	0.000542883	0.00053026	0.000517108	0.000503438	0.000489265	0.000474604	0.000459469	0.000443876	0.000427841	0.00041138	0.000394509	0.000377247	0.00035961	0.000341617	0.000323286	0.000304635	0.000285683	0.000266451	0.000246957	0.000227221	0.000207263	0.000187103	0.000166763	0.000146262	0.000125621	0.000104861	8.40027e-05	6.30667e-05	4.20738e-05	2.10447e-05	0	
0	2.55965e-05	5.11596e-05	7.6663e-05	0.000102081	0.000127387	0.000152556	0.000177562	0.000202381	0.000226987	0.000251355	0.000275462	0.000299283	0.000322795	0.000345974	0.000368797	0.00039124	0.000413283	0.000434903	0.000456078	0.000476787	0.000497009	0.000516726	0.000535916	0.000554561	0.000572642	0.000590141	0.000607042	0.000623326	0.000638978	0.000653983	0.000668325	0.000681991	0.000694966	0.000707238	0.000718794	0.000729624	0.000739717	0.000749062	0.00075765	0.000765474	0.000772525	0.000778796	0.000784282	0.000788976	0.000792875	0.000795975	0.000798272	0.000799766	0.000800454	0.000800335	0.000799411	0.000797682	0.000795151	0.00079182	0.000787692	0.000782772	0.000777065	0.000770578	0.000763316	0.000755288	0.000746501	0.000736965	0.00072669	0.000715685	0.000703963	0.000691535	0.000678414	0.000664614	0.000650148	0.000635032	0.000619281	0.00060291	0.000585937	0.000568379	0.000550254	0.00053158	0.000512377	0.000492663	0.000472459	0.000451786	0.000430665	0.000409116	0.000387163	0.000364827	0.000342131	0.000319098	0.000295752	0.000272117	0.000248216	0.000224073	0.000199714	0.000175162	0.000150443	0.000125581	0.000100601	7.55282e-05	5.03873e-05	2.5203e-05	0	
0	2.97921e-05	5.95453e-05	8.92291e-05	0.000118813	0.000148267	0.000177562	0.000206667	0.000235554	0.000264194	0.000292557	0.000320615	0.000348341	0.000375707	0.000402686	0.000429249	0.000455372	0.000481028	0.000506192	0.000530838	0.000554941	0.000578479	0.000601427	0.000623763	0.000645464	0.000666509	0.000686877	0.000706548	0.000725502	0.00074372	0.000761184	0.000777877	0.000793783	0.000808885	0.000823169	0.00083662	0.000849225	0.000860972	0.000871849	0.000881845	0.000890951	0.000899158	0.000906457	0.000912842	0.000918306	0.000922844	0.000926452	0.000929126	0.000930865	0.000931665	0.000931527	0.000930452	0.00092844	0.000925493	0.000921616	0.000916812	0.000911086	0.000904443	0.000896893	0.000888441	0.000879096	0.000868869	0.00085777	0.00084581	0.000833002	0.000819358	0.000804893	0.000789622	0.000773559	0.000756722	0.000739128	0.000720795	0.000701741	0.000681986	0.00066155	0.000640453	0.000618719	0.000596367	0.000573422	0.000549906	0.000525844	0.000501261	0.00047618	0.000450628	0.000424631	0.000398214	0.000371406	0.000344233	0.000316724	0.000288904	0.000260805	0.000232452	0.000203876	0.000175104	0.000146167	0.000117092	8.79095e-05	5.86473e-05	2.93346e-05	0	
0	3.39562e-05	6.78681e-05	0.000101701	0.00013542	0.000168991	0.000202381	0.000235554	0.000268479	0.000301121	0.000333449	0.00036543	0.000397031	0.000428222	0.000458972	0.000489248	0.000519023	0.000548265	0.000576946	0.000605037	0.00063251	0.000659338	0.000685493	0.000710951	0.000735686	0.000759673	0.000782888	0.000805308	0.000826911	0.000847676	0.000867581	0.000886608	0.000904737	0.00092195	0.00093823	0.000953561	0.000967928	0.000981317	0.000993715	0.00100511	0.00101549	0.00102484	0.00103316	0.00104044	0.00104667	0.00105184	0.00105595	0.001059	0.00106098	0.00106189	0.00106174	0.00106051	0.00105822	0.00105486	0.00105044	0.00104496	0.00103844	0.00103087	0.00102226	0.00101263	0.00100198	0.000990319	0.000977669	0.000964037	0.000949439	0.000933888	0.000917401	0.000899995	0.000881688	0.000862497	0.000842444	0.000821548	0.000799831	0.000777314	0.000754022	0.000729976	0.000705203	0.000679728	0.000653575	0.000626773	0.000599348	0.000571327	0.000542741	0.000513617	0.000483986	0.000453878	0.000423322	0.000392351	0.000360996	0.000329288	0.000297261	0.000264945	0.000232374	0.000199581	0.000166599	0.00013346	0.000100198	6.68454e-05	3.34352e-05	0	
0	3.80846e-05	7.61196e-05	0.000114066	0.000151885	0.000189538	0.000226987	0.000264194	0.000301121	0.000337733	0.000373991	0.00040986	0.000445304	0.000480288	0.000514776	0.000548734	0.000582128	0.000614926	0.000647094	0.0006786	0.000709414	0.000739504	0.00076884	0.000797393	0.000825135	0.000852038	0.000878076	0.000903222	0.000927452	0.000950742	0.000973067	0.000994407	0.00101474	0.00103405	0.00105231	0.0010695	0.00108562	0.00110063	0.00111454	0.00112732	0.00113896	0.00114945	0.00115878	0.00116694	0.00117393	0.00117973	0.00118434	0.00118776	0.00118998	0.00119101	0.00119083	0.00118945	0.00118688	0.00118312	0.00117816	0.00117202	0.0011647	0.00115621	0.00114655	0.00113575	0.0011238	0.00111073	0.00109654	0.00108125	0.00106488	0.00104744	0.00102895	0.00100942	0.00098889	0.000967367	0.000944875	0.000921438	0.000897081	0.000871827	0.000845702	0.000818733	0.000790948	0.000762375	0.000733043	0.000702981	0.000672222	0.000640795	0.000608733	0.000576068	0.000542834	0.000509065	0.000474794	0.000440057	0.00040489	0.000369327	0.000333405	0.00029716	0.000260629	0.000223849	0.000186856	0.000149688	0.000112381	7.49734e-05	3.75007e-05	0	
0	4.21732e-05	8.42915e-05	0.000126312	0.000168191	0.000209886	0.000251355	0.000292557	0.000333449	0.000373991	0.000414142	0.000453862	0.000493111	0.000531851	0.000570041	0.000607645	0.000644625	0.000680944	0.000716566	0.000751455	0.000785576	0.000818897	0.000851382	0.000883001	0.000913722	0.000943514	0.000972347	0.00100019	0.00102702	0.00105281	0.00107754	0.00110117	0.00112368	0.00114506	0.00116528	0.00118432	0.00120217	0.0012188	0.0012342	0.00124835	0.00126124	0.00127285	0.00128319	0.00129223	0.00129996	0.00130639	0.00131149	0.00131528	0.00131774	0.00131887	0.00131868	0.00131716	0.00131431	0.00131014	0.00130465	0.00129785	0.00128974	0.00128034	0.00126965	0.00125769	0.00124446	0.00122998	0.00121427	0.00119734	0.00117921	0.00115989	0.00113942	0.0011178	0.00109506	0.00107123	0.00104632	0.00102037	0.000993394	0.000965428	0.000936499	0.000906635	0.000875867	0.000844226	0.000811745	0.000778456	0.000744394	0.000709593	0.000674088	0.000637917	0.000601115	0.00056372	0.00052577	0.000487304	0.000448361	0.00040898	0.000369201	0.000329065	0.000288612	0.000247883	0.000206918	0.00016576	0.000124448	8.30231e-05	4.15271e-05	0	
0	4.62178e-05	9.23756e-05	0.000138426	0.000184321	0.000230016	0.000275462	0.000320615	0.00036543	0.00040986	0.000453862	0.000497392	0.000540406	0.00058286	0.000624714	0.000665925	0.000706451	0.000746254	0.000785292	0.000823527	0.000860922	0.000897438	0.000933039	0.000967691	0.00100136	0.00103401	0.00106561	0.00109612	0.00112553	0.00115379	0.00118088	0.00120678	0.00123146	0.00125489	0.00127705	0.00129791	0.00131747	0.00133569	0.00135257	0.00136808	0.0013822	0.00139494	0.00140626	0.00141617	0.00142464	0.00143168	0.00143728	0.00144143	0.00144413	0.00144537	0.00144516	0.00144349	0.00144037	0.0014358	0.00142978	0.00142233	0.00141344	0.00140314	0.00139143	0.00137831	0.00136382	0.00134795	0.00133073	0.00131218	0.00129231	0.00127114	0.0012487	0.00122501	0.00120009	0.00117397	0.00114667	0.00111823	0.00108867	0.00105803	0.00102632	0.000993593	0.000959874	0.000925198	0.000889602	0.00085312	0.000815791	0.000777652	0.000738743	0.000699102	0.00065877	0.000617789	0.000576199	0.000534043	0.000491365	0.000448207	0.000404613	0.000360627	0.000316294	0.000271659	0.000226765	0.000181659	0.000136384	9.09865e-05	4.55103e-05	0	
0	5.02146e-05	0.000100364	0.000150396	0.000200261	0.000249907	0.000299283	0.000348341	0.000397031	0.000445304	0.000493111	0.000540406	0.000587139	0.000633266	0.000678739	0.000723513	0.000767545	0.000810789	0.000853204	0.000894746	0.000935374	0.000975048	0.00101373	0.00105138	0.00108796	0.00112343	0.00115776	0.00119092	0.00122286	0.00125357	0.00128301	0.00131115	0.00133796	0.00136341	0.00138749	0.00141016	0.00143141	0.00145121	0.00146954	0.00148639	0.00150174	0.00151557	0.00152788	0.00153864	0.00154785	0.0015555	0.00156158	0.00156609	0.00156902	0.00157037	0.00157013	0.00156832	0.00156493	0.00155996	0.00155343	0.00154533	0.00153568	0.00152448	0.00151176	0.00149751	0.00148176	0.00146452	0.00144582	0.00142566	0.00140407	0.00138107	0.00135669	0.00133095	0.00130388	0.0012755	0.00124584	0.00121494	0.00118282	0.00114953	0.00111508	0.00107952	0.00104289	0.00100521	0.000966537	0.0009269	0.000886343	0.000844906	0.000802631	0.000759562	0.000715742	0.000671217	0.00062603	0.000580229	0.00053386	0.00048697	0.000439606	0.000391816	0.000343649	0.000295153	0.000246377	0.00019737	0.00014818	9.88556e-05	4.94463e-05	0	
0	5.41594e-05	0.000108248	0.000162211	0.000215993	0.000269539	0.000322795	0.000375707	0.000428222	0.000480288	0.000531851	0.00058286	0.000633266	0.000683016	0.000732061	0.000780354	0.000827845	0.000874486	0.000920233	0.000965039	0.00100886	0.00105165	0.00109337	0.00113398	0.00117343	0.00121169	0.00124872	0.00128448	0.00131893	0.00135205	0.0013838	0.00141415	0.00144307	0.00147052	0.00149649	0.00152095	0.00154386	0.00156522	0.00158499	0.00160317	0.00161972	0.00163464	0.00164791	0.00165952	0.00166945	0.0016777	0.00168426	0.00168912	0.00169228	0.00169374	0.00169349	0.00169153	0.00168788	0.00168252	0.00167547	0.00166674	0.00165633	0.00164425	0.00163053	0.00161516	0.00159817	0.00157958	0.0015594	0.00153766	0.00151438	0.00148957	0.00146328	0.00143551	0.00140631	0.00137571	0.00134372	0.00131039	0.00127575	0.00123984	0.00120269	0.00116433	0.00112482	0.00108419	0.00104247	0.000999722	0.000955978	0.000911286	0.00086569	0.000819237	0.000771975	0.000723951	0.000675215	0.000625816	0.000575803	0.000525229	0.000474144	0.0004226	0.000370648	0.000318342	0.000265734	0.000212876	0.000159822	0.000106623	5.33313e-05	0	
0	5.80483e-05	0.000116021	0.000173859	0.000231503	0.000288894	0.000345974	0.000402686	0.000458972	0.000514776	0.000570041	0.000624714	0.000678739	0.000732061	0.000784629	0.000836389	0.00088729	0.000937282	0.000986313	0.00103434	0.0010813	0.00112717	0.00117188	0.0012154	0.00125769	0.0012987	0.00133838	0.00137671	0.00141365	0.00144914	0.00148317	0.0015157	0.00154669	0.00157612	0.00160395	0.00163016	0.00165472	0.00167761	0.00169881	0.00171829	0.00173603	0.00175202	0.00176625	0.00177869	0.00178933	0.00179818	0.00180521	0.00181042	0.00181381	0.00181537	0.0018151	0.001813	0.00180908	0.00180334	0.00179579	0.00178643	0.00177527	0.00176233	0.00174761	0.00173115	0.00171294	0.00169301	0.00167139	0.00164808	0.00162312	0.00159654	0.00156836	0.0015386	0.0015073	0.00147449	0.00144021	0.00140449	0.00136736	0.00132887	0.00128905	0.00124794	0.00120559	0.00116204	0.00111733	0.00107151	0.00102463	0.000976726	0.000927856	0.000878068	0.000827412	0.000775939	0.000723703	0.000670756	0.000617153	0.000562947	0.000508193	0.000452948	0.000397266	0.000341204	0.000284817	0.000228164	0.000171299	0.00011428	5.71612e-05	0	
0	6.18775e-05	0.000123675	0.000185328	0.000246774	0.000307951	0.000368797	0.000429249	0.000489248	0.000548734	0.000607645	0.000665925	0.000723513	0.000780354	0.000836389	0.000891564	0.000945823	0.000999112	0.00105138	0.00110257	0.00115263	0.00120152	0.00124919	0.00129558	0.00134066	0.00138437	0.00142668	0.00146753	0.0015069	0.00154474	0.00158102	0.00161569	0.00164873	0.0016801	0.00170976	0.0017377	0.00176389	0.00178828	0.00181088	0.00183164	0.00185056	0.0018676	0.00188276	0.00189603	0.00190738	0.0019168	0.0019243	0.00192985	0.00193346	0.00193512	0.00193484	0.00193261	0.00192843	0.00192231	0.00191425	0.00190428	0.00189238	0.00187859	0.0018629	0.00184535	0.00182594	0.0018047	0.00178165	0.00175681	0.0017302	0.00170186	0.00167182	0.0016401	0.00160674	0.00157177	0.00153522	0.00149714	0.00145757	0.00141654	0.00137409	0.00133027	0.00128513	0.0012387	0.00119104	0.0011422	0.00109222	0.00104116	0.000989067	0.000935995	0.000881997	0.000827129	0.000771447	0.000715007	0.000657867	0.000600085	0.00054172	0.00048283	0.000423474	0.000363714	0.000303608	0.000243217	0.0001826	0.000121819	6.09324e-05	0	
0	6.56431e-05	0.000131201	0.000196606	0.000261792	0.000326692	0.00039124	0.000455372	0.000519023	0.000582128	0.000644625	0.000706451	0.000767545	0.000827845	0.00088729	0.000945823	0.00100338	0.00105992	0.00111536	0.00116967	0.00122278	0.00127465	0.00132521	0.00137443	0.00142225	0.00146862	0.0015135	0.00155685	0.00159861	0.00163875	0.00167724	0.00171402	0.00174907	0.00178234	0.00181382	0.00184346	0.00187123	0.00189712	0.00192109	0.00194311	0.00196318	0.00198126	0.00199735	0.00201142	0.00202346	0.00203346	0.00204141	0.0020473	0.00205113	0.0020529	0.00205259	0.00205022	0.00204579	0.0020393	0.00203076	0.00202017	0.00200755	0.00199292	0.00197628	0.00195766	0.00193707	0.00191453	0.00189008	0.00186372	0.0018355	0.00180544	0.00177357	0.00173992	0.00170452	0.00166743	0.00162866	0.00158826	0.00154628	0.00150275	0.00145772	0.00141123	0.00136334	0.00131409	0.00126353	0.00121172	0.0011587	0.00110453	0.00104926	0.00099296	0.000935676	0.000877469	0.000818398	0.000758524	0.000697906	0.000636608	0.00057469	0.000512216	0.000449248	0.00038585	0.000322086	0.000258019	0.000193714	0.000129233	6.46409e-05	0	
0	6.93414e-05	0.000138593	0.000207683	0.000276541	0.000345098	0.000413283	0.000481028	0.000548265	0.000614926	0.000680944	0.000746254	0.000810789	0.000874486	0.000937282	0.000999112	0.00105992	0.00111963	0.00117821	0.00123557	0.00129168	0.00134646	0.00139988	0.00145187	0.00150238	0.00155137	0.00159878	0.00164456	0.00168868	0.00173109	0.00177174	0.00181059	0.00184761	0.00188277	0.00191601	0.00194732	0.00197666	0.00200401	0.00202933	0.00205259	0.00207379	0.00209289	0.00210988	0.00212475	0.00213746	0.00214803	0.00215643	0.00216265	0.0021667	0.00216856	0.00216824	0.00216574	0.00216106	0.0021542	0.00214517	0.00213399	0.00212067	0.00210521	0.00208763	0.00206796	0.00204621	0.0020224	0.00199657	0.00196873	0.00193892	0.00190716	0.0018735	0.00183795	0.00180056	0.00176137	0.00172042	0.00167775	0.0016334	0.00158742	0.00153985	0.00149075	0.00144016	0.00138813	0.00133472	0.00127999	0.00122398	0.00116676	0.00110838	0.00104891	0.000988396	0.00092691	0.000864511	0.000801263	0.00073723	0.000672477	0.000607071	0.000541077	0.000474561	0.000407591	0.000340234	0.000272558	0.000204629	0.000136515	6.82833e-05	0	
0	7.29687e-05	0.000145843	0.000218547	0.000291008	0.000363151	0.000434903	0.000506192	0.000576946	0.000647094	0.000716566	0.000785292	0.000853204	0.000920233	0.000986313	0.00105138	0.00111536	0.00117821	0.00123984	0.00130021	0.00135925	0.0014169	0.00147311	0.00152782	0.00158098	0.00163252	0.00168241	0.0017306	0.00177702	0.00182164	0.00186442	0.00190531	0.00194427	0.00198126	0.00201625	0.0020492	0.00208007	0.00210884	0.00213549	0.00215997	0.00218228	0.00220238	0.00222026	0.0022359	0.00224928	0.0022604	0.00226924	0.00227579	0.00228005	0.00228201	0.00228167	0.00227904	0.00227411	0.00226689	0.0022574	0.00224563	0.00223161	0.00221534	0.00219684	0.00217614	0.00215325	0.00212821	0.00210102	0.00207173	0.00204035	0.00200694	0.00197151	0.0019341	0.00189476	0.00185352	0.00181043	0.00176552	0.00171885	0.00167046	0.00162041	0.00156874	0.0015155	0.00146075	0.00140455	0.00134695	0.00128802	0.0012278	0.00116637	0.00110378	0.0010401	0.000975401	0.000909738	0.000843181	0.000775799	0.000707659	0.000638831	0.000569384	0.000499388	0.000428915	0.000358034	0.000286817	0.000215335	0.000143657	7.18557e-05	0	
0	7.65214e-05	0.000152944	0.000229188	0.000305176	0.000380832	0.000456078	0.000530838	0.000605037	0.0006786	0.000751455	0.000823527	0.000894746	0.000965039	0.00103434	0.00110257	0.00116967	0.00123557	0.00130021	0.00136352	0.00142543	0.00148589	0.00154484	0.00160221	0.00165795	0.00171201	0.00176433	0.00181486	0.00186354	0.00191034	0.0019552	0.00199808	0.00203894	0.00207773	0.00211442	0.00214897	0.00218135	0.00221153	0.00223947	0.00226514	0.00228853	0.00230962	0.00232837	0.00234477	0.0023588	0.00237046	0.00237973	0.0023866	0.00239106	0.00239312	0.00239277	0.00239001	0.00238484	0.00237727	0.00236731	0.00235497	0.00234027	0.00232321	0.00230381	0.0022821	0.0022581	0.00223183	0.00220332	0.0021726	0.0021397	0.00210466	0.0020675	0.00202828	0.00198702	0.00194377	0.00189858	0.00185149	0.00180254	0.0017518	0.00169931	0.00164512	0.00158929	0.00153188	0.00147294	0.00141254	0.00135073	0.00128758	0.00122316	0.00115753	0.00109075	0.0010229	0.000954035	0.000884238	0.000813574	0.000742117	0.000669937	0.000597109	0.000523705	0.0004498	0.000375468	0.000300783	0.00022582	0.000150653	7.53546e-05	0	
0	7.99959e-05	0.000159888	0.000239594	0.000319033	0.000398124	0.000476787	0.000554941	0.00063251	0.000709414	0.000785576	0.000860922	0.000935374	0.00100886	0.0010813	0.00115263	0.00122278	0.00129168	0.00135925	0.00142543	0.00149016	0.00155336	0.00161498	0.00167496	0.00173324	0.00178975	0.00184445	0.00189727	0.00194817	0.00199709	0.00204398	0.00208881	0.00213152	0.00217208	0.00221043	0.00224655	0.0022804	0.00231195	0.00234116	0.002368	0.00239245	0.00241449	0.00243409	0.00245124	0.00246591	0.0024781	0.00248779	0.00249497	0.00249964	0.00250179	0.00250142	0.00249853	0.00249313	0.00248522	0.00247481	0.00246191	0.00244654	0.0024287	0.00240842	0.00238573	0.00236064	0.00233318	0.00230337	0.00227126	0.00223686	0.00220023	0.00216139	0.00212038	0.00207725	0.00203204	0.00198479	0.00193556	0.0018844	0.00183135	0.00177647	0.00171982	0.00166146	0.00160144	0.00153983	0.00147668	0.00141207	0.00134605	0.00127871	0.00121009	0.00114028	0.00106935	0.000997359	0.000924392	0.000850519	0.000775817	0.00070036	0.000624224	0.000547487	0.000470226	0.000392519	0.000314442	0.000236075	0.000157494	7.87766e-05	0	
0	8.33889e-05	0.00016667	0.000249757	0.000332565	0.00041501	0.000497009	0.000578479	0.000659338	0.000739504	0.000818897	0.000897438	0.000975048	0.00105165	0.00112717	0.00120152	0.00127465	0.00134646	0.0014169	0.00148589	0.00155336	0.00161925	0.00168349	0.00174601	0.00180676	0.00186567	0.00192268	0.00197774	0.0020308	0.0020818	0.00213068	0.00217741	0.00222193	0.00226421	0.00230419	0.00234184	0.00237713	0.00241001	0.00244046	0.00246844	0.00249393	0.00251691	0.00253734	0.00255521	0.00257051	0.00258321	0.00259331	0.0026008	0.00260567	0.00260791	0.00260752	0.00260451	0.00259888	0.00259064	0.00257978	0.00256634	0.00255031	0.00253172	0.00251058	0.00248692	0.00246077	0.00243214	0.00240107	0.0023676	0.00233175	0.00229356	0.00225307	0.00221032	0.00216536	0.00211823	0.00206898	0.00201766	0.00196433	0.00190903	0.00185183	0.00179277	0.00173194	0.00166937	0.00160514	0.00153932	0.00147196	0.00140315	0.00133295	0.00126142	0.00118865	0.00111471	0.00103966	0.000963603	0.000886597	0.000808726	0.000730068	0.000650703	0.000570711	0.000490173	0.000409169	0.000327781	0.000246089	0.000164175	8.21183e-05	0	
0	8.66969e-05	0.000173281	0.000259664	0.000345758	0.000431474	0.000516726	0.000601427	0.000685493	0.00076884	0.000851382	0.000933039	0.00101373	0.00109337	0.00117188	0.00124919	0.00132521	0.00139988	0.00147311	0.00154484	0.00161498	0.00168349	0.00175027	0.00181527	0.00187843	0.00193968	0.00199895	0.0020562	0.00211136	0.00216438	0.00221521	0.00226379	0.00231008	0.00235403	0.0023956	0.00243475	0.00247143	0.00250562	0.00253728	0.00256637	0.00259287	0.00261676	0.002638	0.00265658	0.00267248	0.00268569	0.00269619	0.00270398	0.00270904	0.00271137	0.00271097	0.00270784	0.00270199	0.00269341	0.00268213	0.00266815	0.00265148	0.00263216	0.00261018	0.00258559	0.00255839	0.00252863	0.00249633	0.00246152	0.00242425	0.00238455	0.00234245	0.00229801	0.00225126	0.00220226	0.00215106	0.00209771	0.00204226	0.00198477	0.00192529	0.0018639	0.00180065	0.0017356	0.00166882	0.00160039	0.00153036	0.00145882	0.00138583	0.00131146	0.00123581	0.00115893	0.00108091	0.00100183	0.000921771	0.00084081	0.000759032	0.000676518	0.000593353	0.00050962	0.000425402	0.000340785	0.000255852	0.000170688	8.53763e-05	0	
0	8.99166e-05	0.000179717	0.000269308	0.000358598	0.000447498	0.000535916	0.000623763	0.000710951	0.000797393	0.000883001	0.000967691	0.00105138	0.00113398	0.0012154	0.00129558	0.00137443	0.00145187	0.00152782	0.00160221	0.00167496	0.00174601	0.00181527	0.00188269	0.00194819	0.00201172	0.00207319	0.00213257	0.00218978	0.00224477	0.00229748	0.00234787	0.00239588	0.00244146	0.00248457	0.00252517	0.00256322	0.00259868	0.00263151	0.00266168	0.00268917	0.00271394	0.00273597	0.00275525	0.00277174	0.00278544	0.00279633	0.0028044	0.00280965	0.00281207	0.00281165	0.00280841	0.00280234	0.00279344	0.00278174	0.00276724	0.00274996	0.00272991	0.00270712	0.00268161	0.00265341	0.00262254	0.00258904	0.00255295	0.00251429	0.00247311	0.00242945	0.00238336	0.00233487	0.00228406	0.00223095	0.00217562	0.00211811	0.00205848	0.0019968	0.00193312	0.00186752	0.00180006	0.0017308	0.00165983	0.0015872	0.001513	0.0014373	0.00136017	0.00128171	0.00120197	0.00112106	0.00103904	0.000956006	0.000872039	0.000787223	0.000701645	0.000615391	0.000528548	0.000441203	0.000353443	0.000265355	0.000177028	8.85474e-05	0	
0	9.30448e-05	0.000185969	0.000278677	0.000371074	0.000463067	0.000554561	0.000645464	0.000735686	0.000825135	0.000913722	0.00100136	0.00108796	0.00117343	0.00125769	0.00134066	0.00142225	0.00150238	0.00158098	0.00165795	0.00173324	0.00180676	0.00187843	0.00194819	0.00201598	0.00208171	0.00214532	0.00220676	0.00226596	0.00232287	0.00237741	0.00242955	0.00247923	0.0025264	0.00257102	0.00261303	0.0026524	0.00268909	0.00272307	0.00275429	0.00278273	0.00280836	0.00283116	0.00285111	0.00286818	0.00288235	0.00289362	0.00290197	0.00290741	0.00290991	0.00290948	0.00290612	0.00289984	0.00289064	0.00287853	0.00286352	0.00284564	0.00282489	0.00280131	0.00277491	0.00274573	0.00271379	0.00267912	0.00264177	0.00260177	0.00255915	0.00251398	0.00246628	0.00241611	0.00236353	0.00230857	0.00225131	0.0021918	0.0021301	0.00206627	0.00200038	0.0019325	0.00186269	0.00179102	0.00171758	0.00164242	0.00156564	0.00148731	0.0014075	0.0013263	0.00124379	0.00116006	0.00107519	0.00098927	0.000902381	0.000814614	0.000726058	0.000636803	0.000546938	0.000456554	0.00036574	0.000274588	0.000183188	9.16283e-05	0	
0	9.60784e-05	0.000192032	0.000287763	0.000383173	0.000478165	0.000572642	0.000666509	0.000759673	0.000852038	0.000943514	0.00103401	0.00112343	0.00121169	0.0012987	0.00138437	0.00146862	0.00155137	0.00163252	0.00171201	0.00178975	0.00186567	0.00193968	0.00201172	0.00208171	0.00214958	0.00221527	0.00227872	0.00233985	0.0023986	0.00245493	0.00250877	0.00256007	0.00260878	0.00265485	0.00269823	0.00273888	0.00277677	0.00281185	0.00284409	0.00287346	0.00289993	0.00292348	0.00294407	0.00296169	0.00297633	0.00298797	0.0029966	0.0030022	0.00300479	0.00300434	0.00300088	0.00299439	0.00298489	0.00297238	0.00295689	0.00293842	0.002917	0.00289265	0.00286539	0.00283526	0.00280228	0.00276648	0.00272791	0.0026866	0.0026426	0.00259595	0.0025467	0.00249489	0.00244059	0.00238385	0.00232472	0.00226327	0.00219956	0.00213365	0.00206561	0.00199551	0.00192342	0.00184942	0.00177358	0.00169598	0.00161669	0.0015358	0.00145339	0.00136955	0.00128435	0.00119789	0.00111025	0.00102153	0.000931805	0.000841176	0.000749733	0.000657568	0.000564773	0.000471441	0.000377667	0.000283542	0.000189161	9.46162e-05	0	
0	9.90145e-05	0.000197901	0.000296557	0.000394882	0.000492777	0.000590141	0.000686877	0.000782888	0.000878076	0.000972347	0.00106561	0.00115776	0.00124872	0.00133838	0.00142668	0.0015135	0.00159878	0.00168241	0.00176433	0.00184445	0.00192268	0.00199895	0.00207319	0.00214532	0.00221527	0.00228297	0.00234835	0.00241135	0.00247191	0.00252995	0.00258544	0.00263831	0.0026885	0.00273598	0.00278069	0.00282259	0.00286163	0.00289778	0.00293101	0.00296128	0.00298856	0.00301282	0.00303404	0.00305221	0.00306729	0.00307928	0.00308817	0.00309395	0.00309662	0.00309616	0.00309259	0.0030859	0.00307611	0.00306322	0.00304726	0.00302822	0.00300615	0.00298105	0.00295296	0.00292191	0.00288792	0.00285103	0.00281128	0.00276871	0.00272336	0.00267528	0.00262453	0.00257114	0.00251518	0.0024567	0.00239577	0.00233244	0.00226678	0.00219886	0.00212874	0.0020565	0.00198221	0.00190594	0.00182779	0.00174781	0.0016661	0.00158274	0.00149781	0.0014114	0.0013236	0.0012345	0.00114418	0.00105275	0.000960283	0.000866885	0.000772647	0.000677665	0.000582033	0.00048585	0.000389209	0.000292208	0.000194942	9.75079e-05	0	
0	0.00010185	0.000203568	0.00030505	0.000406191	0.000506889	0.000607042	0.000706548	0.000805308	0.000903222	0.00100019	0.00109612	0.00119092	0.00128448	0.00137671	0.00146753	0.00155685	0.00164456	0.0017306	0.00181486	0.00189727	0.00197774	0.0020562	0.00213257	0.00220676	0.00227872	0.00234835	0.00241561	0.00248041	0.0025427	0.00260241	0.00265948	0.00271386	0.0027655	0.00281433	0.00286032	0.00290342	0.00294359	0.00298077	0.00301495	0.00304609	0.00307415	0.0030991	0.00312094	0.00313962	0.00315514	0.00316747	0.00317662	0.00318256	0.0031853	0.00318483	0.00318116	0.00317428	0.00316421	0.00315095	0.00313453	0.00311495	0.00309224	0.00306643	0.00303753	0.00300559	0.00297062	0.00293268	0.00289179	0.002848	0.00280136	0.0027519	0.00269969	0.00264478	0.00258721	0.00252706	0.00246438	0.00239924	0.0023317	0.00226183	0.0021897	0.00211539	0.00203898	0.00196053	0.00188013	0.00179787	0.00171382	0.00162807	0.00154071	0.00145183	0.00136151	0.00126986	0.00117695	0.0010829	0.000987786	0.000891713	0.000794776	0.000697073	0.000598703	0.000499765	0.000400356	0.000300577	0.000200526	0.000100301	0	
0	0.000104582	0.000209029	0.000313233	0.000417087	0.000520486	0.000623326	0.000725502	0.000826911	0.000927452	0.00102702	0.00112553	0.00122286	0.00131893	0.00141365	0.0015069	0.00159861	0.00168868	0.00177702	0.00186354	0.00194817	0.0020308	0.00211136	0.00218978	0.00226596	0.00233985	0.00241135	0.00248041	0.00254695	0.00261091	0.00267222	0.00273083	0.00278667	0.00283969	0.00288983	0.00293706	0.00298131	0.00302255	0.00306074	0.00309584	0.00312781	0.00315662	0.00318224	0.00320466	0.00322385	0.00323978	0.00325245	0.00326184	0.00326794	0.00327075	0.00327027	0.0032665	0.00325944	0.00324909	0.00323548	0.00321862	0.00319852	0.0031752	0.00314869	0.00311902	0.00308622	0.00305032	0.00301135	0.00296937	0.00292441	0.00287651	0.00282573	0.00277212	0.00271573	0.00265662	0.00259486	0.0025305	0.00246361	0.00239425	0.00232251	0.00224845	0.00217215	0.00209368	0.00201313	0.00193057	0.0018461	0.0017598	0.00167175	0.00158204	0.00149078	0.00139804	0.00130392	0.00120853	0.00111195	0.00101429	0.000915636	0.000816099	0.000715775	0.000614766	0.000513173	0.000411097	0.000308641	0.000205906	0.000102992	0	
0	0.000107208	0.000214278	0.000321098	0.00042756	0.000533556	0.000638978	0.00074372	0.000847676	0.000950742	0.00105281	0.00115379	0.00125357	0.00135205	0.00144914	0.00154474	0.00163875	0.00173109	0.00182164	0.00191034	0.00199709	0.0020818	0.00216438	0.00224477	0.00232287	0.0023986	0.00247191	0.0025427	0.00261091	0.00267648	0.00273933	0.0027994	0.00285665	0.002911	0.0029624	0.00301081	0.00305618	0.00309846	0.0031376	0.00317358	0.00320635	0.00323589	0.00326216	0.00328514	0.0033048	0.00332114	0.00333412	0.00334375	0.00335001	0.00335289	0.0033524	0.00334853	0.00334129	0.00333069	0.00331673	0.00329945	0.00327884	0.00325494	0.00322777	0.00319735	0.00316372	0.00312692	0.00308698	0.00304394	0.00299784	0.00294875	0.00289669	0.00284173	0.00278393	0.00272334	0.00266002	0.00259404	0.00252547	0.00245438	0.00238083	0.00230491	0.0022267	0.00214626	0.00206368	0.00197906	0.00189246	0.00180399	0.00171373	0.00162177	0.00152821	0.00143315	0.00133667	0.00123888	0.00113988	0.00103976	0.000938631	0.000836594	0.000733751	0.000630205	0.000526061	0.000421422	0.000316392	0.000211077	0.000105578	0	
0	0.000109726	0.000219309	0.000328638	0.000437601	0.000546085	0.000653983	0.000761184	0.000867581	0.000973067	0.00107754	0.00118088	0.00128301	0.0013838	0.00148317	0.00158102	0.00167724	0.00177174	0.00186442	0.0019552	0.00204398	0.00213068	0.00221521	0.00229748	0.00237741	0.00245493	0.00252995	0.00260241	0.00267222	0.00273933	0.00280366	0.00286514	0.00292373	0.00297936	0.00303197	0.00308152	0.00312795	0.00317122	0.00321128	0.0032481	0.00328165	0.00331188	0.00333876	0.00336228	0.00338241	0.00339913	0.00341242	0.00342227	0.00342868	0.00343163	0.00343112	0.00342716	0.00341975	0.0034089	0.00339462	0.00337693	0.00335584	0.00333138	0.00330357	0.00327244	0.00323802	0.00320035	0.00315947	0.00311542	0.00306825	0.00301799	0.00296472	0.00290847	0.00284931	0.00278729	0.00272249	0.00265496	0.00258478	0.00251202	0.00243675	0.00235904	0.00227899	0.00219666	0.00211215	0.00202553	0.00193691	0.00184636	0.00175398	0.00165986	0.0015641	0.0014668	0.00136806	0.00126797	0.00116665	0.00106418	0.000960674	0.000856241	0.000750983	0.000645005	0.000538415	0.000431319	0.000323823	0.000216034	0.000108058	0	
0	0.000112132	0.000224119	0.000335845	0.000447197	0.000558061	0.000668325	0.000777877	0.000886608	0.000994407	0.00110117	0.00120678	0.00131115	0.00141415	0.0015157	0.00161569	0.00171402	0.00181059	0.00190531	0.00199808	0.00208881	0.00217741	0.00226379	0.00234787	0.00242955	0.00250877	0.00258544	0.00265948	0.00273083	0.0027994	0.00286514	0.00292798	0.00298785	0.0030447	0.00309847	0.0031491	0.00319655	0.00324077	0.00328171	0.00331934	0.00335362	0.00338451	0.00341199	0.00343602	0.00345659	0.00347368	0.00348726	0.00349733	0.00350387	0.00350689	0.00350637	0.00350233	0.00349475	0.00348367	0.00346907	0.00345099	0.00342944	0.00340444	0.00337602	0.00334421	0.00330904	0.00327054	0.00322877	0.00318375	0.00313554	0.00308418	0.00302974	0.00297226	0.0029118	0.00284842	0.0027822	0.00271319	0.00264147	0.00256711	0.00249019	0.00241078	0.00232897	0.00224484	0.00215847	0.00206996	0.00197939	0.00188685	0.00179244	0.00169626	0.00159841	0.00149897	0.00139807	0.00129578	0.00119223	0.00108752	0.000981745	0.000875021	0.000767454	0.000659152	0.000550224	0.000440779	0.000330926	0.000220772	0.000110428	0	
0	0.000114425	0.000228701	0.000342712	0.000456341	0.000569472	0.000681991	0.000793783	0.000904737	0.00101474	0.00112368	0.00123146	0.00133796	0.00144307	0.00154669	0.00164873	0.00174907	0.00184761	0.00194427	0.00203894	0.00213152	0.00222193	0.00231008	0.00239588	0.00247923	0.00256007	0.00263831	0.00271386	0.00278667	0.00285665	0.00292373	0.00298785	0.00304895	0.00310696	0.00316182	0.00321349	0.00326191	0.00330703	0.00334882	0.00338722	0.00342219	0.00345372	0.00348176	0.00350628	0.00352728	0.00354471	0.00355857	0.00356884	0.00357552	0.0035786	0.00357807	0.00357394	0.00356622	0.0035549	0.00354001	0.00352156	0.00349957	0.00347406	0.00344505	0.00341259	0.0033767	0.00333742	0.00329479	0.00324885	0.00319966	0.00314725	0.00309169	0.00303304	0.00297134	0.00290667	0.00283909	0.00276867	0.00269549	0.00261961	0.00254111	0.00246008	0.0023766	0.00229074	0.00220261	0.00211229	0.00201986	0.00192544	0.0018291	0.00173095	0.00163109	0.00152963	0.00142666	0.00132228	0.00121661	0.00110976	0.00100182	0.000892915	0.000783148	0.000672632	0.000561476	0.000449793	0.000337693	0.000225287	0.000112686	0	
0	0.000116602	0.000233052	0.000349233	0.000465023	0.000580306	0.000694966	0.000808885	0.00092195	0.00103405	0.00114506	0.00125489	0.00136341	0.00147052	0.00157612	0.0016801	0.00178234	0.00188277	0.00198126	0.00207773	0.00217208	0.00226421	0.00235403	0.00244146	0.0025264	0.00260878	0.0026885	0.0027655	0.00283969	0.002911	0.00297936	0.0030447	0.00310696	0.00316607	0.00322198	0.00327463	0.00332397	0.00336996	0.00341253	0.00345166	0.00348731	0.00351943	0.003548	0.003573	0.00359439	0.00361215	0.00362628	0.00363675	0.00364355	0.00364669	0.00364615	0.00364194	0.00363407	0.00362254	0.00360736	0.00358856	0.00356615	0.00354016	0.0035106	0.00347752	0.00344095	0.00340092	0.00335748	0.00331067	0.00326054	0.00320713	0.00315052	0.00309074	0.00302788	0.00296198	0.00289311	0.00282135	0.00274677	0.00266945	0.00258946	0.00250689	0.00242182	0.00233433	0.00224452	0.00215248	0.0020583	0.00196207	0.0018639	0.00176389	0.00166213	0.00155873	0.0014538	0.00134744	0.00123976	0.00113087	0.00102088	0.000909905	0.00079805	0.000685431	0.00057216	0.000458352	0.000344119	0.000229574	0.00011483	0	
0	0.000118661	0.000237168	0.000355399	0.000473235	0.000590554	0.000707238	0.000823169	0.00093823	0.00105231	0.00116528	0.00127705	0.00138749	0.00149649	0.00160395	0.00170976	0.00181382	0.00191601	0.00201625	0.00211442	0.00221043	0.00230419	0.0023956	0.00248457	0.00257102	0.00265485	0.00273598	0.00281433	0.00288983	0.0029624	0.00303197	0.00309847	0.00316182	0.00322198	0.00327888	0.00333246	0.00338267	0.00342947	0.00347279	0.00351262	0.00354889	0.00358158	0.00361066	0.00363609	0.00365786	0.00367594	0.00369031	0.00370097	0.00370789	0.00371109	0.00371054	0.00370626	0.00369825	0.00368651	0.00367107	0.00365193	0.00362913	0.00360267	0.0035726	0.00353893	0.00350171	0.00346098	0.00341677	0.00336913	0.00331812	0.00326377	0.00320616	0.00314533	0.00308135	0.00301428	0.0029442	0.00287118	0.00279528	0.00271659	0.00263519	0.00255116	0.00246459	0.00237555	0.00228416	0.00219049	0.00209465	0.00199672	0.00189682	0.00179504	0.00169148	0.00158626	0.00147948	0.00137124	0.00126166	0.00115084	0.00103891	0.000925975	0.000812144	0.000697536	0.000582265	0.000466447	0.000350196	0.000233628	0.000116858	0	
0	0.0001206	0.000241043	0.000361207	0.000480967	0.000600204	0.000718794	0.00083662	0.000953561	0.0010695	0.00118432	0.00129791	0.00141016	0.00152095	0.00163016	0.0017377	0.00184346	0.00194732	0.0020492	0.00214897	0.00224655	0.00234184	0.00243475	0.00252517	0.00261303	0.00269823	0.00278069	0.00286032	0.00293706	0.00301081	0.00308152	0.0031491	0.00321349	0.00327463	0.00333246	0.00338692	0.00343795	0.00348551	0.00352955	0.00357002	0.00360688	0.00364011	0.00366966	0.00369551	0.00371764	0.00373601	0.00375062	0.00376145	0.00376849	0.00377173	0.00377118	0.00376682	0.00375868	0.00374676	0.00373106	0.00371161	0.00368843	0.00366155	0.00363098	0.00359677	0.00355894	0.00351754	0.00347261	0.00342419	0.00337234	0.00331711	0.00325855	0.00319673	0.0031317	0.00306354	0.00299232	0.0029181	0.00284096	0.00276099	0.00267826	0.00259285	0.00250486	0.00241438	0.00232149	0.00222629	0.00212888	0.00202935	0.00192782	0.00182437	0.00171913	0.00161218	0.00150365	0.00139365	0.00128228	0.00116965	0.00105589	0.000941108	0.000825417	0.000708936	0.000591781	0.00047407	0.000355919	0.000237447	0.000118768	0	
