0	0	0	0	0	0	0	0	0	0	0	0	0	0	0	0	0	0	0	0	0	0	0	0	0	0	0	0	0	0	0	0	0	0	0	0	0	0	0	0	0	0	0	0	0	0	0	0	0	0	0	0	0	0	0	0	0	0	0	0	0	0	0	0	0	0	0	0	0	0	0	0	0	0	0	0	0	0	0	0	0	0	0	0	0	0	0	0	0	0	0	0	0	0	0	0	0	0	0	0	
0	4.10913e-06	8.21284e-06	1.23069e-05	1.63871e-05	2.04494e-05	2.44895e-05	2.85035e-05	3.24873e-05	3.64369e-05	4.03484e-05	4.42178e-05	4.80414e-05	5.18152e-05	5.55355e-05	5.91986e-05	6.28008e-05	6.63387e-05	6.98085e-05	7.3207e-05	7.65307e-05	7.97763e-05	8.29405e-05	8.60203e-05	8.90125e-05	9.19143e-05	9.47226e-05	9.74348e-05	0.000100048	0.00010256	0.000104968	0.000107269	0.000109462	0.000111544	0.000113513	0.000115367	0.000117105	0.000118724	0.000120224	0.000121602	0.000122857	0.000123988	0.000124994	0.000125873	0.000126626	0.000127252	0.000127748	0.000128117	0.000128356	0.000128465	0.000128446	0.000128297	0.000128019	0.000127612	0.000127077	0.000126414	0.000125624	0.000124707	0.000123666	0.0001225	0.000121211	0.0001198	0.000118269	0.000116619	0.000114853	0.000112971	0.000110976	0.00010887	0.000106655	0.000104333	0.000101907	9.93786e-05	9.6751e-05	9.40269e-05	9.12088e-05	8.82998e-05	8.53027e-05	8.22206e-05	7.90568e-05	7.58143e-05	7.24965e-05	6.91068e-05	6.56486e-05	6.21255e-05	5.8541e-05	5.48988e-05	5.12026e-05	4.74562e-05	4.36633e-05	3.98279e-05	3.59538e-05	3.2045e-05	2.81053e-05	2.41388e-05	2.01495e-05	1.61413e-05	1.21183e-05	8.08446e-06	4.0437e-06	0	
0	8.21284e-06	1.64148e-05	2.45975e-05	3.27526e-05	4.08718e-05	4.89468e-05	5.69696e-05	6.4932e-05	7.28261e-05	8.06439e-05	8.83778e-05	9.60198e-05	0.000103562	0.000110998	0.00011832	0.00012552	0.000132591	0.000139526	0.000146318	0.000152961	0.000159448	0.000165773	0.000171928	0.000177909	0.000183709	0.000189322	0.000194742	0.000199965	0.000204986	0.000209798	0.000214398	0.000218781	0.000222942	0.000226878	0.000230584	0.000234057	0.000237294	0.000240291	0.000243045	0.000245553	0.000247814	0.000249824	0.000251583	0.000253088	0.000254337	0.00025533	0.000256066	0.000256544	0.000256764	0.000256724	0.000256427	0.000255871	0.000255058	0.000253988	0.000252663	0.000251084	0.000249252	0.00024717	0.00024484	0.000242263	0.000239444	0.000236384	0.000233087	0.000229556	0.000225795	0.000221808	0.000217599	0.000213171	0.00020853	0.000203681	0.000198628	0.000193376	0.000187931	0.000182299	0.000176485	0.000170494	0.000164334	0.000158011	0.00015153	0.000144899	0.000138124	0.000131212	0.00012417	0.000117006	0.000109726	0.000102339	9.48509e-05	8.72701e-05	7.96043e-05	7.18611e-05	6.40485e-05	5.61743e-05	4.82465e-05	4.0273e-05	3.22619e-05	2.42211e-05	1.61585e-05	8.08221e-06	0	
0	1.23069e-05	2.45975e-05	3.68593e-05	4.90798e-05	6.12463e-05	7.33468e-05	8.53689e-05	9.73007e-05	0.00010913	0.000120845	0.000132434	0.000143886	0.000155189	0.000166331	0.000177303	0.000188092	0.000198688	0.00020908	0.000219259	0.000229213	0.000238934	0.000248411	0.000257636	0.000266598	0.000275288	0.0002837	0.000291823	0.00029965	0.000307173	0.000314384	0.000321277	0.000327845	0.000334081	0.000339978	0.000345532	0.000350737	0.000355587	0.000360077	0.000364204	0.000367963	0.000371351	0.000374364	0.000376999	0.000379254	0.000381126	0.000382615	0.000383717	0.000384433	0.000384762	0.000384704	0.000384258	0.000383425	0.000382206	0.000380603	0.000378618	0.000376251	0.000373507	0.000370387	0.000366894	0.000363034	0.000358809	0.000354224	0.000349283	0.000343992	0.000338356	0.000332381	0.000326073	0.000319439	0.000312485	0.000305218	0.000297646	0.000289776	0.000281617	0.000273177	0.000264464	0.000255488	0.000246257	0.000236781	0.000227069	0.000217132	0.00020698	0.000196623	0.000186071	0.000175335	0.000164426	0.000153356	0.000142135	0.000130775	0.000119288	0.000107685	9.59776e-05	8.41781e-05	7.22982e-05	6.03498e-05	4.8345e-05	3.62957e-05	2.42139e-05	1.21114e-05	0	
0	1.63871e-05	3.27526e-05	4.90798e-05	6.53518e-05	8.15521e-05	9.76645e-05	0.000113673	0.00012956	0.000145312	0.000160911	0.000176342	0.000191591	0.000206641	0.000221478	0.000236087	0.000250453	0.000264562	0.0002784	0.000291954	0.000305209	0.000318153	0.000330772	0.000343054	0.000354988	0.00036656	0.00037776	0.000388576	0.000398998	0.000409016	0.000418618	0.000427797	0.000436542	0.000444845	0.000452698	0.000460093	0.000467023	0.000473481	0.000479461	0.000484956	0.000489962	0.000494472	0.000498484	0.000501993	0.000504996	0.000507489	0.000509471	0.000510939	0.000511893	0.000512331	0.000512253	0.000511659	0.00051055	0.000508928	0.000506793	0.000504149	0.000500998	0.000497343	0.000493189	0.000488539	0.000483398	0.000477773	0.000471667	0.000465089	0.000458043	0.000450539	0.000442583	0.000434184	0.00042535	0.00041609	0.000406414	0.000396331	0.000385852	0.000374988	0.000363749	0.000352148	0.000340195	0.000327904	0.000315286	0.000302355	0.000289123	0.000275605	0.000261814	0.000247763	0.000233468	0.000218943	0.000204202	0.000189261	0.000174135	0.000158839	0.000143389	0.0001278	0.000112088	9.62692e-05	8.03594e-05	6.43743e-05	4.833e-05	3.22423e-05	1.61271e-05	0	
0	2.04494e-05	4.08718e-05	6.12463e-05	8.15521e-05	0.000101769	0.000121875	0.000141852	0.000161678	0.000181334	0.0002008	0.000220058	0.000239086	0.000257867	0.000276382	0.000294613	0.00031254	0.000330147	0.000347416	0.000364329	0.00038087	0.000397023	0.000412771	0.000428098	0.00044299	0.000457431	0.000471407	0.000484905	0.000497911	0.000510411	0.000522394	0.000533848	0.000544761	0.000555123	0.000564923	0.000574152	0.0005828	0.000590858	0.00059832	0.000605178	0.000611424	0.000617053	0.00062206	0.000626438	0.000630185	0.000633297	0.00063577	0.000637602	0.000638792	0.000639339	0.000639241	0.0006385	0.000637117	0.000635092	0.000632429	0.000629129	0.000625197	0.000620636	0.000615452	0.000609649	0.000603234	0.000596214	0.000588595	0.000580386	0.000571594	0.000562229	0.000552301	0.00054182	0.000530795	0.00051924	0.000507165	0.000494583	0.000481506	0.000467949	0.000453924	0.000439447	0.000424531	0.000409193	0.000393447	0.00037731	0.000360799	0.000343929	0.000326719	0.000309185	0.000291346	0.00027322	0.000254825	0.00023618	0.000217304	0.000198216	0.000178936	0.000159482	0.000139876	0.000120135	0.000100281	8.03334e-05	6.03116e-05	4.02356e-05	2.01252e-05	0	
0	2.44895e-05	4.89468e-05	7.33468e-05	9.76645e-05	0.000121875	0.000145954	0.000169878	0.000193621	0.000217161	0.000240473	0.000263535	0.000286323	0.000308815	0.000330989	0.000352821	0.000374291	0.000395376	0.000416057	0.000436312	0.000456121	0.000475465	0.000494324	0.00051268	0.000530514	0.000547809	0.000564546	0.000580711	0.000596286	0.000611257	0.000625608	0.000639324	0.000652394	0.000664803	0.000676539	0.000687591	0.000697948	0.000707599	0.000716535	0.000724747	0.000732228	0.000738969	0.000744965	0.000750209	0.000754696	0.000758422	0.000761384	0.000763578	0.000765004	0.000765658	0.000765541	0.000764654	0.000762997	0.000760572	0.000757383	0.000753431	0.000748722	0.00074326	0.000737052	0.000730103	0.000722421	0.000714013	0.000704889	0.000695057	0.000684529	0.000673314	0.000661424	0.000648872	0.000635669	0.000621831	0.00060737	0.000592302	0.000576642	0.000560406	0.00054361	0.000526273	0.00050841	0.000490041	0.000471184	0.000451859	0.000432085	0.000411883	0.000391272	0.000370274	0.00034891	0.000327203	0.000305174	0.000282845	0.000260239	0.00023738	0.00021429	0.000190993	0.000167513	0.000143872	0.000120095	9.62062e-05	7.22283e-05	4.81856e-05	2.41017e-05	0	
0	2.85035e-05	5.69696e-05	8.53689e-05	0.000113673	0.000141852	0.000169878	0.000197722	0.000225358	0.000252756	0.00027989	0.000306732	0.000333255	0.000359434	0.000385242	0.000410653	0.000435642	0.000460183	0.000484254	0.000507829	0.000530886	0.0005534	0.000575351	0.000596715	0.000617473	0.000637602	0.000657083	0.000675898	0.000694026	0.00071145	0.000728154	0.000744119	0.000759331	0.000773774	0.000787434	0.000800297	0.000812351	0.000823585	0.000833986	0.000843544	0.000852251	0.000860097	0.000867076	0.000873179	0.000878402	0.000882739	0.000886186	0.00088874	0.000890399	0.000891161	0.000891025	0.000889993	0.000888064	0.000885242	0.000881529	0.00087693	0.000871449	0.000865092	0.000857866	0.000849778	0.000840837	0.000831051	0.000820431	0.000808988	0.000796734	0.000783681	0.000769842	0.000755232	0.000739866	0.000723759	0.000706928	0.00068939	0.000671163	0.000652266	0.000632717	0.000612537	0.000591747	0.000570367	0.000548419	0.000525927	0.000502911	0.000479397	0.000455408	0.000430968	0.000406103	0.000380837	0.000355197	0.000329208	0.000302898	0.000276291	0.000249417	0.000222301	0.000194972	0.000167456	0.000139782	0.000111976	8.40682e-05	5.60844e-05	2.80525e-05	0	
0	3.24873e-05	6.4932e-05	9.73007e-05	0.00012956	0.000161678	0.000193621	0.000225358	0.000256856	0.000288083	0.00031901	0.000349603	0.000379834	0.000409672	0.000439087	0.00046805	0.000496531	0.000524504	0.000551939	0.000578809	0.000605088	0.00063075	0.000655768	0.000680119	0.000703778	0.000726721	0.000748925	0.000770369	0.000791031	0.000810891	0.000829929	0.000848126	0.000865464	0.000881926	0.000897495	0.000912156	0.000925896	0.000938699	0.000950554	0.000961448	0.000971372	0.000980315	0.000988269	0.000995226	0.00100118	0.00100612	0.00101005	0.00101296	0.00101485	0.00101572	0.00101557	0.00101439	0.00101219	0.00100897	0.00100474	0.000999501	0.000993254	0.000986009	0.000977773	0.000968554	0.000958363	0.00094721	0.000935106	0.000922063	0.000908096	0.000893218	0.000877446	0.000860794	0.00084328	0.000824922	0.000805738	0.000785749	0.000764974	0.000743435	0.000721155	0.000698154	0.000674458	0.00065009	0.000625074	0.000599438	0.000573206	0.000546405	0.000519063	0.000491207	0.000462866	0.000434069	0.000404845	0.000375224	0.000345235	0.00031491	0.000284279	0.000253374	0.000222224	0.000190863	0.00015932	0.000127628	9.58192e-05	6.39238e-05	3.19737e-05	0	
0	3.64369e-05	7.28261e-05	0.00010913	0.000145312	0.000181334	0.000217161	0.000252756	0.000288083	0.000323108	0.000357794	0.000392107	0.000426014	0.000459479	0.000492471	0.000524955	0.000556899	0.000588272	0.000619043	0.00064918	0.000678654	0.000707436	0.000735496	0.000762808	0.000789343	0.000815075	0.000839979	0.000864031	0.000887205	0.000909479	0.000930832	0.000951241	0.000970687	0.00098915	0.00100661	0.00102306	0.00103847	0.00105283	0.00106612	0.00107834	0.00108947	0.0010995	0.00110842	0.00111623	0.0011229	0.00112845	0.00113285	0.00113612	0.00113824	0.00113921	0.00113904	0.00113772	0.00113525	0.00113165	0.0011269	0.00112102	0.00111402	0.00110589	0.00109665	0.00108631	0.00107488	0.00106237	0.0010488	0.00103417	0.0010185	0.00100182	0.000984127	0.00096545	0.000945807	0.000925217	0.000903701	0.000881282	0.000857981	0.000833824	0.000808834	0.000783037	0.00075646	0.000729129	0.000701072	0.000672319	0.000642897	0.000612838	0.000582172	0.00055093	0.000519143	0.000486845	0.000454068	0.000420845	0.000387211	0.000353199	0.000318844	0.00028418	0.000249243	0.000214069	0.000178691	0.000143146	0.00010747	7.16962e-05	3.58613e-05	0	
0	4.03484e-05	8.06439e-05	0.000120845	0.000160911	0.0002008	0.000240473	0.00027989	0.00031901	0.000357794	0.000396204	0.000434201	0.000471748	0.000508806	0.000545339	0.00058131	0.000616684	0.000651426	0.0006855	0.000718872	0.000751511	0.000783382	0.000814455	0.000844698	0.000874082	0.000902577	0.000930155	0.000956788	0.00098245	0.00100712	0.00103076	0.00105336	0.0010749	0.00109534	0.00111468	0.00113289	0.00114995	0.00116585	0.00118058	0.00119411	0.00120643	0.00121754	0.00122742	0.00123606	0.00124345	0.00124959	0.00125447	0.00125809	0.00126044	0.00126151	0.00126132	0.00125986	0.00125713	0.00125314	0.00124788	0.00124137	0.00123361	0.00122461	0.00121438	0.00120293	0.00119028	0.00117642	0.00116139	0.00114519	0.00112785	0.00110937	0.00108978	0.0010691	0.00104735	0.00102454	0.00100072	0.000975893	0.000950091	0.00092334	0.000895668	0.000867101	0.000837671	0.000807406	0.000776337	0.000744497	0.000711917	0.000678631	0.000644672	0.000610076	0.000574877	0.000539111	0.000502816	0.000466026	0.000428781	0.000391118	0.000353074	0.000314689	0.000276002	0.000237051	0.000197876	0.000158515	0.000119008	7.93936e-05	3.97115e-05	0	
0	4.42178e-05	8.83778e-05	0.000132434	0.000176342	0.000220058	0.000263535	0.000306732	0.000349603	0.000392107	0.000434201	0.000475843	0.00051699	0.000557602	0.000597639	0.00063706	0.000675827	0.0007139	0.000751242	0.000787815	0.000823584	0.000858512	0.000892565	0.000925709	0.000957911	0.000989139	0.00101936	0.00104855	0.00107667	0.0011037	0.00112962	0.00115438	0.00117798	0.00120039	0.00122158	0.00124154	0.00126024	0.00127766	0.0012938	0.00130863	0.00132214	0.00133431	0.00134513	0.0013546	0.00136271	0.00136943	0.00137478	0.00137875	0.00138132	0.0013825	0.00138229	0.00138069	0.0013777	0.00137332	0.00136756	0.00136042	0.00135192	0.00134206	0.00133085	0.0013183	0.00130443	0.00128925	0.00127278	0.00125502	0.00123601	0.00121576	0.0011943	0.00117163	0.00114779	0.00112281	0.00109669	0.00106949	0.00104121	0.00101189	0.000981568	0.000950263	0.00091801	0.000884842	0.000850794	0.0008159	0.000780195	0.000743717	0.000706501	0.000668587	0.000630012	0.000590817	0.00055104	0.000510722	0.000469905	0.000428629	0.000386937	0.000344871	0.000302473	0.000259787	0.000216854	0.000173718	0.000130422	8.70084e-05	4.35203e-05	0	
0	4.80414e-05	9.60198e-05	0.000143886	0.000191591	0.000239086	0.000286323	0.000333255	0.000379834	0.000426014	0.000471748	0.00051699	0.000561696	0.00060582	0.000649319	0.000692149	0.000734268	0.000775633	0.000816205	0.000855941	0.000894802	0.000932751	0.000969749	0.00100576	0.00104075	0.00107467	0.00110751	0.00113922	0.00116978	0.00119915	0.0012273	0.00125421	0.00127985	0.00130419	0.00132722	0.0013489	0.00136922	0.00138815	0.00140568	0.00142179	0.00143647	0.00144969	0.00146146	0.00147174	0.00148055	0.00148786	0.00149367	0.00149797	0.00150077	0.00150205	0.00150182	0.00150008	0.00149683	0.00149208	0.00148582	0.00147807	0.00146883	0.00145812	0.00144594	0.0014323	0.00141723	0.00140074	0.00138284	0.00136355	0.0013429	0.0013209	0.00129757	0.00127295	0.00124705	0.0012199	0.00119153	0.00116197	0.00113125	0.0010994	0.00106645	0.00103244	0.000997396	0.00096136	0.000924367	0.000886456	0.000847664	0.000808031	0.000767597	0.000726404	0.000684494	0.000641909	0.000598692	0.000554888	0.000510541	0.000465696	0.000420399	0.000374695	0.000328631	0.000282253	0.000235607	0.000188741	0.000141701	9.45329e-05	4.7284e-05	0	
0	5.18152e-05	0.000103562	0.000155189	0.000206641	0.000257867	0.000308815	0.000359434	0.000409672	0.000459479	0.000508806	0.000557602	0.00060582	0.00065341	0.000700326	0.000746521	0.000791949	0.000836564	0.000880322	0.00092318	0.000965095	0.00100602	0.00104593	0.00108477	0.0011225	0.0011591	0.00119451	0.00122872	0.00126167	0.00129335	0.00132371	0.00135274	0.00138039	0.00140665	0.00143148	0.00145486	0.00147678	0.0014972	0.00151611	0.00153348	0.00154931	0.00156358	0.00157626	0.00158736	0.00159685	0.00160474	0.00161101	0.00161565	0.00161867	0.00162005	0.0016198	0.00161793	0.00161442	0.00160929	0.00160254	0.00159418	0.00158422	0.00157266	0.00155953	0.00154482	0.00152857	0.00151078	0.00149147	0.00147067	0.00144839	0.00142467	0.00139951	0.00137295	0.00134501	0.00131573	0.00128514	0.00125326	0.00122012	0.00118577	0.00115023	0.00111354	0.00107575	0.00103688	0.000996985	0.000956095	0.000914255	0.000871509	0.000827899	0.00078347	0.000738267	0.000692337	0.000645725	0.00059848	0.000550649	0.000502281	0.000453426	0.000404131	0.000354448	0.000304427	0.000254117	0.000203569	0.000152833	0.00010196	5.09987e-05	0	
0	5.55355e-05	0.000110998	0.000166331	0.000221478	0.000276382	0.000330989	0.000385242	0.000439087	0.000492471	0.000545339	0.000597639	0.000649319	0.000700326	0.000750611	0.000800123	0.000848813	0.000896631	0.000943532	0.000989467	0.00103439	0.00107826	0.00112103	0.00116266	0.0012031	0.00124232	0.00128028	0.00131694	0.00135226	0.00138621	0.00141876	0.00144987	0.00147951	0.00150765	0.00153426	0.00155933	0.00158282	0.0016047	0.00162497	0.00164359	0.00166056	0.00167585	0.00168944	0.00170134	0.00171151	0.00171997	0.00172668	0.00173166	0.00173489	0.00173638	0.00173611	0.0017341	0.00173034	0.00172484	0.00171761	0.00170865	0.00169797	0.00168559	0.00167151	0.00165575	0.00163833	0.00161926	0.00159857	0.00157627	0.0015524	0.00152696	0.0015	0.00147153	0.00144159	0.00141021	0.00137742	0.00134324	0.00130773	0.00127091	0.00123282	0.0011935	0.00115299	0.00111134	0.00106857	0.00102475	0.000979904	0.000934088	0.000887347	0.000839727	0.000791279	0.00074205	0.000692092	0.000641454	0.000590189	0.000538348	0.000485984	0.000433151	0.0003799	0.000326287	0.000272364	0.000218187	0.000163808	0.000109281	5.46608e-05	0	
0	5.91986e-05	0.00011832	0.000177303	0.000236087	0.000294613	0.000352821	0.000410653	0.00046805	0.000524955	0.00058131	0.00063706	0.000692149	0.000746521	0.000800123	0.000852901	0.000904802	0.000955775	0.00100577	0.00105473	0.00110262	0.00114938	0.00119498	0.00123935	0.00128246	0.00132427	0.00136473	0.00140381	0.00144146	0.00147765	0.00151234	0.0015455	0.0015771	0.0016071	0.00163547	0.00166219	0.00168722	0.00171055	0.00173216	0.00175201	0.00177009	0.00178639	0.00180089	0.00181356	0.00182441	0.00183342	0.00184058	0.00184589	0.00184933	0.00185091	0.00185063	0.00184849	0.00184448	0.00183862	0.00183091	0.00182136	0.00180998	0.00179677	0.00178177	0.00176497	0.0017464	0.00172607	0.00170402	0.00168025	0.0016548	0.00162769	0.00159895	0.0015686	0.00153669	0.00150323	0.00146828	0.00143185	0.00139399	0.00135475	0.00131414	0.00127223	0.00122905	0.00118465	0.00113906	0.00109234	0.00104454	0.000995705	0.00094588	0.00089512	0.000843476	0.000791	0.000737746	0.000683768	0.000629121	0.000573861	0.000518043	0.000461724	0.000404961	0.000347811	0.000290331	0.00023258	0.000174614	0.00011649	5.82667e-05	0	
0	6.28008e-05	0.00012552	0.000188092	0.000250453	0.00031254	0.000374291	0.000435642	0.000496531	0.000556899	0.000616684	0.000675827	0.000734268	0.000791949	0.000848813	0.000904802	0.000959862	0.00101394	0.00106697	0.00111892	0.00116972	0.00121933	0.00126769	0.00131477	0.0013605	0.00140486	0.00144778	0.00148924	0.00152918	0.00156757	0.00160438	0.00163955	0.00167307	0.0017049	0.00173499	0.00176334	0.0017899	0.00181465	0.00183757	0.00185863	0.00187781	0.0018951	0.00191048	0.00192393	0.00193543	0.00194499	0.00195259	0.00195822	0.00196187	0.00196355	0.00196325	0.00196098	0.00195673	0.00195051	0.00194233	0.0019322	0.00192012	0.00190611	0.00189019	0.00187237	0.00185267	0.00183111	0.00180771	0.0017825	0.0017555	0.00172674	0.00169625	0.00166406	0.0016302	0.00159471	0.00155763	0.00151899	0.00147883	0.00143719	0.00139412	0.00134965	0.00130384	0.00125674	0.00120838	0.00115882	0.00110811	0.0010563	0.00100344	0.000949593	0.000894806	0.000839137	0.000782642	0.00072538	0.000667407	0.000608784	0.000549569	0.000489823	0.000429606	0.000368978	0.000308	0.000246734	0.00018524	0.00012358	6.18127e-05	0	
0	6.63387e-05	0.000132591	0.000198688	0.000264562	0.000330147	0.000395376	0.000460183	0.000524504	0.000588272	0.000651426	0.0007139	0.000775633	0.000836564	0.000896631	0.000955775	0.00101394	0.00107106	0.00112708	0.00118195	0.00123562	0.00128802	0.00133911	0.00138884	0.00143715	0.001484	0.00152934	0.00157314	0.00161533	0.00165588	0.00169476	0.00173192	0.00176733	0.00180094	0.00183274	0.00186268	0.00189073	0.00191688	0.00194109	0.00196334	0.0019836	0.00200187	0.00201811	0.00203231	0.00204447	0.00205457	0.00206259	0.00206854	0.0020724	0.00207417	0.00207386	0.00207145	0.00206696	0.0020604	0.00205176	0.00204105	0.0020283	0.0020135	0.00199668	0.00197786	0.00195705	0.00193427	0.00190955	0.00188292	0.0018544	0.00182402	0.00179181	0.00175781	0.00172204	0.00168455	0.00164538	0.00160456	0.00156214	0.00151816	0.00147266	0.00142569	0.0013773	0.00132754	0.00127646	0.00122411	0.00117054	0.00111581	0.00105997	0.00100309	0.000945218	0.000886413	0.000826736	0.000766247	0.000705008	0.000643082	0.000580532	0.000517419	0.00045381	0.000389766	0.000325353	0.000260635	0.000195677	0.000130542	6.52953e-05	0	
0	6.98085e-05	0.000139526	0.00020908	0.0002784	0.000347416	0.000416057	0.000484254	0.000551939	0.000619043	0.0006855	0.000751242	0.000816205	0.000880322	0.000943532	0.00100577	0.00106697	0.00112708	0.00118604	0.00124378	0.00130025	0.00135539	0.00140916	0.00146148	0.00151232	0.00156163	0.00160934	0.00165542	0.00169982	0.0017425	0.00178341	0.00182252	0.00185977	0.00189515	0.0019286	0.00196011	0.00198964	0.00201715	0.00204262	0.00206604	0.00208736	0.00210658	0.00212367	0.00213862	0.00215141	0.00216204	0.00217048	0.00217674	0.0021808	0.00218267	0.00218234	0.00217981	0.00217508	0.00216817	0.00215908	0.00214782	0.00213439	0.00211882	0.00210113	0.00208132	0.00205942	0.00203545	0.00200944	0.00198142	0.0019514	0.00191943	0.00188554	0.00184976	0.00181212	0.00177267	0.00173145	0.0016885	0.00164385	0.00159757	0.00154969	0.00150027	0.00144935	0.00139698	0.00134323	0.00128814	0.00123177	0.00117418	0.00111542	0.00105556	0.000994663	0.000932781	0.000869982	0.000806329	0.000741888	0.000676722	0.0006109	0.000544486	0.000477549	0.000410155	0.000342373	0.000274269	0.000205913	0.000137371	6.8711e-05	0	
0	7.3207e-05	0.000146318	0.000219259	0.000291954	0.000364329	0.000436312	0.000507829	0.000578809	0.00064918	0.000718872	0.000787815	0.000855941	0.00092318	0.000989467	0.00105473	0.00111892	0.00118195	0.00124378	0.00130433	0.00136355	0.00142138	0.00147776	0.00153264	0.00158595	0.00163765	0.00168769	0.00173602	0.00178258	0.00182733	0.00187024	0.00191124	0.00195032	0.00198741	0.0020225	0.00205554	0.0020865	0.00211535	0.00214207	0.00216662	0.00218899	0.00220914	0.00222706	0.00224274	0.00225616	0.0022673	0.00227615	0.00228271	0.00228697	0.00228893	0.00228858	0.00228593	0.00228098	0.00227373	0.0022642	0.00225238	0.00223831	0.00222198	0.00220342	0.00218265	0.00215968	0.00213455	0.00210727	0.00207788	0.00204641	0.00201288	0.00197734	0.00193981	0.00190035	0.00185898	0.00181575	0.0017707	0.00172389	0.00167535	0.00162514	0.00157331	0.00151991	0.001465	0.00140862	0.00135085	0.00129174	0.00123134	0.00116973	0.00110696	0.00104309	0.000978195	0.000912339	0.000845587	0.000778008	0.00070967	0.000640643	0.000570996	0.000500799	0.000430125	0.000359042	0.000287623	0.000215938	0.000144059	7.20565e-05	0	
0	7.65307e-05	0.000152961	0.000229213	0.000305209	0.00038087	0.000456121	0.000530886	0.000605088	0.000678654	0.000751511	0.000823584	0.000894802	0.000965095	0.00103439	0.00110262	0.00116972	0.00123562	0.00130025	0.00136355	0.00142546	0.00148592	0.00154486	0.00160222	0.00165796	0.00171201	0.00176432	0.00181484	0.00186351	0.0019103	0.00195515	0.00199802	0.00203887	0.00207765	0.00211433	0.00214887	0.00218124	0.0022114	0.00223933	0.00226499	0.00228837	0.00230944	0.00232818	0.00234457	0.00235859	0.00237024	0.0023795	0.00238636	0.00239081	0.00239286	0.00239249	0.00238972	0.00238455	0.00237697	0.002367	0.00235465	0.00233994	0.00232287	0.00230347	0.00228175	0.00225774	0.00223147	0.00220295	0.00217223	0.00213932	0.00210428	0.00206712	0.00202789	0.00198663	0.00194338	0.00189819	0.0018511	0.00180216	0.00175142	0.00169893	0.00164474	0.00158892	0.00153151	0.00147258	0.00141219	0.00135039	0.00128725	0.00122284	0.00115722	0.00109045	0.00102261	0.000953764	0.000883981	0.000813334	0.000741893	0.000669732	0.000596922	0.000523539	0.000449655	0.000375345	0.000300683	0.000225743	0.000150601	7.53284e-05	0	
0	7.97763e-05	0.000159448	0.000238934	0.000318153	0.000397023	0.000475465	0.0005534	0.00063075	0.000707436	0.000783382	0.000858512	0.000932751	0.00100602	0.00107826	0.00114938	0.00121933	0.00128802	0.00135539	0.00142138	0.00148592	0.00154893	0.00161037	0.00167017	0.00172827	0.00178462	0.00183914	0.00189181	0.00194255	0.00199132	0.00203807	0.00208276	0.00212534	0.00216576	0.002204	0.00224	0.00227374	0.00230519	0.0023343	0.00236105	0.00238543	0.00240739	0.00242692	0.00244401	0.00245863	0.00247077	0.00248042	0.00248757	0.00249221	0.00249434	0.00249396	0.00249107	0.00248568	0.00247778	0.00246739	0.00245452	0.00243918	0.00242138	0.00240116	0.00237852	0.0023535	0.00232611	0.00229638	0.00226435	0.00223006	0.00219352	0.00215479	0.0021139	0.00207089	0.0020258	0.0019787	0.00192961	0.00187859	0.0018257	0.00177098	0.0017145	0.00165631	0.00159647	0.00153504	0.00147208	0.00140766	0.00134185	0.0012747	0.0012063	0.0011367	0.00106598	0.000994216	0.000921473	0.00084783	0.000773359	0.000698137	0.00062224	0.000545744	0.000468726	0.000391264	0.000313436	0.000235318	0.000156988	7.85233e-05	0	
0	8.29405e-05	0.000165773	0.000248411	0.000330772	0.000412771	0.000494324	0.000575351	0.000655768	0.000735496	0.000814455	0.000892565	0.000969749	0.00104593	0.00112103	0.00119498	0.00126769	0.00133911	0.00140916	0.00147776	0.00154486	0.00161037	0.00167425	0.00173642	0.00179683	0.0018554	0.0019121	0.00196685	0.0020196	0.00207031	0.00211891	0.00216537	0.00220964	0.00225167	0.00229142	0.00232886	0.00236394	0.00239662	0.00242689	0.00245471	0.00248005	0.00250288	0.00252319	0.00254095	0.00255615	0.00256877	0.00257881	0.00258624	0.00259107	0.00259328	0.00259289	0.00258989	0.00258428	0.00257606	0.00256526	0.00255188	0.00253593	0.00251743	0.0024964	0.00247287	0.00244685	0.00241838	0.00238747	0.00235417	0.00231852	0.00228053	0.00224026	0.00219775	0.00215303	0.00210616	0.00205718	0.00200615	0.00195311	0.00189812	0.00184123	0.00178251	0.00172201	0.0016598	0.00159593	0.00153048	0.0014635	0.00139508	0.00132527	0.00125415	0.00118179	0.00110827	0.00103365	0.000958026	0.000881461	0.000804037	0.000725831	0.000646923	0.000567392	0.00048732	0.000406785	0.00032587	0.000244653	0.000163216	8.16383e-05	0	
0	8.60203e-05	0.000171928	0.000257636	0.000343054	0.000428098	0.00051268	0.000596715	0.000680119	0.000762808	0.000844698	0.000925709	0.00100576	0.00108477	0.00116266	0.00123935	0.00131477	0.00138884	0.00146148	0.00153264	0.00160222	0.00167017	0.00173642	0.0018009	0.00186355	0.0019243	0.0019831	0.00203988	0.0020946	0.00214719	0.0021976	0.00224578	0.00229169	0.00233529	0.00237651	0.00241534	0.00245172	0.00248562	0.00251701	0.00254586	0.00257214	0.00259582	0.00261689	0.00263531	0.00265107	0.00266416	0.00267457	0.00268228	0.00268728	0.00268958	0.00268918	0.00268606	0.00268024	0.00267173	0.00266052	0.00264664	0.0026301	0.00261092	0.00258911	0.0025647	0.00253771	0.00250818	0.00247613	0.0024416	0.00240461	0.00236522	0.00232345	0.00227936	0.00223299	0.00218437	0.00213358	0.00208065	0.00202564	0.00196861	0.00190961	0.0018487	0.00178596	0.00172143	0.00165519	0.00158731	0.00151785	0.00144688	0.00137448	0.00130072	0.00122568	0.00114942	0.00107204	0.000993603	0.000914195	0.000833895	0.000752785	0.000670947	0.000588463	0.000505417	0.000421892	0.000337971	0.000253739	0.000169277	8.46701e-05	0	
0	8.90125e-05	0.000177909	0.000266598	0.000354988	0.00044299	0.000530514	0.000617473	0.000703778	0.000789343	0.000874082	0.000957911	0.00104075	0.0011225	0.0012031	0.00128246	0.0013605	0.00143715	0.00151232	0.00158595	0.00165796	0.00172827	0.00179683	0.00186355	0.00192838	0.00199124	0.00205209	0.00211084	0.00216746	0.00222188	0.00227405	0.00232391	0.00237142	0.00241652	0.00245918	0.00249936	0.00253701	0.00257209	0.00260457	0.00263443	0.00266162	0.00268613	0.00270792	0.00272698	0.0027433	0.00275684	0.00276761	0.00277559	0.00278077	0.00278315	0.00278273	0.0027795	0.00277348	0.00276467	0.00275307	0.00273871	0.0027216	0.00270174	0.00267918	0.00265392	0.00262599	0.00259543	0.00256227	0.00252653	0.00248826	0.0024475	0.00240428	0.00235865	0.00231067	0.00226036	0.0022078	0.00215303	0.00209611	0.00203709	0.00197604	0.00191302	0.00184809	0.00178132	0.00171278	0.00164253	0.00157065	0.00149722	0.0014223	0.00134597	0.00126832	0.00118941	0.00110933	0.00102817	0.000945999	0.000862905	0.000778974	0.000694288	0.000608935	0.000523	0.000436569	0.000349729	0.000262566	0.000175166	8.76157e-05	0	
0	9.19143e-05	0.000183709	0.000275288	0.00036656	0.000457431	0.000547809	0.000637602	0.000726721	0.000815075	0.000902577	0.000989139	0.00107467	0.0011591	0.00124232	0.00132427	0.00140486	0.001484	0.00156163	0.00163765	0.00171201	0.00178462	0.0018554	0.0019243	0.00199124	0.00205616	0.00211898	0.00217966	0.00223812	0.00229431	0.00234818	0.00239967	0.00244873	0.0024953	0.00253936	0.00258084	0.00261972	0.00265594	0.00268948	0.00272031	0.00274839	0.0027737	0.0027962	0.00281589	0.00283273	0.00284672	0.00285784	0.00286607	0.00287142	0.00287388	0.00287345	0.00287012	0.0028639	0.0028548	0.00284283	0.002828	0.00281032	0.00278982	0.00276652	0.00274044	0.00271161	0.00268005	0.0026458	0.0026089	0.00256938	0.00252729	0.00248266	0.00243555	0.002386	0.00233406	0.00227978	0.00222322	0.00216444	0.0021035	0.00204046	0.00197538	0.00190834	0.00183939	0.00176861	0.00169608	0.00162186	0.00154603	0.00146867	0.00138985	0.00130967	0.00122819	0.0011455	0.00106169	0.00097684	0.000891038	0.00080437	0.000716924	0.000628788	0.000540051	0.000450803	0.000361131	0.000271126	0.000180877	9.04723e-05	0	
0	9.47226e-05	0.000189322	0.0002837	0.00037776	0.000471407	0.000564546	0.000657083	0.000748925	0.000839979	0.000930155	0.00101936	0.00110751	0.00119451	0.00128028	0.00136473	0.00144778	0.00152934	0.00160934	0.00168769	0.00176432	0.00183914	0.0019121	0.0019831	0.00205209	0.00211898	0.00218373	0.00224626	0.00230651	0.00236442	0.00241993	0.00247299	0.00252355	0.00257155	0.00261695	0.0026597	0.00269976	0.0027371	0.00277166	0.00280343	0.00283237	0.00285845	0.00288164	0.00290193	0.00291929	0.0029337	0.00294516	0.00295365	0.00295916	0.0029617	0.00296125	0.00295782	0.00295141	0.00294203	0.00292969	0.00291441	0.00289619	0.00287507	0.00285105	0.00282418	0.00279446	0.00276194	0.00272665	0.00268862	0.00264789	0.00260452	0.00255852	0.00250997	0.0024589	0.00240538	0.00234944	0.00229116	0.00223058	0.00216778	0.00210281	0.00203575	0.00196665	0.0018956	0.00182266	0.00174791	0.00167142	0.00159327	0.00151354	0.00143232	0.00134968	0.00126572	0.0011805	0.00109413	0.00100669	0.000918266	0.000828949	0.000738831	0.000648002	0.000556554	0.000464578	0.000372166	0.000279411	0.000186404	9.32369e-05	0	
0	9.74348e-05	0.000194742	0.000291823	0.000388576	0.000484905	0.000580711	0.000675898	0.000770369	0.000864031	0.000956788	0.00104855	0.00113922	0.00122872	0.00131694	0.00140381	0.00148924	0.00157314	0.00165542	0.00173602	0.00181484	0.00189181	0.00196685	0.00203988	0.00211084	0.00217966	0.00224626	0.00231058	0.00237255	0.00243212	0.00248922	0.0025438	0.00259581	0.00264518	0.00269188	0.00273586	0.00277707	0.00281547	0.00285103	0.00288371	0.00291347	0.0029403	0.00296415	0.00298502	0.00300288	0.0030177	0.00302949	0.00303822	0.0030439	0.0030465	0.00304604	0.00304251	0.00303592	0.00302627	0.00301358	0.00299786	0.00297913	0.0029574	0.00293269	0.00290505	0.00287448	0.00284103	0.00280472	0.00276561	0.00272372	0.00267909	0.00263179	0.00258184	0.00252931	0.00247425	0.00241672	0.00235676	0.00229445	0.00222985	0.00216302	0.00209404	0.00202297	0.00194988	0.00187485	0.00179796	0.00171928	0.00163889	0.00155689	0.00147334	0.00138833	0.00130196	0.00121431	0.00112546	0.00103552	0.000944561	0.000852687	0.000759988	0.000666558	0.000572491	0.000477882	0.000382824	0.000287413	0.000191742	9.59069e-05	0	
0	0.000100048	0.000199965	0.00029965	0.000398998	0.000497911	0.000596286	0.000694026	0.000791031	0.000887205	0.00098245	0.00107667	0.00116978	0.00126167	0.00135226	0.00144146	0.00152918	0.00161533	0.00169982	0.00178258	0.00186351	0.00194255	0.0020196	0.0020946	0.00216746	0.00223812	0.00230651	0.00237255	0.00243619	0.00249735	0.00255599	0.00261203	0.00266543	0.00271613	0.00276408	0.00280924	0.00285155	0.00289099	0.0029275	0.00296105	0.00299162	0.00301916	0.00304366	0.00306509	0.00308342	0.00309865	0.00311075	0.00311972	0.00312554	0.00312822	0.00312774	0.00312412	0.00311735	0.00310744	0.00309441	0.00307827	0.00305903	0.00303672	0.00301136	0.00298297	0.00295158	0.00291723	0.00287995	0.00283979	0.00279677	0.00275095	0.00270238	0.0026511	0.00259716	0.00254062	0.00248154	0.00241998	0.002356	0.00228966	0.00222104	0.00215021	0.00207723	0.00200218	0.00192514	0.00184618	0.00176539	0.00168285	0.00159865	0.00151286	0.00142557	0.00133688	0.00124688	0.00115565	0.00106329	0.000969897	0.000875559	0.000780374	0.000684438	0.000587848	0.0004907	0.000393093	0.000295122	0.000196886	9.84795e-05	0	
0	0.00010256	0.000204986	0.000307173	0.000409016	0.000510411	0.000611257	0.00071145	0.000810891	0.000909479	0.00100712	0.0011037	0.00119915	0.00129335	0.00138621	0.00147765	0.00156757	0.00165588	0.0017425	0.00182733	0.0019103	0.00199132	0.00207031	0.00214719	0.00222188	0.00229431	0.00236442	0.00243212	0.00249735	0.00256006	0.00262016	0.00267761	0.00273235	0.00278433	0.00283348	0.00287977	0.00292315	0.00296357	0.003001	0.0030354	0.00306673	0.00309496	0.00312008	0.00314204	0.00316084	0.00317645	0.00318885	0.00319804	0.00320401	0.00320676	0.00320627	0.00320256	0.00319562	0.00318546	0.00317211	0.00315556	0.00313584	0.00311296	0.00308696	0.00305786	0.00302569	0.00299048	0.00295226	0.00291109	0.00286699	0.00282003	0.00277023	0.00271766	0.00266237	0.00260441	0.00254384	0.00248074	0.00241515	0.00234715	0.00227681	0.00220419	0.00212938	0.00205245	0.00197347	0.00189254	0.00180972	0.00172511	0.00163878	0.00155084	0.00146137	0.00137045	0.00127819	0.00118467	0.00108999	0.00099425	0.000897543	0.000799968	0.000701623	0.000602608	0.000503021	0.000402963	0.000302532	0.000201829	0.000100952	0	
0	0.000104968	0.000209798	0.000314384	0.000418618	0.000522394	0.000625608	0.000728154	0.000829929	0.000930832	0.00103076	0.00112962	0.0012273	0.00132371	0.00141876	0.00151234	0.00160438	0.00169476	0.00178341	0.00187024	0.00195515	0.00203807	0.00211891	0.0021976	0.00227405	0.00234818	0.00241993	0.00248922	0.00255599	0.00262016	0.00268168	0.00274048	0.0027965	0.0028497	0.00290001	0.00294738	0.00299178	0.00303315	0.00307146	0.00310666	0.00313873	0.00316763	0.00319333	0.00321581	0.00323505	0.00325102	0.00326372	0.00327313	0.00327924	0.00328205	0.00328155	0.00327775	0.00327065	0.00326026	0.00324658	0.00322965	0.00320946	0.00318605	0.00315944	0.00312966	0.00309673	0.00306069	0.00302158	0.00297944	0.00293431	0.00288624	0.00283527	0.00278147	0.00272488	0.00266556	0.00260357	0.00253898	0.00247186	0.00240226	0.00233027	0.00225595	0.00217938	0.00210064	0.00201981	0.00193697	0.00185221	0.00176561	0.00167726	0.00158725	0.00149568	0.00140263	0.0013082	0.00121248	0.00111558	0.00101759	0.000918617	0.000818751	0.000718097	0.000616757	0.000514832	0.000412425	0.000309636	0.000206568	0.000103323	0	
0	0.000107269	0.000214398	0.000321277	0.000427797	0.000533848	0.000639324	0.000744119	0.000848126	0.000951241	0.00105336	0.00115438	0.00125421	0.00135274	0.00144987	0.0015455	0.00163955	0.00173192	0.00182252	0.00191124	0.00199802	0.00208276	0.00216537	0.00224578	0.00232391	0.00239967	0.00247299	0.0025438	0.00261203	0.00267761	0.00274048	0.00280057	0.00285782	0.00291218	0.00296359	0.00301201	0.00305738	0.00309966	0.00313881	0.00317478	0.00320755	0.00323709	0.00326335	0.00328633	0.00330598	0.00332231	0.00333529	0.0033449	0.00335114	0.00335401	0.0033535	0.00334962	0.00334236	0.00333174	0.00331777	0.00330046	0.00327984	0.00325591	0.00322872	0.00319828	0.00316463	0.0031278	0.00308783	0.00304477	0.00299865	0.00294952	0.00289744	0.00284246	0.00278463	0.00272401	0.00266066	0.00259466	0.00252606	0.00245494	0.00238136	0.00230541	0.00222717	0.0021467	0.0020641	0.00197945	0.00189283	0.00180433	0.00171404	0.00162206	0.00152848	0.00143338	0.00133688	0.00123907	0.00114005	0.00103991	0.000938761	0.000836705	0.000733844	0.000630281	0.000526122	0.000421468	0.000316426	0.000211098	0.000105588	0	
0	0.000109462	0.000218781	0.000327845	0.000436542	0.000544761	0.000652394	0.000759331	0.000865464	0.000970687	0.0010749	0.00117798	0.00127985	0.00138039	0.00147951	0.0015771	0.00167307	0.00176733	0.00185977	0.00195032	0.00203887	0.00212534	0.00220964	0.00229169	0.00237142	0.00244873	0.00252355	0.00259581	0.00266543	0.00273235	0.0027965	0.00285782	0.00291624	0.00297172	0.00302418	0.00307359	0.00311988	0.00316303	0.00320297	0.00323969	0.00327313	0.00330326	0.00333007	0.00335351	0.00337357	0.00339023	0.00340347	0.00341328	0.00341965	0.00342258	0.00342206	0.0034181	0.00341069	0.00339986	0.0033856	0.00336794	0.00334689	0.00332248	0.00329473	0.00326367	0.00322933	0.00319175	0.00315096	0.00310702	0.00305995	0.00300982	0.00295668	0.00290057	0.00284155	0.0027797	0.00271506	0.0026477	0.0025777	0.00250512	0.00243005	0.00235255	0.0022727	0.00219059	0.0021063	0.00201991	0.00193152	0.00184122	0.00174908	0.00165522	0.00155972	0.00146269	0.00136422	0.0012644	0.00116335	0.00106117	0.000957953	0.000853811	0.000748847	0.000643168	0.000536878	0.000430085	0.000322895	0.000215414	0.000107747	0	
0	0.000111544	0.000222942	0.000334081	0.000444845	0.000555123	0.000664803	0.000773774	0.000881926	0.00098915	0.00109534	0.00120039	0.00130419	0.00140665	0.00150765	0.0016071	0.0017049	0.00180094	0.00189515	0.00198741	0.00207765	0.00216576	0.00225167	0.00233529	0.00241652	0.0024953	0.00257155	0.00264518	0.00271613	0.00278433	0.0028497	0.00291218	0.00297172	0.00302824	0.0030817	0.00313205	0.00317923	0.00322319	0.0032639	0.00330131	0.00333539	0.0033661	0.00339341	0.0034173	0.00343774	0.00345472	0.00346821	0.00347821	0.0034847	0.00348769	0.00348716	0.00348312	0.00347557	0.00346453	0.00345	0.003432	0.00341055	0.00338568	0.0033574	0.00332575	0.00329076	0.00325246	0.0032109	0.00316612	0.00311816	0.00306708	0.00301292	0.00295574	0.00289561	0.00283257	0.0027667	0.00269807	0.00262673	0.00255278	0.00247627	0.0023973	0.00231593	0.00223226	0.00214637	0.00205834	0.00196827	0.00187624	0.00178236	0.00168671	0.00158939	0.00149051	0.00139017	0.00128846	0.00118548	0.00108136	0.000976176	0.000870053	0.000763092	0.000655403	0.000547091	0.000438267	0.000329038	0.000219512	0.000109797	0	
0	0.000113513	0.000226878	0.000339978	0.000452698	0.000564923	0.000676539	0.000787434	0.000897495	0.00100661	0.00111468	0.00122158	0.00132722	0.00143148	0.00153426	0.00163547	0.00173499	0.00183274	0.0019286	0.0020225	0.00211433	0.002204	0.00229142	0.00237651	0.00245918	0.00253936	0.00261695	0.00269188	0.00276408	0.00283348	0.00290001	0.00296359	0.00302418	0.0030817	0.00313611	0.00318734	0.00323536	0.0032801	0.00332152	0.00335959	0.00339427	0.00342552	0.00345332	0.00347763	0.00349843	0.00351571	0.00352944	0.00353962	0.00354622	0.00354926	0.00354872	0.00354461	0.00353693	0.00352569	0.00351091	0.00349259	0.00347077	0.00344545	0.00341667	0.00338446	0.00334885	0.00330988	0.00326759	0.00322202	0.00317321	0.00312123	0.00306611	0.00300793	0.00294673	0.00288258	0.00281555	0.0027457	0.00267311	0.00259785	0.00251999	0.00243962	0.00235682	0.00227167	0.00218426	0.00209468	0.00200302	0.00190937	0.00181382	0.00171649	0.00161746	0.00151683	0.00141471	0.0013112	0.00120641	0.00110045	0.000993412	0.000885415	0.000776566	0.000666974	0.000556751	0.000446005	0.000334847	0.000223388	0.000111736	0	
0	0.000115367	0.000230584	0.000345532	0.000460093	0.000574152	0.000687591	0.000800297	0.000912156	0.00102306	0.00113289	0.00124154	0.0013489	0.00145486	0.00155933	0.00166219	0.00176334	0.00186268	0.00196011	0.00205554	0.00214887	0.00224	0.00232886	0.00241534	0.00249936	0.00258084	0.0026597	0.00273586	0.00280924	0.00287977	0.00294738	0.00301201	0.00307359	0.00313205	0.00318734	0.00323942	0.00328821	0.00333368	0.00337579	0.00341448	0.00344972	0.00348149	0.00350974	0.00353444	0.00355559	0.00357315	0.0035871	0.00359744	0.00360416	0.00360724	0.0036067	0.00360252	0.00359472	0.00358329	0.00356827	0.00354965	0.00352747	0.00350174	0.00347249	0.00343976	0.00340356	0.00336396	0.00332097	0.00327466	0.00322505	0.00317222	0.0031162	0.00305707	0.00299487	0.00292968	0.00286155	0.00279056	0.00271678	0.00264029	0.00256116	0.00247948	0.00239533	0.00230879	0.00221995	0.0021289	0.00203574	0.00194056	0.00184346	0.00174453	0.00164388	0.00154161	0.00143782	0.00133263	0.00122612	0.00111843	0.00100964	0.00089988	0.000789253	0.000677871	0.000565847	0.000453292	0.000340318	0.000227037	0.000113561	0	
