0	0	0	0	0	0	0	0	0	0	0	0	0	0	0	0	0	0	0	0	0	0	0	0	0	0	0	0	0	0	0	0	0	0	0	0	0	0	0	0	0	0	0	0	0	0	0	0	0	0	0	0	0	0	0	0	0	0	0	0	0	0	0	0	0	0	0	0	0	0	0	0	0	0	0	0	0	0	0	0	0	0	0	0	0	0	0	0	0	0	0	0	0	0	0	0	0	0	0	0	
0	3.93461e-06	7.86397e-06	1.1784e-05	1.56908e-05	1.95803e-05	2.34486e-05	2.72918e-05	3.11061e-05	3.48876e-05	3.86325e-05	4.23371e-05	4.59977e-05	4.96107e-05	5.31724e-05	5.66793e-05	6.0128e-05	6.35149e-05	6.68367e-05	7.00901e-05	7.32719e-05	7.63789e-05	7.9408e-05	8.23562e-05	8.52206e-05	8.79983e-05	9.06865e-05	9.32827e-05	9.57841e-05	9.81884e-05	0.000100493	0.000102696	0.000104795	0.000106788	0.000108672	0.000110447	0.00011211	0.00011366	0.000115095	0.000116413	0.000117614	0.000118696	0.000119659	0.000120501	0.000121221	0.000121819	0.000122294	0.000122646	0.000122874	0.000122979	0.000122959	0.000122816	0.00012255	0.00012216	0.000121647	0.000121011	0.000120255	0.000119377	0.000118379	0.000117262	0.000116028	0.000114677	0.000113211	0.000111632	0.00010994	0.000108138	0.000106228	0.000104212	0.000102091	9.98679e-05	9.7545e-05	9.51245e-05	9.2609e-05	9.0001e-05	8.73032e-05	8.45183e-05	8.16492e-05	7.86987e-05	7.567e-05	7.2566e-05	6.939e-05	6.61452e-05	6.28349e-05	5.94625e-05	5.60313e-05	5.2545e-05	4.9007e-05	4.54209e-05	4.17905e-05	3.81193e-05	3.44112e-05	3.06699e-05	2.68991e-05	2.31027e-05	1.92845e-05	1.54483e-05	1.15979e-05	7.73723e-06	3.86999e-06	0	
0	7.86397e-06	1.57175e-05	2.35524e-05	3.13607e-05	3.91346e-05	4.68661e-05	5.45474e-05	6.21709e-05	6.97289e-05	7.72138e-05	8.46182e-05	9.19346e-05	9.91558e-05	0.000106275	0.000113284	0.000120177	0.000126946	0.000133585	0.000140088	0.000146447	0.000152657	0.000158711	0.000164604	0.000170329	0.000175881	0.000181253	0.000186442	0.000191442	0.000196247	0.000200854	0.000205257	0.000209452	0.000213434	0.000217201	0.000220748	0.000224072	0.00022717	0.000230037	0.000232673	0.000235073	0.000237236	0.00023916	0.000240843	0.000242282	0.000243477	0.000244427	0.00024513	0.000245587	0.000245795	0.000245757	0.000245471	0.000244938	0.000244158	0.000243133	0.000241864	0.000240351	0.000238596	0.000236602	0.000234371	0.000231903	0.000229203	0.000226273	0.000223116	0.000219736	0.000216135	0.000212317	0.000208287	0.000204048	0.000199605	0.000194962	0.000190124	0.000185096	0.000179884	0.000174492	0.000168926	0.000163191	0.000157294	0.000151241	0.000145037	0.000138689	0.000132204	0.000125587	0.000118847	0.000111989	0.000105021	9.79497e-05	9.07824e-05	8.35263e-05	7.61888e-05	6.87774e-05	6.12997e-05	5.3763e-05	4.61752e-05	3.85438e-05	3.08764e-05	2.31808e-05	1.54644e-05	7.73497e-06	0	
0	1.1784e-05	2.35524e-05	3.52929e-05	4.69937e-05	5.86427e-05	7.02283e-05	8.17388e-05	9.31625e-05	0.000104488	0.000115704	0.0001268	0.000137763	0.000148584	0.000159252	0.000169755	0.000180084	0.000190228	0.000200177	0.000209921	0.00021945	0.000228756	0.000237828	0.000246658	0.000255237	0.000263556	0.000271608	0.000279383	0.000286875	0.000294076	0.000300979	0.000307576	0.000313862	0.000319831	0.000325475	0.000330791	0.000335772	0.000340413	0.00034471	0.00034866	0.000352257	0.000355498	0.000358381	0.000360902	0.000363059	0.00036485	0.000366273	0.000367327	0.000368011	0.000368324	0.000368266	0.000367838	0.000367039	0.000365871	0.000364335	0.000362432	0.000360165	0.000357536	0.000354548	0.000351204	0.000347507	0.000343461	0.00033907	0.00033434	0.000329273	0.000323877	0.000318157	0.000312117	0.000305765	0.000299107	0.00029215	0.000284901	0.000277367	0.000269556	0.000261476	0.000253135	0.000244542	0.000235705	0.000226634	0.000217338	0.000207826	0.000198107	0.000188193	0.000178092	0.000167816	0.000157374	0.000146778	0.000136038	0.000125164	0.000114169	0.000103063	9.18578e-05	8.05642e-05	6.91939e-05	5.77582e-05	4.62686e-05	3.47366e-05	2.31736e-05	1.15909e-05	0	
0	1.56908e-05	3.13607e-05	4.69937e-05	6.25736e-05	7.80848e-05	9.35115e-05	0.000108838	0.000124049	0.00013913	0.000154065	0.000168839	0.000183437	0.000197846	0.00021205	0.000226035	0.000239789	0.000253296	0.000266543	0.000279518	0.000292207	0.000304598	0.000316678	0.000328435	0.000339858	0.000350936	0.000361657	0.00037201	0.000381986	0.000391574	0.000400765	0.00040955	0.000417921	0.000425868	0.000433384	0.000440462	0.000447094	0.000453274	0.000458996	0.000464255	0.000469045	0.000473361	0.000477199	0.000480556	0.000483428	0.000485813	0.000487708	0.000489111	0.000490022	0.000490439	0.000490362	0.000489791	0.000488728	0.000487172	0.000485127	0.000482594	0.000479575	0.000476075	0.000472096	0.000467643	0.00046272	0.000457333	0.000451487	0.000445187	0.000438442	0.000431256	0.000423639	0.000415597	0.000407139	0.000398274	0.00038901	0.000379358	0.000369326	0.000358925	0.000348166	0.00033706	0.000325618	0.000313852	0.000301773	0.000289395	0.000276729	0.000263789	0.000250587	0.000237138	0.000223455	0.000209551	0.000195442	0.00018114	0.000166662	0.000152022	0.000137234	0.000122313	0.000107275	9.21351e-05	7.69079e-05	6.1609e-05	4.62536e-05	3.08569e-05	1.5434e-05	0	
0	1.95803e-05	3.91346e-05	5.86427e-05	7.80848e-05	9.7441e-05	0.000116692	0.000135818	0.0001548	0.000173619	0.000192256	0.000210692	0.000228909	0.00024689	0.000264615	0.000282068	0.00029923	0.000316086	0.000332617	0.000348808	0.000364643	0.000380105	0.00039518	0.000409852	0.000424107	0.00043793	0.000451309	0.000464229	0.000476678	0.000488643	0.000500112	0.000511075	0.000521521	0.000531438	0.000540817	0.000549649	0.000557926	0.000565638	0.000572779	0.000579341	0.000585318	0.000590704	0.000595494	0.000599683	0.000603267	0.000606243	0.000608608	0.000610359	0.000611495	0.000612016	0.00061192	0.000611208	0.000609881	0.00060794	0.000605387	0.000602226	0.000598459	0.000594091	0.000589126	0.000583569	0.000577426	0.000570703	0.000563408	0.000555547	0.000547129	0.000538163	0.000528657	0.000518622	0.000508067	0.000497004	0.000485444	0.000473399	0.00046088	0.000447901	0.000434475	0.000420616	0.000406338	0.000391654	0.000376582	0.000361135	0.000345329	0.000329181	0.000312707	0.000295924	0.000278848	0.000261498	0.000243891	0.000226045	0.000207978	0.000189708	0.000171254	0.000152635	0.000133869	0.000114975	9.59736e-05	7.68821e-05	5.772e-05	3.85064e-05	1.92601e-05	0	
0	2.34486e-05	4.68661e-05	7.02283e-05	9.35115e-05	0.000116692	0.000139746	0.000162651	0.000185383	0.00020792	0.000230239	0.000252318	0.000274134	0.000295667	0.000316894	0.000337795	0.000358348	0.000378534	0.000398332	0.000417722	0.000436685	0.000455202	0.000473255	0.000490826	0.000507897	0.000524452	0.000540473	0.000555946	0.000570854	0.000585183	0.000598919	0.000612048	0.000624557	0.000636434	0.000647666	0.000658243	0.000668155	0.000677391	0.000685942	0.000693801	0.000700959	0.000707409	0.000713145	0.000718162	0.000722455	0.000726018	0.00072885	0.000730948	0.000732309	0.000732932	0.000732817	0.000731964	0.000730375	0.000728051	0.000724994	0.000721208	0.000716697	0.000711466	0.00070552	0.000698865	0.000691508	0.000683457	0.000674721	0.000665307	0.000655226	0.000644488	0.000633104	0.000621087	0.000608447	0.000595198	0.000581354	0.000566929	0.000551937	0.000536394	0.000520315	0.000503718	0.000486618	0.000469034	0.000450984	0.000432485	0.000413556	0.000394218	0.000374489	0.00035439	0.000333941	0.000313163	0.000292077	0.000270705	0.000249068	0.000227189	0.000205089	0.000182791	0.000160318	0.000137692	0.000114936	9.20722e-05	6.91242e-05	4.61145e-05	2.30656e-05	0	
0	2.72918e-05	5.45474e-05	8.17388e-05	0.000108838	0.000135818	0.000162651	0.000189309	0.000215768	0.000241998	0.000267976	0.000293673	0.000319066	0.000344128	0.000368835	0.000393161	0.000417084	0.000440578	0.00046362	0.000486188	0.00050826	0.000529812	0.000550824	0.000571275	0.000591144	0.000610413	0.00062906	0.000647069	0.000664421	0.000681099	0.000697086	0.000712367	0.000726926	0.000740749	0.000753823	0.000766134	0.00077767	0.00078842	0.000798373	0.00080752	0.000815851	0.000823359	0.000830035	0.000835874	0.00084087	0.000845018	0.000848314	0.000850755	0.000852339	0.000853065	0.000852931	0.000851939	0.000850089	0.000847384	0.000843826	0.00083942	0.00083417	0.000828081	0.00082116	0.000813414	0.000804852	0.000795481	0.000785313	0.000774356	0.000762623	0.000750125	0.000736875	0.000722888	0.000708176	0.000692756	0.000676643	0.000659853	0.000642404	0.000624313	0.000605599	0.000586281	0.000566379	0.000545913	0.000524904	0.000503373	0.000481342	0.000458834	0.000435872	0.000412478	0.000388677	0.000364494	0.000339952	0.000315077	0.000289894	0.000264428	0.000238706	0.000212753	0.000186596	0.000160261	0.000133775	0.000107164	8.04547e-05	5.36734e-05	2.68464e-05	0	
0	3.11061e-05	6.21709e-05	9.31625e-05	0.000124049	0.0001548	0.000185383	0.000215768	0.000245924	0.000275821	0.000305429	0.000334718	0.00036366	0.000392225	0.000420384	0.000448111	0.000475377	0.000502154	0.000528418	0.00055414	0.000579296	0.000603861	0.00062781	0.000651119	0.000673765	0.000695727	0.000716981	0.000737506	0.000757283	0.000776292	0.000794514	0.000811931	0.000828525	0.00084428	0.000859181	0.000873212	0.000886361	0.000898613	0.000909958	0.000920383	0.000929879	0.000938436	0.000946045	0.0009527	0.000958395	0.000963122	0.000966879	0.000969662	0.000971467	0.000972294	0.000972142	0.000971011	0.000968902	0.000965819	0.000961764	0.000956742	0.000950758	0.000943818	0.00093593	0.000927102	0.000917343	0.000906663	0.000895073	0.000882585	0.000869212	0.000854967	0.000839866	0.000823923	0.000807155	0.00078958	0.000771215	0.000752078	0.00073219	0.000711571	0.000690242	0.000668224	0.00064554	0.000622214	0.000598268	0.000573728	0.000548618	0.000522964	0.000496792	0.000470129	0.000443002	0.000415438	0.000387466	0.000359115	0.000330412	0.000301387	0.00027207	0.00024249	0.000212677	0.000182661	0.000152473	0.000122143	9.17001e-05	6.11754e-05	3.05988e-05	0	
0	3.48876e-05	6.97289e-05	0.000104488	0.00013913	0.000173619	0.00020792	0.000241998	0.000275821	0.000309352	0.00034256	0.00037541	0.00040787	0.000439908	0.000471491	0.000502589	0.000533169	0.000563202	0.000592659	0.000621508	0.000649723	0.000677274	0.000704134	0.000730277	0.000755677	0.000780308	0.000804146	0.000827167	0.000849349	0.000870669	0.000891106	0.00091064	0.000929251	0.000946922	0.000963634	0.000979372	0.000994119	0.00100786	0.00102058	0.00103228	0.00104293	0.00105252	0.00106106	0.00106852	0.00107491	0.00108021	0.00108443	0.00108755	0.00108957	0.0010905	0.00109033	0.00108906	0.0010867	0.00108324	0.00107869	0.00107306	0.00106635	0.00105856	0.00104972	0.00103981	0.00102887	0.00101689	0.00100389	0.000989884	0.000974885	0.000958909	0.000941972	0.000924091	0.000905285	0.000885573	0.000864975	0.000843512	0.000821206	0.00079808	0.000774158	0.000749463	0.000724022	0.00069786	0.000671003	0.000643479	0.000615317	0.000586544	0.00055719	0.000527286	0.000496861	0.000465946	0.000434573	0.000402775	0.000370582	0.000338029	0.000305147	0.000271971	0.000238534	0.000204869	0.000171011	0.000136993	0.000102849	6.86132e-05	3.4319e-05	0	
0	3.86325e-05	7.72138e-05	0.000115704	0.000154065	0.000192256	0.000230239	0.000267976	0.000305429	0.00034256	0.000379332	0.000415709	0.000451653	0.00048713	0.000522104	0.00055654	0.000590403	0.00062366	0.000656279	0.000688225	0.000719468	0.000749977	0.000779721	0.000808671	0.000836797	0.000864072	0.000890469	0.000915962	0.000940524	0.000964133	0.000986764	0.00100839	0.001029	0.00104857	0.00106708	0.00108451	0.00110084	0.00111605	0.00113014	0.00114309	0.00115488	0.00116551	0.00117496	0.00118323	0.0011903	0.00119617	0.00120084	0.00120429	0.00120654	0.00120756	0.00120737	0.00120597	0.00120335	0.00119952	0.00119449	0.00118825	0.00118082	0.0011722	0.0011624	0.00115144	0.00113932	0.00112605	0.00111166	0.00109615	0.00107954	0.00106185	0.00104309	0.00102329	0.00100247	0.000980638	0.000957829	0.000934063	0.000909362	0.000883754	0.000857264	0.000829918	0.000801746	0.000772775	0.000743035	0.000712557	0.000681371	0.000649509	0.000617005	0.00058389	0.000550199	0.000515966	0.000481225	0.000446013	0.000410365	0.000374317	0.000337905	0.000301168	0.000264141	0.000226862	0.000189369	0.000151699	0.00011389	7.59791e-05	3.80033e-05	0	
0	4.23371e-05	8.46182e-05	0.0001268	0.000168839	0.000210692	0.000252318	0.000293673	0.000334718	0.00037541	0.000415709	0.000455574	0.000494966	0.000533845	0.000572172	0.00060991	0.000647021	0.000683468	0.000719214	0.000754225	0.000788464	0.000821899	0.000854495	0.000886221	0.000917044	0.000946935	0.000975864	0.0010038	0.00103072	0.00105659	0.00108139	0.0011051	0.00112768	0.00114913	0.00116941	0.00118851	0.0012064	0.00122308	0.00123852	0.00125271	0.00126564	0.00127728	0.00128764	0.0012967	0.00130445	0.00131088	0.001316	0.00131978	0.00132224	0.00132337	0.00132316	0.00132162	0.00131875	0.00131455	0.00130904	0.0013022	0.00129406	0.00128461	0.00127387	0.00126186	0.00124858	0.00123404	0.00121826	0.00120127	0.00118307	0.00116368	0.00114312	0.00112143	0.0010986	0.00107468	0.00104969	0.00102364	0.00099657	0.000968506	0.000939475	0.000909508	0.000878633	0.000846884	0.000814292	0.000780891	0.000746715	0.000711798	0.000676176	0.000639886	0.000602964	0.000565447	0.000527375	0.000488786	0.000449719	0.000410214	0.000370311	0.00033005	0.000289473	0.000248619	0.000207531	0.000166248	0.000124813	8.32659e-05	4.16481e-05	0	
0	4.59977e-05	9.19346e-05	0.000137763	0.000183437	0.000228909	0.000274134	0.000319066	0.00036366	0.00040787	0.000451653	0.000494966	0.000537763	0.000580004	0.000621646	0.000662647	0.000702967	0.000742565	0.000781403	0.00081944	0.00085664	0.000892966	0.000928381	0.00096285	0.000996339	0.00102881	0.00106024	0.0010906	0.00111984	0.00114795	0.0011749	0.00120065	0.00122519	0.00124849	0.00127053	0.00129128	0.00131072	0.00132884	0.00134561	0.00136103	0.00137507	0.00138773	0.00139898	0.00140882	0.00141724	0.00142423	0.00142979	0.0014339	0.00143657	0.0014378	0.00143757	0.0014359	0.00143278	0.00142822	0.00142223	0.0014148	0.00140595	0.00139569	0.00138403	0.00137097	0.00135654	0.00134075	0.00132361	0.00130514	0.00128536	0.0012643	0.00124197	0.00121839	0.0011936	0.00116761	0.00114045	0.00111215	0.00108274	0.00105225	0.00102071	0.000988152	0.000954608	0.000920114	0.000884704	0.000848415	0.000811283	0.000773347	0.000734645	0.000695217	0.000655102	0.000614342	0.000572978	0.000531052	0.000488607	0.000445686	0.000402333	0.000358591	0.000314504	0.000270118	0.000225476	0.000180624	0.000135606	9.04662e-05	4.52496e-05	0	
0	4.96107e-05	9.91558e-05	0.000148584	0.000197846	0.00024689	0.000295667	0.000344128	0.000392225	0.000439908	0.00048713	0.000533845	0.000580004	0.000625563	0.000670476	0.000714698	0.000758185	0.000800894	0.000842782	0.000883807	0.00092393	0.000963109	0.00100131	0.00103848	0.0010746	0.00110963	0.00114353	0.00117626	0.00120781	0.00123813	0.00126719	0.00129497	0.00132143	0.00134656	0.00137033	0.00139271	0.00141368	0.00143322	0.00145131	0.00146794	0.00148309	0.00149673	0.00150887	0.00151949	0.00152857	0.00153611	0.0015421	0.00154654	0.00154942	0.00155074	0.0015505	0.00154869	0.00154533	0.00154041	0.00153394	0.00152594	0.00151639	0.00150532	0.00149274	0.00147866	0.0014631	0.00144606	0.00142758	0.00140766	0.00138633	0.00136361	0.00133953	0.0013141	0.00128736	0.00125933	0.00123004	0.00119951	0.00116779	0.00113491	0.00110089	0.00106577	0.0010296	0.000992391	0.0009542	0.00091506	0.000875012	0.000834096	0.000792354	0.000749828	0.000706562	0.0006626	0.000617987	0.000572768	0.000526989	0.000480696	0.000433937	0.000386759	0.00033921	0.000291337	0.000243189	0.000194813	0.000146258	9.75729e-05	4.88042e-05	0	
0	5.31724e-05	0.000106275	0.000159252	0.00021205	0.000264615	0.000316894	0.000368835	0.000420384	0.000471491	0.000522104	0.000572172	0.000621646	0.000670476	0.000718614	0.000766011	0.00081262	0.000858395	0.000903291	0.000947262	0.000990265	0.00103226	0.0010732	0.00111304	0.00115175	0.0011893	0.00122563	0.00126072	0.00129452	0.00132702	0.00135817	0.00138794	0.00141631	0.00144324	0.00146871	0.0014927	0.00151518	0.00153612	0.00155551	0.00157334	0.00158957	0.0016042	0.0016172	0.00162858	0.00163832	0.0016464	0.00165282	0.00165758	0.00166066	0.00166208	0.00166182	0.00165988	0.00165628	0.00165101	0.00164408	0.00163549	0.00162526	0.0016134	0.00159992	0.00158483	0.00156814	0.00154989	0.00153008	0.00150873	0.00148587	0.00146152	0.0014357	0.00140845	0.00137979	0.00134974	0.00131835	0.00128564	0.00125164	0.00121639	0.00117993	0.00114229	0.00110352	0.00106364	0.00102271	0.00098076	0.000937836	0.000893983	0.000849244	0.000803665	0.000757293	0.000710175	0.000662358	0.000613893	0.000564827	0.00051521	0.000465094	0.000414529	0.000363565	0.000312255	0.00026065	0.000208801	0.00015676	0.000104579	5.23084e-05	0	
0	5.66793e-05	0.000113284	0.000169755	0.000226035	0.000282068	0.000337795	0.000393161	0.000448111	0.000502589	0.00055654	0.00060991	0.000662647	0.000714698	0.000766011	0.000816534	0.000866217	0.000915012	0.000962868	0.00100974	0.00105558	0.00110034	0.00114398	0.00118645	0.00122772	0.00126774	0.00130647	0.00134387	0.00137991	0.00141455	0.00144775	0.00147949	0.00150972	0.00153843	0.00156559	0.00159115	0.00161511	0.00163744	0.00165811	0.00167711	0.00169441	0.00171	0.00172387	0.001736	0.00174638	0.00175499	0.00176184	0.00176691	0.0017702	0.0017717	0.00177143	0.00176937	0.00176552	0.00175991	0.00175252	0.00174337	0.00173246	0.00171982	0.00170545	0.00168936	0.00167158	0.00165212	0.001631	0.00160824	0.00158387	0.00155792	0.0015304	0.00150135	0.0014708	0.00143877	0.00140531	0.00137044	0.0013342	0.00129662	0.00125776	0.00121764	0.00117631	0.0011338	0.00109017	0.00104545	0.000999695	0.000952949	0.000905259	0.000856674	0.000807243	0.000757017	0.000706047	0.000654385	0.000602082	0.000549194	0.000495772	0.000441871	0.000387546	0.000332852	0.000277842	0.000222574	0.0001671	0.000111477	5.57588e-05	0	
0	6.0128e-05	0.000120177	0.000180084	0.000239789	0.00029923	0.000358348	0.000417084	0.000475377	0.000533169	0.000590403	0.000647021	0.000702967	0.000758185	0.00081262	0.000866217	0.000918924	0.000970687	0.00102146	0.00107118	0.00111981	0.00116729	0.00121359	0.00125865	0.00130242	0.00134488	0.00138596	0.00142564	0.00146387	0.00150062	0.00153584	0.00156951	0.00160159	0.00163204	0.00166085	0.00168797	0.00171339	0.00173708	0.001759	0.00177916	0.00179751	0.00181406	0.00182877	0.00184163	0.00185264	0.00186178	0.00186904	0.00187442	0.00187791	0.00187951	0.00187921	0.00187703	0.00187295	0.00186699	0.00185916	0.00184945	0.00183788	0.00182447	0.00180922	0.00179215	0.00177329	0.00175264	0.00173024	0.0017061	0.00168025	0.00165271	0.00162352	0.0015927	0.00156029	0.00152632	0.00149082	0.00145383	0.00141538	0.00137552	0.00133429	0.00129173	0.00124788	0.00120279	0.0011565	0.00110906	0.00106053	0.00101094	0.000960343	0.000908802	0.000856364	0.000803081	0.00074901	0.000694204	0.000638719	0.000582612	0.00052594	0.000468759	0.000411129	0.000353106	0.000294749	0.000236117	0.000177268	0.000118261	5.91518e-05	0	
0	6.35149e-05	0.000126946	0.000190228	0.000253296	0.000316086	0.000378534	0.000440578	0.000502154	0.000563202	0.00062366	0.000683468	0.000742565	0.000800894	0.000858395	0.000915012	0.000970687	0.00102537	0.001079	0.00113152	0.00118289	0.00123305	0.00128195	0.00132955	0.00137579	0.00142064	0.00146404	0.00150595	0.00154633	0.00158515	0.00162236	0.00165792	0.00169181	0.00172398	0.00175441	0.00178306	0.00180991	0.00183493	0.00185809	0.00187938	0.00189877	0.00191624	0.00193178	0.00194537	0.001957	0.00196666	0.00197433	0.00198001	0.0019837	0.00198538	0.00198507	0.00198277	0.00197846	0.00197216	0.00196389	0.00195363	0.00194141	0.00192724	0.00191114	0.00189311	0.00187318	0.00185137	0.00182771	0.00180221	0.0017749	0.00174581	0.00171498	0.00168243	0.00164819	0.0016123	0.0015748	0.00153572	0.00149511	0.00145301	0.00140946	0.0013645	0.00131818	0.00127055	0.00122165	0.00117154	0.00112027	0.00106788	0.00101444	0.000959998	0.000904605	0.000848322	0.000791204	0.000733311	0.0006747	0.000615433	0.000555568	0.000495166	0.000434289	0.000372998	0.000311354	0.000249419	0.000187255	0.000124923	6.24842e-05	0	
0	6.68367e-05	0.000133585	0.000200177	0.000266543	0.000332617	0.000398332	0.00046362	0.000528418	0.000592659	0.000656279	0.000719214	0.000781403	0.000842782	0.000903291	0.000962868	0.00102146	0.001079	0.00113543	0.0011907	0.00124476	0.00129754	0.001349	0.00139909	0.00144775	0.00149494	0.00154061	0.00158471	0.00162721	0.00166806	0.00170721	0.00174464	0.00178029	0.00181415	0.00184617	0.00187632	0.00190457	0.0019309	0.00195528	0.00197768	0.00199808	0.00201647	0.00203282	0.00204712	0.00205936	0.00206952	0.00207759	0.00208357	0.00208745	0.00208923	0.0020889	0.00208647	0.00208194	0.00207531	0.0020666	0.00205581	0.00204295	0.00202804	0.00201109	0.00199212	0.00197116	0.00194821	0.0019233	0.00189647	0.00186773	0.00183713	0.00180468	0.00177042	0.00173439	0.00169663	0.00165717	0.00161605	0.00157331	0.00152901	0.00148318	0.00143587	0.00138712	0.001337	0.00128555	0.00123282	0.00117886	0.00112374	0.0010675	0.00101021	0.00095192	0.000892692	0.000832587	0.000771666	0.00070999	0.000647623	0.000584627	0.000521066	0.000457005	0.000392508	0.000327639	0.000262465	0.000197049	0.000131457	6.57525e-05	0	
0	7.00901e-05	0.000140088	0.000209921	0.000279518	0.000348808	0.000417722	0.000486188	0.00055414	0.000621508	0.000688225	0.000754225	0.00081944	0.000883807	0.000947262	0.00100974	0.00107118	0.00113152	0.0011907	0.00124866	0.00130535	0.0013607	0.00141467	0.00146719	0.00151822	0.00156771	0.0016156	0.00166186	0.00170642	0.00174926	0.00179032	0.00182956	0.00186696	0.00190246	0.00193604	0.00196766	0.00199728	0.00202489	0.00205046	0.00207395	0.00209535	0.00211463	0.00213178	0.00214677	0.00215961	0.00217026	0.00217873	0.002185	0.00218907	0.00219093	0.00219059	0.00218804	0.00218329	0.00217634	0.0021672	0.00215589	0.00214241	0.00212677	0.00210899	0.0020891	0.00206711	0.00204305	0.00201693	0.00198879	0.00195866	0.00192656	0.00189253	0.00185661	0.00181882	0.00177922	0.00173784	0.00169472	0.0016499	0.00160344	0.00155538	0.00150576	0.00145465	0.00140209	0.00134813	0.00129283	0.00123625	0.00117844	0.00111947	0.00105939	0.00099826	0.00093615	0.000873119	0.000809232	0.000744554	0.00067915	0.000613087	0.000546432	0.000479253	0.000411616	0.00034359	0.000275243	0.000206642	0.000137857	6.89535e-05	0	
0	7.32719e-05	0.000146447	0.00021945	0.000292207	0.000364643	0.000436685	0.00050826	0.000579296	0.000649723	0.000719468	0.000788464	0.00085664	0.00092393	0.000990265	0.00105558	0.00111981	0.00118289	0.00124476	0.00130535	0.00136461	0.00142247	0.00147889	0.0015338	0.00158715	0.00163888	0.00168895	0.0017373	0.00178389	0.00182867	0.00187159	0.00191262	0.00195171	0.00198883	0.00202393	0.00205698	0.00208796	0.00211682	0.00214354	0.0021681	0.00219047	0.00221063	0.00222856	0.00224423	0.00225765	0.00226879	0.00227764	0.00228419	0.00228845	0.00229039	0.00229004	0.00228737	0.00228241	0.00227514	0.00226559	0.00225376	0.00223967	0.00222332	0.00220474	0.00218394	0.00216096	0.0021358	0.0021085	0.00207908	0.00204758	0.00201402	0.00197845	0.00194089	0.0019014	0.00185999	0.00181673	0.00177165	0.00172481	0.00167623	0.00162599	0.00157412	0.00152069	0.00146574	0.00140933	0.00135153	0.00129238	0.00123194	0.00117029	0.00110748	0.00104358	0.00097865	0.000912758	0.000845971	0.000778356	0.000709983	0.000640921	0.00057124	0.000501011	0.000430303	0.000359189	0.000287739	0.000216024	0.000144115	7.20841e-05	0	
0	7.63789e-05	0.000152657	0.000228756	0.000304598	0.000380105	0.000455202	0.000529812	0.000603861	0.000677274	0.000749977	0.000821899	0.000892966	0.000963109	0.00103226	0.00110034	0.00116729	0.00123305	0.00129754	0.0013607	0.00142247	0.00148279	0.0015416	0.00159884	0.00165445	0.00170838	0.00176057	0.00181097	0.00185954	0.00190621	0.00195096	0.00199373	0.00203448	0.00207316	0.00210975	0.00214421	0.0021765	0.00220659	0.00223444	0.00226004	0.00228336	0.00230437	0.00232306	0.0023394	0.00235339	0.002365	0.00237422	0.00238106	0.00238549	0.00238752	0.00238715	0.00238437	0.00237919	0.00237162	0.00236167	0.00234934	0.00233464	0.0023176	0.00229823	0.00227656	0.00225259	0.00222637	0.00219791	0.00216724	0.00213441	0.00209943	0.00206235	0.0020232	0.00198203	0.00193887	0.00189377	0.00184678	0.00179795	0.00174732	0.00169494	0.00164088	0.00158518	0.0015279	0.0014691	0.00140884	0.00134718	0.00128419	0.00121992	0.00115445	0.00108784	0.00102015	0.000951465	0.000881846	0.000811364	0.000740092	0.000668101	0.000595465	0.000522257	0.000448551	0.000374421	0.000299941	0.000225185	0.000150227	7.51411e-05	0	
0	7.9408e-05	0.000158711	0.000237828	0.000316678	0.00039518	0.000473255	0.000550824	0.00062781	0.000704134	0.000779721	0.000854495	0.000928381	0.00100131	0.0010732	0.00114398	0.00121359	0.00128195	0.001349	0.00141467	0.00147889	0.0015416	0.00160274	0.00166225	0.00172007	0.00177613	0.00183039	0.0018828	0.00193329	0.00198182	0.00202834	0.0020728	0.00211516	0.00215539	0.00219343	0.00222925	0.00226282	0.0022941	0.00232306	0.00234968	0.00237392	0.00239577	0.00241519	0.00243219	0.00244672	0.00245879	0.00246839	0.00247549	0.0024801	0.00248221	0.00248182	0.00247894	0.00247356	0.00246568	0.00245533	0.00244251	0.00242724	0.00240952	0.00238938	0.00236685	0.00234193	0.00231467	0.00228508	0.0022532	0.00221906	0.0021827	0.00214414	0.00210344	0.00206064	0.00201577	0.00196888	0.00192003	0.00186926	0.00181662	0.00176217	0.00170596	0.00164805	0.0015885	0.00152737	0.00146472	0.00140061	0.00133512	0.0012683	0.00120024	0.00113098	0.00106061	0.000989203	0.000916822	0.000843545	0.000769446	0.0006946	0.000619083	0.000542972	0.000466342	0.000389272	0.000311838	0.000234117	0.000156186	7.81214e-05	0	
0	8.23562e-05	0.000164604	0.000246658	0.000328435	0.000409852	0.000490826	0.000571275	0.000651119	0.000730277	0.000808671	0.000886221	0.00096285	0.00103848	0.00111304	0.00118645	0.00125865	0.00132955	0.00139909	0.00146719	0.0015338	0.00159884	0.00166225	0.00172397	0.00178393	0.00184208	0.00189835	0.0019527	0.00200507	0.0020554	0.00210365	0.00214976	0.0021937	0.00223541	0.00227487	0.00231202	0.00234684	0.00237928	0.00240932	0.00243692	0.00246206	0.00248472	0.00250487	0.00252249	0.00253757	0.00255009	0.00256004	0.0025674	0.00257218	0.00257437	0.00257397	0.00257098	0.0025654	0.00255723	0.0025465	0.0025332	0.00251736	0.00249899	0.0024781	0.00245473	0.00242889	0.00240061	0.00236992	0.00233686	0.00230145	0.00226374	0.00222375	0.00218154	0.00213715	0.00209061	0.00204199	0.00199132	0.00193866	0.00188407	0.0018276	0.0017693	0.00170924	0.00164748	0.00158408	0.0015191	0.00145262	0.00138469	0.0013154	0.0012448	0.00117298	0.00109999	0.00102593	0.000950864	0.000874866	0.000798016	0.000720391	0.00064207	0.000563133	0.000483658	0.000403726	0.000323417	0.00024281	0.000161985	8.10222e-05	0	
0	8.52206e-05	0.000170329	0.000255237	0.000339858	0.000424107	0.000507897	0.000591144	0.000673765	0.000755677	0.000836797	0.000917044	0.000996339	0.0010746	0.00115175	0.00122772	0.00130242	0.00137579	0.00144775	0.00151822	0.00158715	0.00165445	0.00172007	0.00178393	0.00184598	0.00190615	0.00196438	0.00202062	0.00207481	0.00212689	0.00217681	0.00222453	0.00227	0.00231317	0.00235399	0.00239244	0.00242846	0.00246203	0.00249312	0.00252168	0.0025477	0.00257114	0.00259199	0.00261023	0.00262583	0.00263878	0.00264908	0.0026567	0.00266165	0.00266392	0.0026635	0.0026604	0.00265463	0.00264618	0.00263507	0.00262131	0.00260492	0.00258591	0.0025643	0.00254011	0.00251337	0.00248411	0.00245236	0.00241814	0.0023815	0.00234248	0.0023011	0.00225742	0.00221148	0.00216333	0.00211301	0.00206058	0.0020061	0.0019496	0.00189116	0.00183084	0.00176869	0.00170478	0.00163918	0.00157194	0.00150314	0.00143286	0.00136115	0.0012881	0.00121378	0.00113826	0.00106162	0.000983938	0.000905297	0.000825773	0.000745449	0.000664404	0.000582721	0.000500482	0.000417769	0.000334666	0.000251256	0.00016762	8.38405e-05	0	
0	8.79983e-05	0.000175881	0.000263556	0.000350936	0.00043793	0.000524452	0.000610413	0.000695727	0.000780308	0.000864072	0.000946935	0.00102881	0.00110963	0.0011893	0.00126774	0.00134488	0.00142064	0.00149494	0.00156771	0.00163888	0.00170838	0.00177613	0.00184208	0.00190615	0.00196828	0.00202841	0.00208648	0.00214244	0.00219622	0.00224777	0.00229704	0.00234399	0.00238857	0.00243072	0.00247042	0.00250762	0.00254229	0.00257438	0.00260388	0.00263074	0.00265495	0.00267648	0.00269531	0.00271142	0.0027248	0.00273543	0.0027433	0.00274841	0.00275075	0.00275032	0.00274712	0.00274116	0.00273244	0.00272096	0.00270676	0.00268983	0.0026702	0.00264788	0.00262291	0.0025953	0.00256508	0.00253229	0.00249696	0.00245913	0.00241883	0.00237611	0.00233101	0.00228357	0.00223385	0.00218189	0.00212775	0.00207149	0.00201315	0.00195281	0.00189052	0.00182634	0.00176035	0.00169261	0.00162318	0.00155214	0.00147956	0.00140552	0.00133009	0.00125334	0.00117536	0.00109622	0.00101601	0.000934807	0.000852691	0.000769748	0.000686061	0.000601716	0.000516796	0.000431388	0.000345576	0.000259446	0.000173084	8.65735e-05	0	
0	9.06865e-05	0.000181253	0.000271608	0.000361657	0.000451309	0.000540473	0.00062906	0.000716981	0.000804146	0.000890469	0.000975864	0.00106024	0.00114353	0.00122563	0.00130647	0.00138596	0.00146404	0.00154061	0.0016156	0.00168895	0.00176057	0.00183039	0.00189835	0.00196438	0.00202841	0.00209038	0.00215023	0.00220789	0.00226331	0.00231644	0.00236722	0.0024156	0.00246154	0.00250498	0.00254589	0.00258423	0.00261995	0.00265303	0.00268343	0.00271111	0.00273606	0.00275825	0.00277765	0.00279426	0.00280804	0.002819	0.00282711	0.00283238	0.00283479	0.00283434	0.00283105	0.0028249	0.00281591	0.00280409	0.00278945	0.00277201	0.00275177	0.00272878	0.00270304	0.00267459	0.00264345	0.00260966	0.00257325	0.00253426	0.00249273	0.0024487	0.00240222	0.00235333	0.00230209	0.00224855	0.00219276	0.00213477	0.00207466	0.00201247	0.00194828	0.00188214	0.00181413	0.00174432	0.00167277	0.00159956	0.00152477	0.00144846	0.00137072	0.00129163	0.00121127	0.00112971	0.00104705	0.000963367	0.000878743	0.000793265	0.000707022	0.000620099	0.000532585	0.000444567	0.000356134	0.000267373	0.000178372	8.92186e-05	0	
0	9.32827e-05	0.000186442	0.000279383	0.00037201	0.000464229	0.000555946	0.000647069	0.000737506	0.000827167	0.000915962	0.0010038	0.0010906	0.00117626	0.00126072	0.00134387	0.00142564	0.00150595	0.00158471	0.00166186	0.0017373	0.00181097	0.0018828	0.0019527	0.00202062	0.00208648	0.00215023	0.00221178	0.0022711	0.00232811	0.00238276	0.00243499	0.00248476	0.00253201	0.0025767	0.00261878	0.00265821	0.00269496	0.00272898	0.00276025	0.00278873	0.00281439	0.00283722	0.00285718	0.00287425	0.00288843	0.0028997	0.00290805	0.00291346	0.00291594	0.00291549	0.0029121	0.00290578	0.00289653	0.00288437	0.00286931	0.00285137	0.00283055	0.0028069	0.00278042	0.00275116	0.00271913	0.00268437	0.00264692	0.00260681	0.0025641	0.00251881	0.002471	0.00242071	0.002368	0.00231292	0.00225553	0.00219589	0.00213405	0.00207009	0.00200406	0.00193603	0.00186607	0.00179426	0.00172066	0.00164536	0.00156842	0.00148993	0.00140997	0.00132861	0.00124595	0.00116206	0.00107703	0.000990948	0.000903901	0.000815977	0.000727264	0.000637853	0.000547833	0.000457296	0.00036633	0.000275028	0.000183479	9.1773e-05	0	
0	9.57841e-05	0.000191442	0.000286875	0.000381986	0.000476678	0.000570854	0.000664421	0.000757283	0.000849349	0.000940524	0.00103072	0.00111984	0.00120781	0.00129452	0.00137991	0.00146387	0.00154633	0.00162721	0.00170642	0.00178389	0.00185954	0.00193329	0.00200507	0.00207481	0.00214244	0.00220789	0.0022711	0.002332	0.00239054	0.00244665	0.00250029	0.00255139	0.00259991	0.0026458	0.00268901	0.0027295	0.00276723	0.00280217	0.00283427	0.00286351	0.00288987	0.0029133	0.0029338	0.00295133	0.00296589	0.00297746	0.00298603	0.0029916	0.00299414	0.00299367	0.00299019	0.0029837	0.00297421	0.00296172	0.00294626	0.00292783	0.00290646	0.00288217	0.00285499	0.00282494	0.00279205	0.00275636	0.0027179	0.00267672	0.00263286	0.00258636	0.00253726	0.00248563	0.00243151	0.00237495	0.00231602	0.00225478	0.00219128	0.0021256	0.0020578	0.00198795	0.00191611	0.00184238	0.00176681	0.00168948	0.00161048	0.00152989	0.00144778	0.00136424	0.00127936	0.00119322	0.00110591	0.00101752	0.000928142	0.00083786	0.000746768	0.000654959	0.000562526	0.00046956	0.000376155	0.000282404	0.0001884	9.42343e-05	0	
0	9.81884e-05	0.000196247	0.000294076	0.000391574	0.000488643	0.000585183	0.000681099	0.000776292	0.000870669	0.000964133	0.00105659	0.00114795	0.00123813	0.00132702	0.00141455	0.00150062	0.00158515	0.00166806	0.00174926	0.00182867	0.00190621	0.00198182	0.0020554	0.00212689	0.00219622	0.00226331	0.00232811	0.00239054	0.00245055	0.00250807	0.00256305	0.00261544	0.00266517	0.00271221	0.00275651	0.00279802	0.00283669	0.00287251	0.00290542	0.0029354	0.00296241	0.00298643	0.00300744	0.00302542	0.00304035	0.00305221	0.00306099	0.00306669	0.0030693	0.00306882	0.00306525	0.0030586	0.00304887	0.00303607	0.00302022	0.00300133	0.00297942	0.00295452	0.00292666	0.00289585	0.00286214	0.00282555	0.00278613	0.00274392	0.00269895	0.00265128	0.00260095	0.00254802	0.00249254	0.00243457	0.00237416	0.00231138	0.00224629	0.00217896	0.00210946	0.00203785	0.00196422	0.00188863	0.00181116	0.00173189	0.00165091	0.00156829	0.00148412	0.00139849	0.00131148	0.00122318	0.00113368	0.00104307	0.000951442	0.000858893	0.000765515	0.000671401	0.000576647	0.000481348	0.000385598	0.000289493	0.000193129	9.66e-05	0	
0	0.000100493	0.000200854	0.000300979	0.000400765	0.000500112	0.000598919	0.000697086	0.000794514	0.000891106	0.000986764	0.00108139	0.0011749	0.00126719	0.00135817	0.00144775	0.00153584	0.00162236	0.00170721	0.00179032	0.00187159	0.00195096	0.00202834	0.00210365	0.00217681	0.00224777	0.00231644	0.00238276	0.00244665	0.00250807	0.00256694	0.00262321	0.00267683	0.00272773	0.00277588	0.00282121	0.00286369	0.00290328	0.00293994	0.00297362	0.0030043	0.00303195	0.00305654	0.00307804	0.00309644	0.00311171	0.00312385	0.00313284	0.00313868	0.00314135	0.00314086	0.00313721	0.0031304	0.00312044	0.00310734	0.00309111	0.00307178	0.00304936	0.00302388	0.00299536	0.00296383	0.00292932	0.00289188	0.00285153	0.00280833	0.00276231	0.00271352	0.00266201	0.00260784	0.00255105	0.00249172	0.00242989	0.00236564	0.00229902	0.00223011	0.00215898	0.00208569	0.00201032	0.00193296	0.00185367	0.00177255	0.00168966	0.00160511	0.00151896	0.00143132	0.00134226	0.00125189	0.00116029	0.00106755	0.000973777	0.000879056	0.000783486	0.000687163	0.000590184	0.000492647	0.00039465	0.000296289	0.000197663	9.88677e-05	0	
0	0.000102696	0.000205257	0.000307576	0.00040955	0.000511075	0.000612048	0.000712367	0.000811931	0.00091064	0.00100839	0.0011051	0.00120065	0.00129497	0.00138794	0.00147949	0.00156951	0.00165792	0.00174464	0.00182956	0.00191262	0.00199373	0.0020728	0.00214976	0.00222453	0.00229704	0.00236722	0.00243499	0.00250029	0.00256305	0.00262321	0.00268072	0.00273551	0.00278753	0.00283673	0.00288306	0.00292647	0.00296693	0.00300438	0.00303881	0.00307016	0.00309841	0.00312354	0.00314552	0.00316432	0.00317993	0.00319233	0.00320152	0.00320748	0.00321022	0.00320971	0.00320598	0.00319902	0.00318884	0.00317546	0.00315888	0.00313912	0.00311621	0.00309017	0.00306102	0.0030288	0.00299354	0.00295527	0.00291404	0.00286989	0.00282286	0.002773	0.00272037	0.00266501	0.00260698	0.00254634	0.00248316	0.0024175	0.00234942	0.002279	0.00220631	0.00213141	0.0020544	0.00197534	0.00189431	0.00181141	0.00172671	0.00164029	0.00155226	0.0014627	0.00137169	0.00127934	0.00118573	0.00109096	0.000995125	0.000898328	0.000800662	0.000702227	0.000603123	0.000503448	0.000403302	0.000302785	0.000201996	0.000101035	0	
0	0.000104795	0.000209452	0.000313862	0.000417921	0.000521521	0.000624557	0.000726926	0.000828525	0.000929251	0.001029	0.00112768	0.00122519	0.00132143	0.00141631	0.00150972	0.00160159	0.00169181	0.00178029	0.00186696	0.00195171	0.00203448	0.00211516	0.0021937	0.00227	0.00234399	0.0024156	0.00248476	0.00255139	0.00261544	0.00267683	0.00273551	0.00279142	0.0028445	0.00289471	0.00294198	0.00298629	0.00302757	0.00306579	0.00310092	0.00313291	0.00316174	0.00318738	0.00320981	0.00322899	0.00324492	0.00325758	0.00326696	0.00327304	0.00327583	0.00327532	0.00327151	0.00326441	0.00325402	0.00324036	0.00322344	0.00320328	0.0031799	0.00315333	0.00312359	0.00309071	0.00305473	0.00301568	0.0029736	0.00292855	0.00288056	0.00282968	0.00277597	0.00271948	0.00266026	0.00259839	0.00253392	0.00246691	0.00239744	0.00232558	0.0022514	0.00217498	0.00209639	0.00201571	0.00193303	0.00184843	0.001762	0.00167382	0.00158399	0.00149259	0.00139973	0.00130548	0.00120996	0.00111326	0.00101547	0.000916689	0.000817027	0.000716581	0.000615451	0.000513738	0.000411545	0.000308974	0.000206125	0.0001031	0	
0	0.000106788	0.000213434	0.000319831	0.000425868	0.000531438	0.000636434	0.000740749	0.00084428	0.000946922	0.00104857	0.00114913	0.00124849	0.00134656	0.00144324	0.00153843	0.00163204	0.00172398	0.00181415	0.00190246	0.00198883	0.00207316	0.00215539	0.00223541	0.00231317	0.00238857	0.00246154	0.00253201	0.00259991	0.00266517	0.00272773	0.00278753	0.0028445	0.0028986	0.00294976	0.00299793	0.00304307	0.00308514	0.00312409	0.00315989	0.00319249	0.00322187	0.003248	0.00327085	0.0032904	0.00330663	0.00331953	0.00332909	0.00333529	0.00333813	0.0033376	0.00333372	0.00332649	0.0033159	0.00330198	0.00328474	0.0032642	0.00324038	0.0032133	0.00318299	0.00314948	0.00311282	0.00307303	0.00303015	0.00298424	0.00293534	0.00288349	0.00282876	0.00277119	0.00271085	0.0026478	0.0025821	0.00251383	0.00244304	0.00236981	0.00229422	0.00221634	0.00213625	0.00205404	0.00196979	0.00188358	0.00179551	0.00170565	0.00161411	0.00152098	0.00142635	0.00133031	0.00123297	0.00113443	0.00103478	0.000934123	0.000832566	0.000730209	0.000627155	0.000523509	0.000419372	0.00031485	0.000210045	0.000105061	0	
0	0.000108672	0.000217201	0.000325475	0.000433384	0.000540817	0.000647666	0.000753823	0.000859181	0.000963634	0.00106708	0.00116941	0.00127053	0.00137033	0.00146871	0.00156559	0.00166085	0.00175441	0.00184617	0.00193604	0.00202393	0.00210975	0.00219343	0.00227487	0.00235399	0.00243072	0.00250498	0.0025767	0.0026458	0.00271221	0.00277588	0.00283673	0.00289471	0.00294976	0.00300182	0.00305084	0.00309678	0.00313959	0.00317923	0.00321566	0.00324884	0.00327873	0.00330532	0.00332858	0.00334847	0.00336499	0.00337812	0.00338784	0.00339415	0.00339704	0.00339651	0.00339256	0.0033852	0.00337443	0.00336026	0.00334272	0.00332181	0.00329757	0.00327001	0.00323917	0.00320507	0.00316776	0.00312727	0.00308364	0.00303692	0.00298715	0.00293439	0.00287869	0.00282011	0.0027587	0.00269454	0.00262768	0.0025582	0.00248616	0.00241164	0.00233471	0.00225546	0.00217396	0.0020903	0.00200456	0.00191683	0.0018272	0.00173576	0.0016426	0.00154783	0.00145152	0.00135379	0.00125474	0.00115445	0.00105304	0.000950611	0.000847261	0.000743098	0.000638225	0.000532749	0.000426775	0.000320408	0.000213753	0.000106916	0	
0	0.000110447	0.000220748	0.000330791	0.000440462	0.000549649	0.000658243	0.000766134	0.000873212	0.000979372	0.00108451	0.00118851	0.00129128	0.00139271	0.0014927	0.00159115	0.00168797	0.00178306	0.00187632	0.00196766	0.00205698	0.00214421	0.00222925	0.00231202	0.00239244	0.00247042	0.00254589	0.00261878	0.00268901	0.00275651	0.00282121	0.00288306	0.00294198	0.00299793	0.00305084	0.00310067	0.00314736	0.00319087	0.00323116	0.00326818	0.0033019	0.00333228	0.00335931	0.00338294	0.00340316	0.00341995	0.00343329	0.00344317	0.00344959	0.00345252	0.00345199	0.00344797	0.00344049	0.00342954	0.00341514	0.00339731	0.00337607	0.00335143	0.00332342	0.00329207	0.00325742	0.0032195	0.00317834	0.003134	0.00308652	0.00303594	0.00298231	0.00292571	0.00286617	0.00280376	0.00273855	0.0026706	0.00259998	0.00252676	0.00245102	0.00237284	0.0022923	0.00220947	0.00212444	0.0020373	0.00194814	0.00185704	0.00176411	0.00166943	0.00157311	0.00147523	0.0013759	0.00127523	0.00117331	0.00107024	0.000966137	0.0008611	0.000755235	0.00064865	0.000541451	0.000433746	0.000325641	0.000217244	0.000108662	0	
