0	0	0	0	0	0	0	0	0	0	0	0	0	0	0	0	0	0	0	0	0	0	0	0	0	0	0	0	0	0	0	0	0	0	0	0	0	0	0	0	0	0	0	0	0	0	0	0	0	0	0	0	0	0	0	0	0	0	0	0	0	0	0	0	0	0	0	0	0	0	0	0	0	0	0	0	0	0	0	0	0	0	0	0	0	0	0	0	0	0	0	0	0	0	0	0	0	0	0	0	
0	0.000555548	0.00111055	0.00166444	0.0022167	0.00276676	0.00331409	0.00385814	0.00439838	0.00493427	0.00546529	0.0059909	0.0065106	0.00702386	0.00753019	0.00802907	0.00852002	0.00900254	0.00947618	0.00994044	0.0103949	0.0108391	0.0112725	0.0116948	0.0121056	0.0125044	0.0128908	0.0132644	0.013625	0.0139721	0.0143053	0.0146244	0.014929	0.0152189	0.0154936	0.0157531	0.0159969	0.0162248	0.0164367	0.0166323	0.0168114	0.0169738	0.0171193	0.0172479	0.0173592	0.0174534	0.0175301	0.0175895	0.0176312	0.0176555	0.017662	0.017651	0.0176223	0.017576	0.0175121	0.0174306	0.0173316	0.0172152	0.0170815	0.0169305	0.0167625	0.0165776	0.0163758	0.0161575	0.0159227	0.0156717	0.0154048	0.0151221	0.014824	0.0145106	0.0141823	0.0138394	0.0134822	0.013111	0.0127262	0.0123281	0.0119172	0.0114939	0.0110584	0.0106114	0.0101531	0.0096841	0.00920484	0.00871578	0.00821743	0.0077103	0.00719492	0.0066718	0.00614151	0.00560459	0.00506162	0.00451316	0.00395982	0.00340217	0.00284082	0.00227638	0.00170946	0.00114068	0.00057065	0	
0	0.00111055	0.00221999	0.00332724	0.0044312	0.00553078	0.00662489	0.00771246	0.0087924	0.00986365	0.0109252	0.0119759	0.0130148	0.0140408	0.0150529	0.0160502	0.0170316	0.0179962	0.018943	0.019871	0.0207795	0.0216674	0.0225339	0.0233781	0.0241992	0.0249963	0.0257688	0.0265158	0.0272365	0.0279303	0.0285965	0.0292343	0.0298433	0.0304227	0.0309719	0.0314905	0.0319779	0.0324336	0.0328572	0.0332481	0.0336061	0.0339307	0.0342217	0.0344786	0.0347013	0.0348895	0.0350429	0.0351615	0.035245	0.0352934	0.0353066	0.0352845	0.0352272	0.0351346	0.0350068	0.0348439	0.034646	0.0344134	0.034146	0.0338443	0.0335085	0.0331387	0.0327354	0.0322989	0.0318297	0.031328	0.0307944	0.0302293	0.0296332	0.0290068	0.0283505	0.027665	0.026951	0.026209	0.0254398	0.0246441	0.0238227	0.0229764	0.0221059	0.0212122	0.0202962	0.0193586	0.0184006	0.0174229	0.0164267	0.015413	0.0143827	0.013337	0.0122769	0.0112036	0.0101182	0.00902186	0.00791571	0.00680097	0.00567883	0.00455051	0.00341723	0.00228023	0.00114074	0	
0	0.00166444	0.00332724	0.00498675	0.00664132	0.00828933	0.00992914	0.0115591	0.0131777	0.0147833	0.0163742	0.017949	0.019506	0.0210438	0.0225608	0.0240554	0.0255263	0.026972	0.028391	0.029782	0.0311435	0.0324743	0.0337729	0.0350382	0.0362688	0.0374636	0.0386213	0.0397408	0.0408211	0.0418609	0.0428593	0.0438153	0.044728	0.0455964	0.0464196	0.0471968	0.0479273	0.0486103	0.0492451	0.0498311	0.0503676	0.0508542	0.0512902	0.0516753	0.052009	0.0522911	0.0525211	0.0526988	0.052824	0.0528965	0.0529162	0.0528831	0.0527972	0.0526584	0.0524669	0.0522228	0.0519262	0.0515775	0.0511768	0.0507246	0.0502212	0.0496671	0.0490627	0.0484085	0.0477051	0.0469532	0.0461535	0.0453065	0.0444132	0.0434743	0.0424907	0.0414633	0.0403931	0.0392811	0.0381282	0.0369357	0.0357046	0.0344361	0.0331315	0.0317921	0.0304191	0.029014	0.0275781	0.0261129	0.0246198	0.0231004	0.0215563	0.019989	0.0184002	0.0167916	0.0151648	0.0135216	0.0118638	0.010193	0.00851123	0.00682014	0.00512162	0.00341752	0.00170969	0	
0	0.0022167	0.0044312	0.00664132	0.00884487	0.0110397	0.0132236	0.0153944	0.01755	0.0196883	0.0218071	0.0239044	0.025978	0.028026	0.0300463	0.0320369	0.0339958	0.0359212	0.037811	0.0396635	0.0414768	0.0432491	0.0449786	0.0466637	0.0483026	0.0498938	0.0514356	0.0529266	0.0543653	0.0557501	0.0570798	0.058353	0.0595685	0.060725	0.0618213	0.0628565	0.0638293	0.0647389	0.0655844	0.0663648	0.0670793	0.0677273	0.068308	0.0688209	0.0692654	0.069641	0.0699473	0.0701839	0.0703507	0.0704473	0.0704736	0.0704295	0.070315	0.0701302	0.0698751	0.06955	0.069155	0.0686906	0.068157	0.0675548	0.0668844	0.0661464	0.0653414	0.0644702	0.0635334	0.0625321	0.0614669	0.060339	0.0591493	0.0578989	0.0565889	0.0552207	0.0537953	0.0523143	0.0507789	0.0491907	0.0475512	0.0458619	0.0441244	0.0423406	0.0405121	0.0386407	0.0367284	0.034777	0.0327885	0.030765	0.0287085	0.0266213	0.0245053	0.022363	0.0201964	0.018008	0.0158001	0.0135751	0.0113352	0.00908303	0.00682095	0.00455144	0.00227696	0	
0	0.00276676	0.00553078	0.00828933	0.0110397	0.0137791	0.0165049	0.0192144	0.021905	0.0245738	0.0272184	0.0298361	0.0324243	0.0349805	0.0375021	0.0399867	0.0424317	0.0448348	0.0471936	0.0495058	0.051769	0.0539811	0.0561398	0.058243	0.0602887	0.0622747	0.0641991	0.0660601	0.0678557	0.0695842	0.0712439	0.072833	0.0743501	0.0757936	0.077162	0.078454	0.0796683	0.0808036	0.0818588	0.0828328	0.0837247	0.0845335	0.0852583	0.0858985	0.0864532	0.086922	0.0873043	0.0875997	0.0878079	0.0879284	0.0879612	0.0879062	0.0877633	0.0875326	0.0872143	0.0868085	0.0863155	0.0857358	0.0850699	0.0843182	0.0834814	0.0825603	0.0815555	0.0804681	0.079299	0.0780491	0.0767196	0.0753118	0.0738269	0.0722662	0.0706312	0.0689234	0.0671444	0.0652958	0.0633795	0.0613972	0.0593508	0.0572423	0.0550737	0.0528472	0.0505649	0.0482292	0.0458423	0.0434067	0.0409248	0.0383992	0.0358324	0.0332272	0.0305862	0.0279122	0.0252081	0.0224767	0.0197209	0.0169436	0.014148	0.0113369	0.00851354	0.00568086	0.00284198	0	
0	0.00331409	0.00662489	0.00992914	0.0132236	0.0165049	0.01977	0.0230155	0.0262383	0.0294351	0.0326028	0.0357384	0.0388386	0.0419004	0.0449209	0.0478969	0.0508256	0.0537041	0.0565296	0.0592991	0.0620101	0.0646598	0.0672455	0.0697648	0.0722151	0.074594	0.0768992	0.0791283	0.0812791	0.0833496	0.0853375	0.0872411	0.0890583	0.0907873	0.0924264	0.093974	0.0954285	0.0967884	0.0980523	0.0992191	0.100287	0.101256	0.102124	0.102891	0.103556	0.104117	0.104575	0.104929	0.105178	0.105323	0.105362	0.105296	0.105125	0.104849	0.104467	0.103981	0.103391	0.102696	0.101899	0.100998	0.0999959	0.0988926	0.0976891	0.0963865	0.0949861	0.093489	0.0918965	0.0902102	0.0884315	0.0865621	0.0846037	0.082558	0.0804271	0.0782129	0.0759174	0.0735429	0.0710917	0.0685661	0.0659685	0.0633016	0.0605678	0.05777	0.054911	0.0519935	0.0490207	0.0459954	0.0429209	0.0398003	0.0366369	0.0334339	0.0301948	0.0269231	0.0236221	0.0202955	0.0169468	0.0135797	0.0101977	0.00680466	0.00340419	0	
0	0.00385814	0.00771246	0.0115591	0.0153944	0.0192144	0.0230155	0.0267938	0.0305456	0.0342673	0.037955	0.0416053	0.0452145	0.048779	0.0522952	0.0557599	0.0591694	0.0625204	0.0658097	0.0690339	0.0721899	0.0752745	0.0782848	0.0812176	0.0840702	0.0868396	0.0895232	0.0921183	0.0946222	0.0970325	0.0993469	0.101563	0.103678	0.105691	0.107599	0.109401	0.111094	0.112678	0.114149	0.115507	0.116751	0.117879	0.118889	0.119782	0.120556	0.121209	0.121743	0.122154	0.122445	0.122613	0.122659	0.122582	0.122383	0.122061	0.121617	0.121051	0.120364	0.119555	0.118627	0.117579	0.116412	0.115127	0.113726	0.11221	0.110579	0.108836	0.106983	0.105019	0.102949	0.100772	0.0984925	0.0961111	0.0936303	0.0910526	0.0883803	0.085616	0.0827624	0.0798222	0.0767982	0.0736934	0.0705109	0.0672538	0.0639254	0.060529	0.0570681	0.0535462	0.049967	0.0463341	0.0426513	0.0389226	0.0351517	0.0313429	0.0275	0.0236273	0.0197288	0.0158089	0.0118718	0.00792174	0.00396303	0	
0	0.00439838	0.0087924	0.0131777	0.01755	0.021905	0.0262383	0.0305456	0.0348228	0.0390656	0.0432697	0.0474311	0.0515457	0.0556093	0.0596179	0.0635677	0.0674546	0.0712749	0.0750247	0.0787004	0.0822984	0.0858149	0.0892467	0.0925902	0.0958422	0.0989995	0.102059	0.105017	0.107872	0.11062	0.113258	0.115784	0.118196	0.120491	0.122666	0.12472	0.12665	0.128455	0.130133	0.131681	0.133099	0.134385	0.135537	0.136555	0.137437	0.138182	0.13879	0.139259	0.13959	0.139782	0.139834	0.139747	0.139519	0.139153	0.138647	0.138001	0.137218	0.136296	0.135238	0.134043	0.132712	0.131248	0.129651	0.127922	0.126063	0.124076	0.121963	0.119725	0.117364	0.114883	0.112284	0.109569	0.106741	0.103802	0.100756	0.0976045	0.0943513	0.0909994	0.0875519	0.0840124	0.0803843	0.0766711	0.0728766	0.0690047	0.0650592	0.0610441	0.0569637	0.0528221	0.0486236	0.0443727	0.0400739	0.0357317	0.0313507	0.0269357	0.0224914	0.0180226	0.0135342	0.009031	0.00451796	0	
0	0.00493427	0.00986365	0.0147833	0.0196883	0.0245738	0.0294351	0.0342673	0.0390656	0.0438253	0.0485417	0.0532101	0.0578259	0.0623846	0.0668817	0.0713127	0.0756732	0.0799589	0.0841657	0.0882892	0.0923255	0.0962705	0.10012	0.103871	0.10752	0.111061	0.114494	0.117812	0.121015	0.124097	0.127057	0.129891	0.132597	0.135171	0.137612	0.139916	0.142081	0.144106	0.145988	0.147725	0.149316	0.150758	0.152051	0.153192	0.154182	0.155018	0.1557	0.156227	0.156598	0.156813	0.156871	0.156773	0.156518	0.156107	0.155539	0.154815	0.153936	0.152902	0.151715	0.150374	0.148882	0.147239	0.145447	0.143508	0.141423	0.139194	0.136823	0.134312	0.131664	0.128881	0.125965	0.122919	0.119746	0.11645	0.113032	0.109497	0.105847	0.102087	0.0982192	0.0942484	0.0901782	0.0860126	0.0817559	0.0774121	0.0729859	0.0684817	0.0639041	0.0592579	0.0545479	0.0497791	0.0449565	0.0400852	0.0351705	0.0302175	0.0252317	0.0202185	0.0151832	0.0101313	0.00506843	0	
0	0.00546529	0.0109252	0.0163742	0.0218071	0.0272184	0.0326028	0.037955	0.0432697	0.0485417	0.0537656	0.0589364	0.064049	0.0690984	0.0740794	0.0789872	0.083817	0.088564	0.0932234	0.0977907	0.102261	0.106631	0.110895	0.11505	0.119091	0.123014	0.126815	0.130491	0.134038	0.137453	0.140731	0.14387	0.146867	0.149718	0.152421	0.154973	0.157372	0.159615	0.161699	0.163623	0.165385	0.166982	0.168414	0.169679	0.170775	0.171701	0.172456	0.173039	0.17345	0.173689	0.173753	0.173645	0.173363	0.172907	0.172278	0.171476	0.170503	0.169358	0.168042	0.166557	0.164904	0.163085	0.1611	0.158952	0.156643	0.154174	0.151548	0.148767	0.145833	0.14275	0.139521	0.136147	0.132633	0.128982	0.125196	0.12128	0.117238	0.113073	0.108789	0.104391	0.0998831	0.0952692	0.0905543	0.0857431	0.0808406	0.0758516	0.0707814	0.0656351	0.0604183	0.0551362	0.0497946	0.0443991	0.0389555	0.0334695	0.0279471	0.0223944	0.0168172	0.0112216	0.00561388	0	
0	0.0059909	0.0119759	0.017949	0.0239044	0.0298361	0.0357384	0.0416053	0.0474311	0.0532101	0.0589364	0.0646046	0.0702089	0.0757438	0.0812039	0.0865837	0.091878	0.0970815	0.102189	0.107196	0.112096	0.116886	0.12156	0.126115	0.130544	0.134844	0.139011	0.143041	0.146929	0.150672	0.154266	0.157707	0.160992	0.164117	0.16708	0.169878	0.172507	0.174965	0.17725	0.179359	0.181291	0.183042	0.184611	0.185997	0.187199	0.188214	0.189042	0.189681	0.190132	0.190393	0.190464	0.190345	0.190036	0.189536	0.188847	0.187968	0.186901	0.185645	0.184203	0.182576	0.180764	0.178769	0.176594	0.174239	0.171707	0.169001	0.166122	0.163074	0.159859	0.156479	0.152939	0.149241	0.145389	0.141386	0.137237	0.132944	0.128513	0.123948	0.119252	0.114431	0.109489	0.104432	0.0992633	0.0939894	0.0886153	0.0831465	0.0775887	0.0719475	0.0662289	0.0604389	0.0545836	0.0486692	0.042702	0.0366884	0.0306349	0.0245481	0.0184345	0.0123009	0.00615379	0	
0	0.0065106	0.0130148	0.019506	0.025978	0.0324243	0.0388386	0.0452145	0.0515457	0.0578259	0.064049	0.0702089	0.0762993	0.0823144	0.0882481	0.0940947	0.0998482	0.105503	0.111054	0.116495	0.12182	0.127026	0.132105	0.137055	0.141868	0.146542	0.15107	0.15545	0.159675	0.163742	0.167648	0.171387	0.174957	0.178354	0.181574	0.184614	0.187472	0.190143	0.192626	0.194918	0.197017	0.19892	0.200626	0.202132	0.203438	0.204541	0.205441	0.206136	0.206625	0.206909	0.206986	0.206857	0.206521	0.205978	0.205229	0.204274	0.203114	0.20175	0.200183	0.198414	0.196445	0.194277	0.191913	0.189354	0.186603	0.183662	0.180533	0.17722	0.173726	0.170054	0.166206	0.162188	0.158001	0.153651	0.149142	0.144477	0.139662	0.1347	0.129597	0.124358	0.118987	0.113491	0.107874	0.102143	0.0963025	0.0903594	0.0843194	0.0781889	0.0719742	0.0656819	0.0593186	0.0528912	0.0464063	0.0398711	0.0332925	0.0266776	0.0200337	0.013368	0.00668763	0	
0	0.00702386	0.0140408	0.0210438	0.028026	0.0349805	0.0419004	0.048779	0.0556093	0.0623846	0.0690984	0.0757438	0.0823144	0.0888037	0.0952052	0.101513	0.10772	0.11382	0.119809	0.125678	0.131424	0.13704	0.14252	0.147859	0.153053	0.158094	0.16298	0.167704	0.172263	0.176651	0.180864	0.184899	0.18875	0.192415	0.195888	0.199168	0.202251	0.205133	0.207812	0.210285	0.212549	0.214602	0.216442	0.218067	0.219476	0.220666	0.221637	0.222386	0.222915	0.223221	0.223304	0.223165	0.222802	0.222216	0.221408	0.220378	0.219126	0.217655	0.215964	0.214056	0.211932	0.209593	0.207042	0.204282	0.201314	0.198141	0.194766	0.191192	0.187422	0.18346	0.179309	0.174974	0.170457	0.165765	0.1609	0.155867	0.150672	0.145319	0.139814	0.134162	0.128368	0.122438	0.116379	0.110195	0.103895	0.0974829	0.0909667	0.0843529	0.0776483	0.07086	0.0639951	0.0570609	0.0500648	0.0430143	0.0359171	0.0287808	0.0216131	0.0144218	0.00721485	0	
0	0.00753019	0.0150529	0.0225608	0.0300463	0.0375021	0.0449209	0.0522952	0.0596179	0.0668817	0.0740794	0.0812039	0.0882481	0.0952052	0.102068	0.10883	0.115485	0.122025	0.128445	0.134738	0.140898	0.146918	0.152794	0.158518	0.164086	0.169491	0.174729	0.179794	0.184681	0.189385	0.193902	0.198227	0.202356	0.206285	0.210009	0.213526	0.216831	0.219921	0.222793	0.225444	0.227871	0.230072	0.232045	0.233787	0.235297	0.236573	0.237614	0.238418	0.238984	0.239312	0.239401	0.239252	0.238863	0.238235	0.237369	0.236264	0.234922	0.233345	0.231532	0.229486	0.227209	0.224702	0.221967	0.219008	0.215826	0.212424	0.208806	0.204974	0.200933	0.196685	0.192235	0.187587	0.182745	0.177714	0.172498	0.167103	0.161533	0.155795	0.149893	0.143833	0.137621	0.131264	0.124768	0.118139	0.111384	0.10451	0.0975242	0.0904336	0.0832457	0.075968	0.0686082	0.0611742	0.0536738	0.0461151	0.0385063	0.0308555	0.0231711	0.0154615	0.00773494	0	
0	0.00802907	0.0160502	0.0240554	0.0320369	0.0399867	0.0478969	0.0557599	0.0635677	0.0713127	0.0789872	0.0865837	0.0940947	0.101513	0.10883	0.11604	0.123136	0.13011	0.136955	0.143665	0.150233	0.156652	0.162917	0.16902	0.174956	0.18072	0.186305	0.191705	0.196916	0.201932	0.206748	0.21136	0.215763	0.219952	0.223923	0.227672	0.231196	0.234491	0.237553	0.240379	0.242968	0.245315	0.247418	0.249276	0.250886	0.252246	0.253356	0.254213	0.254817	0.255167	0.255262	0.255102	0.254688	0.254018	0.253094	0.251917	0.250486	0.248804	0.246872	0.24469	0.242262	0.239589	0.236673	0.233517	0.230124	0.226497	0.222639	0.218554	0.214245	0.209716	0.204971	0.200015	0.194852	0.189488	0.183927	0.178174	0.172235	0.166116	0.159823	0.153362	0.146739	0.139961	0.133034	0.125966	0.118763	0.111434	0.103985	0.096425	0.0887609	0.081001	0.0731537	0.0652271	0.0572298	0.0491703	0.0410574	0.0328997	0.0247062	0.0164858	0.0082474	0	
0	0.00852002	0.0170316	0.0255263	0.0339958	0.0424317	0.0508256	0.0591694	0.0674546	0.0756732	0.083817	0.091878	0.0998482	0.10772	0.115485	0.123136	0.130665	0.138065	0.145329	0.152449	0.159419	0.166231	0.172878	0.179355	0.185654	0.19177	0.197697	0.203427	0.208957	0.21428	0.21939	0.224284	0.228956	0.233401	0.237615	0.241593	0.245333	0.248829	0.252078	0.255078	0.257824	0.260315	0.262547	0.264518	0.266227	0.26767	0.268848	0.269757	0.270398	0.270769	0.270871	0.270701	0.270261	0.269551	0.26857	0.267321	0.265803	0.264018	0.261967	0.259652	0.257075	0.254239	0.251145	0.247796	0.244196	0.240347	0.236253	0.231918	0.227345	0.222539	0.217504	0.212245	0.206767	0.201074	0.195173	0.189069	0.182767	0.176274	0.169596	0.16274	0.155711	0.148519	0.141169	0.133668	0.126025	0.118248	0.110344	0.102321	0.0941883	0.085954	0.0776268	0.0692155	0.0607292	0.0521769	0.0435679	0.0349114	0.0262169	0.0174939	0.0087517	0	
0	0.00900254	0.0179962	0.026972	0.0359212	0.0448348	0.0537041	0.0625204	0.0712749	0.0799589	0.088564	0.0970815	0.105503	0.11382	0.122025	0.13011	0.138065	0.145885	0.15356	0.161083	0.168447	0.175645	0.182669	0.189513	0.196169	0.202631	0.208893	0.214948	0.220791	0.226415	0.231816	0.236986	0.241923	0.24662	0.251072	0.255276	0.259227	0.262921	0.266355	0.269524	0.272426	0.275058	0.277416	0.279499	0.281304	0.28283	0.284074	0.285035	0.285712	0.286104	0.286211	0.286032	0.285567	0.284817	0.283781	0.28246	0.280857	0.27897	0.276803	0.274358	0.271635	0.268638	0.265368	0.26183	0.258026	0.253959	0.249633	0.245052	0.240221	0.235143	0.229823	0.224266	0.218477	0.212462	0.206227	0.199777	0.193118	0.186257	0.179201	0.171956	0.16453	0.15693	0.149164	0.141239	0.133163	0.124945	0.116593	0.108116	0.0995227	0.090822	0.0820232	0.0731356	0.0641686	0.055132	0.0460354	0.0368887	0.0277017	0.0184846	0.00924736	0	
0	0.00947618	0.018943	0.028391	0.037811	0.0471936	0.0565296	0.0658097	0.0750247	0.0841657	0.0932234	0.102189	0.111054	0.119809	0.128445	0.136955	0.145329	0.15356	0.161639	0.169558	0.17731	0.184886	0.19228	0.199483	0.20649	0.213292	0.219883	0.226257	0.232407	0.238327	0.244012	0.249455	0.254651	0.259594	0.264281	0.268706	0.272865	0.276754	0.280368	0.283704	0.286759	0.289529	0.292012	0.294204	0.296104	0.29771	0.299019	0.300031	0.300744	0.301157	0.301269	0.301081	0.300591	0.299801	0.298711	0.297321	0.295633	0.293647	0.291366	0.288792	0.285926	0.282771	0.27933	0.275605	0.271601	0.26732	0.262767	0.257945	0.252859	0.247514	0.241914	0.236065	0.229971	0.22364	0.217077	0.210287	0.203278	0.196056	0.188629	0.181003	0.173186	0.165186	0.157011	0.148669	0.140169	0.131518	0.122727	0.113804	0.104759	0.0956003	0.0863386	0.0769833	0.0675446	0.0580325	0.0484574	0.0388294	0.0291592	0.0194571	0.00973387	0	
0	0.00994044	0.019871	0.029782	0.0396635	0.0495058	0.0592991	0.0690339	0.0787004	0.0882892	0.0977907	0.107196	0.116495	0.125678	0.134738	0.143665	0.152449	0.161083	0.169558	0.177865	0.185997	0.193944	0.2017	0.209257	0.216606	0.223742	0.230656	0.237342	0.243793	0.250004	0.255967	0.261676	0.267127	0.272313	0.277229	0.281871	0.286234	0.290313	0.294104	0.297604	0.300808	0.303714	0.306318	0.308618	0.310611	0.312296	0.313669	0.314731	0.315478	0.315912	0.316029	0.315832	0.315318	0.31449	0.313346	0.311888	0.310117	0.308034	0.305641	0.302941	0.299934	0.296625	0.293015	0.289108	0.284908	0.280417	0.275641	0.270583	0.265248	0.25964	0.253766	0.24763	0.241239	0.234597	0.227712	0.22059	0.213237	0.205662	0.197871	0.189871	0.181671	0.17328	0.164704	0.155953	0.147036	0.137962	0.12874	0.11938	0.109891	0.100284	0.0905686	0.080755	0.0708539	0.0608758	0.0508315	0.0407318	0.0305878	0.0204104	0.0102108	0	
0	0.0103949	0.0207795	0.0311435	0.0414768	0.051769	0.0620101	0.0721899	0.0822984	0.0923255	0.102261	0.112096	0.12182	0.131424	0.140898	0.150233	0.159419	0.168447	0.17731	0.185997	0.1945	0.202811	0.210921	0.218823	0.226509	0.23397	0.241201	0.248193	0.254939	0.261433	0.267669	0.273639	0.279339	0.284762	0.289903	0.294758	0.29932	0.303585	0.30755	0.311209	0.31456	0.317599	0.320322	0.322727	0.324811	0.326573	0.328009	0.329119	0.329901	0.330354	0.330477	0.330271	0.329734	0.328867	0.327671	0.326146	0.324294	0.322117	0.319614	0.31679	0.313647	0.310186	0.306411	0.302325	0.297933	0.293237	0.288242	0.282953	0.277374	0.27151	0.265367	0.258951	0.252267	0.245322	0.238122	0.230675	0.222986	0.215064	0.206917	0.198552	0.189977	0.181201	0.172234	0.163083	0.153758	0.144269	0.134626	0.124838	0.114915	0.104869	0.0947091	0.0844469	0.0740931	0.0636588	0.0531553	0.042594	0.0319862	0.0213435	0.0106776	0	
0	0.0108391	0.0216674	0.0324743	0.0432491	0.0539811	0.0646598	0.0752745	0.0858149	0.0962705	0.106631	0.116886	0.127026	0.13704	0.146918	0.156652	0.166231	0.175645	0.184886	0.193944	0.202811	0.211477	0.219934	0.228173	0.236187	0.243968	0.251507	0.258798	0.265832	0.272604	0.279106	0.285332	0.291275	0.29693	0.302291	0.307352	0.31211	0.316557	0.320691	0.324507	0.328001	0.33117	0.334009	0.336517	0.338691	0.340527	0.342025	0.343182	0.343998	0.34447	0.344599	0.344383	0.343823	0.34292	0.341672	0.340083	0.338152	0.335881	0.333272	0.330327	0.327049	0.32344	0.319504	0.315244	0.310663	0.305767	0.300559	0.295043	0.289226	0.283112	0.276707	0.270016	0.263047	0.255805	0.248297	0.240531	0.232514	0.224254	0.215758	0.207036	0.198095	0.188944	0.179593	0.170051	0.160328	0.150434	0.140378	0.130172	0.119826	0.10935	0.0987561	0.0880554	0.0772591	0.066379	0.0554267	0.044414	0.033353	0.0222555	0.0111338	0	
0	0.0112725	0.0225339	0.0337729	0.0449786	0.0561398	0.0672455	0.0782848	0.0892467	0.10012	0.110895	0.12156	0.132105	0.14252	0.152794	0.162917	0.172878	0.182669	0.19228	0.2017	0.210921	0.219934	0.228729	0.237298	0.245633	0.253724	0.261565	0.269147	0.276463	0.283506	0.290267	0.296742	0.302923	0.308804	0.31438	0.319644	0.324591	0.329217	0.333516	0.337484	0.341118	0.344413	0.347367	0.349975	0.352235	0.354145	0.355703	0.356906	0.357754	0.358246	0.358379	0.358155	0.357573	0.356633	0.355336	0.353683	0.351674	0.349313	0.346599	0.343537	0.340127	0.336374	0.332281	0.32785	0.323087	0.317995	0.312578	0.306842	0.300792	0.294434	0.287772	0.280814	0.273566	0.266035	0.258227	0.25015	0.241813	0.233222	0.224387	0.215315	0.206017	0.1965	0.186775	0.176852	0.16674	0.15645	0.145992	0.135378	0.124617	0.113723	0.102705	0.0915767	0.0803488	0.0690335	0.0576432	0.0461902	0.0346868	0.0231455	0.0115791	0	
0	0.0116948	0.0233781	0.0350382	0.0466637	0.058243	0.0697648	0.0812176	0.0925902	0.103871	0.11505	0.126115	0.137055	0.147859	0.158518	0.16902	0.179355	0.189513	0.199483	0.209257	0.218823	0.228173	0.237298	0.246188	0.254835	0.26323	0.271364	0.279231	0.286821	0.294127	0.301142	0.307859	0.314272	0.320373	0.326158	0.331619	0.336751	0.34155	0.346011	0.350128	0.353898	0.357316	0.36038	0.363086	0.365431	0.367413	0.369029	0.370278	0.371157	0.371667	0.371806	0.371573	0.370969	0.369994	0.368648	0.366933	0.36485	0.362399	0.359584	0.356407	0.35287	0.348976	0.34473	0.340133	0.335191	0.329908	0.324289	0.318338	0.312061	0.305464	0.298553	0.291335	0.283815	0.276001	0.267901	0.259522	0.250872	0.241959	0.232793	0.223382	0.213735	0.203862	0.193773	0.183478	0.172987	0.162311	0.151462	0.140449	0.129286	0.117983	0.106553	0.0950076	0.083359	0.0716198	0.0598028	0.0479207	0.0359863	0.0240127	0.0120129	0	
0	0.0121056	0.0241992	0.0362688	0.0483026	0.0602887	0.0722151	0.0840702	0.0958422	0.10752	0.119091	0.130544	0.141868	0.153053	0.164086	0.174956	0.185654	0.196169	0.20649	0.216606	0.226509	0.236187	0.245633	0.254835	0.263786	0.272475	0.280895	0.289038	0.296894	0.304457	0.311719	0.318672	0.32531	0.331626	0.337613	0.343266	0.348579	0.353547	0.358164	0.362425	0.366328	0.369866	0.373038	0.375839	0.378266	0.380317	0.38199	0.383283	0.384193	0.384721	0.384865	0.384624	0.383999	0.382989	0.381596	0.379821	0.377664	0.375128	0.372214	0.368925	0.365264	0.361234	0.356837	0.35208	0.346964	0.341495	0.335679	0.329519	0.323022	0.316193	0.30904	0.301567	0.293783	0.285695	0.277311	0.268637	0.259683	0.250458	0.240969	0.231228	0.221242	0.211022	0.200579	0.189922	0.179063	0.168012	0.156781	0.145382	0.133827	0.122127	0.110296	0.0983446	0.0862868	0.0741354	0.0619033	0.0496038	0.0372502	0.0248561	0.0124348	0	
0	0.0125044	0.0249963	0.0374636	0.0498938	0.0622747	0.074594	0.0868396	0.0989995	0.111061	0.123014	0.134844	0.146542	0.158094	0.169491	0.18072	0.19177	0.202631	0.213292	0.223742	0.23397	0.243968	0.253724	0.26323	0.272475	0.281451	0.290149	0.298559	0.306675	0.314487	0.321988	0.32917	0.336026	0.34255	0.348735	0.354574	0.360062	0.365193	0.369962	0.374364	0.378395	0.382051	0.385327	0.38822	0.390727	0.392846	0.394574	0.395909	0.39685	0.397394	0.397543	0.397294	0.396648	0.395606	0.394167	0.392333	0.390105	0.387485	0.384476	0.381078	0.377297	0.373133	0.368593	0.363678	0.358394	0.352745	0.346737	0.340374	0.333663	0.326609	0.31922	0.311502	0.303461	0.295107	0.286446	0.277487	0.268238	0.258708	0.248908	0.238845	0.22853	0.217974	0.207186	0.196178	0.184961	0.173547	0.161946	0.150172	0.138236	0.126151	0.113929	0.101584	0.0891293	0.0765776	0.0639425	0.0512379	0.0384774	0.0256749	0.0128445	0	
0	0.0128908	0.0257688	0.0386213	0.0514356	0.0641991	0.0768992	0.0895232	0.102059	0.114494	0.126815	0.139011	0.15107	0.16298	0.174729	0.186305	0.197697	0.208893	0.219883	0.230656	0.241201	0.251507	0.261565	0.271364	0.280895	0.290149	0.299115	0.307786	0.316152	0.324205	0.331938	0.339342	0.346411	0.353136	0.359512	0.365531	0.371189	0.376479	0.381395	0.385933	0.390089	0.393857	0.397234	0.400217	0.402802	0.404986	0.406767	0.408144	0.409113	0.409675	0.409828	0.409572	0.408906	0.407831	0.406348	0.404457	0.402161	0.39946	0.396357	0.392855	0.388956	0.384664	0.379983	0.374917	0.369469	0.363646	0.357452	0.350893	0.343974	0.336703	0.329085	0.321128	0.312839	0.304227	0.295298	0.286062	0.276527	0.266703	0.2566	0.246226	0.235592	0.22471	0.213589	0.202241	0.190677	0.17891	0.166951	0.154813	0.142508	0.130049	0.11745	0.104724	0.0918837	0.0789441	0.0659185	0.0528213	0.0396664	0.0264683	0.0132414	0	
0	0.0132644	0.0265158	0.0397408	0.0529266	0.0660601	0.0791283	0.0921183	0.105017	0.117812	0.130491	0.143041	0.15545	0.167704	0.179794	0.191705	0.203427	0.214948	0.226257	0.237342	0.248193	0.258798	0.269147	0.279231	0.289038	0.298559	0.307786	0.316708	0.325316	0.333603	0.34156	0.349179	0.356452	0.363373	0.369933	0.376127	0.381949	0.387392	0.392451	0.397121	0.401397	0.405274	0.408749	0.411818	0.414478	0.416726	0.418559	0.419975	0.420973	0.421551	0.421708	0.421444	0.420759	0.419653	0.418127	0.416182	0.413818	0.411039	0.407846	0.404243	0.400231	0.395815	0.390998	0.385785	0.380179	0.374187	0.367814	0.361064	0.353945	0.346463	0.338624	0.330437	0.321908	0.313045	0.303858	0.294354	0.284543	0.274435	0.264038	0.253363	0.242422	0.231224	0.21978	0.208103	0.196205	0.184096	0.17179	0.1593	0.146639	0.133819	0.120855	0.107759	0.0945472	0.0812325	0.0678294	0.0543525	0.0408163	0.0272356	0.0136252	0	
0	0.013625	0.0272365	0.0408211	0.0543653	0.0678557	0.0812791	0.0946222	0.107872	0.121015	0.134038	0.146929	0.159675	0.172263	0.184681	0.196916	0.208957	0.220791	0.232407	0.243793	0.254939	0.265832	0.276463	0.286821	0.296894	0.306675	0.316152	0.325316	0.334159	0.342671	0.350844	0.35867	0.366141	0.37325	0.379989	0.386351	0.392331	0.397922	0.403118	0.407915	0.412307	0.41629	0.41986	0.423012	0.425744	0.428053	0.429936	0.43139	0.432415	0.433009	0.433171	0.4329	0.432196	0.43106	0.429493	0.427494	0.425067	0.422212	0.418933	0.415231	0.41111	0.406574	0.401626	0.396271	0.390514	0.384359	0.377812	0.370879	0.363566	0.35588	0.347829	0.339419	0.330658	0.321555	0.312117	0.302355	0.292278	0.281894	0.271215	0.26025	0.249011	0.237509	0.225754	0.21376	0.201538	0.1891	0.17646	0.16363	0.150625	0.137456	0.12414	0.110688	0.0971172	0.0834406	0.0696731	0.0558299	0.0419258	0.0279759	0.0139956	0	
0	0.0139721	0.0279303	0.0418609	0.0557501	0.0695842	0.0833496	0.0970325	0.11062	0.124097	0.137453	0.150672	0.163742	0.176651	0.189385	0.201932	0.21428	0.226415	0.238327	0.250004	0.261433	0.272604	0.283506	0.294127	0.304457	0.314487	0.324205	0.333603	0.342671	0.3514	0.359782	0.367807	0.375468	0.382758	0.389668	0.396193	0.402325	0.408058	0.413387	0.418306	0.42281	0.426894	0.430555	0.433788	0.436589	0.438957	0.440888	0.442379	0.44343	0.444039	0.444205	0.443927	0.443206	0.442041	0.440433	0.438384	0.435895	0.432967	0.429604	0.425808	0.421583	0.416931	0.411857	0.406366	0.400461	0.394149	0.387436	0.380326	0.372827	0.364946	0.356689	0.348065	0.339081	0.329746	0.320068	0.310057	0.299723	0.289075	0.278124	0.26688	0.255355	0.243559	0.231505	0.219205	0.206672	0.193917	0.180955	0.167799	0.154462	0.140958	0.127302	0.113508	0.0995912	0.0855661	0.071448	0.0572521	0.0429938	0.0286886	0.0143521	0	
0	0.0143053	0.0285965	0.0428593	0.0570798	0.0712439	0.0853375	0.0993469	0.113258	0.127057	0.140731	0.154266	0.167648	0.180864	0.193902	0.206748	0.21939	0.231816	0.244012	0.255967	0.267669	0.279106	0.290267	0.301142	0.311719	0.321988	0.331938	0.34156	0.350844	0.359782	0.368363	0.376579	0.384423	0.391887	0.398962	0.405643	0.411921	0.417791	0.423247	0.428283	0.432895	0.437076	0.440824	0.444134	0.447003	0.449427	0.451403	0.452931	0.454007	0.45463	0.4548	0.454516	0.453777	0.452584	0.450938	0.44884	0.446291	0.443294	0.439851	0.435964	0.431638	0.426875	0.42168	0.416058	0.410013	0.403551	0.396677	0.389398	0.38172	0.373651	0.365197	0.356367	0.347169	0.337611	0.327702	0.317453	0.306872	0.29597	0.284757	0.273245	0.261445	0.249368	0.237027	0.224434	0.211601	0.198543	0.185271	0.171801	0.158146	0.14432	0.130338	0.116215	0.101967	0.087607	0.0731521	0.0586176	0.0440192	0.0293729	0.0146944	0	
0	0.0146244	0.0292343	0.0438153	0.058353	0.072833	0.0872411	0.101563	0.115784	0.129891	0.14387	0.157707	0.171387	0.184899	0.198227	0.21136	0.224284	0.236986	0.249455	0.261676	0.273639	0.285332	0.296742	0.307859	0.318672	0.32917	0.339342	0.349179	0.35867	0.367807	0.376579	0.384979	0.392998	0.400628	0.407862	0.414691	0.421109	0.42711	0.432688	0.437837	0.442551	0.446826	0.450657	0.454041	0.456974	0.459452	0.461472	0.463034	0.464134	0.464771	0.464945	0.464654	0.463899	0.46268	0.460997	0.458852	0.456246	0.453182	0.449662	0.445689	0.441266	0.436397	0.431086	0.425339	0.419159	0.412552	0.405525	0.398084	0.390235	0.381985	0.373343	0.364316	0.354913	0.345142	0.335012	0.324534	0.313717	0.302572	0.291109	0.279341	0.267277	0.254931	0.242314	0.22944	0.216321	0.202971	0.189404	0.175633	0.161673	0.147539	0.133246	0.118808	0.104241	0.0895612	0.0747839	0.0599252	0.0450012	0.0300281	0.0150222	0	
0	0.014929	0.0298433	0.044728	0.0595685	0.0743501	0.0890583	0.103678	0.118196	0.132597	0.146867	0.160992	0.174957	0.18875	0.202356	0.215763	0.228956	0.241923	0.254651	0.267127	0.279339	0.291275	0.302923	0.314272	0.32531	0.336026	0.346411	0.356452	0.366141	0.375468	0.384423	0.392998	0.401184	0.408973	0.416357	0.423329	0.429881	0.436007	0.441701	0.446957	0.451769	0.456133	0.460044	0.463499	0.466492	0.469022	0.471085	0.472679	0.473802	0.474452	0.47463	0.474333	0.473562	0.472317	0.470599	0.46841	0.46575	0.462622	0.459029	0.454973	0.450458	0.445487	0.440066	0.434198	0.42789	0.421146	0.413972	0.406376	0.398363	0.389942	0.38112	0.371905	0.362305	0.352331	0.34199	0.331294	0.320252	0.308875	0.297173	0.285159	0.272844	0.260241	0.247362	0.234219	0.220827	0.207199	0.193349	0.179292	0.165041	0.150612	0.136021	0.121283	0.106412	0.0914268	0.0763417	0.0611734	0.0459385	0.0306536	0.0153351	0	
0	0.0152189	0.0304227	0.0455964	0.060725	0.0757936	0.0907873	0.105691	0.120491	0.135171	0.149718	0.164117	0.178354	0.192415	0.206285	0.219952	0.233401	0.24662	0.259594	0.272313	0.284762	0.29693	0.308804	0.320373	0.331626	0.34255	0.353136	0.363373	0.37325	0.382758	0.391887	0.400628	0.408973	0.416913	0.424441	0.431547	0.438227	0.444472	0.450276	0.455634	0.46054	0.464989	0.468976	0.472497	0.475549	0.478128	0.480231	0.481856	0.483001	0.483664	0.483844	0.483542	0.482756	0.481487	0.479736	0.477504	0.474792	0.471604	0.467941	0.463806	0.459203	0.454136	0.44861	0.442628	0.436197	0.429322	0.422009	0.414265	0.406097	0.397513	0.388519	0.379125	0.369339	0.359171	0.34863	0.337726	0.326469	0.314871	0.302943	0.290696	0.278142	0.265294	0.252164	0.238767	0.225115	0.211222	0.197103	0.182773	0.168245	0.153537	0.138662	0.123637	0.108478	0.0932018	0.0778238	0.0623611	0.0468304	0.0312487	0.0156329	0	
0	0.0154936	0.0309719	0.0464196	0.0618213	0.077162	0.0924264	0.107599	0.122666	0.137612	0.152421	0.16708	0.181574	0.195888	0.210009	0.223923	0.237615	0.251072	0.264281	0.277229	0.289903	0.302291	0.31438	0.326158	0.337613	0.348735	0.359512	0.369933	0.379989	0.389668	0.398962	0.407862	0.416357	0.424441	0.432104	0.439339	0.446139	0.452497	0.458406	0.46386	0.468855	0.473384	0.477443	0.481028	0.484135	0.48676	0.488901	0.490555	0.491721	0.492396	0.49258	0.492272	0.491472	0.49018	0.488397	0.486125	0.483365	0.480118	0.476389	0.47218	0.467494	0.462336	0.456709	0.45062	0.444073	0.437073	0.429629	0.421745	0.413429	0.40469	0.395534	0.38597	0.376008	0.365656	0.354925	0.343824	0.332364	0.320556	0.308412	0.295944	0.283163	0.270083	0.256717	0.243078	0.229179	0.215036	0.200662	0.186073	0.171283	0.156309	0.141166	0.12587	0.110437	0.0948846	0.0792289	0.063487	0.047676	0.0318129	0.0159151	0	
0	0.0157531	0.0314905	0.0471968	0.0628565	0.078454	0.093974	0.109401	0.12472	0.139916	0.154973	0.169878	0.184614	0.199168	0.213526	0.227672	0.241593	0.255276	0.268706	0.281871	0.294758	0.307352	0.319644	0.331619	0.343266	0.354574	0.365531	0.376127	0.386351	0.396193	0.405643	0.414691	0.423329	0.431547	0.439339	0.446695	0.453609	0.460073	0.466081	0.471627	0.476705	0.48131	0.485438	0.489082	0.492241	0.494911	0.497087	0.498769	0.499954	0.500641	0.500828	0.500515	0.499701	0.498388	0.496575	0.494265	0.491458	0.488158	0.484366	0.480086	0.475322	0.470077	0.464356	0.458165	0.451508	0.444392	0.436822	0.428807	0.420352	0.411466	0.402157	0.392433	0.382304	0.371779	0.360868	0.349581	0.337929	0.325924	0.313577	0.300899	0.287905	0.274606	0.261016	0.247148	0.233017	0.218636	0.204022	0.189188	0.174151	0.158926	0.143529	0.127977	0.112286	0.0964734	0.0805556	0.0645501	0.0484743	0.0323456	0.0161816	0	
0	0.0159969	0.0319779	0.0479273	0.0638293	0.0796683	0.0954285	0.111094	0.12665	0.142081	0.157372	0.172507	0.187472	0.202251	0.216831	0.231196	0.245333	0.259227	0.272865	0.286234	0.29932	0.31211	0.324591	0.336751	0.348579	0.360062	0.371189	0.381949	0.392331	0.402325	0.411921	0.421109	0.429881	0.438227	0.446139	0.453609	0.46063	0.467194	0.473295	0.478927	0.484084	0.48876	0.492951	0.496652	0.49986	0.502571	0.504781	0.506489	0.507693	0.50839	0.50858	0.508262	0.507436	0.506102	0.504261	0.501915	0.499065	0.495713	0.491863	0.487517	0.482679	0.477353	0.471544	0.465256	0.458497	0.45127	0.443583	0.435444	0.426858	0.417835	0.408381	0.398507	0.388221	0.377533	0.366453	0.354992	0.34316	0.330968	0.31843	0.305557	0.292361	0.278856	0.265056	0.250973	0.236623	0.22202	0.20718	0.192116	0.176847	0.161386	0.145751	0.129958	0.114024	0.0979666	0.0818024	0.0655492	0.0492246	0.0328462	0.0164321	0	
0	0.0162248	0.0324336	0.0486103	0.0647389	0.0808036	0.0967884	0.112678	0.128455	0.144106	0.159615	0.174965	0.190143	0.205133	0.219921	0.234491	0.248829	0.262921	0.276754	0.290313	0.303585	0.316557	0.329217	0.34155	0.353547	0.365193	0.376479	0.387392	0.397922	0.408058	0.417791	0.42711	0.436007	0.444472	0.452497	0.460073	0.467194	0.473852	0.48004	0.485752	0.490982	0.495725	0.499976	0.50373	0.506983	0.509733	0.511975	0.513707	0.514928	0.515635	0.515827	0.515505	0.514667	0.513314	0.511447	0.509068	0.506177	0.502778	0.498872	0.494464	0.489557	0.484155	0.478264	0.471887	0.465031	0.457701	0.449905	0.441649	0.432941	0.423789	0.414201	0.404186	0.393754	0.382913	0.371675	0.360051	0.34805	0.335685	0.322968	0.309911	0.296528	0.28283	0.268833	0.25455	0.239995	0.225184	0.210132	0.194854	0.179367	0.163686	0.147828	0.13181	0.115649	0.0993627	0.0829682	0.0664834	0.0499261	0.0333143	0.0166662	0	
0	0.0164367	0.0328572	0.0492451	0.0655844	0.0818588	0.0980523	0.114149	0.130133	0.145988	0.161699	0.17725	0.192626	0.207812	0.222793	0.237553	0.252078	0.266355	0.280368	0.294104	0.30755	0.320691	0.333516	0.346011	0.358164	0.369962	0.381395	0.392451	0.403118	0.413387	0.423247	0.432688	0.441701	0.450276	0.458406	0.466081	0.473295	0.48004	0.486309	0.492096	0.497394	0.502199	0.506505	0.510308	0.513604	0.516389	0.518661	0.520416	0.521652	0.522368	0.522564	0.522237	0.521388	0.520018	0.518126	0.515716	0.512787	0.509343	0.505387	0.500922	0.495951	0.490478	0.484509	0.478049	0.471104	0.463678	0.45578	0.447417	0.438595	0.429323	0.41961	0.409465	0.398896	0.387914	0.376529	0.364753	0.352595	0.340069	0.327186	0.313959	0.3004	0.286524	0.272344	0.257874	0.24313	0.228125	0.212876	0.197399	0.181709	0.165824	0.149759	0.133531	0.11716	0.10066	0.0840518	0.0673516	0.0505781	0.0337494	0.0168839	0	
0	0.0166323	0.0332481	0.0498311	0.0663648	0.0828328	0.0992191	0.115507	0.131681	0.147725	0.163623	0.179359	0.194918	0.210285	0.225444	0.240379	0.255078	0.269524	0.283704	0.297604	0.311209	0.324507	0.337484	0.350128	0.362425	0.374364	0.385933	0.397121	0.407915	0.418306	0.428283	0.437837	0.446957	0.455634	0.46386	0.471627	0.478927	0.485752	0.492096	0.497951	0.503313	0.508175	0.512532	0.516381	0.519716	0.522534	0.524832	0.526608	0.527859	0.528584	0.528782	0.528451	0.527592	0.526205	0.524292	0.521852	0.518889	0.515404	0.511401	0.506882	0.501852	0.496315	0.490275	0.483738	0.476709	0.469196	0.461204	0.452741	0.443814	0.434432	0.424603	0.414337	0.403642	0.39253	0.38101	0.369093	0.356791	0.344116	0.331079	0.317694	0.303975	0.289933	0.275584	0.260943	0.246023	0.23084	0.21541	0.199748	0.183872	0.167797	0.151541	0.13512	0.118554	0.101858	0.0850519	0.0681531	0.0511799	0.034151	0.0170848	0	
0	0.0168114	0.0336061	0.0503676	0.0670793	0.0837247	0.100287	0.116751	0.133099	0.149316	0.165385	0.181291	0.197017	0.212549	0.227871	0.242968	0.257824	0.272426	0.286759	0.300808	0.31456	0.328001	0.341118	0.353898	0.366328	0.378395	0.390089	0.401397	0.412307	0.42281	0.432895	0.442551	0.451769	0.46054	0.468855	0.476705	0.484084	0.490982	0.497394	0.503313	0.508732	0.513646	0.518051	0.521941	0.525312	0.52816	0.530483	0.532278	0.533543	0.534276	0.534475	0.534141	0.533273	0.531871	0.529937	0.527471	0.524476	0.520954	0.516907	0.51234	0.507256	0.501659	0.495554	0.488946	0.481842	0.474248	0.46617	0.457616	0.448593	0.43911	0.429175	0.418798	0.407989	0.396756	0.385112	0.373067	0.360633	0.347821	0.334644	0.321115	0.307248	0.293055	0.278552	0.263752	0.248672	0.233325	0.217729	0.201899	0.185851	0.169604	0.153172	0.136575	0.11983	0.102955	0.0859677	0.0688869	0.051731	0.0345187	0.0172688	0	
0	0.0169738	0.0339307	0.0508542	0.0677273	0.0845335	0.101256	0.117879	0.134385	0.150758	0.166982	0.183042	0.19892	0.214602	0.230072	0.245315	0.260315	0.275058	0.289529	0.303714	0.317599	0.33117	0.344413	0.357316	0.369866	0.382051	0.393857	0.405274	0.41629	0.426894	0.437076	0.446826	0.456133	0.464989	0.473384	0.48131	0.48876	0.495725	0.502199	0.508175	0.513646	0.518608	0.523055	0.526983	0.530386	0.533262	0.535608	0.53742	0.538697	0.539437	0.539638	0.539301	0.538424	0.537009	0.535056	0.532567	0.529543	0.525986	0.521901	0.517289	0.512156	0.506505	0.500341	0.49367	0.486497	0.478829	0.470673	0.462036	0.452926	0.443352	0.433321	0.422844	0.41193	0.400589	0.388833	0.376671	0.364117	0.351181	0.337877	0.324217	0.310216	0.295886	0.281243	0.2663	0.251074	0.235579	0.219832	0.203849	0.187647	0.171242	0.154652	0.137895	0.120988	0.10395	0.0867982	0.0695524	0.0522308	0.0348522	0.0174356	0	
0	0.0171193	0.0342217	0.0512902	0.068308	0.0852583	0.102124	0.118889	0.135537	0.152051	0.168414	0.184611	0.200626	0.216442	0.232045	0.247418	0.262547	0.277416	0.292012	0.306318	0.320322	0.334009	0.347367	0.36038	0.373038	0.385327	0.397234	0.408749	0.41986	0.430555	0.440824	0.450657	0.460044	0.468976	0.477443	0.485438	0.492951	0.499976	0.506505	0.512532	0.518051	0.523055	0.52754	0.531501	0.534934	0.537835	0.540201	0.542028	0.543316	0.544062	0.544266	0.543925	0.543041	0.541614	0.539644	0.537133	0.534083	0.530497	0.526376	0.521725	0.516547	0.510848	0.504631	0.497903	0.490669	0.482935	0.474709	0.465998	0.45681	0.447154	0.437037	0.42647	0.415462	0.404024	0.392167	0.379901	0.367239	0.354192	0.340774	0.326998	0.312876	0.298423	0.283654	0.268584	0.253227	0.237599	0.221717	0.205597	0.189256	0.17271	0.155978	0.139077	0.122025	0.104841	0.0875426	0.0701488	0.0526787	0.0351511	0.0175851	0	
0	0.0172479	0.0344786	0.0516753	0.0688209	0.0858985	0.102891	0.119782	0.136555	0.153192	0.169679	0.185997	0.202132	0.218067	0.233787	0.249276	0.264518	0.279499	0.294204	0.308618	0.322727	0.336517	0.349975	0.363086	0.375839	0.38822	0.400217	0.411818	0.423012	0.433788	0.444134	0.454041	0.463499	0.472497	0.481028	0.489082	0.496652	0.50373	0.510308	0.516381	0.521941	0.526983	0.531501	0.535492	0.538951	0.541873	0.544257	0.546098	0.547396	0.548148	0.548352	0.548009	0.547119	0.545681	0.543696	0.541166	0.538094	0.53448	0.530328	0.525642	0.520426	0.514684	0.50842	0.501641	0.494353	0.486561	0.478274	0.469497	0.46024	0.450511	0.440319	0.429672	0.418582	0.407058	0.395111	0.382754	0.369996	0.356852	0.343333	0.329453	0.315225	0.300664	0.285784	0.270601	0.255128	0.239384	0.223382	0.207141	0.190677	0.174007	0.157149	0.140122	0.122942	0.105628	0.0881999	0.0706756	0.0530742	0.035415	0.0177172	0	
